9.085916536372687369e-02 5.341430665153820145e-01 1.931744323698049159e-01 1.818233357510860571e-01
6.724688038662471334e-02 5.536745074265636557e-01 1.987932220223812274e-01 1.802853901644302648e-01
9.029750852184713350e-02 6.025522308397343041e-01 1.666367074985192764e-01 1.405135531398993831e-01
1.070468740218365744e-01 5.890286829202227015e-01 1.948692081400584530e-01 1.090552349178824793e-01
9.497283603072288749e-02 5.727194607228316414e-01 1.769633146792374823e-01 1.553443885672081137e-01
8.278231063009598711e-02 5.612413961649557193e-01 1.622071576881950750e-01 1.937691355167532048e-01
8.590285207354127206e-02 5.326189169917419086e-01 2.541220277347377987e-01 1.273562031999790900e-01
1.270008686956450861e-01 5.521682358216960518e-01 1.984334738476443982e-01 1.223974216350144362e-01
9.127899562535950195e-02 5.001444990421926029e-01 1.973406726248021492e-01 2.112358327076456488e-01
7.707078132206941767e-02 5.166803173607460442e-01 2.139615900342581312e-01 1.922873112829263098e-01
1.331080445381453981e-01 5.938871118542449201e-01 1.430104110331994194e-01 1.299944325744102069e-01
5.676445122866777271e-02 6.253540597992394146e-01 1.834053476490488943e-01 1.344761413230437797e-01
9.454070106963584352e-02 5.188207829561232165e-01 2.670285647264847850e-01 1.196099512477561688e-01
1.025725429130426303e-01 5.555474660817992794e-01 1.828306372504728550e-01 1.590493537546850689e-01
9.569596698256815914e-02 6.120412707229012650e-01 1.654582081892911616e-01 1.268045541052394698e-01
6.825951288632400860e-02 5.525388699520856761e-01 1.862033567418876767e-01 1.929982604197025831e-01
7.527660480549547284e-02 5.654339973481534720e-01 2.400376076349170495e-01 1.192517902114339085e-01
9.067993086401821001e-02 5.730020042510268752e-01 1.991363335011167024e-01 1.371817313838381847e-01
9.858938521979326852e-02 5.646164917830979180e-01 2.160254521380987613e-01 1.207686708590099967e-01
8.474567713923983336e-02 5.614085033065219221e-01 1.922354871667988907e-01 1.616103323874391318e-01
8.121980750473145605e-02 6.083044843729953355e-01 1.617609019963855976e-01 1.487148061258876386e-01
1.098134292447236482e-01 5.609295337589423891e-01 2.070698331581617146e-01 1.221872038381723591e-01
1.037536240350853400e-01 5.074525919668426699e-01 2.312054332855554006e-01 1.575883507125164507e-01
7.686863161725142335e-02 5.649298536521063507e-01 2.248329014091807188e-01 1.333686133214614378e-01
7.582093589879722317e-02 5.673455447215660641e-01 1.948738907324289726e-01 1.619596286472076985e-01
1.027085552621914422e-01 6.100797684589120973e-01 1.698137437817099915e-01 1.173979324971864552e-01
1.075928792885608026e-01 5.913478236547372591e-01 1.943466512339782626e-01 1.067126458227236341e-01
7.704608949321492539e-02 5.443758025019806990e-01 2.403576763070641997e-01 1.382204316977400094e-01
1.376452055658194396e-01 5.383212200666387393e-01 1.723730001848532423e-01 1.516605741826886067e-01
8.018476730541865272e-02 5.813134513116250401e-01 1.707685571725422180e-01 1.677332242104140336e-01
7.910608668730396975e-02 5.956146828184489816e-01 1.761339422441070002e-01 1.491452882501400068e-01
1.006970655790402902e-01 5.815516795458736121e-01 1.845666035631300939e-01 1.331846513119559761e-01
6.336773017228593263e-02 5.687040366323765639e-01 2.366366941974589189e-01 1.312915389978785985e-01
5.806915246021267935e-02 5.975106919211490286e-01 2.153244939464746821e-01 1.290956616721636308e-01
5.857133412332079375e-02 5.615915742237206354e-01 2.219754298382867475e-01 1.578616618146719275e-01
8.681924748231077682e-02 5.970296678858892925e-01 2.033133860636146817e-01 1.128376985681853045e-01
8.467801736976561522e-02 5.618333578621609314e-01 2.221045134054901726e-01 1.313841113625832668e-01
7.373419016829102501e-02 6.339149604407230409e-01 1.726631338158461371e-01 1.196877155751399635e-01
8.440675030066274731e-02 5.814775334700192921e-01 1.757357238106627695e-01 1.583799924186551633e-01
8.845412766408690397e-02 5.179560722471220346e-01 2.278123467410395897e-01 1.657774533477513745e-01
1.044886447626160314e-01 5.477331724292502368e-01 2.174917485744808088e-01 1.302864342336529646e-01
9.834433450515746300e-02 5.570462822469304243e-01 1.943384346987546141e-01 1.502709485491574570e-01
6.889969507456999986e-02 5.475524292326949816e-01 2.042705305742110178e-01 1.792773451185238620e-01
1.093800874852924182e-01 5.433241164282593960e-01 1.979145618503515558e-01 1.493812342360967549e-01
1.126015455056648962e-01 5.876394796298880507e-01 1.792674585316337832e-01 1.204915163328133254e-01
1.133286548367186813e-01 4.781154444476654608e-01 2.596437447772168006e-01 1.489121559383990989e-01
1.325347196647548298e-01 5.202208311434129984e-01 2.330054742253318267e-01 1.142389749665002063e-01
7.864137494962793185e-02 5.755200176730479456e-01 2.205447627914073616e-01 1.252938445859166638e-01
9.554208357348305258e-02 5.054590464290573681e-01 2.271169120412175613e-01 1.718819579562421707e-01
7.729062935789289546e-02 5.641488058567752928e-01 2.063279875410448105e-01 1.522325772442869318e-01
1.131600254384164811e-01 5.783419306950737804e-01 1.958055297815039786e-01 1.126925140850056073e-01
8.090267481547167017e-02 5.710763991578462484e-01 1.812635897372689153e-01 1.667573362894130273e-01
9.359592756177054218e-02 5.144642836545997300e-01 2.218639624485558570e-01 1.700758263350738986e-01
8.375853026378848876e-02 5.623815880870586259e-01 2.338888866495343333e-01 1.199709949996185104e-01
1.200111050085464481e-01 5.619851402715629884e-01 1.691123607186719724e-01 1.488913940012185910e-01
1.125756810850732786e-01 6.217319910231267066e-01 1.322833063041951029e-01 1.334090215876050922e-01
8.283287180589021803e-02 5.712596359204012986e-01 1.779363866362380919e-01 1.679711056374703637e-01
7.302482095195568512e-02 5.671950238476393125e-01 2.301195910133098099e-01 1.296605641870950953e-01
1.209993374542127770e-01 5.600989903882479526e-01 2.012973742807771804e-01 1.176042978767620067e-01
1.054891143777378915e-01 5.641746058077138359e-01 2.036379039036563532e-01 1.266983759108919749e-01
9.530175277545532841e-02 5.425553212080218568e-01 1.904461887652678653e-01 1.716967372512548107e-01
7.088074505881214460e-02 5.391937852056367664e-01 2.108310460533686648e-01 1.790944236821825908e-01
8.519185886545732611e-02 5.794564386359754016e-01 1.834787552683147249e-01 1.518729472302526307e-01
6.746166112679115312e-02 5.869457718570257887e-01 1.964886190407985345e-01 1.491039479753845653e-01
9.182815721134644782e-02 5.915407681257083272e-01 1.917057080716713657e-01 1.249253665912737898e-01
9.531159782292186744e-02 5.344797596954111718e-01 2.159004466268205358e-01 1.543081958548464805e-01
8.923380916129984575e-02 5.331809119627534121e-01 2.203226304922853707e-01 1.572626483836614408e-01
9.350038806161146965e-02 5.918038427929102063e-01 1.686734418994768336e-01 1.460223272460016430e-01
7.513910592676052713e-02 6.035104797460890680e-01 2.043681847592195289e-01 1.169822295679308483e-01
5.009129203042261835e-02 5.725678259397968262e-01 2.113561018821172310e-01 1.659847801476633244e-01
6.866778397741603313e-02 5.810800514701742747e-01 1.994983556261606394e-01 1.507538089262491499e-01
8.030017081466010731e-02 5.206420231263346743e-01 2.026423401115240719e-01 1.964154659474812714e-01
8.481593592417881189e-02 5.509141591121836656e-01 2.306012216124920799e-01 1.336686833511454564e-01
1.061228410615427525e-01 5.560970068480891593e-01 1.822312812945234839e-01 1.555488707958447292e-01
8.136108972352552871e-02 5.570811696586757122e-01 1.813668760438293670e-01 1.801908645739693782e-01
9.128017469456531363e-02 5.574548625258839429e-01 1.998676520944611956e-01 1.513973106850894645e-01
8.737085043817430230e-02 5.489174402597080116e-01 2.331290136975823213e-01 1.305826956045353648e-01
9.280104240248213121e-02 5.871745681520949001e-01 1.873206436873506853e-01 1.327037457580721169e-01
9.854107141826046190e-02 5.583462012121094276e-01 1.891605284705811241e-01 1.539521988990489587e-01
8.655381442759654820e-02 5.152343512009255333e-01 2.293182804618586756e-01 1.688935539096191041e-01
8.820271632132843653e-02 5.430573553661599551e-01 1.986284177780193172e-01 1.701115105344922218e-01
1.135903697574776744e-01 5.595340140520789207e-01 2.033443837462853565e-01 1.235312324441581039e-01
8.526906650348937966e-02 5.520737853920228977e-01 2.045830740852011553e-01 1.580740740192864702e-01
6.150404959023630241e-02 5.687242009838261447e-01 2.320406106651828615e-01 1.377311387607549065e-01
1.158891239407375123e-01 5.986306432861955296e-01 1.632220259198072232e-01 1.222582068532595823e-01
9.814851944947738938e-02 5.518979811802520175e-01 1.702323623424469579e-01 1.797211370278236353e-01
6.126466465145647550e-02 5.952701480505013798e-01 1.959104500666922211e-01 1.475547372313499306e-01
8.659630579180241372e-02 6.180737421275112053e-01 1.577365964210613314e-01 1.375933556596249940e-01
9.072713339494595242e-02 5.377567855822638077e-01 2.113772519862020527e-01 1.601388290365881595e-01
8.806974325104111045e-02 5.856709094285107442e-01 1.951072195051848923e-01 1.311521278152633363e-01
6.327194807835648249e-02 5.697077401395139740e-01 2.218200203918327673e-01 1.452002913902968873e-01
8.375000574772681339e-02 5.680953378721552705e-01 1.962304621645726277e-01 1.519241942155452885e-01
5.319763015574455189e-02 6.008127597944197262e-01 1.961721134630014796e-01 1.498174965868341868e-01
1.005266051940845173e-01 5.857413838511981163e-01 1.760688284561587880e-01 1.376631824985585784e-01
9.464745152926973271e-02 5.052276052816748741e-01 2.289190259650408787e-01 1.712059172240145422e-01
8.524618180190034200e-02 5.351007749943808012e-01 2.203934042100921809e-01 1.592596389936266343e-01
9.787142691665290384e-02 5.449972090128130109e-01 2.244096084845062788e-01 1.327217555860276399e-01
1.022893782100663673e-01 5.882579104181767660e-01 2.096871090010259397e-01 9.976560237073106574e-02
9.553630668632108469e-02 5.317238644742899867e-01 1.886250919766048750e-01 1.841147368627839009e-01
1.007601199854102625e-01 5.002269822350166040e-01 2.225715800738518879e-01 1.764413177057213566e-01
1.131905501503258360e-01 5.723414923909881935e-01 1.673685320712950397e-01 1.470994253873910140e-01
8.861201145365993348e-02 5.143288179402134563e-01 2.162933286499488517e-01 1.807658419561777308e-01
1.029852993596267197e-01 5.212568008760415372e-01 2.160516450313130776e-01 1.597062547330188875e-01
9.728798043761961722e-02 4.929050002141116549e-01 2.009907671063200785e-01 2.088162522419486078e-01
7.085227553345165019e-02 5.871624098131110747e-01 1.731981181660914582e-01 1.687871964873460529e-01
8.198524165497413085e-02 5.759310503846468698e-01 2.229466245702679816e-01 1.191370833901111148e-01
1.180995941949236905e-01 5.235504352880547829e-01 1.839745436274967394e-01 1.743754268895247317e-01
9.413854253196046740e-02 5.891717179414475147e-01 1.788729027961292739e-01 1.378168367304626607e-01
7.280364201767493271e-02 5.598459486720153144e-01 2.529682401444162676e-01 1.143821691658936657e-01
9.986371466862710433e-02 5.509392361106806302e-01 1.972361145198015253e-01 1.519609347008908373e-01
6.424800460255875034e-02 5.722483117109903317e-01 2.099277745684246244e-01 1.535759091180263491e-01
6.898842688842607429e-02 5.179323515628665442e-01 2.515984687154976807e-01 1.614807528332097286e-01
9.914579041731477749e-02 5.403374973726662311e-01 1.868026434180921069e-01 1.737140687919269677e-01
9.436123757410348756e-02 5.192087258263298200e-01 1.774444653422625751e-01 2.089855712573040758e-01
1.150625115752111211e-01 5.390638426169497288e-01 1.985200153011880686e-01 1.473536305066511509e-01
1.582127250706246713e-01 5.393605178765779051e-01 1.898236334394292901e-01 1.126031236133680086e-01
1.095214776919471444e-01 5.723607387741238561e-01 1.733130927692961565e-01 1.448046907646327597e-01
8.502217312634774427e-02 6.052356338696540661e-01 1.836601289637295742e-01 1.260820640402687265e-01
6.433178094583316686e-02 5.699896385966760626e-01 2.283056671384701142e-01 1.373729133190207397e-01
1.038464979798324611e-01 5.577394177856919155e-01 1.923018776526196905e-01 1.461122065818558913e-01
8.357530358178333341e-02 5.920582689247435582e-01 2.086456004648020723e-01 1.157208270286710083e-01
9.211595763089207300e-02 5.990225664332227140e-01 1.980821081318852317e-01 1.107793678040000368e-01
6.548572619620843249e-02 5.852203645198135185e-01 2.122429727175821068e-01 1.370509365663959700e-01
8.574526668360085702e-02 5.314693715220965009e-01 2.186308100589028636e-01 1.641545517353999728e-01
1.322104934412900445e-01 5.583566391024418207e-01 1.462987340098717282e-01 1.631341334463964343e-01
1.070714210309424569e-01 5.395813242324152270e-01 2.085152177025317022e-01 1.448320370341105445e-01
7.492953631910381773e-02 6.199617388526085238e-01 1.690094815953235019e-01 1.360992432329643509e-01
9.301898050526609396e-02 5.386640427687320321e-01 2.293907638336331878e-01 1.389262128923688666e-01
6.736298377070100429e-02 5.316814726003146196e-01 2.589009903752593211e-01 1.420545532537252076e-01
7.922251882597353134e-02 6.101213872583909348e-01 1.636136707516493705e-01 1.470424231639862744e-01
9.247422024702850463e-02 5.529139593212933912e-01 2.042284642578327536e-01 1.503833561738454894e-01
1.130500543743785530e-01 4.698141065664603877e-01 2.346699384298934765e-01 1.824659006292675689e-01
9.380175345403028719e-02 4.978754008249007823e-01 2.965590283610836653e-01 1.117638173599852930e-01
1.050040982216725871e-01 5.288394097968674989e-01 2.011699167935366017e-01 1.649865751879234510e-01
1.303288245811042023e-01 5.522280272318608185e-01 1.894241464787608520e-01 1.280190017082739884e-01
9.191847897845448201e-02 5.247549780802613917e-01 2.315906894113253511e-01 1.517358535299588584e-01
8.166705467509734195e-02 5.289279913038890113e-01 2.172148696525508516e-01 1.721900843684628091e-01
7.885641644109828152e-02 6.078969176976567468e-01 1.825858834997683700e-01 1.306607823614765185e-01
5.505958163230852132e-02 6.085603259592019532e-01 2.095344281085049498e-01 1.268456642999846173e-01
7.024233162266521613e-02 6.012353130056466988e-01 1.839405628278010796e-01 1.445817925438869223e-01
9.004576478000250739e-02 5.528642550475447726e-01 2.158600709402748452e-01 1.412299092321779581e-01
1.353844379032854983e-01 5.429140714667959333e-01 1.518855168399560751e-01 1.698159737899624377e-01
8.273440105099237607e-02 5.403108174787338847e-01 1.873066892941973038e-01 1.896480921760762828e-01
6.305126519963429044e-02 5.666463233290484069e-01 1.816208627650056362e-01 1.886815487063116525e-01
9.696097801523025084e-02 5.767500796943031416e-01 1.956160581833975565e-01 1.306728841070689540e-01
7.838795646754494195e-02 5.576002521771331599e-01 2.305088832951416866e-01 1.335029080601801699e-01
6.560934438627943899e-02 6.194301557024998184e-01 1.516299130419755115e-01 1.633305868692450924e-01
8.935313682748888264e-02 5.227969893221874331e-01 2.476939616358601881e-01 1.401559122144635239e-01
8.069036695767251022e-02 5.781420852814675992e-01 1.577736408559389236e-01 1.833939069049209114e-01
7.294271316506591163e-02 5.456540123491336880e-01 2.209364003718030933e-01 1.604668741139973487e-01
1.361648568623664568e-01 5.506139375753279497e-01 1.822684774374070948e-01 1.309527281248985542e-01
9.338543983993620456e-02 5.424323960590364813e-01 2.241465736754085780e-01 1.400355904256187778e-01
1.189212613912840055e-01 5.427460976490167122e-01 2.000610846672551679e-01 1.382715562924440034e-01
8.909884129227088612e-02 5.474541937617379839e-01 1.784273465027144401e-01 1.850196184432765512e-01
7.750253407975757347e-02 5.814924805746910508e-01 2.143998180827049738e-01 1.266051672628465963e-01
9.320510524139245800e-02 5.893175327405585362e-01 1.845240166608924370e-01 1.329533453571566659e-01
1.100215136250628084e-01 5.837995790723966572e-01 1.810095675806827342e-01 1.251693397218576476e-01
7.487322988614460162e-02 5.538919418238363868e-01 2.402997124940270124e-01 1.309351157959919298e-01
8.356748747222655926e-02 5.464472552341482769e-01 2.147186147989836869e-01 1.552666424946414214e-01
9.343891625439412763e-02 5.680227279692777742e-01 2.109478898149429460e-01 1.275904659613852077e-01
9.608609633629637548e-02 5.413894237698428924e-01 2.186469544023622313e-01 1.438775254914984869e-01
1.221676682595687624e-01 5.007197465702921679e-01 2.058485110062777401e-01 1.712640741638613850e-01
1.163690429244984142e-01 5.026748777201316409e-01 2.458137619217254377e-01 1.351423174336445210e-01
9.450144406047665535e-02 5.369396050017974931e-01 2.503950011793569241e-01 1.181639497583689413e-01
8.660348490091072937e-02 5.980231930487122094e-01 1.654868588317084943e-01 1.498864632186687473e-01
1.147694872083529910e-01 5.691401683500793007e-01 1.739741393437133354e-01 1.421162050978544422e-01
9.312339377756670422e-02 5.597401921638496258e-01 1.980634464592140043e-01 1.490729675993698045e-01
7.469442990539484906e-02 5.553659304976175104e-01 2.263677164370661021e-01 1.435719231599215662e-01
9.587222518058698129e-02 5.965630399839150222e-01 1.549957563245103753e-01 1.525689785109876906e-01
1.251080348475475390e-01 5.028360128065390011e-01 1.947021377312591062e-01 1.773538146146542704e-01
7.609225294697412323e-02 5.382022660092526944e-01 2.209494502104548952e-01 1.647560308333183843e-01
9.593306041524900241e-02 5.682824853264923926e-01 1.522036576967393806e-01 1.835807965615192106e-01
1.272353823143247964e-01 5.747651170925159869e-01 1.511871098197095087e-01 1.468123907734497358e-01
7.490607649555615366e-02 6.052852515257399757e-01 1.517199894628181445e-01 1.680886825158857678e-01
9.486101575105357342e-02 5.398360212491047916e-01 2.432897557381570874e-01 1.220132072616845337e-01
6.906572961872489702e-02 5.535064279992548686e-01 2.180922161718060193e-01 1.593356262102140486e-01
9.125704898529003739e-02 5.750481602307344620e-01 1.911284730686641231e-01 1.425663177153112249e-01
8.192799463110450597e-02 5.107926715266490891e-01 2.555435516600972345e-01 1.517357821821490038e-01
1.291948345243480734e-01 5.591958837303013796e-01 1.612207180457512767e-01 1.503885636995994091e-01
1.062074021834384374e-01 5.480971075788675373e-01 1.990971198898395245e-01 1.465983703478546119e-01
9.494933438361846667e-02 6.046384143487251173e-01 1.765108020079649009e-01 1.239014492596914735e-01
9.946811463766939976e-02 5.610192279294748952e-01 2.119593652959554930e-01 1.275532921369001982e-01
8.773165841802130216e-02 6.130018401382061333e-01 1.737094490517744338e-01 1.255570523919980752e-01
8.974045652861080413e-02 5.561046564424230176e-01 2.121103509371508045e-01 1.420445360918153599e-01
8.493206134374436944e-02 5.594904992366089846e-01 2.437745232305887910e-01 1.118029161890578965e-01
8.591374628991857443e-02 5.320462380770575317e-01 2.301731681459253387e-01 1.518668474870985829e-01
1.076574193930089490e-01 5.730480476938458745e-01 2.075604493583531884e-01 1.117340835547919742e-01
9.202961233932552276e-02 5.669729992803519414e-01 1.768346161123005023e-01 1.641627722680220336e-01
6.347787996091226737e-02 6.073754094595831265e-01 1.554007207194739448e-01 1.737459898600306474e-01
1.073117129233964739e-01 5.705012232529248495e-01 1.796764071733017998e-01 1.425106566503768768e-01
1.214156765017805756e-01 4.805923309820380740e-01 2.346389558397125596e-01 1.633530366764689157e-01
5.985461072178523828e-02 5.678095420717949038e-01 1.733774714803594241e-01 1.989583757260604546e-01
8.791434482868648592e-02 5.650232189057632359e-01 1.646819795086885418e-01 1.823804567568615698e-01
6.648172751351080767e-02 6.011343808359159713e-01 2.037564415202523793e-01 1.286274501303209528e-01
9.268271612716096064e-02 5.579093947245326035e-01 2.001333995868845028e-01 1.492744895614220302e-01
8.353638305195450198e-02 5.856722777932593660e-01 2.039997693389027367e-01 1.267915698158833815e-01
8.070577247841245749e-02 5.462443341623415272e-01 2.100555256461832387e-01 1.629943677130626933e-01
8.837391116030046678e-02 5.704443706523040225e-01 1.778840526442415082e-01 1.632976655431539748e-01
9.688338001686030987e-02 5.457123822353505682e-01 2.084709485007812946e-01 1.489332892470079384e-01
8.667372685197442805e-02 6.331420612694340644e-01 1.488304178975078385e-01 1.313537939810835997e-01
8.572859422598090584e-02 5.422468679467872255e-01 2.339559980434107733e-01 1.380685397838209705e-01
1.117873017815224634e-01 5.543321999870853833e-01 1.988165924138650675e-01 1.350639058175270857e-01
6.257610840086159920e-02 6.260963143277789023e-01 1.858938244066901668e-01 1.254337528646692901e-01
5.964602582080227866e-02 5.506514604118457612e-01 2.274671779584456766e-01 1.622353358089063669e-01
9.585742324121104829e-02 5.497850373224887344e-01 2.094916759596467948e-01 1.448658634766534781e-01
9.264024019055934478e-02 5.965741894361439313e-01 1.814323532277874462e-01 1.293532171455092916e-01
7.644314851330213934e-02 5.284455086387253031e-01 2.528373494604898575e-01 1.422739933874826168e-01
1.043110808973752163e-01 5.264211868953895257e-01 2.070930649089051945e-01 1.621746672983300497e-01
8.537025964128874822e-02 5.797022022920416129e-01 1.715006463934435343e-01 1.634268916732261601e-01
1.082035100401829847e-01 5.781290698561352137e-01 1.718800354358318572e-01 1.417873846678499306e-01
1.018804497609737819e-01 5.379130619305543259e-01 1.815353382269866422e-01 1.786711500814852360e-01
1.072466560258820006e-01 5.376748145834655546e-01 1.964868795240922172e-01 1.585916498665602969e-01
7.322249349034218313e-02 6.084250516331024539e-01 1.574567013019691208e-01 1.608957535745862144e-01
1.025537570220848294e-01 5.842826822709560330e-01 1.491722710990380507e-01 1.639912896079212534e-01
1.016865272378044693e-01 5.208891992518425162e-01 2.100580695233166817e-01 1.673662039870363605e-01
1.054578234990879299e-01 5.667047982843016474e-01 2.088316000375796122e-01 1.190057781790307273e-01
8.838396170262481644e-02 5.347242078212604000e-01 2.317796845452378129e-01 1.451121459308769013e-01
6.835239450807828465e-02 5.879907884429744769e-01 2.050665378082121570e-01 1.385902792407351647e-01
7.182696980801230036e-02 5.895353623136015964e-01 1.731194001911261215e-01 1.655182676872601066e-01
9.739101716480537407e-02 5.643624061652209312e-01 1.804725873835520689e-01 1.577739892864216120e-01
7.263625245194255120e-02 5.413424629862697568e-01 2.081036340972545196e-01 1.779176504645331724e-01
1.113946149399843433e-01 5.201718480620221019e-01 2.056789756159390081e-01 1.627545613820546855e-01
1.003630279006453296e-01 5.288279637202801808e-01 1.962753476163809907e-01 1.745336607626936376e-01
8.745578918198573803e-02 5.479084123475591594e-01 2.115425435517503394e-01 1.530932549187048741e-01
9.148821476910648509e-02 5.559548408499871419e-01 1.921254251728576612e-01 1.604315192080488228e-01
8.766014750715882264e-02 5.534088306731290707e-01 2.036420200842179173e-01 1.552890017354940644e-01
1.074842198157943129e-01 5.571883857985253652e-01 2.053744647165667292e-01 1.299529296691135372e-01
9.563137445505859313e-02 5.713598091443095051e-01 1.552597921838921591e-01 1.777490242167399370e-01
8.446951413358856631e-02 5.530805151359007299e-01 1.979493487075852654e-01 1.645006220229255633e-01
6.815611870326820920e-02 5.680246508208213196e-01 1.809818603914750135e-01 1.828373700844353744e-01
8.839240634269435182e-02 5.126389396349755323e-01 2.361992621978114548e-01 1.627693918245187721e-01
1.062605324933609402e-01 5.536900179819730372e-01 1.662869996455761112e-01 1.737624498790900640e-01
7.340412487928781038e-02 5.587800873322658068e-01 2.131918949241710104e-01 1.546238928642753030e-01
1.242742739054916445e-01 5.754724722557638117e-01 1.696619728858236309e-01 1.305912809529209684e-01
7.890378191441137223e-02 5.601004027043011702e-01 1.766194576563935581e-01 1.843763577248939134e-01
8.652283594121752686e-02 5.475296558482807274e-01 2.313028010009581248e-01 1.346447072095437458e-01
1.365042505948808604e-01 5.269613829354068413e-01 1.885877070375139852e-01 1.479466594321982853e-01
1.147183953621593866e-01 5.872002380117743447e-01 1.751693423517647064e-01 1.229120242743014929e-01
7.572617359577885066e-02 5.576796392563144744e-01 2.081078494842568405e-01 1.584863376636497234e-01
8.915337267014407374e-02 5.652424752655046403e-01 2.180338092948498341e-01 1.275703427695013270e-01
7.904237851782119906e-02 6.232857239716542708e-01 1.552697094362366081e-01 1.424021880742879775e-01
1.083620482621888426e-01 5.404858885269271385e-01 2.191406711757716563e-01 1.320113920351123626e-01
1.011979483796634494e-01 5.848428688271914977e-01 1.882495034208651885e-01 1.257096793722797812e-01
1.031683060269469043e-01 5.749563438596914100e-01 2.076434808175326163e-01 1.142318692958290138e-01
7.026854546878857910e-02 5.379374184616889654e-01 2.233749911214418515e-01 1.684190449480806873e-01
5.688556425713056641e-02 5.911052363157560663e-01 2.064618320104362192e-01 1.455473674166770925e-01
7.175408856681070313e-02 6.164976561012973644e-01 1.868144621731024357e-01 1.249337931587895661e-01
1.099452343633307433e-01 6.136823742462883535e-01 1.759716115004887060e-01 1.004007798898923359e-01
8.056645760409002210e-02 5.805907506399753393e-01 1.791657486289570111e-01 1.596770431269776691e-01
1.015746589546084738e-01 5.648927793161657718e-01 1.957465095175416614e-01 1.377860522116841624e-01
9.246638736657569746e-02 5.394303976357924801e-01 2.243315809131928851e-01 1.437716340844390761e-01
8.492358036416247646e-02 5.664821984228615159e-01 1.612297186681943550e-01 1.873645025447817081e-01
1.005555561890200400e-01 5.486088507368920286e-01 1.987100053944104994e-01 1.521255876796774320e-01
1.092699253477176086e-01 5.784854736097013728e-01 1.623685784765649676e-01 1.498760225660160927e-01
7.997600267900353832e-02 6.306763809498739937e-01 1.620368137052217716e-01 1.273108026659005299e-01
1.139268013517009265e-01 5.585100166390641885e-01 2.101692835346505861e-01 1.173938984745843545e-01
8.044937030026436120e-02 5.891229303444923682e-01 1.973982892155381474e-01 1.330294101397051232e-01
8.849802038913538726e-02 5.747837823501368293e-01 1.909392305602373996e-01 1.457789667004903977e-01
6.917996761518244164e-02 5.656786836657710094e-01 1.854493657052767586e-01 1.796919830137697627e-01
1.166461566001326944e-01 5.346251002836791555e-01 2.095024641800212750e-01 1.392262789361668196e-01
1.121273797951148343e-01 5.784213200158588863e-01 1.846008960731977955e-01 1.248504041158285532e-01
7.991855266595761231e-02 5.672503572521865323e-01 1.900579144292030842e-01 1.627731756526527018e-01
1.039055114484266767e-01 6.059926577875384135e-01 1.589260166960847209e-01 1.311758140679502027e-01
8.548855490717226224e-02 5.535330351367687696e-01 1.784382481809622945e-01 1.825401617750967431e-01
8.742582964286077507e-02 5.635390459107953998e-01 1.825840165566251783e-01 1.664511078897186469e-01
1.002312619008282613e-01 5.971429002781907247e-01 1.592574822999793249e-01 1.433683555210017724e-01
8.812345667009521821e-02 4.995488033683776474e-01 2.584549276154471942e-01 1.538728123460800234e-01
9.537928936696329907e-02 5.690683000022761506e-01 1.802423471343165273e-01 1.553100634964439952e-01
1.215272742994887578e-01 5.259811171851581646e-01 2.138012456977707310e-01 1.386903628175824299e-01
9.747399048355476214e-02 5.816710207261069909e-01 2.179825365546610993e-01 1.028724522356771476e-01
8.546790225897643589e-02 6.177127832507015581e-01 1.719259956864541417e-01 1.248933188038678366e-01
1.141667561191554714e-01 5.480749611336183102e-01 1.912563810739203729e-01 1.465019016733059565e-01
9.086801823945894752e-02 5.763384178379905576e-01 2.173972976642299659e-01 1.153962662583204873e-01
8.444935277263655726e-02 5.576220261431588110e-01 2.144806407688980843e-01 1.434479803153064503e-01
1.042623504813804530e-01 5.887942471873178762e-01 1.699185015205525728e-01 1.370249008107490285e-01
8.089744735812232079e-02 5.753298874244746619e-01 1.884449402711697863e-01 1.553277249462332310e-01
6.563426155196439016e-02 6.032588900949550359e-01 1.667738014748323672e-01 1.643330468782482345e-01
1.159636915310823246e-01 5.413424062883144261e-01 1.989636248894424420e-01 1.437302772911607240e-01
1.213101038935021497e-01 5.654940694992124373e-01 1.669097613463726981e-01 1.462860652609125622e-01
9.684412893093795327e-02 5.551480019534844601e-01 1.748668661823752912e-01 1.731410029332022538e-01
1.042650475745643401e-01 5.782074487181744216e-01 2.051785920546065622e-01 1.123489116526547316e-01
9.174096276020729523e-02 5.823526859900932662e-01 1.825303674963386080e-01 1.433759837533609416e-01
1.163776673895736413e-01 5.267020597989263697e-01 2.343763398296714873e-01 1.225439329818283213e-01
7.547203343095569561e-02 5.558932086040052623e-01 2.350621306117771370e-01 1.335726273532617803e-01
1.025539682674105474e-01 5.838836133901934566e-01 1.715059087297960971e-01 1.420565096125999960e-01
8.414653053224634138e-02 6.301840078624327823e-01 1.528486374720053054e-01 1.328208241333155848e-01
1.077034471141836147e-01 5.464277195897384587e-01 1.719537770951089783e-01 1.739150562009688927e-01
7.692025029788637780e-02 5.388983151635142743e-01 2.214601512882659606e-01 1.627212832503333595e-01
7.666525598519706441e-02 5.581774247584390114e-01 2.459377075997553064e-01 1.192196116566085484e-01
1.098411680098599214e-01 5.831839264662437294e-01 1.722960277151521502e-01 1.346788778087442129e-01
7.377035800111898800e-02 6.093799382417094401e-01 1.698140082079272195e-01 1.470356955492444495e-01
9.904680882422013666e-02 5.576126427035666966e-01 2.055776741094232918e-01 1.377628743627899444e-01
9.917056281551021868e-02 6.006514994563234566e-01 1.630056578191896866e-01 1.371722799089765965e-01
1.008329305087760919e-01 5.808067863357360139e-01 1.515079227989454547e-01 1.668523603565424396e-01
6.737841029431158868e-02 5.612571250964649705e-01 1.760223758553771944e-01 1.953420887538461492e-01
7.392032577122310821e-02 5.578586032704553332e-01 2.246272879204956607e-01 1.435937830378257452e-01
1.042465630618147066e-01 5.911775201324805940e-01 1.744692357452019560e-01 1.301066810605027990e-01
9.663916798341445902e-02 5.222648062530175217e-01 2.284405727143580811e-01 1.526554530492098272e-01
1.089714940283780104e-01 5.341987329665471851e-01 2.141864709856900195e-01 1.426433020193849932e-01
6.431393763110347661e-02 6.270961196901303492e-01 1.536284422213061995e-01 1.549615004574599331e-01
1.160313458982475954e-01 5.405800678168999340e-01 2.001783902195529152e-01 1.432101960652993611e-01
9.227233290055918136e-02 5.808273790597833219e-01 1.703576681297465367e-01 1.565426199099110294e-01
8.104717118950141574e-02 5.691365638326359999e-01 1.779321850305360941e-01 1.718840799473264624e-01
1.097652375982809819e-01 6.356443360589069114e-01 1.095341434143026621e-01 1.450562829285093613e-01
8.342783989281971069e-02 5.860760917493613720e-01 2.045719724820092289e-01 1.259240958758097995e-01
9.257461816060012783e-02 5.556875353765083903e-01 2.002912206115654847e-01 1.514466258513257335e-01
5.666781130254790882e-02 5.753130534010337804e-01 2.406795438485319072e-01 1.273395914478863966e-01
7.923043696515563727e-02 5.328306985333162160e-01 1.941295943017228853e-01 1.938092701998052614e-01
1.000648840101840548e-01 6.231643577697106862e-01 1.526660107556564450e-01 1.241047474644488141e-01
7.793473039092516097e-02 5.717902025775898345e-01 1.872933633418989996e-01 1.629817036895859772e-01
7.910844993635383904e-02 5.519026188225965024e-01 1.842657344852595969e-01 1.847231967557902699e-01
8.681365315466010868e-02 5.919165154518865046e-01 1.713207813893724840e-01 1.499490500040807084e-01
1.105377566403171891e-01 5.343240508340241224e-01 2.222850779502833218e-01 1.328531145753753806e-01
8.548240484892881408e-02 5.616794062401210264e-01 2.225144218047926115e-01 1.303237671061576453e-01
7.906517288325269621e-02 6.189263529025600397e-01 1.436661305513016185e-01 1.583423436628855208e-01
9.816645336950306777e-02 5.866326402751321778e-01 1.764340888682885133e-01 1.387668174870763105e-01
8.960228436295752941e-02 5.924873741276718286e-01 1.791279119718763024e-01 1.387824295374943395e-01
7.401388980392031858e-02 5.903770074566448978e-01 1.824381747168054013e-01 1.531709280226292158e-01
6.914506244999656104e-02 5.874235992857328448e-01 1.699937020064585524e-01 1.734376362578120001e-01
8.271026789332537599e-02 5.442766625577084572e-01 2.087157924367262496e-01 1.642972771122398201e-01
9.021485991292810258e-02 5.783067666042160937e-01 1.660439887390646185e-01 1.654343847437911852e-01
1.140242139602431481e-01 5.818083698855913699e-01 2.143490548146018970e-01 8.981836133956369594e-02
9.159789539089586985e-02 5.610319675020037922e-01 2.305481109381407323e-01 1.168220261689595224e-01
5.920908427862137807e-02 5.651864631727435695e-01 2.310227504731704740e-01 1.445817020754645854e-01
9.134361440189076031e-02 6.015070593003919441e-01 1.806841730574584026e-01 1.264651532402589207e-01
1.097951277128289410e-01 5.604709141838484232e-01 1.721499926343854625e-01 1.575839654689371594e-01
1.042196117688866386e-01 5.554595676247051639e-01 1.829042800049899276e-01 1.574165406014181867e-01
6.993917366095030175e-02 6.289378660596834925e-01 1.791059790520996287e-01 1.220169812272666049e-01
1.050668691520113274e-01 5.439043303156744225e-01 1.591566649559511271e-01 1.918721355763632341e-01
9.465176289577856283e-02 5.648303151707187997e-01 1.739297528376374524e-01 1.665881690958652406e-01
8.523772313530525446e-02 5.365623203180651668e-01 2.434255958685010990e-01 1.347743606781284520e-01
5.866913518596542781e-02 5.843434876278981172e-01 2.214490678151617986e-01 1.355383093709747744e-01
1.025956335150347426e-01 5.775681104512472297e-01 1.937859438010460789e-01 1.260503122326718239e-01
8.131508611422932908e-02 5.378994057288425390e-01 1.997738109881279089e-01 1.810116971688000564e-01
7.264093639461743912e-02 6.431348226009447888e-01 1.662206558293218006e-01 1.180035851751158604e-01
1.105841346539229858e-01 6.083142455642281954e-01 1.705324755583664809e-01 1.105691442234823380e-01
8.307284896700734000e-02 5.460482847900876013e-01 2.141855706555690075e-01 1.566932955873361066e-01
1.103133873412795174e-01 5.458057148466869402e-01 2.190002201219147793e-01 1.248806776901187077e-01
1.081451403034607989e-01 5.592007348333711825e-01 1.837941482925217473e-01 1.488599765706462852e-01
9.030215970005524284e-02 5.847066534262387316e-01 1.616744728206951642e-01 1.633167140530107919e-01
1.118527693849298288e-01 5.787957291706149476e-01 2.029672255880964338e-01 1.063842758563587343e-01
1.124288003683232562e-01 5.412281147487953969e-01 2.082820295117762954e-01 1.380610553711049959e-01
8.347776203674858730e-02 5.805418826753888650e-01 2.186007731303106771e-01 1.173795821575519399e-01
8.325919501135885248e-02 5.525715420300167935e-01 2.364029424150220771e-01 1.277663205436022076e-01
1.091166158726852159e-01 5.517525392462092615e-01 1.930130091974061879e-01 1.461178356836995151e-01
1.282474699299315790e-01 5.433686133273442076e-01 1.790052329735784820e-01 1.493786837691457869e-01
7.666337738583552108e-02 5.444789191468514256e-01 2.104723905388118377e-01 1.683853129285012851e-01
8.296691826146267157e-02 6.302654510276466393e-01 1.808806481849252190e-01 1.058869825259653313e-01
1.158689437506849329e-01 5.652431449181741785e-01 1.757459038907268345e-01 1.431420074404142206e-01
1.137597696121752794e-01 5.526569777620393698e-01 1.773133809946555173e-01 1.562698716311299307e-01
7.812740312636815010e-02 5.800605073521911681e-01 1.769751432332374863e-01 1.648369462882032233e-01
1.083641756141214413e-01 5.442308377878414261e-01 2.001356292217373878e-01 1.472693573762997865e-01
1.008864388710663529e-01 5.870042458724242795e-01 1.798444151174670991e-01 1.322649001390423240e-01
8.042582119798333262e-02 6.166089483396356430e-01 1.860700184494726295e-01 1.168952120129084782e-01
6.762548714272943740e-02 5.915833045870554363e-01 1.850955702443259632e-01 1.556956380258893158e-01
8.554411473333710381e-02 5.723511138580643642e-01 2.150100013991452230e-01 1.270947700094534061e-01
1.104400208273835504e-01 5.699146357030253629e-01 1.787493006017467079e-01 1.408960428678443511e-01
1.208910957001023689e-01 5.375811534079673049e-01 1.611276082504554397e-01 1.804001426414749421e-01
9.105916658277062037e-02 5.771428146685441130e-01 1.848266747380770958e-01 1.469713440106083235e-01
6.346810205949718342e-02 5.734040285525371372e-01 1.763590634824718228e-01 1.867688059054938565e-01
8.959734899926929952e-02 5.766260561147253938e-01 2.060939671632228409e-01 1.276826277227822992e-01
1.069059789942890248e-01 5.354663309610390165e-01 2.338570798764354475e-01 1.237706101682364557e-01
1.327007636667677237e-01 5.419932911961162780e-01 1.945412864668378816e-01 1.307646586702781721e-01
7.619976170789902192e-02 5.674723253912341558e-01 2.148848776176748021e-01 1.414430352831920201e-01
7.977634815043964378e-02 6.004752527897356806e-01 1.774662898035194170e-01 1.422821092563052725e-01
6.602838062376589767e-02 5.739397484751559420e-01 2.211537469229793718e-01 1.388781239780985388e-01
1.047704145047077956e-01 5.623125715235730571e-01 1.724616555226978487e-01 1.604553584490213125e-01
9.697353964665207660e-02 5.128127082169948725e-01 2.546872224782892324e-01 1.355265296580637768e-01
1.224193878804177432e-01 5.453012661026501728e-01 1.823844340701842315e-01 1.498949119467479218e-01
8.796136317335694066e-02 5.903732941112381782e-01 1.820222565560645489e-01 1.396430861593403183e-01
8.529348618487168909e-02 5.800019968591907382e-01 2.031148233975948458e-01 1.315896935583429628e-01
9.102551969047677216e-02 5.237837296294916012e-01 2.413897042386135838e-01 1.438010464414181400e-01
1.623770058905385782e-01 5.278172925301690688e-01 1.643743491372823273e-01 1.454313524420101644e-01
8.466722690826958275e-02 5.358587311818334697e-01 2.431478266563979196e-01 1.363262152534990557e-01
9.223145277212557724e-02 5.636683704400715644e-01 1.989203180610362165e-01 1.451798587267665586e-01
7.434728426241545007e-02 6.161990332748937815e-01 1.598393523713342590e-01 1.496143300913564955e-01
6.714605105651072492e-02 6.431367836071253397e-01 1.827101136070178045e-01 1.070070517293462004e-01
1.132008508026872140e-01 5.786868921540918587e-01 1.844668485955594794e-01 1.236454084476614479e-01
1.037370451203918076e-01 5.244261941419594564e-01 1.885664358999670775e-01 1.832703248376815752e-01
8.754407725458200618e-02 5.885706349158618123e-01 2.046858811587412286e-01 1.191994066708150363e-01
7.493838588024884229e-02 5.552885166237119252e-01 2.046759918232973208e-01 1.650971056727418840e-01
9.716925353426558720e-02 5.623595612330557492e-01 2.035387546652359936e-01 1.369324305674425868e-01
8.128659930536763500e-02 5.771530259405255325e-01 1.818090543137914350e-01 1.597513204403154807e-01
9.116668907067257410e-02 5.624946483155933707e-01 1.991645886151621470e-01 1.471740739985719915e-01
7.435402311049098267e-02 5.753432221382707157e-01 2.266320532699125645e-01 1.236707014813256816e-01
1.093854493698391966e-01 5.408485742858868406e-01 2.063617914909199602e-01 1.434041848533540719e-01
8.749145283875639501e-02 5.845982128873408179e-01 1.745161467044669124e-01 1.533941875694358470e-01
1.041925374690956113e-01 5.432204006908715188e-01 1.887970495022634754e-01 1.637900123377693251e-01
1.195679088503743825e-01 5.541260014219596686e-01 1.815871001370289728e-01 1.447189895906370039e-01
8.665862829052778382e-02 5.550664972639238748e-01 1.928031190357150926e-01 1.654717554098331378e-01
6.588945381268589141e-02 6.258489134974732915e-01 1.698146325844938909e-01 1.384470001053469401e-01
7.050871546934839307e-02 5.814080817537871093e-01 2.158777328057230049e-01 1.322054699711414927e-01
1.045990348413385618e-01 5.696012790764126699e-01 2.027357110406309004e-01 1.230639750416177430e-01
8.666277734169196278e-02 5.509971870624613688e-01 2.017473380232748248e-01 1.605926975725717465e-01
1.266357694469774364e-01 5.489642945490594839e-01 2.080578941959506933e-01 1.163420418080123586e-01
7.133265809182551265e-02 5.641317439068748163e-01 2.116640881255178741e-01 1.528715098757817692e-01
8.859212719516999790e-02 5.848897999713899010e-01 1.687208070101962609e-01 1.577972658232437153e-01
9.936952567633823563e-02 5.852320402060345872e-01 1.921466882267025833e-01 1.232517458909245384e-01
6.920610063486802577e-02 5.303655064438467237e-01 2.417161740453324936e-01 1.587122188759528540e-01
7.617786793381586818e-02 5.602650408357221501e-01 2.222875309438207270e-01 1.412695602866412825e-01
