6.252110805243522584e-01 1.721453609953495223e-01 5.472481264478811641e-02 1.479187458355099571e-01
6.656761093932314077e-01 1.512813218044253560e-01 8.283012546529394671e-02 1.002124433370493728e-01
6.818273590822799823e-01 8.748378662045255827e-02 9.214246109090391823e-02 1.385463932063637216e-01
6.718598676522010704e-01 1.084291529109138452e-01 1.181977016977579786e-01 1.015132777391271057e-01
7.039248215535153230e-01 1.222913620773491694e-01 6.828041620796901356e-02 1.055034001611666744e-01
6.875073874917820849e-01 1.296677269068619021e-01 1.062496044744137697e-01 7.657528112694227118e-02
6.916009793485273782e-01 1.217521157227634265e-01 7.086755518151841016e-02 1.157793497471905630e-01
6.392919404224918223e-01 1.128370347526204825e-01 1.065613644132416410e-01 1.413096604116460542e-01
6.373458273611698477e-01 1.810412471865968931e-01 9.426986017891243741e-02 8.734306527332086345e-02
6.112113064048477762e-01 1.303087351294826834e-01 8.686933990200126909e-02 1.716106185636681603e-01
6.941497039164216121e-01 1.552849306858579415e-01 5.544444723561096217e-02 9.512091816210949125e-02
6.284282484346889186e-01 1.356769674073400045e-01 1.164896106667135806e-01 1.194051734912574408e-01
6.951936755761793929e-01 1.252302976666682943e-01 6.869259650202433343e-02 1.108834302551279100e-01
6.827508173478165077e-01 1.448061851091707597e-01 7.501274160326559803e-02 9.743025593974714849e-02
6.108446404846471500e-01 1.591032472033902800e-01 1.121214734857207684e-01 1.179306388262417737e-01
7.246001506093344702e-01 1.231891401290346050e-01 5.051489114645343198e-02 1.016958181151774304e-01
6.884044606928707566e-01 1.547393835329841649e-01 5.723269520776827490e-02 9.962346056637684522e-02
6.764629898816569842e-01 1.263176741702085049e-01 7.866691663451851058e-02 1.185524193136160143e-01
6.723075666132913852e-01 1.269307279998500015e-01 7.789479930554235598e-02 1.228669060813163127e-01
6.085843575197690258e-01 1.972049201368232807e-01 8.503965959938061814e-02 1.091710627440270476e-01
6.168541292253660879e-01 1.278946691597881158e-01 8.883172017463562831e-02 1.664194814402100986e-01
6.145752233937956666e-01 1.550351295263079354e-01 9.653305933903350011e-02 1.338565877408628702e-01
6.887679230988178469e-01 1.011363597724227043e-01 8.081926152803681207e-02 1.292764556007226506e-01
6.568653741415915182e-01 1.231608933015061469e-01 8.983175404417112486e-02 1.301419785127312378e-01
6.788606168719910627e-01 1.368755265722548242e-01 7.111315981218289950e-02 1.131506967435713384e-01
6.450323982490154817e-01 1.754244933004846518e-01 8.374098756436400282e-02 9.580212088613589139e-02
6.921246003662072654e-01 1.282440572785594202e-01 6.882803941528639613e-02 1.108033029399468489e-01
7.189393239540690095e-01 1.195577367759078080e-01 6.022605678233815957e-02 1.012768824876848911e-01
6.675326931844802747e-01 1.300750203596288401e-01 7.857800596735091403e-02 1.238142804885399989e-01
6.581059957449152398e-01 1.255608446425710012e-01 9.561897740485790498e-02 1.207141822076557430e-01
6.171828934966104852e-01 1.592358196311526031e-01 7.958630469652568096e-02 1.439949821757110504e-01
6.542617714050179556e-01 1.450614647181799888e-01 6.641373131360950310e-02 1.342630325631925803e-01
6.482656830318168639e-01 1.355619397561151351e-01 1.123721244573357286e-01 1.038002527547324250e-01
6.742797294141681386e-01 1.212105739054048920e-01 8.963789468694365048e-02 1.148718019934832357e-01
6.614930648341064146e-01 1.463761891488967459e-01 7.683009902025499105e-02 1.153006469967418762e-01
6.959189878622420444e-01 8.761361497114827923e-02 9.005039279196480617e-02 1.264170043746447314e-01
6.579824579546770247e-01 1.385924847377459357e-01 8.086239641386014365e-02 1.225626608937167850e-01
6.219460660327764678e-01 1.393337530270949420e-01 9.159819978928195050e-02 1.471219811508467368e-01
6.490263064423313910e-01 1.558814864451813220e-01 5.456795730086114182e-02 1.405242498116261174e-01
6.676681977156234682e-01 1.574428503039433380e-01 5.179018368618732576e-02 1.230987682942459444e-01
6.741190694984335874e-01 1.178975978481121567e-01 7.244819637417712621e-02 1.355351362792771297e-01
6.199698360570405908e-01 1.373711185539898127e-01 6.232240889154337660e-02 1.803366364974261227e-01
6.878840098930192326e-01 1.241385171044745439e-01 5.104684064407378347e-02 1.369306323584324470e-01
6.391672689113305772e-01 1.431623324673312603e-01 1.215017210587220897e-01 9.616867756261612832e-02
6.489331824145772032e-01 1.558722496127186996e-01 1.067892444215286923e-01 8.840532355117536323e-02
6.692841887265092993e-01 1.467681618356447004e-01 4.604407397254395989e-02 1.379035754653019918e-01
6.837045636753739108e-01 1.273018331756325949e-01 7.012125440176276980e-02 1.188723487472307522e-01
6.453487756370878126e-01 1.614762070114627857e-01 9.816956959725463283e-02 9.500544775419471344e-02
7.078657891665196544e-01 1.090213438927641609e-01 7.223509679151704499e-02 1.108777701491991813e-01
6.914210996318940206e-01 1.378163279573777211e-01 5.242079343736735786e-02 1.183417789733608033e-01
6.157506816915726544e-01 1.356089883984527289e-01 9.714391598330057720e-02 1.514964139266740673e-01
7.048621816323713540e-01 1.125491622584665757e-01 9.980832458602514889e-02 8.278033152313686582e-02
5.946128841846640700e-01 1.688384529376763810e-01 1.055855432283059336e-01 1.309631196493534766e-01
7.096771675884736563e-01 1.235602007259900548e-01 7.175342256158419307e-02 9.500920912395220685e-02
6.799271137602037607e-01 1.161023118927012737e-01 1.016624302703871552e-01 1.023081440767077827e-01
6.718277290010320479e-01 1.434092040769154863e-01 8.025901877422757236e-02 1.045040481478248795e-01
6.550355407871505387e-01 1.224632777269478029e-01 5.745152831813132160e-02 1.650496531677702883e-01
6.551730786067894163e-01 1.287357226494307560e-01 1.072605827068993378e-01 1.088306160368803649e-01
6.670185246401164614e-01 1.037515119874733022e-01 7.553499216777717629e-02 1.536949712046331018e-01
6.688134527094391490e-01 1.404622111036170073e-01 6.850134021005475915e-02 1.222229959768890845e-01
6.899400581296384338e-01 1.009521409579950818e-01 7.764078095159768211e-02 1.314670199607687329e-01
6.172010164531567256e-01 1.509316492277866795e-01 7.964358293951885603e-02 1.522237513795376973e-01
6.100870523259437350e-01 1.559748671079534410e-01 9.774191397904623269e-02 1.361961665870564664e-01
6.709236128280107181e-01 1.371999482104081514e-01 8.699334030645818061e-02 1.048830986551231026e-01
6.564898630018844994e-01 1.144853671843028414e-01 1.224681545990792542e-01 1.065566152147334050e-01
6.840510497924005007e-01 1.245431570597768239e-01 7.263437753606534486e-02 1.187714156117575803e-01
6.367584782676628530e-01 1.491307037085749243e-01 8.852716405438679215e-02 1.255836539693754028e-01
7.191384528454247693e-01 1.178781417155598255e-01 6.342976762600306684e-02 9.955363781301240778e-02
6.513787413477079014e-01 1.385125966016892973e-01 8.027548077647336799e-02 1.298331812741294611e-01
6.612347394172595205e-01 1.467980576332910680e-01 6.492840212652581378e-02 1.270388008229235421e-01
6.864904388428320070e-01 1.456883809313812006e-01 7.840960238242690450e-02 8.941157784335995728e-02
6.648298277935486000e-01 1.367740379356794933e-01 6.810660643732241448e-02 1.302895278334495199e-01
6.681083141571477757e-01 1.327011291538478244e-01 7.550472230829348430e-02 1.236858343807110266e-01
6.835527253886425347e-01 1.180808375935135102e-01 9.289058634540781068e-02 1.054758506724360057e-01
6.487808324723893794e-01 1.353220519423435630e-01 9.716904613074502095e-02 1.187280694545221199e-01
6.658339372162307424e-01 1.270018467506172644e-01 7.466636349017474750e-02 1.324978525429771625e-01
6.519477384835118405e-01 1.197603224405912048e-01 7.766171169888053116e-02 1.506302273770163125e-01
6.380295423614552597e-01 1.519697012463454289e-01 8.490178346405435894e-02 1.250989729281448137e-01
6.787060138917988539e-01 1.140634478256661588e-01 4.514330651731408156e-02 1.620872317652206906e-01
7.020342164799021623e-01 9.082712590901578786e-02 6.658630146693382545e-02 1.405523561441482105e-01
6.893145500757887900e-01 1.329425560595292599e-01 7.827752044342989324e-02 9.946537342125204295e-02
6.895422768559374971e-01 1.306129486813185359e-01 7.577487792151546553e-02 1.040698965412286264e-01
7.058545095904052991e-01 1.510871560301655647e-01 5.119125269861313221e-02 9.186708168081586523e-02
6.675553842685720829e-01 1.052908388425820019e-01 8.655995549476003248e-02 1.405938213940859660e-01
6.617456509043592172e-01 1.220048012040334390e-01 7.461418967666655355e-02 1.416353582149408319e-01
7.034134358985683066e-01 1.170983686620645642e-01 8.567256436988979207e-02 9.381563106947746200e-02
6.285977820527977045e-01 1.530449183925634282e-01 1.050077990753165574e-01 1.133495004793222682e-01
6.781176595686775332e-01 1.280432628729308853e-01 8.225133527200595429e-02 1.115877422863855162e-01
6.141931801301896421e-01 1.454199606441609338e-01 9.403701410916466552e-02 1.463498451164845504e-01
6.964823447539948420e-01 1.263051479779309649e-01 7.473212697721087761e-02 1.024803802908632461e-01
6.968519623621802772e-01 1.130183248502456966e-01 7.531106940731839561e-02 1.148186433802556305e-01
6.395306401886969860e-01 1.513218179826982535e-01 1.029668231709299220e-01 1.061807186576749634e-01
6.749364911523257904e-01 1.463611214480144695e-01 7.409633259295310415e-02 1.046060548067067192e-01
6.557504665748926653e-01 1.224853601218087729e-01 8.817884171797044091e-02 1.335853315853280932e-01
7.036116731373294186e-01 1.367017746147283219e-01 6.889552527268252846e-02 9.079102697525986976e-02
6.581360171043334484e-01 1.451487902920865491e-01 8.178734212777664936e-02 1.149278504758033809e-01
6.783258150793917141e-01 1.005390575085441246e-01 6.964948975102462636e-02 1.514856376610394795e-01
6.832835797972524050e-01 1.464379897714827294e-01 7.370764636191216856e-02 9.657078406935271087e-02
6.596087725470857199e-01 1.330541345718561363e-01 7.097609551296039931e-02 1.363609973680978693e-01
6.893859080700761588e-01 1.146195478808924861e-01 9.342787786716696963e-02 1.025666661818644965e-01
6.814134810212896243e-01 1.364121759394603117e-01 6.887468271893977534e-02 1.132996603203102470e-01
6.485109784710407776e-01 1.634865067166233754e-01 8.156668614737977441e-02 1.064358286649562391e-01
5.990435106647445940e-01 1.788035463229825650e-01 1.033848943769917900e-01 1.187680486352811066e-01
6.805271450414059897e-01 1.209509993427227842e-01 7.490537866808331946e-02 1.236164769477879899e-01
5.974592913690949247e-01 1.835801493270098617e-01 1.053590685100603136e-01 1.136014907938347890e-01
6.175585882596875686e-01 1.484953233701574726e-01 1.389109736609053791e-01 9.503511470924969062e-02
6.893135871987425833e-01 1.323768895720998096e-01 8.834705969935932601e-02 8.996246352979832273e-02
7.021802523421367681e-01 1.098436437230493473e-01 9.425501311910906843e-02 9.372109081570492717e-02
6.394075423001620573e-01 1.635928848061598273e-01 9.474826571032186895e-02 1.022513071833562048e-01
6.403538075453090173e-01 1.428869007319993889e-01 7.230618291373165640e-02 1.444531088089600346e-01
6.431355418990248873e-01 1.972971603030654053e-01 5.822185586049978545e-02 1.013454419374098248e-01
6.504684301738412611e-01 1.400354233418617256e-01 9.109889820969731267e-02 1.183972482745996313e-01
6.745498776272655927e-01 1.062903803141911352e-01 1.043197108314151689e-01 1.148400312271281587e-01
6.538960247401047754e-01 1.286875002689739644e-01 8.505090719867400284e-02 1.323655677922472851e-01
6.560301771936560833e-01 1.219044808616736864e-01 1.152442566087834019e-01 1.068210853358868423e-01
6.647866856451241091e-01 1.258894128704434734e-01 6.415008338082545114e-02 1.451738181036068553e-01
6.489162341994154648e-01 1.782263203529935447e-01 3.367445885044086790e-02 1.391829865971499491e-01
6.423133222522543484e-01 1.755262560992957299e-01 7.182660120855727248e-02 1.103338204398926631e-01
6.592301557358979380e-01 1.326454462143617230e-01 9.433350521985307824e-02 1.137908928298872885e-01
6.730025818620665179e-01 1.214568007937188721e-01 9.073575992343954622e-02 1.148048574207750222e-01
6.694833446501566865e-01 1.083643814665545269e-01 9.576457032262856994e-02 1.263877035606603139e-01
6.232690089185989324e-01 1.503757784175157042e-01 1.028301056166065763e-01 1.235251070472787038e-01
7.158115683800921891e-01 1.250965817080683384e-01 5.740068056450843559e-02 1.016911693473310230e-01
6.926068059766659069e-01 1.331069998006253197e-01 7.312052327669932295e-02 1.011656709460094783e-01
6.971669165495454346e-01 1.328042796555081451e-01 4.485524757414651592e-02 1.251735562207998975e-01
6.903438231058887098e-01 1.335123556715497040e-01 7.155170956220666123e-02 1.045921116603548973e-01
6.899960488318871432e-01 1.114877225610676065e-01 9.045427105806166934e-02 1.080619575489834838e-01
7.016199225217520929e-01 1.219267603881043632e-01 7.426637789082536634e-02 1.021869391993181914e-01
6.809605037322676857e-01 1.436977356575600273e-01 7.970221704949365105e-02 9.563954356067862206e-02
7.215574966664947132e-01 1.044285796221312845e-01 3.554972141848305317e-02 1.384642022928910532e-01
6.630055714013519674e-01 1.507693107406909427e-01 9.274664095193781155e-02 9.347847690601907011e-02
6.982056991165939142e-01 1.203824496930375326e-01 7.086568510337314108e-02 1.105461660869953150e-01
6.629002665006158423e-01 1.045597644549376148e-01 7.719033218937795815e-02 1.553496368550684736e-01
6.622091976317748818e-01 1.101520997379647343e-01 7.864811621234457650e-02 1.489905864179157380e-01
6.536895828752627979e-01 1.377945332273103618e-01 6.624891222377800315e-02 1.422669716736489065e-01
6.555920146036915419e-01 1.614786313174662313e-01 6.262079052126218182e-02 1.203085635575799894e-01
6.949156740366565499e-01 1.274269616540965877e-01 8.172478902693276759e-02 9.593257528231420583e-02
6.800787617679017183e-01 1.371176713186567642e-01 7.535698897130913010e-02 1.074465779421322903e-01
6.307192794366863753e-01 1.354074221550708446e-01 6.462014498713751498e-02 1.692531534211053901e-01
6.264383286147588992e-01 1.229092903878531151e-01 1.027499786992094044e-01 1.479024022981784980e-01
6.509811631193800352e-01 1.014711425917700360e-01 1.347599644147789710e-01 1.127877298740710410e-01
6.458754967202409158e-01 1.456591108202240081e-01 6.791975830485352805e-02 1.405456341546814925e-01
6.737451510255986209e-01 1.263703865516172808e-01 1.126445252267152392e-01 8.723993719606885910e-02
6.491287313654581226e-01 1.385221500586329701e-01 7.167511885231322988e-02 1.406739997235955941e-01
7.018116772090469135e-01 1.033257711675782536e-01 5.725028935336805291e-02 1.376122622700068632e-01
6.817005575236342318e-01 1.105928500480816978e-01 7.333312967288078965e-02 1.343734627554032945e-01
6.624410748767449730e-01 1.617477414819593062e-01 7.385991103389843992e-02 1.019512726073972392e-01
6.125519109782866511e-01 1.768687945383275728e-01 7.586274451998430146e-02 1.347165499634015717e-01
6.259670270674960735e-01 1.481140824572335368e-01 9.640811703999845050e-02 1.295107734352720086e-01
6.470372657504888103e-01 1.312591539888681713e-01 8.152330779631825064e-02 1.401802724643246012e-01
7.032265048212534841e-01 1.160352344060481128e-01 8.975219417149220280e-02 9.098606660120622802e-02
6.106190445678264522e-01 1.566645972668024023e-01 8.521780784240937101e-02 1.474985503229615524e-01
6.799513221466073620e-01 1.355566786225428644e-01 9.044335770837033661e-02 9.404864152247925657e-02
6.551905924972928341e-01 1.828736106156536312e-01 7.101899309871943788e-02 9.091680378833398579e-02
6.538856249675685239e-01 1.854216976877444134e-01 6.741720672320186680e-02 9.327547062148508483e-02
6.847459864984379863e-01 1.366363982392444221e-01 9.549894851009452235e-02 8.311866675222313872e-02
6.449849314051993021e-01 1.086508316060255108e-01 8.669756021054464412e-02 1.596666767782305707e-01
6.646923172887047038e-01 1.131904824440174567e-01 8.174551898928340832e-02 1.403716812779945144e-01
6.632631122768077869e-01 1.248663568662820161e-01 9.427652239786812882e-02 1.175940084590420959e-01
6.688378539087854735e-01 1.277445951700901250e-01 6.994158813810452680e-02 1.334759627830199580e-01
6.549437383550776870e-01 1.444897102047702497e-01 6.007639071038967105e-02 1.404901607297624755e-01
6.367350845457074859e-01 1.574158480865989196e-01 1.082550291919600199e-01 9.759403817573350515e-02
6.758969233336997728e-01 1.224122701713220990e-01 8.025065178224594087e-02 1.214401547127321318e-01
7.092722930127728365e-01 8.652604319287209023e-02 8.557791547833304424e-02 1.186237483160220707e-01
6.908790172107791561e-01 1.288576413304781954e-01 6.427021582515503317e-02 1.159931256335877264e-01
6.490198418256105661e-01 1.333436179348421735e-01 9.982195934311838270e-02 1.178145808964289748e-01
7.300364088804507379e-01 1.071880524371364163e-01 4.496826417739008958e-02 1.178072745050225967e-01
7.196873719565733962e-01 1.051717076043248156e-01 8.790753366744140374e-02 8.723338677166031507e-02
6.477365876236909070e-01 1.357826421054022237e-01 1.115251808782554283e-01 1.049555893926514410e-01
6.294313292057431841e-01 1.125606509474781775e-01 1.036905517661884657e-01 1.543174680805901866e-01
7.343029458530667686e-01 1.115696158326578008e-01 4.019007264348820052e-02 1.139373656707874244e-01
6.723687402330068563e-01 1.109807298989117647e-01 9.667602677754165430e-02 1.199745030905399606e-01
7.119685509333172346e-01 1.143863657292955444e-01 5.602736683910346932e-02 1.176177164982837309e-01
6.985506447698547339e-01 1.109068081676335693e-01 7.612310841327303568e-02 1.144194386492386889e-01
6.743506826215023287e-01 1.392855612489621031e-01 6.743203695183346003e-02 1.189317191777019417e-01
7.037219767201211562e-01 1.267629911282918131e-01 6.602232645701570923e-02 1.034927056945712798e-01
6.350771422700464131e-01 1.721484670163261343e-01 6.158668974579126210e-02 1.311877009678361627e-01
6.712718437872878807e-01 1.289991264774481838e-01 6.093834595247866331e-02 1.387906837827853068e-01
6.853029939588702879e-01 1.123245565218039949e-01 8.823432360060676216e-02 1.141381259187188857e-01
6.545633098923288040e-01 1.366369511036228390e-01 6.633516456664628747e-02 1.424645744374021250e-01
6.209262872543231948e-01 1.551354162922254365e-01 1.209715991384036626e-01 1.029666973150476922e-01
6.557141179275239873e-01 1.451232879970091594e-01 8.802009703457439049e-02 1.111424970408923518e-01
6.226951765070600775e-01 1.559256138829094029e-01 9.949689291290671200e-02 1.218823166971236410e-01
6.429763099119335523e-01 1.172586204418997191e-01 1.051617082909115514e-01 1.346033613552550245e-01
6.792960358446391567e-01 1.487907896455848145e-01 5.240739928141857629e-02 1.195057752283574387e-01
6.645435150022021009e-01 1.148204047708165504e-01 8.559689756554893225e-02 1.350391826614323332e-01
6.848763850996192337e-01 1.399447809293687950e-01 7.344951749880947178e-02 1.017293164722025550e-01
6.637335552517588111e-01 1.566390901546975967e-01 6.971368551615594877e-02 1.099136690773876712e-01
6.164911679804709888e-01 1.607293174679379766e-01 8.927053777243279531e-02 1.335089767791581561e-01
6.758942528998777011e-01 1.287794234987526820e-01 6.932107289124124494e-02 1.260052507101282471e-01
6.435837256370224857e-01 1.577769510239628026e-01 7.032156471889433602e-02 1.283177586201202092e-01
7.038391715443118590e-01 8.507828241711305750e-02 8.495800596631973567e-02 1.261245400722553478e-01
6.716143834334640239e-01 1.296165770772189085e-01 8.333051203830718623e-02 1.154385274510099368e-01
7.119913451217819711e-01 1.097373573122019802e-01 8.932447253494851802e-02 8.894682503106760008e-02
6.500061894221490499e-01 1.454703055577724613e-01 8.967536453473896885e-02 1.148481404853394644e-01
6.958223816160947761e-01 1.218012551812006766e-01 5.782866127294029185e-02 1.245477019297641930e-01
6.775753886514007673e-01 1.537680797949945999e-01 8.183272819241818596e-02 8.682380336118641906e-02
7.089627603292572022e-01 1.069140012802148459e-01 8.816423281868202011e-02 9.595900557184589008e-02
7.024716204028662592e-01 1.236877140610710968e-01 6.553701524066446460e-02 1.083036502953981378e-01
7.165285036293466137e-01 1.170915999465084317e-01 7.802896844812673427e-02 8.835092797601816483e-02
6.810763459457371827e-01 1.188445553982843406e-01 8.395729938623802679e-02 1.161217992697406026e-01
6.279535062549195246e-01 1.852821495508313598e-01 7.252907175572141651e-02 1.142352724385276574e-01
6.598185404042927749e-01 1.488294808106048750e-01 7.542630780360132237e-02 1.159256709815011388e-01
6.959391170520157210e-01 1.565663626230004712e-01 6.547371078975146308e-02 8.202080953523230300e-02
6.527100838881039202e-01 1.349165058792018701e-01 8.685860857121822931e-02 1.255148016614761053e-01
6.917985205272079163e-01 1.275659042607960869e-01 5.757340057925136589e-02 1.230621746327446309e-01
6.490667836644254951e-01 1.275031169033038758e-01 1.227397514796123579e-01 1.006903479526581463e-01
6.692849239961681240e-01 1.077806442744712739e-01 9.454101517468253835e-02 1.283934165546781470e-01
6.983645222269004860e-01 1.191525578244743422e-01 8.360031935500893130e-02 9.888260059361635157e-02
7.007010973261246223e-01 1.149835144297166184e-01 6.316538990130944609e-02 1.211499983428492438e-01
6.713586254709912327e-01 1.123506416332233776e-01 8.364651831772208779e-02 1.326442145780633852e-01
6.761895379099303049e-01 1.402595847890781566e-01 6.209509554403511850e-02 1.214557817569564407e-01
6.520191419634980834e-01 1.427424262082063744e-01 8.670588790688879555e-02 1.185325439214069132e-01
6.981924843559824678e-01 1.229378722059820267e-01 7.009002143809740792e-02 1.087796219999378894e-01
6.797061237849115756e-01 1.212224619199743086e-01 7.812705639832014104e-02 1.209443578967940580e-01
7.060560356750472666e-01 1.056508667055910400e-01 6.348736262191072288e-02 1.248057349974510122e-01
7.015847548800515643e-01 1.038823632168223987e-01 8.914422390809105534e-02 1.053886579950351760e-01
6.919424171444246152e-01 1.606216044569742374e-01 4.152741245607979859e-02 1.059085659425213211e-01
6.746212441951544569e-01 1.705646439299631500e-01 7.654457155151297987e-02 7.826954032336948253e-02
7.073739289792627671e-01 1.262216467729553038e-01 8.166812230129788519e-02 8.473630194648404390e-02
6.279079682011637908e-01 1.912990269270919141e-01 7.746387549660559146e-02 1.033291293751387313e-01
6.756689706554011021e-01 1.373570085506730931e-01 4.637157016950027577e-02 1.406024506244256400e-01
6.607751982805595281e-01 1.222457437287156196e-01 7.743322927897884622e-02 1.395458287117459228e-01
6.860322423890319321e-01 1.427534598039568725e-01 5.398660812231664829e-02 1.172276896846945193e-01
7.037338424142930426e-01 1.152852733915308986e-01 7.829892204361443842e-02 1.026819621505616065e-01
7.200071026332319768e-01 1.187187273933921344e-01 6.260656332739822361e-02 9.866760664597766517e-02
6.730304283543849797e-01 1.332263525307009755e-01 6.692662080901516652e-02 1.268165983058989477e-01
6.634857642437465008e-01 1.185558195263902992e-01 5.760504213692818620e-02 1.603533740929349305e-01
7.273332350109382727e-01 1.095230330761708809e-01 5.121417588998011111e-02 1.119295560229106451e-01
7.084282991238747273e-01 1.183095423461840434e-01 7.231840642932110819e-02 1.009437521006202043e-01
6.597232044334343515e-01 1.319845385764267520e-01 8.575422567584625733e-02 1.225380313142926808e-01
6.773389433169416662e-01 1.158048218333431190e-01 7.208989693933517962e-02 1.347663379103801184e-01
6.752201839678720896e-01 1.426866535076379561e-01 8.356898307377445823e-02 9.852417945071537120e-02
6.107798198374926324e-01 1.568944338426105367e-01 1.146719502573326360e-01 1.176537960625642781e-01
6.510686847854332271e-01 1.298787375771836561e-01 7.251724490717903482e-02 1.465353327302041098e-01
6.478699923296736829e-01 1.276933185355909883e-01 1.065605046160388730e-01 1.178761845186965390e-01
6.734300507493031773e-01 1.299977972735039122e-01 9.735184822075683420e-02 9.922030375643597910e-02
6.164044480562311801e-01 1.708670856709424424e-01 1.015506111774614195e-01 1.111778550953648609e-01
7.043927875301424502e-01 1.093236878098838016e-01 7.926102561011631742e-02 1.070224990498575002e-01
5.919036428603635658e-01 1.885748331354064333e-01 7.167458155075741300e-02 1.478469424534727683e-01
6.667998735043875191e-01 9.316074711813290832e-02 7.781786782744262720e-02 1.622215115500369731e-01
6.666601107512001301e-01 1.460731618586169067e-01 7.313062082669363750e-02 1.141361065634894228e-01
6.631845398330061814e-01 1.459431208617845144e-01 9.053097336149858176e-02 1.003413659437107364e-01
6.426292093952035156e-01 1.411955770334126503e-01 1.011643577137738004e-01 1.150108558576099227e-01
6.342489534068427304e-01 1.537290864623968578e-01 6.419724723972211611e-02 1.478247128910381292e-01
6.734587182735553013e-01 1.247111059356529467e-01 9.820908471166688025e-02 1.036210910791249690e-01
7.108694085981842603e-01 1.192905400394412702e-01 7.117458486917774274e-02 9.866546649319675455e-02
6.588532839919067907e-01 1.342471016429009623e-01 8.491755078357687836e-02 1.219820635816153270e-01
6.463312493680863913e-01 1.440113954204418345e-01 9.015351135305491037e-02 1.195038438584168777e-01
6.484644310323416372e-01 1.157679517412253251e-01 6.752527221345180908e-02 1.682423450129814091e-01
6.822925987521597513e-01 1.250519265291525628e-01 7.553866242908667539e-02 1.171168122896010244e-01
7.227247511793135626e-01 9.094685702527174898e-02 6.748915378107063490e-02 1.188392380143440535e-01
7.416025066533495913e-01 8.290916663719143098e-02 7.888322396533810343e-02 9.660510274412086040e-02
7.085309596429076873e-01 1.494435128418811487e-01 5.970716214792996801e-02 8.231836536728129317e-02
7.012894506754749901e-01 1.369758452180316333e-01 6.428696053965050894e-02 9.744774356684270111e-02
6.509210170047886601e-01 1.747096347842135022e-01 5.288818731637908582e-02 1.214811608946187171e-01
6.374909559214541055e-01 1.225468099589108600e-01 8.656020828802610256e-02 1.534020258316089735e-01
6.522773158668560001e-01 1.200668029492562433e-01 9.206874075024920612e-02 1.355871404336386754e-01
6.804433141374739424e-01 1.404071036352562141e-01 5.928272587634253465e-02 1.198668563509273505e-01
6.429656116701739643e-01 1.639749251989275902e-01 8.653017266722244638e-02 1.065292904636759019e-01
6.217341397944101677e-01 1.352758213676074350e-01 9.526610502048922513e-02 1.477239338174932137e-01
6.520289899167421854e-01 1.574024645577057069e-01 6.606242036491360992e-02 1.245061251606385255e-01
6.909592543323993530e-01 1.094560455089576417e-01 8.747256754318140370e-02 1.121121326154616016e-01
6.652016471068110670e-01 1.333594296015421510e-01 9.005481365254489057e-02 1.113841096391019608e-01
6.643444148500640134e-01 1.357709717016485351e-01 6.273702824896046359e-02 1.371475851993270989e-01
7.000556359817284857e-01 1.334181219132670737e-01 5.781996663381225310e-02 1.087062754711921736e-01
6.164305799559642862e-01 1.408125451390970229e-01 9.456438955746031272e-02 1.481924853474783643e-01
6.631062758158624559e-01 1.166971848333636652e-01 7.453951763894112181e-02 1.456570217118328125e-01
6.550949074661652771e-01 1.338932950778156106e-01 8.044859661961287212e-02 1.305632008364062402e-01
6.238429657441292298e-01 1.516094791395804220e-01 8.856715672925001559e-02 1.359803983870403188e-01
6.686768198686126041e-01 1.353792905800181023e-01 6.336083393365266048e-02 1.325830556177166331e-01
6.913315848539116626e-01 1.090142255773136615e-01 6.358250706639542726e-02 1.360716825023791654e-01
6.897319383434001860e-01 1.307514657373738676e-01 6.786904816767291848e-02 1.116475477515532361e-01
6.826472571916307741e-01 1.148108221648822674e-01 1.012181167342655480e-01 1.013238039092212578e-01
6.876035704137486437e-01 1.285965432955264165e-01 6.017033837772876176e-02 1.236295479129962821e-01
6.640883723970055774e-01 1.182887383066279496e-01 8.746027026235814184e-02 1.301626190340082201e-01
6.797822662000696514e-01 1.172929719724464248e-01 8.821126852227199888e-02 1.147134933052118277e-01
6.919437776973816900e-01 1.150492619686030032e-01 6.338105549722695964e-02 1.296259048367882916e-01
6.182988749709003029e-01 1.394359788362680708e-01 1.148475905033918276e-01 1.274175556894398265e-01
6.926796171897939836e-01 1.367493861182259851e-01 7.072163443994909648e-02 9.984936225203110138e-02
6.999728916527829803e-01 1.362359626708318228e-01 5.999353899597640455e-02 1.037976066804086744e-01
7.004054099089658258e-01 1.455767061272884855e-01 5.349973957233689070e-02 1.005181443914087563e-01
6.675986074586144348e-01 1.159192434947764333e-01 7.081935664401807495e-02 1.456627924025911125e-01
6.621326590110708787e-01 1.152905424528199024e-01 7.427569998965249942e-02 1.483010985464566500e-01
6.492131708070085772e-01 1.615281605811003940e-01 7.394722668569526924e-02 1.153114419261957457e-01
6.719503544417387841e-01 1.464138403896557694e-01 8.135050420934150650e-02 1.002853009592638983e-01
6.573583369738701387e-01 1.330542018295408635e-01 1.010096651725238825e-01 1.085777960240650042e-01
7.009383941146620778e-01 9.692572530839416167e-02 7.633076396860380419e-02 1.258051166083400119e-01
6.453090474378002650e-01 1.110958881577831514e-01 9.305333331731080460e-02 1.505417310871058900e-01
6.958779083360974171e-01 1.252240760685725818e-01 5.947806034843688971e-02 1.194199552468929448e-01
6.686000759242289870e-01 1.523458160973190090e-01 5.860991235926878845e-02 1.204441956191833335e-01
6.246501337401393350e-01 1.595687670084054710e-01 7.622074441458473459e-02 1.395603548368705427e-01
6.851812637910978943e-01 1.432157066640752652e-01 9.613129664753661263e-02 7.547173289729028345e-02
6.895532696775946713e-01 1.401708925734091449e-01 7.979863966140529619e-02 9.047719808759080440e-02
6.708712442240721829e-01 1.118238006064547485e-01 6.804636720148807272e-02 1.492585879679848848e-01
7.040005882965161277e-01 9.824630427698849422e-02 8.412773268687580297e-02 1.136253747396197694e-01
7.365468020048820952e-01 1.128827023520306838e-01 5.453114565978465361e-02 9.603934998330249107e-02
6.591853439973511808e-01 1.568934727928197048e-01 9.338968111996115429e-02 9.053150208986794623e-02
6.417272486301835999e-01 1.361625989376784307e-01 8.733732100706179113e-02 1.347728314250762061e-01
6.529671034003172725e-01 1.293597067039893023e-01 8.779008745041695649e-02 1.298831024452764549e-01
6.573252726022926762e-01 1.562925047907507414e-01 3.903655012901284527e-02 1.473456724779436400e-01
6.310811351826592919e-01 1.042054662677909527e-01 8.818078607154723747e-02 1.765326124780024764e-01
7.139888862180094886e-01 8.834504867050002597e-02 7.856366184454294244e-02 1.191024032669475569e-01
6.978640070497170722e-01 1.305775791276705955e-01 3.570498608343294217e-02 1.358534277391793554e-01
6.723132436881968932e-01 1.391137676618336150e-01 7.892520488877353968e-02 1.096477837611960354e-01
7.114172930461585276e-01 1.222671116116930551e-01 6.222902140562574375e-02 1.040865739365227777e-01
6.918304928413758770e-01 1.364881329939711119e-01 3.866893005863029226e-02 1.330124441060228646e-01
7.040264866064028793e-01 1.451329725181543240e-01 4.630813135669256675e-02 1.045324095187502023e-01
6.320684552290193325e-01 1.322017063741129372e-01 8.863670248393855366e-02 1.470931359129289961e-01
6.530232829435586028e-01 1.410646011374702413e-01 6.447271925009646909e-02 1.414393966688747561e-01
6.937328140425210732e-01 1.219784476066564094e-01 6.714036574485010567e-02 1.171483726059723562e-01
6.588059528605194615e-01 1.490697890382094992e-01 8.811878701161905691e-02 1.040054710896519546e-01
6.892184307411375332e-01 1.330106368776580728e-01 8.082696770679285991e-02 9.694396467441149245e-02
6.768560995139631942e-01 1.190592496273580186e-01 7.059263796712793304e-02 1.334920128915508541e-01
6.818183103128145905e-01 1.210279671497352660e-01 9.262983628356442900e-02 1.045238862538858116e-01
7.259604458248802850e-01 1.206258397419484873e-01 5.255202149191660205e-02 1.008616929412545771e-01
6.420601434233702554e-01 1.562605957664020551e-01 8.298402944298942374e-02 1.186952313672382658e-01
6.528947945162075772e-01 1.589306091961180112e-01 6.423129848873360137e-02 1.239432977989406715e-01
7.144534226676135802e-01 1.260213766420438530e-01 5.191296831425664532e-02 1.076122323760858868e-01
6.904347683359729482e-01 1.103601854045222347e-01 7.524720489745846674e-02 1.239578413620461700e-01
7.327723539671967545e-01 1.253107396455719058e-01 7.262520950415835008e-02 6.929169688307316999e-02
6.867443761407117098e-01 1.518746497612860902e-01 7.192018834672285477e-02 8.946078575127949795e-02
7.350939039273804987e-01 1.213206985898223206e-01 5.268032955565030151e-02 9.090506792714715678e-02
6.506560023125548264e-01 1.176464854095490148e-01 9.441832247408397938e-02 1.372791898038121239e-01
6.850359568869606175e-01 8.679365801607508146e-02 8.000359409092651364e-02 1.481667910060376070e-01
6.530360018738744499e-01 1.564566801114160299e-01 8.615887889630013952e-02 1.043484391184093391e-01
7.037745309681450179e-01 1.241672395963712150e-01 7.360820955118597964e-02 9.845001988429778750e-02
6.820463569448882435e-01 1.059162056642072164e-01 9.570317787118053088e-02 1.163342595197239260e-01
6.703118123927225280e-01 8.799731391347397069e-02 8.893220933394611893e-02 1.527586643598574934e-01
6.753539163725309491e-01 1.628297170645158776e-01 6.427759229000770680e-02 9.753877427294549429e-02
6.601739521920929610e-01 1.153427196201676497e-01 8.262659572904400285e-02 1.418567324586954559e-01
6.514415052304100007e-01 1.404458605530392035e-01 8.250505697463417221e-02 1.256075772419165404e-01
6.550716848501171308e-01 1.446708899218417388e-01 8.424178205932686403e-02 1.160156431687142664e-01
6.635851721424611549e-01 1.382370677695796690e-01 6.802249480347292987e-02 1.301552652844861491e-01
6.965698888710949443e-01 1.435759125766034594e-01 5.895529765762925339e-02 1.008989008946723498e-01
6.378882502415444966e-01 1.550789468279033800e-01 9.078047624257719328e-02 1.162523266879749301e-01
6.871283647703074760e-01 1.305004522534290445e-01 6.573297577195746921e-02 1.166382072043060519e-01
6.439006572242793602e-01 1.424900307724882853e-01 9.209697166511782163e-02 1.215123403381143802e-01
6.927390187966310231e-01 1.116715012825071213e-01 7.062972268481686189e-02 1.249597572360448411e-01
6.838235838522892518e-01 1.034469354404693869e-01 1.026370797695151382e-01 1.100924009377263063e-01
7.054906990462918026e-01 1.154776190201852182e-01 5.925120581024871658e-02 1.197804761232742626e-01
6.921887777493329619e-01 1.721227079559573547e-01 6.148808336281569309e-02 7.420043093189392092e-02
7.251545872581867114e-01 1.233817125736366010e-01 5.774703134956710865e-02 9.371666881860946097e-02
7.014668220107282970e-01 1.245350553548498079e-01 9.487544263883283813e-02 7.912267999558902920e-02
6.103791336270577572e-01 1.447353906098930165e-01 9.634667899860456519e-02 1.485387967644447860e-01
6.767150412385739555e-01 1.239791966213973778e-01 7.479509190233313287e-02 1.245106702376954366e-01
6.340499318114084515e-01 1.415457320900361804e-01 6.563647367063450699e-02 1.587678624279207085e-01
6.781819117986880308e-01 1.391133553493716368e-01 4.594821352251823865e-02 1.367565193294222603e-01
6.709940777682035229e-01 1.227668834141315696e-01 9.719939398316923551e-02 1.090396448344958108e-01
6.601220593043354290e-01 1.334528071077461520e-01 7.760229217596777140e-02 1.288228414119507448e-01
6.776727848391076447e-01 9.885088725923429909e-02 7.472008595412708842e-02 1.487562419475309539e-01
6.535940070740532404e-01 1.768481411351598143e-01 8.273471132811660578e-02 8.682314046267039509e-02
6.566510580247156836e-01 1.343250382955339106e-01 7.590071412956106434e-02 1.331231895501893692e-01
7.076698689886635751e-01 1.189534202803865098e-01 8.497497393026591517e-02 8.840173680068402762e-02
6.735601760819324157e-01 1.309392545813343744e-01 6.458313729632587930e-02 1.309174320404074554e-01
6.792926842003420562e-01 1.039188601837835180e-01 9.462087244160956312e-02 1.221675831742648904e-01
6.724211683040163257e-01 1.240050012607535473e-01 7.799821923011368563e-02 1.255756112051164830e-01
6.755081326271960007e-01 1.240851543389488859e-01 5.669074831300380951e-02 1.437159647208513247e-01
6.579751784128543557e-01 1.317805001304448165e-01 1.042876151333693435e-01 1.059567063233315953e-01
6.643776502003088114e-01 1.452109047730999469e-01 6.888939609333034897e-02 1.215220489332607956e-01
6.617988229617050022e-01 1.560674102182840473e-01 6.290259722460236902e-02 1.192311695954085121e-01
6.784970322770690343e-01 1.298134058301134153e-01 6.066575025070447547e-02 1.310238116421130194e-01
7.235721873051692565e-01 1.210525888867226840e-01 5.273694592628708211e-02 1.026382778818209773e-01
6.878429821047835624e-01 1.602877282376552470e-01 6.467743153554326996e-02 8.719185812201801777e-02
7.066739711567450177e-01 1.175604877722115915e-01 7.645002904354805673e-02 9.931551202749532015e-02
6.751067381015770641e-01 1.253961575718181010e-01 9.548843694222348966e-02 1.040086673843813592e-01
7.136777973738259728e-01 9.811906899745383159e-02 7.212676471745527174e-02 1.160763689112648822e-01
6.551010632797966693e-01 1.187392400307240303e-01 8.284010714957400212e-02 1.433195895399051456e-01
6.877746120603486224e-01 1.214981399704062742e-01 8.299385217509029633e-02 1.077333957941547793e-01
6.952272192005982676e-01 9.495365161983747304e-02 7.009703527739134798e-02 1.397220939021729669e-01
6.551125583780295081e-01 1.389169348160471662e-01 9.004950616095204474e-02 1.159210006449713226e-01
6.626157765901873331e-01 1.038746964010723445e-01 8.397012844988990810e-02 1.495393985588503449e-01
7.064005314911939726e-01 1.119926773644043944e-01 7.103276159944275914e-02 1.105740295449588739e-01
6.727542120007053983e-01 1.414480451134362549e-01 7.841121859106721381e-02 1.073865242947912441e-01
6.817246182887980455e-01 1.296710439060240472e-01 6.314602799754134854e-02 1.254583098076365311e-01
6.743844712205931957e-01 9.692338012239923306e-02 8.774504794333555513e-02 1.409471007136720577e-01
6.741422153258233019e-01 1.278166419584104985e-01 8.902988743248411996e-02 1.090112552832821491e-01
7.006265590557090306e-01 1.171307735208757111e-01 7.080891520443535758e-02 1.114337522189799978e-01
7.077758196401382484e-01 1.230314076879708146e-01 7.783771076269874190e-02 9.135506190919225056e-02
6.325342729589936708e-01 1.742488244466065539e-01 7.553997669927485503e-02 1.176769258951248370e-01
6.605499121880390456e-01 1.438783058756072930e-01 6.063602592684951692e-02 1.349357560095041375e-01
6.454622515821157869e-01 1.554232702033691849e-01 7.414609997787813267e-02 1.249683782366368956e-01
6.192563042949480456e-01 1.705294320196072688e-01 1.002413387843471559e-01 1.099729249010975018e-01
6.239849986109901048e-01 1.806982393482846061e-01 7.076595563526266730e-02 1.245508064054626635e-01
6.787843485033479007e-01 1.193991262594255032e-01 7.557451692166923529e-02 1.262420083155575135e-01
7.322822170638545458e-01 1.234404920560984303e-01 4.709870756619321391e-02 9.717858331385387238e-02
6.246858128085464035e-01 1.466638281948393907e-01 8.960898669938244243e-02 1.390413722972317356e-01
6.779960956014018381e-01 1.206694909760683970e-01 8.868405686538385901e-02 1.126503565571460586e-01
6.785307051387519106e-01 1.356869167833481271e-01 5.623804959081152299e-02 1.295443284870884393e-01
6.610169306543101087e-01 1.422628993096219374e-01 6.083387152734406195e-02 1.358862985087240238e-01
6.471431526091279141e-01 1.425409080548501184e-01 6.294971402967797225e-02 1.473662253063439120e-01
6.560103549386915311e-01 1.514030910849160083e-01 9.541150985969157339e-02 9.717504411670087328e-02
5.952522617629448787e-01 1.641084389453059400e-01 9.384171041388097989e-02 1.467975888778680349e-01
6.670767851025760642e-01 1.464804278045126196e-01 7.480952416789361792e-02 1.116332629250177400e-01
6.825099772246308039e-01 1.428366044912355859e-01 6.033913244191011632e-02 1.143142858422233343e-01
6.528658283008009766e-01 1.601027891456650032e-01 7.763799527578799098e-02 1.093933872777461958e-01
6.968280741303182202e-01 1.128982818550359063e-01 1.074063681304221335e-01 8.286727588422375390e-02
6.240985357412160983e-01 1.484183639884501249e-01 8.806015790506034613e-02 1.394229423652734445e-01
6.543770100874399809e-01 1.285952603714401732e-01 8.868979672934715341e-02 1.283379328117728035e-01
6.780694440040795357e-01 1.301251851673718429e-01 9.447827479420856100e-02 9.732709603433993550e-02
