1.829866778977521924e-01 5.140366567562670852e-01 4.471447922217420406e-02 2.582621861238065808e-01
1.384372656993604900e-01 5.220623582661449991e-01 4.454361373902025745e-02 2.949567622954742396e-01
1.635157150351579380e-01 5.230935754224051992e-01 5.307764841002436673e-02 2.603130611324124266e-01
1.632377104936011125e-01 5.109353107715125519e-01 4.530806219731228074e-02 2.805189165375741589e-01
1.545620129084867844e-01 4.782322585801950243e-01 6.011155094834930851e-02 3.070941775629689729e-01
1.760820655554442282e-01 4.835470906421686643e-01 6.250015999738324501e-02 2.778706838050038486e-01
1.954146495684572771e-01 4.596369037179214856e-01 6.266502948614882662e-02 2.822834172274723552e-01
1.037418630497024402e-01 5.095620225287225136e-01 7.543613019304541700e-02 3.112599842285296292e-01
1.189436307628726902e-01 5.447428539473855302e-01 6.385591417483051091e-02 2.724576011149112409e-01
2.243657361292891450e-01 4.582635145178033387e-01 4.035779034783520958e-02 2.770129590050721680e-01
1.889836428646814726e-01 4.204127881970382008e-01 6.708480930804702758e-02 3.235187596302332991e-01
2.048891774055643378e-01 4.086796386730782715e-01 8.465908547424144670e-02 3.017720984471159995e-01
1.471173202738462471e-01 4.196101772443915356e-01 7.180055182474780195e-02 3.614719506570143182e-01
1.356945535851697415e-01 4.747237727237965110e-01 6.865847245956369083e-02 3.209232012314702787e-01
2.210906488691864458e-01 4.622702569949874163e-01 3.771958394835556172e-02 2.789195101874706317e-01
1.754275374162339307e-01 4.436454682541399741e-01 4.861693457364013593e-02 3.323100597559859870e-01
2.299056658944693132e-01 4.233884749774499134e-01 4.816496757630332054e-02 2.985408915517774320e-01
1.424482800371607571e-01 4.284999395669937261e-01 9.489470217422944776e-02 3.341570782216160551e-01
1.589047565503117210e-01 4.193100572140426308e-01 6.538499431013658492e-02 3.564001919255089801e-01
1.641486509318729470e-01 4.363350455928307059e-01 7.010364284328847451e-02 3.294126606320078032e-01
1.693291438821151185e-01 4.821941376977108562e-01 5.908498171150269179e-02 2.893917367086711878e-01
1.407611224489072888e-01 4.786679480880264292e-01 3.067030632755309016e-02 3.499006231355132890e-01
1.891864898752649571e-01 4.587945208458426016e-01 5.195929990305859364e-02 3.000596893758338268e-01
1.351928947390561297e-01 4.780712105852888416e-01 4.478287642645686906e-02 3.419530182491982706e-01
2.590583203903624732e-01 4.326997161548967186e-01 5.724466934692973991e-02 2.509972941078111308e-01
1.730576593480423198e-01 4.774130106125566986e-01 6.127391949431838097e-02 2.882554105450825799e-01
1.376494583784429182e-01 5.075724633996023805e-01 5.757616317096055786e-02 2.972019150509939700e-01
1.464255073020582776e-01 4.762970912191948902e-01 4.883144040049123419e-02 3.284459610782556327e-01
2.004807191139870159e-01 4.803809532432414264e-01 4.056386097222291348e-02 2.785744666705486927e-01
1.530351063422563385e-01 4.479278248037636412e-01 8.879203271210722725e-02 3.102450361418727653e-01
1.469700900072393457e-01 4.511308680762782797e-01 6.210922078370981897e-02 3.397898211327726181e-01
1.702492273158972003e-01 4.705012171622912631e-01 6.445646400168150714e-02 2.947930915201301127e-01
1.810036511088706501e-01 4.382442317062344439e-01 3.215007932560170339e-02 3.486020378592931679e-01
1.403337439019774202e-01 4.780692442896392613e-01 2.992543548043299223e-02 3.516715763279502638e-01
1.628525898146883644e-01 4.462722958455729305e-01 5.809030887091325840e-02 3.327848054688256063e-01
1.345137344662866441e-01 4.924638342340832420e-01 6.456318735011520871e-02 3.084592439495149607e-01
1.690931597729051217e-01 5.188207565063371884e-01 7.073589443877045801e-02 2.413501892819872041e-01
1.752380725365925429e-01 5.526162853315337298e-01 3.074494189902755165e-02 2.414007002328462104e-01
1.188892256183962243e-01 4.799973552378328789e-01 5.059585596017067421e-02 3.505175631836002781e-01
1.621605510768139302e-01 4.528921744784811798e-01 5.313595532022619833e-02 3.318113191244786431e-01
1.680906323250269674e-01 4.598021358131698655e-01 4.952837067016520323e-02 3.225788611916379223e-01
1.489970528178735376e-01 4.532704589279153429e-01 5.093123591591327409e-02 3.468012523382979495e-01
2.184193235863799987e-01 4.586730061070213305e-01 5.471761513167742313e-02 2.681900551749212824e-01
1.430724828916678792e-01 4.545441649198730394e-01 6.372344205451817289e-02 3.386599101339409779e-01
1.326517536374786921e-01 5.123023190337168131e-01 6.558172589397551211e-02 2.894642014348290937e-01
1.221744408808153048e-01 4.649698196207368017e-01 5.552090640968521812e-02 3.573348330887625712e-01
1.294657499477305795e-01 4.673246522168589268e-01 7.853296116951513639e-02 3.246766366658952463e-01
1.750071367362223129e-01 4.697395382444573553e-01 5.350575052866350656e-02 3.017475744906567559e-01
1.993617089538698983e-01 4.690569329133013610e-01 6.736513236662330928e-02 2.642162257662056257e-01
1.930124003531913102e-01 4.376565892196870866e-01 4.409959652706988559e-02 3.252314139000517246e-01
1.609285731034963141e-01 4.786902782784799304e-01 5.154007979012310836e-02 3.088410688279005223e-01
1.789488148861150818e-01 4.990019334415205510e-01 4.476443836390415348e-02 2.772848133084602207e-01
1.834114477139330568e-01 4.749527799246691662e-01 3.104730124612284717e-02 3.105884711152749333e-01
1.338151600155896292e-01 5.181606533077599552e-01 4.783503548192229171e-02 3.001891511947279989e-01
1.484452254299464535e-01 4.535153666177398901e-01 6.094971750373204267e-02 3.370896904485817247e-01
2.036108368590312800e-01 4.812927588210421104e-01 4.585244293134153881e-02 2.692439613885850291e-01
1.750043105440153290e-01 4.199917090340359871e-01 7.420822260389046965e-02 3.307957578180583669e-01
1.532914842907983077e-01 4.133251106693597299e-01 5.415589237998222338e-02 3.792275126598597668e-01
1.928636139000658167e-01 4.982581327871644095e-01 3.507783383047289455e-02 2.738004194822968307e-01
1.634729102288384750e-01 4.804704546794251185e-01 4.285862312498674859e-02 3.131980119667496232e-01
1.462443255043177903e-01 4.634761257324548356e-01 4.983191929491768285e-02 3.404476294683096427e-01
1.595958397452218180e-01 4.728693009003123726e-01 5.166284943171881722e-02 3.158720099227469991e-01
1.692029414512742913e-01 4.776830825199979147e-01 6.062506067373354263e-02 2.924889153549941612e-01
2.019797223452746149e-01 4.774229212601933670e-01 6.462032315069057842e-02 2.559770332438414120e-01
1.452230890268437491e-01 4.466625509209741773e-01 8.921079529652206630e-02 3.189035647556599518e-01
1.856893388084012997e-01 4.569341282400580795e-01 6.689241384189253958e-02 2.904841191096481090e-01
1.239751043642990658e-01 4.698923436942964993e-01 4.565470876334729033e-02 3.604778431780573666e-01
1.816841978615588993e-01 4.674259665511161788e-01 5.407664950933210868e-02 2.968131860779927855e-01
1.777287134176459837e-01 4.804632163754672947e-01 7.713165527442447655e-02 2.646764149324623561e-01
1.881356648782480101e-01 4.511397913291492201e-01 4.038094398669180018e-02 3.203435998059109835e-01
1.357437887772595109e-01 4.930535700874483784e-01 7.325221607506123001e-02 2.979504250602307835e-01
1.445816951666192007e-01 4.780355961859937275e-01 8.682923445796457418e-02 2.905534741894225670e-01
2.060246187054640410e-01 4.154850008730548994e-01 6.382017471142530096e-02 3.146702057100557726e-01
1.976576687968401858e-01 4.834851506294193801e-01 3.628599546710546686e-02 2.825711851066348701e-01
1.720865611117588234e-01 5.153767744158097575e-01 6.347983473307672320e-02 2.490568297393547514e-01
1.427134815724979688e-01 4.892877160168508932e-01 2.662590073074103808e-02 3.413729016799102456e-01
1.745147830772553199e-01 4.626147537486784422e-01 5.959449725722319735e-02 3.032759659168431376e-01
1.828701373220536497e-01 4.652299333191677322e-01 4.875686913885114715e-02 3.031430602199273183e-01
1.938208917720261881e-01 3.994565580900516499e-01 6.578970589333421604e-02 3.409328442445879737e-01
1.720575687019093858e-01 4.842828415036906642e-01 5.533576214763481077e-02 2.883238276467651739e-01
1.606914359841482287e-01 4.722271814774617882e-01 5.568616181583084523e-02 3.113952207225591517e-01
1.934114744370415695e-01 4.469740729707798454e-01 6.175704705606375328e-02 2.978574055361148387e-01
1.678107280327143791e-01 4.721487467045165087e-01 5.585220879867996285e-02 3.041883164640891701e-01
1.570742197496940717e-01 4.428824524721186595e-01 5.044789473921372502e-02 3.495954330389733911e-01
1.449014361180417931e-01 4.116414668410647848e-01 9.550735164503965091e-02 3.479497453958538267e-01
1.770975512220274439e-01 4.544646125035285977e-01 4.177338042624742509e-02 3.266644558481964777e-01
1.349806759423297364e-01 4.987480708020277653e-01 5.524768620449833911e-02 3.110235670511440342e-01
1.770134854814513492e-01 4.507416240011904995e-01 3.982926485979429443e-02 3.324156256575638846e-01
1.710915617157003077e-01 4.557072103068853797e-01 3.267557218718825096e-02 3.405256557902260894e-01
1.117259605851549653e-01 5.457307530831358999e-01 6.027344348113473915e-02 2.822698428505743262e-01
1.326444756861379914e-01 4.918107106725964628e-01 8.466988793543103742e-02 2.908749257058346194e-01
1.987802995522126026e-01 4.068268583008318728e-01 5.206794120933964931e-02 3.423249009376159169e-01
1.129117872673141149e-01 5.029016947491095069e-01 3.378303308333974880e-02 3.504034849002367058e-01
1.108326245464363591e-01 4.621597397444864863e-01 7.515123569373172163e-02 3.518564000153452942e-01
1.156750483060946383e-01 5.293496732383023984e-01 6.132520021103497754e-02 2.936500782445679025e-01
1.701709801272886513e-01 4.883288619726633972e-01 5.291387703933170955e-02 2.885862808607162489e-01
1.607692292291725278e-01 4.496492830558040388e-01 6.034169834034149721e-02 3.292397893746819015e-01
1.654308681458429020e-01 4.478993408509088225e-01 6.549685741748574597e-02 3.211729335857624323e-01
1.753409230425959919e-01 4.957796265941817326e-01 5.853437565418271454e-02 2.703450747090396789e-01
1.263195566179989293e-01 5.067145479622259252e-01 4.966199511707781317e-02 3.173039003026971727e-01
1.582619681341951856e-01 5.033725146381939908e-01 5.545972073467372171e-02 2.829057964929369562e-01
1.942535605791457787e-01 4.587149033863465730e-01 3.412593663829496110e-02 3.129055993962125970e-01
1.788439858321319575e-01 4.481047451505790202e-01 4.833505885308255617e-02 3.247162101642065424e-01
1.582513485694784228e-01 4.967129074500060137e-01 4.559264389501997694e-02 2.994431000854955727e-01
1.799621660558404779e-01 4.570510719535517685e-01 3.783170922509100642e-02 3.251550527655168166e-01
1.757745176974004342e-01 4.367327346610974104e-01 5.363090386807527199e-02 3.338618437734269806e-01
1.903992090752873179e-01 4.923223277560428435e-01 5.231214518045347595e-02 2.649663179882161823e-01
2.041755678654256501e-01 4.452540603900733696e-01 4.889406694851677199e-02 3.016763047959841182e-01
1.972544358874170067e-01 3.954385987421936699e-01 5.704366666521389073e-02 3.502632987051752522e-01
1.988880243655550828e-01 4.486210480542089374e-01 6.435705193717848605e-02 2.881338756430576464e-01
1.562684167859760831e-01 4.497615319804948442e-01 5.397857654536714761e-02 3.399914746881617100e-01
1.428642912292379941e-01 4.305964223956052495e-01 4.990596692691698366e-02 3.766333194482399116e-01
1.516347812583678512e-01 4.974431256063995277e-01 4.899106578698660119e-02 3.019310273482458951e-01
1.613986722273106356e-01 4.765440940238527268e-01 4.446449792430061387e-02 3.175927358245361209e-01
1.612555552966571382e-01 4.772154989382840218e-01 4.469979722211308432e-02 3.168291485429458598e-01
1.734603638025591088e-01 4.904341485566932057e-01 5.403925573332521437e-02 2.820662319074225266e-01
1.899613536264591618e-01 4.209580448007991804e-01 5.623651694464701367e-02 3.328440846280947829e-01
1.609389219171303009e-01 4.300501448993336862e-01 8.149156225535703069e-02 3.275193709281788434e-01
1.727833071021893929e-01 4.949299607698492975e-01 4.482517326209650710e-02 2.874615588658647192e-01
1.476072156796779666e-01 4.931966497522790038e-01 7.058284761659579243e-02 2.886132869514471677e-01
1.738132656283384592e-01 4.642962444833434454e-01 5.497517714970771158e-02 3.069153127386103908e-01
1.798487827843498477e-01 4.538969724225622171e-01 6.852875661692982290e-02 2.977254881761580152e-01
1.840708596513678796e-01 5.185584516094986496e-01 4.308704154210842019e-02 2.542836471970251200e-01
1.297523505593513315e-01 5.387669344722195719e-01 6.246113289665720936e-02 2.690195820717718456e-01
1.772065634216669905e-01 4.882178664833324300e-01 5.296983268383576721e-02 2.816057374111647360e-01
1.706489470893848281e-01 4.462570184503040216e-01 6.327317186211235678e-02 3.198208625981988074e-01
1.936435138437291870e-01 4.505447779526782215e-01 4.113036086143131292e-02 3.146813473421614105e-01
1.933392903782292227e-01 4.868533306297677665e-01 5.428865222534623447e-02 2.655187267666569428e-01
1.319319375088133239e-01 5.024670446270453894e-01 4.350268112904959183e-02 3.220983367350918058e-01
1.464335090625298319e-01 4.841258992626356061e-01 3.252041572291173438e-02 3.369201759519228068e-01
1.958119000408362065e-01 4.102106945937064597e-01 7.893116445023251604e-02 3.150462409152246512e-01
1.751761278989297232e-01 4.584088787942994236e-01 2.984270906961548203e-02 3.365722842371552392e-01
2.073789920725471470e-01 4.554882933330740014e-01 5.776674081934678878e-02 2.793659737750320282e-01
1.773381779249015855e-01 4.412939947809674246e-01 6.369535500909147274e-02 3.176724722850395310e-01
1.883927333045545272e-01 4.939858770317362424e-01 3.844664521979074268e-02 2.791747444439185433e-01
1.619773651477779686e-01 4.918949013319325325e-01 6.186020803469846618e-02 2.842675254855909772e-01
1.745871954853283892e-01 4.608493741428725810e-01 3.591784072069492684e-02 3.286455896511041308e-01
2.013473164887122635e-01 4.603357254201899118e-01 4.078997497092159974e-02 2.975269831201762250e-01
1.748635469267641740e-01 4.652126798040586153e-01 5.399545090619536220e-02 3.059283223629817861e-01
1.836714663351509402e-01 4.455530580726431156e-01 6.876770404298730710e-02 3.020077715492185955e-01
1.296382919186912508e-01 5.461333090400113388e-01 5.011407152834148476e-02 2.741143275129560020e-01
1.317601852242026861e-01 5.088141691637954045e-01 7.409085681531989154e-02 2.853347887966818375e-01
1.585974910910653568e-01 4.493065636270435204e-01 5.070232909250316916e-02 3.413936161893879051e-01
1.552800316722579288e-01 4.022433231781297192e-01 5.089835881749100316e-02 3.915782863321214391e-01
1.790684720352441750e-01 4.617851617933968478e-01 2.831137719039988551e-02 3.308349889809590327e-01
1.703803043727560862e-01 4.777394483691714266e-01 5.284833194715905791e-02 2.990319153109134431e-01
1.674253485011913123e-01 4.591300003801927487e-01 6.035219051152639763e-02 3.130924606070895067e-01
2.121545493105821967e-01 4.486003806730871069e-01 4.342484804737218457e-02 2.958202219689586299e-01
1.940307928147122773e-01 4.410266286656090440e-01 4.680113148287801117e-02 3.181414470368008063e-01
1.651190649834317903e-01 4.271089401891972615e-01 7.235486162971806190e-02 3.354171331976528725e-01
1.405011846171141665e-01 4.932316873829818982e-01 7.316709164467642690e-02 2.931000363552274668e-01
1.451625843842418995e-01 4.761517573524128299e-01 4.049591317729063500e-02 3.381897450860546495e-01
1.849026865088342630e-01 4.917865614397367025e-01 3.446460923672959448e-02 2.888461428146994470e-01
1.424808729911827276e-01 4.703787835116009508e-01 5.222526247135220873e-02 3.349150810258641475e-01
1.539404429736505875e-01 5.003795435842020023e-01 5.932518011847430495e-02 2.863548333236732302e-01
1.719041256189654532e-01 5.374193256252840500e-01 5.130791472992138336e-02 2.393686340258291967e-01
1.458611139558267933e-01 4.810629169949043327e-01 7.573165340808624135e-02 2.973443156411826327e-01
1.619890995611205364e-01 4.837286718242811978e-01 5.245298807689138115e-02 3.018292405377069332e-01
1.520646376578415337e-01 5.012020790602450537e-01 4.924299901611536162e-02 2.974902842657982660e-01
1.570881572083602518e-01 4.941603631769747595e-01 3.266863151609197824e-02 3.160828480985730660e-01
1.649665395396591183e-01 4.753887710430937386e-01 5.054612287137013465e-02 3.090985665458770293e-01
1.574017626904103129e-01 4.669390368912473832e-01 5.630851281539295955e-02 3.193506876029492680e-01
1.659935295125967991e-01 4.532615148704894348e-01 7.254756660435747462e-02 3.081973890125564441e-01
1.601836216690749048e-01 4.421487694310518024e-01 6.516609529781328125e-02 3.325015136020600393e-01
1.590082341957513301e-01 5.036738479543976243e-01 5.922314788385528439e-02 2.780947699659957473e-01
1.174356913752226395e-01 5.326286750398937508e-01 6.822738798158416162e-02 2.817082456032995452e-01
1.856831090615534141e-01 4.754287501495653712e-01 4.970753297046461711e-02 2.891806078184165352e-01
1.710840988683535457e-01 4.118892246171704796e-01 5.386470423243556321e-02 3.631619722820402796e-01
2.015004460979525902e-01 4.760180939322625204e-01 4.323579437091886607e-02 2.792456655988661551e-01
1.653349674404296366e-01 4.447382852032155109e-01 5.151890590860271762e-02 3.384078414477519892e-01
1.323094921851454275e-01 5.121154249975493622e-01 5.425991716013109367e-02 3.013151656571740888e-01
1.693166008502274278e-01 4.862953310858730283e-01 5.399346068015325323e-02 2.903946073837464503e-01
1.863701445240942833e-01 4.810440158761030705e-01 4.462138777625557218e-02 2.879644518235470740e-01
1.571759553057534009e-01 4.974610571863450348e-01 5.889522934886681771e-02 2.864677581590347466e-01
1.663847437502259941e-01 4.257438140602263776e-01 8.097068507225388401e-02 3.269007571172937165e-01
1.537751153488245703e-01 4.940055222413812785e-01 3.512330078963983582e-02 3.170960616201540794e-01
1.272115361441475412e-01 4.625307547233355465e-01 7.090578309999133466e-02 3.393519260325256748e-01
1.310729735989075440e-01 4.576051483948816445e-01 3.218934971937888884e-02 3.791325282868320268e-01
1.861920980549776616e-01 4.728937449398792348e-01 5.445769643977129565e-02 2.864564605653717733e-01
1.377124248958851715e-01 4.849735769780347816e-01 2.503867364446935376e-02 3.522753244816104745e-01
1.567633336225339458e-01 5.026558413782118429e-01 6.828028599165347767e-02 2.723005390076005949e-01
1.414377395248853087e-01 5.302424105946479393e-01 4.085832157441659368e-02 2.874615283060500404e-01
1.160941309900244967e-01 5.376151058805114236e-01 6.419510983130866100e-02 2.820956532981555021e-01
1.395763301934123957e-01 5.092937195100424308e-01 6.002321602517788485e-02 2.911067342713671846e-01
1.651105742994634640e-01 4.967701795935915432e-01 6.112523882641723166e-02 2.769940072805278097e-01
1.549200360221602291e-01 4.934487465542947704e-01 6.746630383659475705e-02 2.841649135869502851e-01
1.416625839285751698e-01 4.880471684017423373e-01 3.625341314302322343e-02 3.340368345266593875e-01
1.778893413997329753e-01 4.636787673402691379e-01 3.460225478518122455e-02 3.238296364748166067e-01
1.774475131338086042e-01 4.808196213777263806e-01 3.743666214966970274e-02 3.042962033387952570e-01
1.534287172464503246e-01 4.926338441430800907e-01 5.438893635326687293e-02 2.995485022572028089e-01
1.700542176574318387e-01 5.046075733592235713e-01 6.879795897430276974e-02 2.565402500090417925e-01
1.960644290499591325e-01 4.511642111468446847e-01 8.112207097629478558e-02 2.716492888269015360e-01
1.530243385170753645e-01 4.244453946804417344e-01 3.719617645429564023e-02 3.853340903481872748e-01
1.834086445914792918e-01 4.970600932791029436e-01 4.626847887196888082e-02 2.732627832574488491e-01
1.712333549050229775e-01 4.695725676692701911e-01 3.146803781356040386e-02 3.277260396121464137e-01
1.731589172344069616e-01 5.259408309635666967e-01 5.498179102945018742e-02 2.459184607725760641e-01
1.338035481512048763e-01 5.165287157645940264e-01 4.920328575438508156e-02 3.004644503298160019e-01
2.038065174762286325e-01 4.481777522029383731e-01 5.200659998861677930e-02 2.960091303322163192e-01
1.339665533782334050e-01 4.490408952835945877e-01 4.655647353027839164e-02 3.704360778078934491e-01
1.717088628140075734e-01 4.452889254802075980e-01 4.417984018820603209e-02 3.388223715175786022e-01
1.837940007345139348e-01 4.030028657906208900e-01 4.918425029054371289e-02 3.640188831843214068e-01
1.927626843948972990e-01 4.867653655057197493e-01 4.937475778419015554e-02 2.710971923151926366e-01
1.597675395934466391e-01 4.724850824438731611e-01 5.092636477821637503e-02 3.168210131844639288e-01
1.317940626403902304e-01 5.083641398969273029e-01 3.635843449406012812e-02 3.234833629686221790e-01
1.468508273791854224e-01 5.059756714279983747e-01 4.189337011416350426e-02 3.052801310786527611e-01
1.353453207122614632e-01 4.923420922422772628e-01 5.253072684718168572e-02 3.197818601982795883e-01
1.157425248271131135e-01 5.432138138493510793e-01 5.809578066433682131e-02 2.829478806591989026e-01
2.023273728494937584e-01 4.539656912849820425e-01 5.015411349122386730e-02 2.935528223743001930e-01
1.808396851755931234e-01 4.637641482495667433e-01 5.925128769304535692e-02 2.961448788817949707e-01
1.948533643752530520e-01 4.378174344111447347e-01 6.054823890792701557e-02 3.067809623056751978e-01
1.352959795055311831e-01 4.602744966242790503e-01 7.308601570591610752e-02 3.313435081642736590e-01
2.160242693324654073e-01 4.235316888789348866e-01 6.054450100653693129e-02 2.998995407820627679e-01
1.605287629369423208e-01 4.839268858063999201e-01 5.522887307478436397e-02 3.003154781818733743e-01
1.659878901886601421e-01 4.596048708816146133e-01 8.906424250014494115e-02 2.853429964295801646e-01
1.424709729991022189e-01 4.988031407827853148e-01 3.760807876821521678e-02 3.211178074498971524e-01
1.455271007262367855e-01 5.002316146967086263e-01 6.316877376305668479e-02 2.910725108139980422e-01
1.833059011331358845e-01 4.558946026733333157e-01 6.614612913499193225e-02 2.946533670585389508e-01
1.409879424943023818e-01 4.999860335347445783e-01 6.986390579102284837e-02 2.891621181799300944e-01
2.171583983806053275e-01 4.856164080227015623e-01 3.420945613875040620e-02 2.630157374579427110e-01
1.501282428821750503e-01 5.250531614984560447e-01 4.693185154635868411e-02 2.778867440730100613e-01
1.247478546657995596e-01 5.342051381787956688e-01 6.269193290769033144e-02 2.783550742477143292e-01
1.296401705649104508e-01 5.488704155038726107e-01 4.149523279033680984e-02 2.799941811408800940e-01
1.410615335818016514e-01 5.310854006643714875e-01 5.869267342269601090e-02 2.691603923311308710e-01
1.727792477806699423e-01 4.428350875656346108e-01 6.149908472889033251e-02 3.228865799248050172e-01
1.455626712969260439e-01 4.561723227115335177e-01 4.486864419676145355e-02 3.533963617947790681e-01
1.665901017321457789e-01 4.931808198251625974e-01 4.556327717729118099e-02 2.946658012654004288e-01
1.287002560833281350e-01 4.882254131180398526e-01 6.640761700568832693e-02 3.166667137929436993e-01
1.841233436961641767e-01 4.173398392374067511e-01 3.934545478663960261e-02 3.591913622797894279e-01
1.310968041519354754e-01 5.062008668601202244e-01 4.101047693885696149e-02 3.216918520490872346e-01
1.269639263354022662e-01 5.285300421934191473e-01 3.661184828627457588e-02 3.078941831849039135e-01
2.036557251661280932e-01 4.391529598225518138e-01 6.394688826828072437e-02 2.932444267430393547e-01
1.812725943438290577e-01 4.817788096929408459e-01 4.802175032478660927e-02 2.889268456384435635e-01
1.195300373346198791e-01 5.128615857120317756e-01 4.171646625297005528e-02 3.258919107003783733e-01
1.807498716708846320e-01 4.886846505847884381e-01 2.667022695995882250e-02 3.038952507843679651e-01
1.433909272186371375e-01 4.994555203315225178e-01 4.212687202321920010e-02 3.150266804266209641e-01
1.281342079650582277e-01 4.950504720482202803e-01 4.458825243588634968e-02 3.322270675508352533e-01
1.761916877091440625e-01 4.277498795422597366e-01 4.186836228670690746e-02 3.541900704618891060e-01
1.683010208848964573e-01 4.608471084861062161e-01 4.192047716628016785e-02 3.289313934627172142e-01
1.632854298899925061e-01 4.705218239702579353e-01 4.043790361782510084e-02 3.257548425219245480e-01
2.017336280545982963e-01 4.622558291735182623e-01 4.256185458542367794e-02 2.934486881864598051e-01
1.471786378525175021e-01 5.601250088988566356e-01 3.833233644720902139e-02 2.543640168014169589e-01
1.710025179758398461e-01 4.903350571184106332e-01 5.252189416756264384e-02 2.861405307381868490e-01
1.713884507038538896e-01 5.085080702110619244e-01 6.760151106226562623e-02 2.525019680228184349e-01
1.601235811572788437e-01 4.521989556417324585e-01 6.144430130148714059e-02 3.262331618995014670e-01
1.535953044743559870e-01 4.713711140605262306e-01 6.358078088509894199e-02 3.114528005800188959e-01
1.864928881427554419e-01 4.350901565642086855e-01 7.622527494852426866e-02 3.021916803445115485e-01
1.680444681309768984e-01 4.344399692952305991e-01 6.256728579828506331e-02 3.349482767755074253e-01
1.410200775435334897e-01 4.850635523994105691e-01 7.932235851787679259e-02 2.945940115391791347e-01
1.830271514882684525e-01 4.590832576175733482e-01 2.180180713774502663e-02 3.360877837564131831e-01
1.547843180114165940e-01 4.895966548514684158e-01 4.833482440392679325e-02 3.072842027331882386e-01
1.602199647965839302e-01 4.935787700343646223e-01 3.431821810398218847e-02 3.118830470650693631e-01
1.745555373693938039e-01 4.686965662179776726e-01 5.976112585276716765e-02 2.969867705598614460e-01
1.500971756798983037e-01 4.624273192787883846e-01 5.191832794125959827e-02 3.355571771000538384e-01
1.830850172912658058e-01 4.282754266320931147e-01 4.206735290542047701e-02 3.465722031712206719e-01
1.432317101682610283e-01 4.419095129539010736e-01 1.018966037643441458e-01 3.129621731134937246e-01
1.564844515326422603e-01 4.310012879324474078e-01 5.793547347811933701e-02 3.545787870567910227e-01
1.437530729886975500e-01 4.773987291232172914e-01 6.182192028130835404e-02 3.170262776067768185e-01
1.557173876508645971e-01 4.907479001047159728e-01 6.170262875755729015e-02 2.918320834868622371e-01
1.985546784763777273e-01 4.377224608931780114e-01 3.855628058554778220e-02 3.251665800448965693e-01
1.514604278589132269e-01 5.004187881964906603e-01 5.796845572877770691e-02 2.901523282158184336e-01
1.933874990067206701e-01 4.777049062298475146e-01 6.267297049269346387e-02 2.662346242707382404e-01
1.387233949637332320e-01 4.659020597599463076e-01 5.346459457242051794e-02 3.419099507039000119e-01
1.461312624542171201e-01 4.681315874335466587e-01 4.412377847308472656e-02 3.416133716391515640e-01
1.499571887013052551e-01 4.464214137683276684e-01 7.082575923044014121e-02 3.327956382999271434e-01
1.601412837589463734e-01 4.644787103332809752e-01 6.567334598801262413e-02 3.097066599197599857e-01
1.613941121176614701e-01 4.852974172857318358e-01 4.265346533650797578e-02 3.106550052600985934e-01
1.686981252607515636e-01 4.385503185756104982e-01 3.426941686602583831e-02 3.584821392976121346e-01
1.461900223080976891e-01 4.776688798640421063e-01 4.440445207630266261e-02 3.317366457515575906e-01
2.007720948229249347e-01 4.701864883229976977e-01 6.521771609080728727e-02 2.638237007632701636e-01
1.628846699897868178e-01 4.912128427137651410e-01 4.633821071880606796e-02 2.995642765776418415e-01
1.934226150252701115e-01 4.435759538538410762e-01 7.663151275324425749e-02 2.863699183676445270e-01
1.933213396839490450e-01 4.509717203242772365e-01 4.484451901068393226e-02 3.108624209810898487e-01
1.616084554959466568e-01 4.715226116815388058e-01 6.309782502699576301e-02 3.037711077955186356e-01
1.562443560419349287e-01 4.608569313434879300e-01 4.434976266302537856e-02 3.385489499515517697e-01
1.522786375766637390e-01 5.016070650085685534e-01 5.757005090147612747e-02 2.885442465132916356e-01
1.282655778841009231e-01 5.157309854760965262e-01 2.790753778052654233e-02 3.280958988592759806e-01
1.705446521164743212e-01 4.647579950605507659e-01 3.641267531600300700e-02 3.282846775069717116e-01
1.533275783696129713e-01 4.152510740642267884e-01 6.550614460190014310e-02 3.659152029642600557e-01
1.535493750049780337e-01 5.396595992017971799e-01 3.219506203906048053e-02 2.745959637541643406e-01
1.547650382353769061e-01 4.603106200066750531e-01 7.112046156607589042e-02 3.138038801918722198e-01
1.464301434121375034e-01 5.507920125067483630e-01 4.024793899922669144e-02 2.625299050818874491e-01
1.494562000133307089e-01 5.259456180892118082e-01 5.785590988994252643e-02 2.667422720075148801e-01
1.376464294799253640e-01 4.447174800206346590e-01 6.967051223368851687e-02 3.479655782657513630e-01
1.618817375299985428e-01 4.199273723710040818e-01 3.647896081811908414e-02 3.817119292808783260e-01
1.671942672706965838e-01 4.676400569722186096e-01 5.468846990926496537e-02 3.104772058478197927e-01
2.143610354247857397e-01 4.367072594224785664e-01 5.337677563728964597e-02 2.955549295154462075e-01
1.427494555907941887e-01 5.069454670750503933e-01 4.912837408320765847e-02 3.011767032509479192e-01
1.605053157379926765e-01 4.927508880021381210e-01 5.583285533714150289e-02 2.909109409227276788e-01
1.508574276788855750e-01 5.011245748421265800e-01 6.475733242640274723e-02 2.832606650525850145e-01
1.582253388291009477e-01 4.937987241654403503e-01 6.995534854106083555e-02 2.780205884643977554e-01
1.793291028947721355e-01 4.873483596050080524e-01 8.347118166958114593e-02 2.498513558306385829e-01
1.686012591739198541e-01 3.836777759249294095e-01 7.609748714290537341e-02 3.716234777582452242e-01
1.969922185030060779e-01 4.149834558032722276e-01 4.069016655006768568e-02 3.473341591436538978e-01
1.586382660450214588e-01 4.565864574465270387e-01 6.058162009808109455e-02 3.241936564103704010e-01
1.963383991961391573e-01 3.944345349417329172e-01 6.653221274523242468e-02 3.426948531168954593e-01
1.606461197082086900e-01 4.716014583176272867e-01 7.915602385337605629e-02 2.885963981207879669e-01
1.459706975444618471e-01 4.609341236174255840e-01 3.920592509091848366e-02 3.538892537471938771e-01
1.854750302399555129e-01 4.538801059345788924e-01 6.782329627519245729e-02 2.928215675502731652e-01
1.768505935290569653e-01 4.595548780808047518e-01 2.956031468984843952e-02 3.340342137002897394e-01
1.803865737164312699e-01 4.632062922524435855e-01 5.048775332514630898e-02 3.059193807059787940e-01
1.601382958461160522e-01 4.778501455617002458e-01 5.766958312842781348e-02 3.043419754637558539e-01
1.950759596712079991e-01 4.361674349565104469e-01 7.180667199458867778e-02 2.969499333776928207e-01
1.770397518062783171e-01 4.445697312692009073e-01 5.375588353841306843e-02 3.246346333861077627e-01
1.596721376912458301e-01 4.487363046788894194e-01 4.968768569816733177e-02 3.419038719316974673e-01
1.423597443774951010e-01 4.667760084225411332e-01 5.502099698943974798e-02 3.358432502105241357e-01
1.543065686939298353e-01 4.851141656838861005e-01 6.763625894990735188e-02 2.929430066722766290e-01
1.732879323661337401e-01 4.976116769916493765e-01 5.656136999629719081e-02 2.725390206459196163e-01
1.777075961266987580e-01 4.642204579268549569e-01 6.712053647044276261e-02 2.909514094760033420e-01
2.033104182226644907e-01 4.489742768531012618e-01 5.922306454128765940e-02 2.884922403829467408e-01
1.747018840930467942e-01 4.255333276309622992e-01 3.086493011867716060e-02 3.688998581573136315e-01
1.699222474602590516e-01 5.587105091015265312e-01 3.178849180097483712e-02 2.395787516372396009e-01
1.814563148691365202e-01 4.637300194786864171e-01 5.093054829010530693e-02 3.038831173620717974e-01
1.649154717436845108e-01 5.156373062995566192e-01 5.251123564558994594e-02 2.669359863111688824e-01
2.166212353695172177e-01 4.558086986956380038e-01 4.958831478050658437e-02 2.779817511543380970e-01
1.904649910060704499e-01 4.831442145124930088e-01 3.857951058505017239e-02 2.878112838963862163e-01
1.757000891153380207e-01 4.421493576006807480e-01 5.064154110091134697e-02 3.315090121830697734e-01
1.569701226782121706e-01 4.832757554200335370e-01 4.299599818799917927e-02 3.167581237137552241e-01
1.533812978201911370e-01 4.771331815227118356e-01 7.803855487471834940e-02 2.914469657823787196e-01
1.854319145268056301e-01 4.149020737728250086e-01 5.704490456142070898e-02 3.426211071389486662e-01
1.635036314457750939e-01 4.853294936034742157e-01 6.464131061030554959e-02 2.865255643404451824e-01
2.066156738807256310e-01 4.445731173944422743e-01 4.849927760514144426e-02 3.003119311196907337e-01
1.467114142060494675e-01 4.510142755418795613e-01 6.072118340318954227e-02 3.415531268488813943e-01
1.629208418261136881e-01 4.729080462783253336e-01 4.103417339626434096e-02 3.231369384992966998e-01
1.403253096808683709e-01 5.220619570242198693e-01 3.953028773188535516e-02 2.980824455630262659e-01
1.561543465005457709e-01 4.878626007855771940e-01 3.990258808482394920e-02 3.160804646290529818e-01
1.859194340860438333e-01 5.469823795883916873e-01 3.050140622505004631e-02 2.365967801005143534e-01
1.909469093684500463e-01 4.421369191014604683e-01 4.306583669263335662e-02 3.238503348374561774e-01
1.820784265683775827e-01 4.365523427760929498e-01 4.070336519692119293e-02 3.406658654586081636e-01
1.360191326610880047e-01 4.614166691018010136e-01 5.766347593081033035e-02 3.449007223063006999e-01
1.670297103335696698e-01 4.913458176232484709e-01 7.008746527786161029e-02 2.715370067653201658e-01
1.921905276820101982e-01 4.576317280089777229e-01 6.356735365746109256e-02 2.866103906515511390e-01
1.959974922738642322e-01 4.493720139023993365e-01 5.440718816271563479e-02 3.002233056610207340e-01
1.437167052408143408e-01 4.723747546739929248e-01 6.884986566136518105e-02 3.150586744238276227e-01
1.484269820132250728e-01 4.992869351595914940e-01 5.705589363575436918e-02 2.952301891914291265e-01
1.571918351050262674e-01 4.818940649654761543e-01 3.575787222460306142e-02 3.251562277048945515e-01
1.491295509455424217e-01 4.919766979043065369e-01 6.849583374442483330e-02 2.903979174057262358e-01
1.453949812737748426e-01 5.301480157933615711e-01 6.577433722754393031e-02 2.586826657053196143e-01
1.185734190420209833e-01 4.848925598334757336e-01 6.914106897930030748e-02 3.273929521452029756e-01
1.686637462385172925e-01 4.859291183087441346e-01 6.856616330603378107e-02 2.768409721467048890e-01
1.834488152514710813e-01 4.783583869275492284e-01 7.926510492511787409e-02 2.589276928958619273e-01
1.775620272410542433e-01 5.189037391158374257e-01 2.773488205956464031e-02 2.757993515835437393e-01
1.558877623014395808e-01 4.486511463922163712e-01 6.714171339757990520e-02 3.283193779087640318e-01
1.881159037500217956e-01 4.445680990716181502e-01 3.292223626500447725e-02 3.343937609133554312e-01
1.734347421857213023e-01 5.089960850088497413e-01 5.533270841589232186e-02 2.622364643895365166e-01
2.051429105544735343e-01 4.719998789054157262e-01 4.518070564708048104e-02 2.776765048930303625e-01
1.964646534223906393e-01 4.270090047332281702e-01 6.888100637029621887e-02 3.076453354740847912e-01
1.451862281010296851e-01 4.695889562091742908e-01 6.088618196397418969e-02 3.243386337258218344e-01
1.892915686546375043e-01 4.201115721474488196e-01 4.147434534777567211e-02 3.491225138501379277e-01
1.695315284574835657e-01 4.640041994928517100e-01 5.788169264884974324e-02 3.085825794008149048e-01
2.103775481539031100e-01 4.469564552127548995e-01 5.735301517992021786e-02 2.853129814534217101e-01
1.734984259616493552e-01 5.229419314977599154e-01 5.924536329902549414e-02 2.443142792415652631e-01
1.960403802750171343e-01 4.144015559315857855e-01 5.787078169266370031e-02 3.316872821007333938e-01
1.659532756969556988e-01 4.897027264229011911e-01 4.445620158067647293e-02 2.998877962994665469e-01
1.327426253622424890e-01 5.065562670099272857e-01 6.701718619157948087e-02 2.936839214362507167e-01
1.888754916709523834e-01 5.094770844463112347e-01 6.005297980907798455e-02 2.415944440736584320e-01
1.636806220655172006e-01 4.905400795975148887e-01 6.045587244650688780e-02 2.853234258904610021e-01
1.509387574992839542e-01 4.289070526145712936e-01 6.699417846752378503e-02 3.531600114186209671e-01
1.275585461296455114e-01 4.839491303573217329e-01 5.398996125627040371e-02 3.345023622567623867e-01
1.533496594572834049e-01 5.140577733942396366e-01 5.063538660891032245e-02 2.819571805395666986e-01
1.459737925417897153e-01 5.006417446984874342e-01 6.470446572720321698e-02 2.886799970325196751e-01
1.773421490244723453e-01 4.840737904480990061e-01 5.339647668047037971e-02 2.851875838469582480e-01
1.734120618223090882e-01 4.454107777613165453e-01 5.093117265427894724e-02 3.302459877620954054e-01
1.474089054939193566e-01 4.909271209843084072e-01 4.298268476607994271e-02 3.186812887556922935e-01
1.641049571811303287e-01 4.676425525886785395e-01 4.295819825001655906e-02 3.252942919801745658e-01
1.694926823087382906e-01 4.899445364338826381e-01 6.231068182461056010e-02 2.782520994327684072e-01
1.397180964673756520e-01 5.060488863760571610e-01 5.419790404331017303e-02 3.000351131132569238e-01
1.852428017075933020e-01 4.893333982428274553e-01 5.291603366759139310e-02 2.725077663819878704e-01
1.689303611104731317e-01 4.773748594849989701e-01 5.581147782577314254e-02 2.978833015787547556e-01
1.709945714300356301e-01 4.694461222398719769e-01 8.329318334428401083e-02 2.762661229858085488e-01
1.511352666664481093e-01 4.896284334770623081e-01 5.371715668710187047e-02 3.055191431693876081e-01
1.414045949342384034e-01 4.528135271670329365e-01 6.368418125832357723e-02 3.420976966404051245e-01
1.755599728476786303e-01 4.836018056713011770e-01 4.792516531713395672e-02 2.929130561638862429e-01
1.766899604473091967e-01 4.960753738057910867e-01 4.387641855852129902e-02 2.833582471883784870e-01
1.862456155549889469e-01 5.038010232902253582e-01 4.366449129568659993e-02 2.662888698590992198e-01
1.482310907651188114e-01 4.948777773005418879e-01 5.281271023205718479e-02 3.040784217022821090e-01
1.179063378137401863e-01 4.892040474605666711e-01 4.769063703500191209e-02 3.451989776906912444e-01
1.358410570290191910e-01 4.232660232075100559e-01 6.003583120222009961e-02 3.808570885612506673e-01
1.392373406671196800e-01 4.713572290010312749e-01 6.481597521019048791e-02 3.245894551216585988e-01
1.577839458352640056e-01 4.891113660996047607e-01 5.322735811810309914e-02 2.998773299470281484e-01
1.793533316657999477e-01 4.992426785813462442e-01 5.142191626606523736e-02 2.699820734867884875e-01
1.560968335238386573e-01 4.226559731713870338e-01 6.349127939145311761e-02 3.577559139133212329e-01
1.765112666307910583e-01 4.293155667372757778e-01 6.415924569064886118e-02 3.300139209412842889e-01
1.630592127973799210e-01 4.544354291902432119e-01 4.997556406192194683e-02 3.325297939504548439e-01
1.542219498173102998e-01 5.036764743514409171e-01 4.747161439326421511e-02 2.946299614379846443e-01
1.195211519987893767e-01 5.031767608614082787e-01 8.694712689273705053e-02 2.903549602470652524e-01
1.700154133680356894e-01 4.848990197160829019e-01 4.489857139558642990e-02 3.001869955202949858e-01
1.524622352403943448e-01 4.861950938559124746e-01 4.149034032356818669e-02 3.198523305801249106e-01
1.197898851353635108e-01 4.920162400225077670e-01 6.037509766775589481e-02 3.278187771743727441e-01
1.707451935504269436e-01 4.306256092872334240e-01 6.133181868761918704e-02 3.372973784747204107e-01
1.740494445219511743e-01 4.870177697944203521e-01 5.743978395537214371e-02 2.814930017282563091e-01
1.628199073388823803e-01 4.675950039511054257e-01 5.307515089792939900e-02 3.165099378120826978e-01
1.922912531259174385e-01 4.781804077761420135e-01 3.766757018536645574e-02 2.918607689125741755e-01
1.713087809232994863e-01 4.738519792695310429e-01 4.163172549641745018e-02 3.132075143107519999e-01
1.334793827638128538e-01 5.190209227592934571e-01 4.540485996770507460e-02 3.020948345091885034e-01
1.768012311487466570e-01 4.965730166552038694e-01 6.586218280623197530e-02 2.607635693898174289e-01
1.283946601652491415e-01 5.032239751165451525e-01 5.441871567341929200e-02 3.139626490447864904e-01
1.532195602779582999e-01 4.220164552474293118e-01 4.204213741273821886e-02 3.827218470618740653e-01
1.671442157613241553e-01 4.740284321337185358e-01 7.417823756123240186e-02 2.846491145437248238e-01
1.262229826817423406e-01 4.957566997330443703e-01 6.870653531503556621e-02 3.093137822701776951e-01
1.458222932371744662e-01 4.902757936102173919e-01 4.505217427336875163e-02 3.188497388792391751e-01
