3.660939608717844740e-01 6.501187873912249449e-02 6.253196233534831505e-02 5.063621980537447165e-01
4.252984953504163057e-01 3.653917627109350835e-02 5.098602589270452567e-02 4.871763024857857505e-01
3.371121551917838910e-01 3.812042266780252958e-02 6.385290341571403516e-02 5.609145187246996622e-01
3.749735257612538120e-01 5.391004260463792830e-02 7.708606553807130501e-02 4.940303660960368992e-01
3.795891386827024427e-01 6.879501814594310427e-02 7.648610426406078633e-02 4.751297389072935973e-01
4.101405130862069148e-01 4.378826320629557178e-02 6.492550512662990936e-02 4.811457185808677428e-01
4.299147201311401822e-01 7.199363293937349750e-02 3.733065288427319522e-02 4.607609940452130903e-01
3.757921115043729721e-01 5.457143274330041732e-02 5.309507482590933997e-02 5.165413809264173262e-01
3.691473523266723955e-01 5.830075880148593431e-02 4.088188390355253221e-02 5.316700049682892004e-01
3.519727778241073524e-01 4.772324393747907900e-02 7.567028234948657006e-02 5.246336958889269431e-01
4.037823127701720138e-01 4.755264752900491970e-02 5.957620338308192154e-02 4.890888363177410825e-01
4.050275911234100246e-01 4.376833139564277608e-02 4.200102339380947652e-02 5.092030540871376187e-01
3.634500456497906096e-01 6.968335935961825212e-02 5.438806902148816264e-02 5.124785259691029271e-01
3.885532342561883734e-01 6.461454423975253325e-02 4.947166472147761229e-02 4.973605567825815088e-01
3.397378416148182367e-01 4.935014343896512029e-02 9.407875521003097874e-02 5.168332597361856573e-01
3.546506600318256597e-01 6.957300932340673705e-02 7.039706362535226580e-02 5.053792670194154901e-01
4.113158139748296360e-01 4.151326082211831414e-02 6.196730702108278060e-02 4.852036181819692762e-01
4.361857008256385670e-01 6.962696441256509272e-02 5.963228679919426595e-02 4.345550479626020257e-01
3.564900355407676913e-01 5.969763270977813951e-02 6.629482948445671042e-02 5.175175022649975975e-01
3.498344087506642941e-01 8.095304525683259811e-02 8.441224634983034159e-02 4.848002996426726829e-01
3.722196251789872123e-01 4.334596102259168776e-02 4.769308168408840920e-02 5.367413321143327254e-01
4.505241195722118341e-01 2.982122521206074031e-02 5.446773186461580096e-02 4.651869233511117252e-01
4.201396738221963578e-01 6.642751935113103134e-02 7.806570656364429650e-02 4.353671002630284392e-01
3.005510524678722817e-01 4.441407530993412428e-02 9.128643973973900316e-02 5.637484324824545423e-01
3.305433555126175982e-01 5.120806049281820954e-02 6.916326580079544539e-02 5.490853181937687122e-01
4.249946327331791673e-01 8.564933901852146703e-02 5.282922231378543720e-02 4.365268059345138729e-01
3.333901479601253937e-01 6.164730427225991599e-02 6.399675924847576802e-02 5.409657885191389015e-01
4.128260882747926686e-01 7.862161312740337249e-02 8.606352947474238402e-02 4.224887691230615472e-01
3.235317011820545985e-01 6.169526345204443679e-02 5.127998200434772530e-02 5.634930533615533088e-01
3.695700577023997013e-01 6.575269693728326426e-02 5.823430430776420363e-02 5.064429410525528308e-01
4.170163010557247363e-01 5.723669551227373448e-02 5.405328423582876629e-02 4.716937191961727560e-01
3.237182591599714887e-01 4.093282688630322380e-02 1.152759351611990501e-01 5.200729787925262304e-01
3.468025203566991177e-01 4.345830379926224341e-02 9.200417906064992102e-02 5.177349967833887456e-01
3.911749827599864116e-01 2.529421451410665891e-02 5.965874343751780690e-02 5.238720592883890914e-01
3.936097866842575010e-01 3.764559018412680369e-02 7.457703853495505075e-02 4.941675845966605474e-01
4.033736779491529645e-01 5.200910834234483138e-02 7.168618048767047557e-02 4.729310332208316314e-01
3.643629901952806782e-01 2.380088046582168673e-02 5.889238246146993871e-02 5.529437468774276443e-01
3.355269750429297204e-01 5.333757025600337209e-02 4.493175792913085831e-02 5.662036967719360492e-01
4.095370623279396827e-01 4.346552722673541203e-02 6.370436584637925725e-02 4.832930445989457868e-01
3.518560931779084466e-01 6.619623109019126539e-02 4.626015622272582756e-02 5.356875195091744812e-01
3.800173819371267525e-01 4.265129616304206422e-02 4.991858026983063412e-02 5.274127416300006255e-01
3.722078983203525593e-01 5.157351365409213600e-02 5.204134478734445679e-02 5.241772432382106883e-01
4.202260866118494587e-01 5.915850814716640260e-02 5.560976908656312806e-02 4.650056361544210870e-01
3.785722335828973217e-01 4.165372656689760728e-02 7.340327043263211726e-02 5.063707694175728635e-01
4.012738341828124278e-01 5.056739827201005288e-02 2.745984159224140048e-02 5.206989259529360980e-01
3.075465477976969675e-01 1.043719525660350700e-01 7.263301809842925838e-02 5.154484815378387319e-01
3.207431064040586199e-01 5.641070750813639845e-02 6.782091482916155489e-02 5.550252712586436488e-01
3.736771536353112877e-01 5.856992772406554443e-02 7.513568145541955901e-02 4.926172371852036713e-01
4.214901492838981079e-01 3.403913879787612284e-02 6.417635243172448156e-02 4.802943594865012877e-01
3.310611049747288481e-01 4.931138856038749102e-02 9.631600918466391714e-02 5.233114972802198617e-01
3.763764206645008881e-01 4.308874221504035290e-02 4.288777363159885364e-02 5.376470634888598221e-01
4.055373464606876754e-01 6.592021779358196720e-02 5.822280515167924803e-02 4.703196305940511301e-01
3.705824964661106891e-01 4.642544579487153933e-02 9.117078067905855232e-02 4.918212770599592054e-01
3.832607832250724544e-01 6.679724624509489339e-02 7.109115804712383413e-02 4.788508124827087209e-01
3.248555213389865415e-01 5.934602503466533674e-02 7.370964622380873910e-02 5.420888074025393966e-01
3.457425877666969738e-01 4.683041120282836756e-02 2.829622540352310159e-02 5.791307756269515883e-01
3.225264463980465623e-01 5.708588562116231890e-02 9.384084052575504542e-02 5.265468274550362260e-01
3.751403852309697085e-01 7.688466177966110648e-02 6.270392809157492031e-02 4.852710248977941676e-01
3.648768425990427389e-01 5.225577150134142618e-02 7.394300354978398937e-02 5.089243823498319497e-01
3.709827211385300361e-01 3.857315696173130998e-02 7.197506763847125177e-02 5.184690542612673259e-01
3.381759377415403667e-01 5.010893075562730670e-02 8.082479245602899876e-02 5.308903390468033834e-01
3.454006843107297331e-01 5.171696793062462161e-02 4.853836640461514640e-02 5.543439813540304018e-01
3.239945366589127018e-01 3.042620415511016960e-02 6.922681455622091418e-02 5.763524446297562109e-01
4.483600471522227737e-01 2.310040591853951275e-02 4.226442692667158746e-02 4.862751200025661191e-01
4.266666327664694891e-01 3.343696521224728824e-02 5.688448559913577424e-02 4.830119164221474137e-01
3.622666364457969301e-01 7.501094797626529920e-02 4.556188729005125615e-02 5.171605282878865006e-01
3.651081184880893282e-01 7.354774933114993640e-02 5.765622756125524800e-02 5.036879046195054110e-01
2.954665322508469583e-01 5.817653113387163955e-02 4.841895058414850961e-02 5.979379860311329065e-01
3.773056972678464072e-01 3.593769708935083684e-02 6.495036179497126749e-02 5.218062438478315856e-01
3.389761949949430808e-01 5.396708055657532116e-02 6.495199719865352161e-02 5.421047272498279446e-01
3.402832305690565162e-01 5.909567918069086323e-02 4.900589780971365689e-02 5.516151924405389151e-01
4.189429844851299545e-01 3.405900360358837808e-02 5.525682821911661463e-02 4.917411836921651291e-01
3.880437282252324205e-01 4.967658447250693221e-02 7.167431277065174078e-02 4.906053745316090176e-01
4.008949649203698007e-01 3.801623502972488466e-02 9.867013801681980001e-02 4.624186620330855702e-01
3.788309326207088823e-01 3.245968424182193307e-02 7.143453355857869169e-02 5.172748495788904721e-01
3.308167300692456680e-01 4.660311829734938016e-02 8.753266127272725516e-02 5.350474903606775579e-01
3.727098257389098723e-01 4.564568359789196450e-02 5.882967903051437158e-02 5.228148116326837291e-01
4.565031519965321860e-01 3.134262684522741427e-02 4.283634701615370716e-02 4.693178741420866440e-01
3.759019279515445899e-01 3.380083920214153187e-02 6.129283717113161861e-02 5.290043956751823151e-01
3.859295435903298821e-01 3.392840290121548058e-02 6.568791570671778102e-02 5.144541378017368771e-01
3.862634963865091975e-01 4.053303734262618530e-02 5.145852925182844290e-02 5.217449370190361257e-01
3.290194928568460075e-01 2.996959843417863409e-02 6.375603591502464196e-02 5.772548727939507129e-01
3.937981132350532598e-01 3.440304376224706528e-02 6.639697258837311267e-02 5.054018704143264928e-01
3.708143475660822252e-01 6.261792370027481625e-02 7.592521510981278809e-02 4.906425136238300455e-01
3.877943601073706170e-01 3.208497719249617242e-02 4.767989893898669229e-02 5.324407637611465738e-01
3.760030517753121249e-01 4.958064775937050250e-02 6.453479496020390893e-02 5.098815055051134637e-01
3.910509157952914427e-01 6.916673192158857841e-02 6.402728911748588325e-02 4.757550631656341511e-01
4.049070050758294959e-01 3.367258857300500091e-02 4.646533790848621226e-02 5.149550684426793534e-01
3.570228677983215415e-01 3.386004803205427960e-02 5.172819660645043560e-02 5.573888875631736184e-01
3.803009913007071030e-01 5.132909364407649971e-02 6.916645169920308811e-02 4.992034633560134549e-01
4.169715223377822855e-01 4.914761926951694698e-02 6.247735639332720192e-02 4.714035019993735309e-01
3.679641827653359898e-01 4.332468022184231271e-02 6.738133984466378179e-02 5.213297971681578602e-01
3.802500905225308925e-01 3.336807936785015499e-02 6.621816095745282349e-02 5.201636691521660527e-01
3.237609627251761824e-01 6.214316533936663917e-02 8.279114424986390441e-02 5.313047276855932255e-01
4.246523706395428643e-01 5.707589545712717788e-02 6.155432932976647592e-02 4.567174045735635235e-01
3.507426484863282456e-01 6.250654769648852915e-02 1.008868991454731773e-01 4.858639046717100340e-01
3.580593923143545187e-01 6.920082197747802477e-02 6.614381742261515873e-02 5.065959682855523116e-01
4.145918711112072663e-01 2.518363338071143154e-02 1.196053420990273036e-01 4.406191534090541650e-01
3.773832141850054778e-01 5.955979552569044821e-02 5.309001846097501087e-02 5.099669718283289521e-01
3.893024568959979614e-01 7.105337145727995407e-02 5.024267608622597775e-02 4.894014955604960582e-01
3.669962381374745064e-01 8.859305208189519054e-02 7.421083724860505493e-02 4.701998725320252204e-01
3.157327202148945688e-01 5.663407571828665138e-02 5.041538280548280709e-02 5.772178212613359172e-01
4.005582409514638620e-01 4.543406359836446584e-02 5.737998755137268397e-02 4.966277078987990090e-01
3.523855963917431611e-01 4.394373664492146059e-02 6.768214050993755226e-02 5.359885264533976734e-01
4.125243260906167886e-01 6.170767854179040612e-02 7.338477532353047950e-02 4.523832200440623397e-01
3.530210471544548700e-01 4.249061445721221547e-02 5.666401095232499741e-02 5.478243274360078408e-01
3.751408285991589264e-01 4.407141750373313321e-02 9.016819733676906257e-02 4.906195565603388431e-01
3.785930415486758460e-01 4.932164055881122638e-02 5.839183399600339497e-02 5.136934838965094841e-01
3.651458437086081421e-01 7.087895758121909306e-02 5.215188974670226241e-02 5.118233089634703914e-01
3.943187332004979839e-01 9.370997567833329323e-02 9.475585508225924103e-02 4.172154360389095928e-01
4.530522212588763975e-01 4.243352010217336934e-02 4.599501294164757420e-02 4.585192456973028463e-01
3.599352927736572116e-01 5.963737951632203105e-02 7.191920373833347868e-02 5.085081239716872092e-01
3.459769487659504206e-01 4.369343349330920279e-02 4.910726598762475692e-02 5.612223517531156336e-01
3.682697955084224262e-01 6.241306041086333578e-02 6.827382501118947622e-02 5.010433190695247063e-01
3.906687174409926300e-01 6.519986854028782253e-02 4.692121183520381322e-02 4.972102021835155816e-01
3.611509701944145556e-01 5.058121216224260169e-02 4.022937015663864690e-02 5.480384474867040501e-01
3.622948349392323131e-01 6.589516653738526630e-02 7.856721019654037963e-02 4.932427883268420410e-01
3.611827811845789160e-01 6.154167891054532213e-02 6.561428143271649804e-02 5.116612584721591528e-01
3.742504595726919292e-01 2.934567035848347286e-02 6.159684858273452995e-02 5.348070214860901617e-01
4.410202224183741304e-01 5.364757900379023975e-02 6.624751996995660586e-02 4.390846786078788644e-01
4.302125251782374926e-01 3.881430436489916730e-02 5.723362485001904504e-02 4.737395456068443367e-01
3.773056570470034732e-01 3.921192095363421753e-02 4.653108355491286652e-02 5.369513384444495330e-01
3.529081313025100308e-01 5.507055684863695899e-02 4.504141374073200588e-02 5.469798981081208655e-01
3.733785430322571486e-01 2.264800409608052137e-02 8.247146008525456373e-02 5.215019927864077420e-01
3.756386788151964695e-01 5.092999886544698207e-02 5.951671106450395071e-02 5.139146112548527157e-01
3.829489113930414357e-01 6.430401956318644585e-02 6.245375760680990651e-02 4.902933114369622536e-01
3.964111741961672819e-01 5.064351496487080884e-02 7.938051981656170375e-02 4.735647910224002333e-01
4.227592242461188921e-01 4.484072710712372345e-02 6.261477142793267503e-02 4.697852772188247372e-01
3.853616955055532145e-01 4.688617637237335600e-02 7.228333305128749331e-02 4.954687950707858946e-01
3.978436831760971959e-01 5.323461104263872701e-02 3.897735875187685606e-02 5.099443470293872904e-01
3.487523424746681866e-01 5.638003718029550165e-02 8.663166237808481163e-02 5.082359579669515348e-01
3.297949403924922418e-01 6.981544140347720195e-02 1.003676933051963760e-01 5.000219248988342358e-01
3.774910193294579996e-01 6.857486347905647484e-02 3.840835372738774650e-02 5.155257634640977304e-01
3.711767714443270916e-01 4.744178956623027604e-02 9.734252658448415418e-02 4.840389124049583325e-01
4.079398906999839314e-01 4.671725764600392905e-02 5.361785093769391025e-02 4.917250007163181946e-01
4.002464766690863041e-01 3.916317327546683241e-02 5.502486977622147307e-02 5.055654802792254321e-01
4.289868369781354440e-01 4.165850309366762177e-02 3.800897104941140803e-02 4.913456888787854360e-01
3.980866739464102855e-01 6.135166576734708832e-02 5.265330970482504785e-02 4.879083505814176824e-01
3.341519281606418201e-01 4.277947292001132301e-02 7.295333699938454097e-02 5.501152619199625171e-01
3.986997797415236522e-01 2.415755231878380371e-02 5.953377215502047431e-02 5.176088957846720628e-01
3.895619429027758485e-01 5.542707733765742800e-02 6.355873981575051179e-02 4.914522399438162048e-01
3.771527080509140539e-01 7.172387384715302183e-02 7.584042619319493472e-02 4.752829919087379618e-01
3.611087661174745556e-01 5.445866143705507811e-02 7.473704570647099477e-02 5.096955267389994271e-01
3.461729506801141665e-01 4.331405587646354471e-02 3.398026669030192876e-02 5.765327267531205058e-01
3.619573838287273304e-01 5.564942173272931225e-02 5.988319818526335186e-02 5.225099962532800957e-01
3.585659481253675729e-01 5.761734605652869823e-02 5.231906176602048320e-02 5.314976440520831069e-01
3.604731342926951188e-01 6.935270642544164033e-02 6.344937733866912177e-02 5.067247819431941469e-01
4.610355920986896061e-01 3.547851174015153458e-02 4.138306334934326730e-02 4.621028328118156892e-01
3.553877605784553917e-01 2.940854570806313018e-02 4.623543382530995866e-02 5.689682598881714570e-01
3.794063217348804806e-01 6.101615221806570843e-02 4.683271453701053078e-02 5.127448115100433634e-01
3.906353831300745649e-01 3.017896541715037878e-02 6.789190610954760896e-02 5.112937453432274681e-01
3.739805730011257490e-01 2.514433372564857383e-02 6.595075798247476695e-02 5.349243352907508964e-01
3.182690653106851619e-01 7.984424541566834121e-02 6.342626049179686532e-02 5.384604287818496315e-01
3.665179118253591994e-01 5.702657484078148264e-02 1.100088553341480174e-01 4.664466579997111340e-01
4.206878124261754226e-01 6.978169639267771396e-02 7.518219382571525444e-02 4.343482973554316229e-01
3.882789302405794674e-01 4.675540375859494474e-02 5.316240527902127422e-02 5.118032607218043761e-01
3.861948591801545594e-01 5.619201806838407948e-02 7.091606993534312064e-02 4.866970528161181364e-01
4.106958432124380165e-01 5.398121380505706973e-02 5.308288550285335250e-02 4.822400574796515960e-01
3.333862139558269599e-01 4.463200966881210319e-02 8.759877197136947680e-02 5.343830044039915572e-01
3.826646111622100110e-01 5.479218213284215572e-02 7.929452579907232679e-02 4.832486809058754162e-01
4.009757732532407970e-01 5.012441722612092504e-02 7.777046480897496783e-02 4.711293447116633448e-01
4.429531854600359808e-01 4.581355009340625645e-02 6.452312219720521269e-02 4.467101422493524598e-01
3.935038857016960878e-01 4.348896845226054436e-02 4.882652908095155148e-02 5.141806167650916359e-01
3.694402040233820683e-01 5.216115719535079076e-02 6.870161934665006132e-02 5.096970194346172045e-01
3.621296661899084390e-01 4.736817126905388392e-02 6.362680007002734228e-02 5.268753624710103001e-01
3.920356044348804470e-01 5.704113653305867282e-02 6.349961524505506882e-02 4.874236437870059224e-01
3.373283459446463350e-01 8.083643383487569556e-02 4.593995412957599389e-02 5.358952660909018784e-01
4.139888131343180122e-01 6.264204160924943809e-02 5.033983875224463250e-02 4.730293065041878964e-01
4.653222833390021629e-01 5.967872379507738884e-02 6.231289819665498247e-02 4.126860946692655907e-01
3.353501559970806789e-01 2.738263877676153091e-02 6.409558284651999116e-02 5.731716223796378129e-01
3.904300438334836754e-01 3.908345828733748861e-02 7.185080291485715365e-02 4.986356949643217518e-01
3.818196464550809854e-01 5.311317489956668414e-02 6.459224692791783184e-02 5.004749317174345125e-01
3.461256204845215012e-01 5.994436380985541934e-02 7.139546806506867627e-02 5.225345476405545142e-01
3.952620907019389063e-01 6.553533021057736385e-02 5.106146010917091138e-02 4.881411189783128601e-01
3.717076264788554685e-01 5.976309853711465198e-02 5.021603672647392824e-02 5.183132382575558195e-01
3.791997978563774185e-01 5.157016204240006535e-02 8.254373310443281764e-02 4.866863069967896638e-01
4.276983313460678837e-01 3.474504626321801848e-02 6.757192097394301711e-02 4.699847014167710113e-01
3.314394956538145309e-01 5.450037161324830515e-02 5.257259787653061761e-02 5.614875348564066782e-01
4.558297069086419406e-01 3.743608555631113693e-02 8.943451682007802495e-02 4.172996907149689183e-01
3.820117807693071410e-01 4.957628386961623196e-02 6.430805835728028996e-02 5.041038770037962191e-01
4.016044883644501740e-01 3.481529264976070820e-02 6.754338656615468950e-02 4.960368324196343659e-01
4.040642325746747754e-01 4.528699919617610453e-02 3.892365111234319386e-02 5.117251171168060164e-01
3.099260456186500035e-01 4.180499158575360502e-02 4.681121345231363529e-02 6.014577493432827771e-01
3.800126515775111846e-01 3.764409320657909758e-02 4.818481697352327425e-02 5.341584382423864019e-01
3.589693901752496474e-01 6.489685601163799888e-02 3.571994683319225372e-02 5.404138069799201416e-01
4.398161074928047531e-01 3.031229986884398722e-02 7.448066996661704964e-02 4.553909226717342551e-01
3.899218503829586235e-01 6.188222909935888610e-02 5.057657895986925750e-02 4.976193415578131218e-01
3.634411647614316787e-01 7.623770664943307906e-02 7.560355161444430594e-02 4.847175769746909779e-01
4.084980585336850933e-01 4.339822332943386179e-02 4.586925618968725610e-02 5.022344619471937888e-01
3.395802638780622273e-01 5.613754072885441398e-02 8.166502689433645379e-02 5.226171684987469535e-01
3.456617283694920495e-01 4.979358536936443619e-02 8.074311044279455785e-02 5.238015758183489634e-01
3.810402648435475270e-01 5.809024007560029124e-02 4.555896701063066184e-02 5.153105280702214852e-01
3.881036925508382640e-01 3.835405987111679960e-02 4.559680447625303473e-02 5.279454431017919225e-01
3.642661725901510938e-01 3.575807216625101481e-02 4.766405074448344659e-02 5.523117044991143754e-01
3.853952064224322460e-01 3.018788831212419407e-02 5.321052478048263201e-02 5.312063804849608273e-01
3.990499058863901105e-01 3.396081597703237004e-02 6.542005614967305593e-02 5.015692219869044566e-01
3.636548966487589962e-01 7.083382877851425452e-02 5.164951698477803638e-02 5.138617575879487198e-01
3.815487842784157091e-01 3.372168663074911338e-02 8.243370733280966367e-02 5.022958217580255624e-01
4.025637314531911315e-01 6.007223909031762787e-02 6.958739112637071789e-02 4.677766383301204534e-01
3.765528816926856925e-01 4.138655774543745919e-02 6.128188493690222421e-02 5.207786756249744853e-01
3.969008440401791127e-01 5.415785075215368005e-02 6.576859700954520993e-02 4.831727081981219696e-01
3.535203009765379711e-01 5.773530348902837506e-02 5.926463440815284839e-02 5.294797611262808124e-01
3.835062742106978284e-01 7.140062646702760585e-02 5.500003600675222593e-02 4.900930633155222149e-01
4.172269858407147147e-01 6.456015275062375325e-02 5.954925694991090868e-02 4.586636044587505956e-01
3.896472424527645528e-01 2.599605595671769520e-02 5.786149760580432122e-02 5.264952039847135001e-01
3.993222419442708504e-01 5.592838470747348717e-02 9.731608192089209741e-02 4.474332914273635997e-01
3.890575190336886813e-01 7.804821878551881920e-02 5.023856031216596130e-02 4.826557018686266631e-01
4.156924771837728350e-01 3.836364437261124277e-02 3.995592693570407944e-02 5.059879515079117596e-01
3.907531543288622622e-01 4.334030337405612304e-02 4.776276377610180063e-02 5.181437785209799252e-01
4.350985763840544696e-01 4.202212561202105928e-02 5.503827987849376630e-02 4.678410181254306632e-01
3.818193144497978864e-01 2.499606109543610344e-02 5.918510710504946981e-02 5.339995173497165126e-01
3.935605713845736209e-01 5.623389299472832809e-02 5.484160472962062299e-02 4.953639308910773309e-01
3.934320963842903862e-01 7.658124530143839426e-02 5.564040054777505406e-02 4.743462577664961377e-01
3.571973139143153064e-01 4.393278388450159305e-02 4.764595916543713783e-02 5.512239430357459558e-01
3.663553601046407038e-01 3.593505937252136628e-02 7.653184767859518012e-02 5.211777328442427359e-01
3.212875425259165696e-01 6.512586341434470349e-02 9.044105637468807801e-02 5.231455376850505656e-01
4.118888453828286056e-01 3.759018967410070189e-02 5.020467012344783514e-02 5.003162948196228088e-01
3.118228242187937038e-01 4.461125883878610393e-02 7.812532413117535823e-02 5.654405928112449242e-01
3.519568897881954483e-01 5.037046379173511917e-02 5.298716473978830332e-02 5.446854816802811916e-01
4.003733344367423896e-01 6.021857319700198163e-02 5.121811537403062747e-02 4.881899769922250498e-01
3.790595466009220038e-01 5.458583096898747544e-02 7.278737374793770032e-02 4.935672486821526816e-01
3.827808413772289531e-01 5.904425828338810689e-02 4.252249635635472341e-02 5.156524039830280293e-01
3.640482400654148631e-01 5.510590047229485533e-02 8.133273667184429123e-02 4.995131227904460181e-01
3.778373176786301024e-01 7.212127609089086233e-02 3.818896790203687996e-02 5.118524383284419610e-01
4.014880787120033157e-01 4.426623824323201034e-02 6.274934303798297697e-02 4.914963400067817179e-01
3.608006732946417161e-01 4.342196526840255699e-02 3.742715972623197884e-02 5.583502017107238036e-01
3.497993727176534895e-01 7.236994154582467031e-02 6.808662460041452202e-02 5.097440611361072627e-01
3.710291563956322758e-01 4.549276575840884712e-02 4.922022053150428011e-02 5.342578573144546317e-01
3.213596795210075241e-01 6.138115012801096532e-02 7.602143019952532776e-02 5.412377401514562036e-01
4.033645973859886769e-01 4.017617983167347945e-02 4.446207068161506237e-02 5.119971521007227189e-01
3.592414117811807972e-01 5.229334986520670775e-02 6.899333639499677373e-02 5.194719019586158115e-01
4.429505899768460542e-01 3.515747169853663395e-02 5.901860277613343864e-02 4.628733355484839218e-01
3.936204313651101572e-01 4.448907470130302605e-02 5.090539825068173679e-02 5.109850956829050661e-01
4.022127900370429665e-01 3.302811248582004228e-02 5.455196131016289834e-02 5.102071361669741068e-01
3.930941382241349147e-01 3.428087832224251813e-02 4.940515593970870589e-02 5.232198275139138266e-01
3.449215883662876680e-01 5.840394550012182467e-02 7.500887056597396740e-02 5.216655955676166023e-01
3.187522662713049293e-01 5.299434548404853562e-02 7.037227232170631397e-02 5.578811159229402072e-01
4.215136185347689302e-01 5.100655960996550858e-02 3.557985542860466616e-02 4.918999664266610616e-01
3.546226143466108538e-01 6.165335164896507125e-02 5.958874191519280411e-02 5.241352920892313749e-01
3.538617669096564278e-01 4.947701370534752369e-02 5.590375829991858780e-02 5.407574610850773844e-01
3.881150694850137861e-01 4.988643442897001262e-02 5.971367058866403760e-02 5.022848254973522053e-01
3.679707236979255502e-01 9.329503568372848887e-02 5.192202264118789962e-02 4.868122179771581237e-01
4.394593255537744825e-01 3.117998659549467075e-02 5.717808185619654981e-02 4.721826059945341547e-01
3.893755967541100982e-01 5.550205354747420744e-02 5.982238577458698359e-02 4.952999639238286345e-01
3.821971963096789104e-01 3.153110227977939939e-02 6.949640577526980390e-02 5.167752956352719140e-01
3.667767716328421690e-01 7.334844990715158608e-02 5.127332506535398765e-02 5.086014533946522365e-01
4.036252025919712105e-01 8.826426339380342989e-02 4.711331817466408306e-02 4.609972158395612141e-01
4.074281500913564114e-01 5.374201767707265792e-02 5.402156514079480693e-02 4.848082670907759573e-01
3.581059820786919867e-01 3.983213995437650395e-02 5.464233171169823738e-02 5.474195462552333691e-01
3.733434106360983828e-01 4.483701483944694394e-02 4.456764945831099417e-02 5.372519250661436097e-01
3.832192256404333697e-01 3.322566200679487325e-02 7.948217559846482150e-02 5.040729367543069772e-01
3.845307262226587142e-01 6.002836077089334504e-02 4.205423013894244583e-02 5.133866828675052174e-01
3.675662979212884762e-01 9.097127249907126234e-02 6.186181557558406707e-02 4.796006140040562360e-01
4.153863204634187789e-01 7.392552359576923249e-02 5.544044222315337722e-02 4.552477137176585420e-01
4.227189431504234096e-01 3.795915528935379923e-02 8.942138346647827973e-02 4.499005180937445947e-01
3.732602961636895533e-01 6.429459328077881397e-02 5.825261690166672057e-02 5.041924936538648705e-01
3.457785376806258859e-01 9.660668657115656366e-02 4.773718617895908456e-02 5.098775895692584381e-01
3.780687690278005664e-01 4.706346168430485671e-02 6.909937665953770625e-02 5.057683926283567111e-01
3.681523561557831781e-01 4.395581009497246533e-02 5.413766508740939370e-02 5.337541686618350045e-01
3.856855382503269203e-01 5.305574525048870754e-02 4.949177400305980468e-02 5.117669424961247548e-01
3.556673936770894384e-01 3.916130777905085097e-02 6.496280959661064613e-02 5.402084889472489326e-01
3.891591032556765972e-01 4.158105654636717885e-02 6.064746542874569629e-02 5.086123747692105068e-01
3.813387112556506087e-01 4.389055968189929657e-02 5.630482530456903251e-02 5.184659037578810414e-01
4.061009464796031532e-01 5.938379859875837774e-02 5.780380587084137101e-02 4.767114490507972091e-01
4.327092623416639028e-01 4.381611069079532905e-02 5.671395392420996995e-02 4.667606730433307982e-01
3.850113974914723403e-01 5.758882698219871393e-02 4.449723072329569290e-02 5.129025448030331003e-01
3.755131802024560539e-01 5.600528337356242004e-02 7.336568130910500751e-02 4.951158551148764908e-01
3.639518657509132615e-01 4.093980115836126643e-02 5.881906422241008070e-02 5.362892688683155162e-01
3.911872562832178213e-01 1.476946210268396432e-02 6.788640239113759300e-02 5.261568792229606162e-01
3.848063570193015481e-01 3.644319106605541786e-02 6.675333581060789723e-02 5.119971161040350882e-01
3.806078853099478243e-01 3.572949240605872295e-02 6.155835567595484975e-02 5.221042666080386585e-01
3.680346850701704531e-01 5.094084183442897790e-02 5.779085888408422994e-02 5.232336142113164223e-01
3.886749727025303192e-01 4.715676084674778890e-02 6.355590553384994623e-02 5.006123609168718902e-01
4.030477312310562499e-01 4.463874534835401281e-02 6.167088096111607298e-02 4.906426424594736990e-01
3.607049336645113957e-01 4.594798293369133785e-02 5.130869236911029391e-02 5.420383910326870280e-01
3.695881049907397409e-01 4.674451070297164224e-02 3.137675429875914912e-02 5.522906300075295372e-01
4.103602866622258483e-01 3.640671602887832203e-02 5.900817889469160693e-02 4.942248184142043477e-01
3.852697449409361319e-01 5.551518081184123043e-02 3.944973491901456603e-02 5.197653393282080092e-01
3.412682126836980023e-01 6.004573675388962667e-02 1.065308392880513627e-01 4.921552112743610707e-01
3.838263935362316581e-01 6.678688515861583297e-02 9.037560773181271823e-02 4.590111135733397907e-01
3.358945632222293809e-01 5.515452814567442519e-02 5.005376376697131396e-02 5.588971448651248730e-01
3.897693910097518311e-01 6.696525030426760117e-02 7.783254048366883282e-02 4.654328182023118043e-01
3.389123242070258835e-01 3.605323682169876698e-02 5.233148918590634774e-02 5.727029497853689533e-01
3.851809952211685539e-01 4.329504329041008320e-02 7.101080400059837927e-02 5.005131574878229905e-01
4.210161032785503799e-01 6.280114648558149382e-02 6.795580555928244781e-02 4.482269446765856924e-01
3.344607957711532853e-01 4.574247983392654843e-02 6.458680298392273367e-02 5.552099214109973424e-01
4.363702577733326038e-01 7.603614843303360682e-02 4.711605762728245800e-02 4.404775361663513800e-01
4.052838425091402907e-01 6.362940426240118463e-02 5.836278737454849569e-02 4.727239658539100220e-01
3.825426052855323000e-01 5.090115952036130403e-02 6.341427459697368541e-02 5.031419605971326758e-01
3.865397468967405326e-01 5.866580117184296006e-02 5.911899351263594921e-02 4.956754584187804680e-01
3.469807699422839398e-01 5.375732761088467676e-02 6.723843109874898250e-02 5.320234713480822553e-01
3.283782627936530640e-01 5.036041798828850419e-02 8.316702406922762969e-02 5.380942951488308923e-01
4.394842222319698677e-01 5.140287706496834974e-02 7.463884873834318590e-02 4.344740519647184995e-01
3.899996006482826516e-01 4.486426733215247847e-02 6.047209970779366534e-02 5.046640323117711491e-01
3.440619596856142604e-01 6.162957548984274864e-02 5.997486541649265507e-02 5.343335994080502527e-01
4.225864989668622340e-01 6.058590159628508137e-02 4.582026428792197043e-02 4.710073351489306726e-01
3.546548264252180060e-01 6.242194049486222279e-02 3.932027728662060295e-02 5.436029557932990919e-01
4.319268211809140778e-01 4.532379316132022912e-02 3.898966173655404183e-02 4.837597239212116929e-01
4.065786419746605374e-01 6.379465782882355607e-02 5.389842811129679639e-02 4.757282720852190616e-01
3.974410918366483303e-01 4.831275120868442491e-02 3.315773187577323450e-02 5.210884250788940797e-01
3.805079357219450786e-01 8.749538594563632810e-02 6.029265166655466135e-02 4.717040266658640846e-01
3.784884067216152670e-01 3.926642935547213636e-02 9.974245026114735013e-02 4.825027136617652257e-01
3.834727677742862939e-01 5.620544886851592398e-02 6.570477717011360963e-02 4.946170061870842627e-01
3.727525037610235348e-01 6.356709809137951750e-02 6.435443886424943583e-02 4.993259592833475535e-01
3.515387739370268716e-01 4.274082925105825159e-02 8.520720434864739734e-02 5.205131924632673268e-01
3.616954206978441611e-01 6.490568453906044033e-02 7.299932518550306115e-02 5.003995695775922403e-01
4.049520664634301825e-01 4.400756265267991713e-02 7.562777127437440849e-02 4.754125996095154849e-01
3.904990965091579280e-01 3.752321371302342473e-02 5.455871502135191398e-02 5.174189747564666986e-01
4.092737495102110046e-01 5.677681586494349314e-02 4.182324095649798956e-02 4.921261936683476446e-01
3.774717483291669118e-01 6.416006834044098162e-02 5.305254806838367171e-02 5.053156352620085112e-01
3.814302738315767383e-01 8.612077870754809850e-02 5.875258927635414186e-02 4.736963581845208826e-01
3.921997208110935551e-01 5.859219961823396855e-02 4.328535400339438011e-02 5.059227255672780199e-01
4.049934460411689363e-01 3.345882951350526158e-02 4.981664951654175832e-02 5.117310749287838911e-01
4.045473631182122665e-01 5.090177915798544533e-02 7.311840154739092379e-02 4.714324561764114407e-01
3.647903154204675258e-01 6.843836847133046020e-02 4.984622661434303520e-02 5.169250894938591800e-01
3.582469151618061232e-01 6.058547542794657376e-02 6.368510106620688116e-02 5.174825083440404150e-01
3.653810697816728403e-01 7.333020809983310795e-02 4.748097513889248944e-02 5.138077469796016317e-01
3.635310789217551242e-01 4.291453322203435394e-02 6.548034823162632301e-02 5.280740396245841017e-01
3.412807743801606342e-01 3.795397012766228706e-02 4.769444838984859825e-02 5.730708071023284944e-01
3.542575796326193349e-01 4.616468476017860506e-02 5.955868078062013377e-02 5.400190548265819679e-01
3.626285587704113356e-01 6.178572062231121875e-02 6.075721479210003523e-02 5.148285058151775839e-01
3.766845534804355022e-01 4.799590994985079156e-02 7.908540031953749383e-02 4.962341362501762609e-01
3.953252323238881094e-01 5.681152517936745305e-02 7.111035630340838132e-02 4.767528861933360007e-01
3.828216369034223021e-01 6.359360787745381438e-02 5.900617923554990485e-02 4.945785759835739648e-01
3.237173588693814108e-01 7.854379438367053989e-02 5.282897293717564446e-02 5.449098738097725159e-01
3.683404287895483686e-01 5.124820625215863873e-02 3.837545721318546404e-02 5.420359077451075702e-01
3.690969782431770541e-01 3.861332004979793620e-02 6.351878415625820951e-02 5.287709175507667725e-01
3.558441590602237636e-01 5.414340728933719760e-02 6.450011487840220936e-02 5.255123187720367461e-01
3.934404404351616313e-01 3.624199165810874923e-02 6.313126396853047106e-02 5.071863039381991900e-01
4.100729512661800968e-01 5.357193787345420483e-02 5.172641374769861716e-02 4.846286971126669840e-01
3.632663660724819721e-01 3.900087917982164587e-02 7.715424342510664169e-02 5.205785113225895877e-01
3.153276614548255474e-01 4.918312210658105921e-02 5.610917346175445242e-02 5.793800429768389826e-01
4.005169375084944305e-01 6.520150478426918472e-02 4.554354826304825299e-02 4.887380094441880485e-01
4.321503044902011981e-01 3.705711884691961777e-02 4.794733842128264673e-02 4.828452382415966970e-01
3.679677638029319464e-01 6.071202583828808758e-02 6.192545903687556030e-02 5.093947513219045931e-01
3.388307439705083302e-01 5.035810632800565706e-02 8.043664648777142101e-02 5.303745032137144877e-01
4.059855561026209370e-01 4.768178853321232424e-02 5.896575007523800066e-02 4.873669052889287312e-01
4.028673980697977108e-01 3.930054129076892416e-02 4.641191355483478831e-02 5.114201470845987085e-01
3.591114593554305956e-01 3.184873291165742082e-02 9.021987320631881524e-02 5.188199345265931406e-01
3.874838261596088018e-01 5.669565540568560769e-02 5.021672261159169925e-02 5.056037958231137663e-01
3.821101500846103005e-01 3.811573276221384005e-02 5.048481894633614214e-02 5.292892982068396757e-01
3.746651493336183303e-01 5.055197065277755586e-02 6.032043342244491207e-02 5.144624465911591393e-01
4.050772916328393425e-01 4.140860053546417674e-02 7.700338990169569575e-02 4.765107179300006601e-01
3.657174249698892377e-01 3.316094091995015064e-02 6.899936274201008690e-02 5.321222713681504901e-01
3.409228755824832424e-01 4.871767586873347600e-02 4.763936732304402399e-02 5.627200812257392437e-01
4.078366691498204188e-01 3.707066616272121362e-02 6.730983467443550639e-02 4.877828300130228056e-01
3.616115185630013329e-01 4.531806807032370821e-02 7.774116148912113555e-02 5.153292518775538511e-01
3.575624733508567243e-01 6.504498782462472817e-02 7.966452198062726198e-02 4.977280168438913965e-01
3.779178165759496388e-01 4.320845996015255236e-02 5.015920094287792258e-02 5.287145225210198030e-01
3.753201607292352970e-01 3.530055421753133804e-02 6.750799963261112924e-02 5.218712854206222218e-01
3.553175228112936401e-01 4.178425257053938052e-02 6.042546578849870842e-02 5.424727588296681668e-01
3.556219692234923735e-01 6.979890234426587570e-02 2.773118855237738378e-02 5.468479398798644642e-01
4.057232813682809525e-01 4.381929722321779852e-02 3.873074102628622922e-02 5.117266803822151378e-01
3.570680799595238875e-01 4.708657421195171916e-02 6.412312294132864465e-02 5.317222228871956169e-01
3.756101090483722760e-01 7.199486517225048288e-02 5.293734379448595401e-02 4.994576819848913773e-01
3.642129053409450812e-01 5.156500989220209191e-02 6.039652581929915581e-02 5.238255589475536711e-01
3.384188228220746386e-01 5.852697900956993493e-02 6.817258194361185131e-02 5.348816162247436168e-01
4.449695816370992651e-01 5.516138921616463298e-02 4.584402982206378652e-02 4.540249993246723847e-01
3.358161214002423622e-01 4.569533057130779202e-02 5.482387241776526254e-02 5.636646756106845624e-01
3.584035285532107817e-01 7.791731013953615004e-02 5.054292387730694586e-02 5.131362374299459628e-01
3.736950144477317326e-01 6.489277678495192214e-02 6.273476551093731812e-02 4.986774432563789716e-01
3.539449264090751557e-01 7.305663149984475968e-02 6.119122004889219341e-02 5.118072220421879814e-01
3.627249085625094405e-01 2.926490649111777864e-02 4.601934266676570295e-02 5.619908422796071612e-01
3.848601849894537352e-01 7.411866802422997780e-02 5.405589888951031069e-02 4.869652480968059693e-01
3.320963141633296867e-01 7.377692114918797672e-02 5.702452969709137509e-02 5.371022349903910031e-01
3.702310296500457287e-01 6.918435500616929024e-02 7.102204228951770892e-02 4.895625730542672027e-01
3.635772624174027912e-01 3.925011134742955460e-02 5.698761413198143860e-02 5.401850121031862573e-01
3.966485709647555868e-01 4.455319182608830780e-02 5.032642956313950616e-02 5.084718076460167380e-01
3.858507707683758725e-01 5.066547503303702599e-02 5.411130910315187920e-02 5.093724450954351113e-01
3.718521825867676656e-01 4.698573286081270117e-02 6.382205868090945478e-02 5.173400258715102895e-01
3.719976831725563260e-01 5.163950386141996640e-02 4.889334339547111996e-02 5.274694695705526293e-01
4.060637377343312426e-01 5.657021825512009022e-02 5.045133357269321328e-02 4.869147104378553914e-01
3.824132986015713054e-01 8.897444270965869373e-02 7.050783175623663579e-02 4.581044269325333929e-01
4.099725886172703726e-01 3.309221707703934728e-02 7.808040423781788253e-02 4.788547900678722935e-01
3.501496209769810464e-01 4.098545558299653002e-02 4.589379693946304267e-02 5.629711265005593601e-01
3.650152923028840424e-01 7.744899794104505297e-02 5.319233943355833327e-02 5.043433703225126408e-01
3.671835521573902361e-01 6.543345410405089491e-02 4.611095409525117761e-02 5.212720396433077052e-01
3.985256487509961643e-01 5.069174680545130568e-02 5.829224145067302826e-02 4.924903629928794602e-01
3.569640871186712805e-01 5.219615980808668676e-02 7.538194231200975870e-02 5.154578107612323157e-01
3.236266467912678468e-01 4.956110250293262187e-02 9.351972036177759462e-02 5.332925303440219089e-01
3.814884203720266820e-01 5.078709234155663610e-02 6.497302120626093080e-02 5.027514660801557511e-01
3.685626327005873115e-01 4.644148209471278543e-02 6.524446557023179383e-02 5.197514196344680260e-01
3.609970385147756033e-01 4.473198853608972153e-02 6.824985355346278870e-02 5.260211193956718656e-01
3.854177598471679178e-01 5.625762845371606174e-02 4.281232952412918069e-02 5.155122821749867912e-01
3.241870890408752315e-01 5.233376591096079028e-02 7.805678209388020039e-02 5.454223629542839236e-01
4.043000180032088609e-01 4.075261492254542151e-02 5.731798766046379556e-02 4.976293794137818804e-01
4.008444650883501992e-01 3.990715227974452745e-02 3.099914594113107116e-02 5.282492366907740600e-01
3.509620091581261980e-01 5.926985579379371455e-02 4.873144414611156605e-02 5.410366909019683757e-01
3.963502753816061652e-01 3.997235978626183933e-02 5.538389464546531610e-02 5.082934701866667071e-01
3.360906326228464414e-01 5.743605279277440995e-02 4.360257779466037570e-02 5.628707367897186620e-01
4.015132021327901812e-01 6.360930768507892796e-02 6.556766507705841240e-02 4.693098251050724090e-01
3.297599181712555505e-01 5.115840059776850107e-02 5.694104706048450787e-02 5.621406341704913157e-01
3.618419923354173062e-01 4.977537307132508942e-02 8.588227974309702029e-02 5.025003548501607575e-01
3.712725348552453619e-01 3.893131084443671175e-02 5.188141628848071119e-02 5.379147380118374233e-01
3.612292351596220752e-01 3.654127907694064425e-02 5.409565983813388601e-02 5.481338259253034639e-01
3.571631990097562936e-01 5.477014390620681822e-02 6.266059027601562914e-02 5.254060668080212659e-01
4.224756374675951998e-01 4.025249801260485927e-02 5.978616326994459773e-02 4.774857012498553432e-01
3.747139377646544478e-01 7.116195229761447527e-02 6.231142499981039140e-02 4.918126849379207410e-01
2.844570424856782132e-01 5.038231629434147124e-02 8.172421873996926767e-02 5.834364224800110410e-01
3.704895372173623858e-01 4.340037595172726442e-02 4.519681067698232135e-02 5.409132761539279244e-01
