1.166904308250037992e-01 3.479357338673210731e-01 3.924042576531061588e-01 1.429695776545689689e-01
1.319069558447394097e-01 3.258030960815159194e-01 4.191785589204404250e-01 1.231113891533043292e-01
1.071258827248759843e-01 3.734646319114597879e-01 4.421338663755554621e-01 7.727561898810869634e-02
1.011459038621257550e-01 3.601477508869012634e-01 4.740320146632104881e-01 6.467433058776234089e-02
9.801639700685091383e-02 3.986205672955732138e-01 4.386199918267391085e-01 6.474304387083690271e-02
1.086888124475792750e-01 4.246218239275657003e-01 3.721100744392659698e-01 9.457928918558897169e-02
1.632474739450328061e-01 3.497881478167109148e-01 3.538294781847413639e-01 1.331349000535148874e-01
1.104625529565551739e-01 3.525443734769576065e-01 4.460779822297948893e-01 9.091509133669249676e-02
1.404278202770794515e-01 3.305865618912025017e-01 3.879685545819899772e-01 1.410170632497279863e-01
1.260232214983272314e-01 2.722070823026804254e-01 4.942514623420435349e-01 1.075182338569487667e-01
1.350419428610141193e-01 3.190440220722473574e-01 4.700266448117898510e-01 7.588739025494872781e-02
8.709280581519363018e-02 4.454504615106129606e-01 3.810239327448140534e-01 8.643279992937948075e-02
1.124898987152791047e-01 3.795313203281620584e-01 4.194814626569194349e-01 8.849731829963952690e-02
1.182137941966131117e-01 3.237930752417436109e-01 4.627938234224695524e-01 9.519930713917375276e-02
1.042508573720266479e-01 3.324176514760158740e-01 4.688973315636962846e-01 9.443415958826102685e-02
8.934711028294853308e-02 3.607909687353298978e-01 3.938114577912572578e-01 1.560504631904642836e-01
1.180228429038566451e-01 3.623230227003364501e-01 4.435080776253976231e-01 7.614605677040942044e-02
1.423364601420869791e-01 3.696805646666441736e-01 3.857154289298881933e-01 1.022675462613805847e-01
1.617756555024974230e-01 3.399107362798161613e-01 4.343925565314787907e-01 6.392105168620776379e-02
1.259976529926849775e-01 2.918647436192227107e-01 4.640163934035166915e-01 1.181212099845754815e-01
9.845725516575996872e-02 3.579884773495282668e-01 4.051175413173251916e-01 1.384367261673866978e-01
9.803364685933106670e-02 3.532921165778924455e-01 3.961116448523224198e-01 1.525625917104541096e-01
1.271996240106017251e-01 3.930164302169618096e-01 3.805644916839469039e-01 9.921945408848950598e-02
9.995778415109872472e-02 4.039300639012824989e-01 4.100783977349609644e-01 8.603375421265770095e-02
1.493976667237863210e-01 3.477300971493305082e-01 3.828871023362788173e-01 1.199851337906045062e-01
1.395886131916559414e-01 3.300015885569720364e-01 4.141455266663032209e-01 1.162642715850688152e-01
1.136901352362512385e-01 3.204873458860255098e-01 4.535955568904810331e-01 1.122269619872420104e-01
1.206202318270506030e-01 3.195966201362562820e-01 4.662557476526975608e-01 9.352740038399565137e-02
1.003862694469305206e-01 3.800170381941915254e-01 4.247599227361489871e-01 9.483676962272907796e-02
1.393546188320407275e-01 3.469175911986432381e-01 4.241952184534770742e-01 8.953257151583918216e-02
1.127518657855543505e-01 4.168230513365242529e-01 3.819170582589178076e-01 8.850802461900358908e-02
1.406601642557363807e-01 3.618165370098681555e-01 4.265362610691063039e-01 7.098703766528909054e-02
1.204289537741599914e-01 4.074837779195876197e-01 3.984457540373653739e-01 7.364151426888693175e-02
8.811592320950276114e-02 3.469169534658270715e-01 4.805597734427828338e-01 8.440734988188737520e-02
1.313278707813730073e-01 3.344622901533313430e-01 4.399425711675706285e-01 9.426726789772511828e-02
1.318630191015157105e-01 4.014962924496050523e-01 3.620220459448538763e-01 1.046186425040253470e-01
1.047586230437325544e-01 3.375538440416012698e-01 4.422372933832268704e-01 1.154502395314393054e-01
1.290896679005205105e-01 3.536333504366023228e-01 4.257077377313459587e-01 9.156924393153141606e-02
1.387233731860516572e-01 3.604726117462824786e-01 3.722572679786467220e-01 1.285467470890190311e-01
1.296072270941151794e-01 3.621704672029059657e-01 3.842966055544602688e-01 1.239257001485186138e-01
1.550947640812490036e-01 4.156840638862660531e-01 3.578898920413654539e-01 7.133127999111946171e-02
1.542747731836669745e-01 3.844269817212631057e-01 3.866971977056957166e-01 7.460104738937409219e-02
1.037676813648502477e-01 3.477629832385755737e-01 4.602660890085191192e-01 8.820324638805504547e-02
1.629489750498709366e-01 3.322278551938391278e-01 4.018686877657330903e-01 1.029544819905568037e-01
9.539504211044848303e-02 4.165188260544471777e-01 3.725853170082080723e-01 1.155008148268963364e-01
1.388663928995775843e-01 3.635596150681241201e-01 3.960381051403129571e-01 1.015358868919853108e-01
1.077673128653028334e-01 3.740934875343556731e-01 4.283321400354622721e-01 8.980705956487904096e-02
1.547766560703960348e-01 2.909818290023299392e-01 4.726969798581661664e-01 8.154453506910781801e-02
1.504057154221832282e-01 3.465783261839327500e-01 4.028275074367635433e-01 1.001884509571205062e-01
1.379521024769251591e-01 3.550796005931535215e-01 4.010349968328304482e-01 1.059333000970908573e-01
1.514387772393760712e-01 3.941267917794015196e-01 3.553596839587974676e-01 9.907474702242514975e-02
1.296931186451252549e-01 3.386875524856495789e-01 4.600484433948195950e-01 7.157088547440559889e-02
6.894909283998873484e-02 3.897060052724556911e-01 4.418297696479789316e-01 9.951513223957665633e-02
1.295350078422768114e-01 3.849753662238024621e-01 4.004721995312015559e-01 8.501742640271921225e-02
1.283828630376699642e-01 3.141860477884164116e-01 4.585837683366000284e-01 9.884732083731354035e-02
1.149072990856157411e-01 3.535122826522227868e-01 4.658866713491051081e-01 6.569374691305635006e-02
1.014868716188080666e-01 3.926605587632380212e-01 4.154617627967572835e-01 9.039080682119654542e-02
1.448653872628689332e-01 3.507228435447936610e-01 3.882960953973753071e-01 1.161156737949621265e-01
1.210186509554805612e-01 3.089450669817065398e-01 4.522752658947741256e-01 1.177610161680388290e-01
1.173470572064074929e-01 3.425941264803408770e-01 4.334086358993411991e-01 1.066501804139103476e-01
1.532017863986572248e-01 3.519102884306359313e-01 4.321152064467790876e-01 6.277271872392764518e-02
1.258257694809249150e-01 3.658521769572987692e-01 3.990409006394871061e-01 1.092811529222892653e-01
9.657611764800223819e-02 3.087242867713206884e-01 4.527079431474957394e-01 1.419916524331813479e-01
1.248096808656900120e-01 3.291639966090301184e-01 4.753574271962279219e-01 7.066889532905198945e-02
1.281869365646528536e-01 3.289132477136352817e-01 4.595866695151908932e-01 8.331314620652102709e-02
1.054693149421706277e-01 3.843669761934454532e-01 4.359533863607915061e-01 7.421032250359251015e-02
1.284095816851227589e-01 3.979955516061180476e-01 3.734294293992291847e-01 1.001654373095299810e-01
9.694321025953954452e-02 3.693165147029173201e-01 4.197524154481178105e-01 1.139878595894252694e-01
1.081514239328229821e-01 3.735054198719974794e-01 4.276440035074061674e-01 9.069915268777328787e-02
9.471630648071664715e-02 3.321302074991429598e-01 4.929221759895486832e-01 8.023131003059170985e-02
1.138371115989209592e-01 3.588154154380653882e-01 4.607013539256192280e-01 6.664611903739436904e-02
9.516713121567395295e-02 3.574716175512160921e-01 4.272310284830238558e-01 1.201302227500860437e-01
1.294078249776662581e-01 3.347421722551627288e-01 4.474271146232828844e-01 8.842288814388800378e-02
9.374222699414805349e-02 3.815891210223693597e-01 4.507403110502445909e-01 7.392834093323806532e-02
1.261255480204630242e-01 3.242274125018760333e-01 4.615567169982489615e-01 8.809032247941193938e-02
9.405208132823300593e-02 3.809017504090089212e-01 4.536774191623514363e-01 7.136874910040665043e-02
8.029821184160075564e-02 3.606352602664502638e-01 4.556486799079673689e-01 1.034178479839814452e-01
1.433125985684274850e-01 3.856460814177634644e-01 3.504329293327689276e-01 1.206083906810401229e-01
9.726041741000898688e-02 3.733695494106000767e-01 4.635715146584199475e-01 6.579851852097112763e-02
1.332933390591649614e-01 3.430413112755931193e-01 4.234095837501642423e-01 1.002557659150777464e-01
1.576568923848871429e-01 3.486691128729266786e-01 4.095648427204967579e-01 8.410915202168947613e-02
1.464760574117773273e-01 3.605813759547638053e-01 4.109026711233065288e-01 8.203989551015235249e-02
1.311058910871990557e-01 4.000008736130668541e-01 3.476727390723011735e-01 1.212204962274330000e-01
1.117178350160498990e-01 4.180812050540899105e-01 3.212312040208793462e-01 1.489697559089806222e-01
1.394651170542778040e-01 3.649914146446402996e-01 3.898848455925429390e-01 1.056586227085391655e-01
1.191528424892950300e-01 3.051950789424309751e-01 4.606200995252144881e-01 1.150319790430594374e-01
1.213187141368761712e-01 3.986541966560165351e-01 3.814921227288096128e-01 9.853496647829770860e-02
1.350318273464586327e-01 3.615509947416031822e-01 4.178645366938718020e-01 8.555264121806639699e-02
1.388767873600703640e-01 3.340968867391060360e-01 4.237059555067717587e-01 1.033203703940519386e-01
1.095284276578194493e-01 3.896550427058697030e-01 3.904873810611280693e-01 1.103291485751827228e-01
1.731702188446776203e-01 3.262139232567476399e-01 3.964587032263399702e-01 1.041571546722346725e-01
1.040441882044036842e-01 3.935474288026813983e-01 4.238880592003108627e-01 7.852032379260392991e-02
1.350075391173148343e-01 3.915227278479519457e-01 3.755788069086217762e-01 9.789092612611149935e-02
1.546736402329890459e-01 3.601322156823752452e-01 4.247794848579146687e-01 6.041465922672096395e-02
1.877533543181834075e-01 3.091555218444815289e-01 4.089505860043241570e-01 9.414053783301079559e-02
1.283597653135873651e-01 3.425907293514027230e-01 4.483598243335331635e-01 8.068968100147669298e-02
1.409858772955645545e-01 3.202018851355279971e-01 4.287153411792338220e-01 1.100968963896736957e-01
1.041261201299531897e-01 3.274898695844211116e-01 4.542501694385335798e-01 1.141338408470920912e-01
9.968270537995535530e-02 3.200947446500380655e-01 4.902263895138608274e-01 8.999616045614577953e-02
1.592261485243569585e-01 3.393075216499551461e-01 4.179962528039157799e-01 8.347007702177192123e-02
9.591256647009349656e-02 3.463260172241151569e-01 4.158751831022192702e-01 1.418862332035721874e-01
1.390409460748487647e-01 3.519709084564877632e-01 4.359167706947242316e-01 7.307137477393915725e-02
1.114058991024777512e-01 4.206507783099719400e-01 3.654222858945682662e-01 1.025210366929822092e-01
1.005117479981816192e-01 3.873216741688698672e-01 4.036028659108717442e-01 1.085637119220767832e-01
1.048868698354166601e-01 3.607252381901191463e-01 4.268811475479828421e-01 1.075067444264813932e-01
1.168916157577559040e-01 3.838324286451512690e-01 4.008220351467674525e-01 9.845392045032551331e-02
1.514133775187858633e-01 3.157116510330700287e-01 4.037208039526837267e-01 1.291541674954604646e-01
7.132042438331298584e-02 3.829038979611575910e-01 4.892555069453930483e-01 5.652017071013634014e-02
1.341200392953670328e-01 3.930690371859078547e-01 3.955187975156211899e-01 7.729212600310403358e-02
9.221896901113733891e-02 4.104809418936732901e-01 4.144882642185965249e-01 8.281182487659270730e-02
1.107041958897154593e-01 4.302107231712906654e-01 3.704062614224035155e-01 8.867881951659035977e-02
1.546589260164117352e-01 3.780552753598857008e-01 3.689949146434323701e-01 9.829088398027006901e-02
1.102599268562694385e-01 3.953448472163015315e-01 4.108115277058653203e-01 8.358369822156380691e-02
1.181332135944438283e-01 3.980771674044562003e-01 3.911452853218645442e-01 9.264433367923551044e-02
1.143982520846277412e-01 3.646054637247400643e-01 4.307754497666332338e-01 9.022083442399907172e-02
1.111262916025877456e-01 3.807934714421103428e-01 4.134969122939909925e-01 9.458332466131086358e-02
1.491132595805623462e-01 3.480410593185797596e-01 4.013203921377625494e-01 1.015252889630953448e-01
1.029262753881963338e-01 3.347154068017277329e-01 4.973097867184603782e-01 6.504853109161551350e-02
1.041441627121143659e-01 3.921089092638009865e-01 4.148374525101680144e-01 8.890947551391682746e-02
1.256972271817358988e-01 3.344805804634005120e-01 4.761750745579793054e-01 6.364711779688421445e-02
1.191037275158501191e-01 3.761912486199713856e-01 3.860578944462195183e-01 1.186471294179591157e-01
1.203230155200488566e-01 3.916347643335003070e-01 3.765744190012940140e-01 1.114678011451567946e-01
1.258997607268322882e-01 3.503947039344192382e-01 4.456307138307487037e-01 7.807482150799976983e-02
1.133296985872286472e-01 3.409459241200252233e-01 4.577432626771607560e-01 8.798111461558541513e-02
1.658291737866365856e-01 3.524523591190091842e-01 3.847376309259397109e-01 9.698083616841464416e-02
1.263534778203655728e-01 4.226086102369712161e-01 3.654583280183496541e-01 8.557958392431358474e-02
1.205659472873416849e-01 3.907183377322925311e-01 4.131509148813071741e-01 7.556480009905859607e-02
1.099770278664347900e-01 4.148280768235304006e-01 4.175445647817384587e-01 5.765033052829648258e-02
1.396406182653099348e-01 2.844528286454793831e-01 4.689618880633907860e-01 1.069446650258198406e-01
1.067296862206901370e-01 3.073049716153052335e-01 4.524386596826446283e-01 1.335266824813599040e-01
8.174786595981861637e-02 3.617884022534760824e-01 4.614941889683811249e-01 9.496954281832410694e-02
1.254850939919866515e-01 3.357927570930539507e-01 4.529839435053791274e-01 8.573820540958015934e-02
1.127564611413153783e-01 3.914488044664281019e-01 3.945669365786063643e-01 1.012277978136501694e-01
9.493871498806895348e-02 3.346703476573743563e-01 4.554927222736734338e-01 1.148982150808832703e-01
1.316433833666643682e-01 3.653744548779246371e-01 4.004146207873833796e-01 1.025675409680276012e-01
1.198006955207197022e-01 4.512208466466291479e-01 3.595306768037853651e-01 6.944778102886581261e-02
1.001806220091740196e-01 4.111574031647750038e-01 4.307474078661947536e-01 5.791456695985628539e-02
1.093988707696503110e-01 3.900928920730332705e-01 4.270786218255437916e-01 7.342961533177259914e-02
1.120590933483106844e-01 4.066057010408550276e-01 3.710016041331936076e-01 1.103336014776407498e-01
1.341314688815773981e-01 3.594026631408349659e-01 3.966157517907051844e-01 1.098501161868823822e-01
1.427921463216686448e-01 3.734501970100499446e-01 4.000312889582228193e-01 8.372636771005846634e-02
1.287842887923936475e-01 3.231672518395785620e-01 4.079308632235375542e-01 1.401175961444902363e-01
8.647914731228481533e-02 3.546784240914967468e-01 4.947998673278430348e-01 6.404256126837544472e-02
8.066886089854610753e-02 3.898074858717150981e-01 4.502519412553331879e-01 7.927171197440548156e-02
1.230594293648161197e-01 4.060337080014539413e-01 4.000137879298489296e-01 7.089307470388096777e-02
1.299468385746050114e-01 3.478534488587303741e-01 4.354752451812039515e-01 8.672446738546060740e-02
1.403151818461449152e-01 3.533042372283770050e-01 4.284139450848115094e-01 7.796663584066668151e-02
1.093594254668163596e-01 3.426585893562392182e-01 4.719600236152182160e-01 7.602196156172624786e-02
8.875330014004753632e-02 3.521034298851886124e-01 4.512985399612217674e-01 1.078447300135421949e-01
1.285630440503638117e-01 3.329753197508950047e-01 4.476807416466147549e-01 9.078089455212653980e-02
1.201864615465503133e-01 3.906430790058315616e-01 4.111723963613072019e-01 7.799806308631085372e-02
1.228840742663523805e-01 3.608008111374612636e-01 4.265722881683802759e-01 8.974282642780617714e-02
9.206135754886816958e-02 3.619516912371641415e-01 4.480268577402445329e-01 9.796009347372297560e-02
1.219529958738443942e-01 3.953477308799677181e-01 3.824990311161289291e-01 1.002002421300589030e-01
1.065604620603766844e-01 3.630954576407250389e-01 4.191315556141001486e-01 1.112125246847980725e-01
8.019547443274858967e-02 3.546946466910070872e-01 4.755733174968695964e-01 8.953656137937479609e-02
1.109457374419362125e-01 3.977673003527333884e-01 4.155834682611282971e-01 7.570349394420193556e-02
9.986076879639899095e-02 4.124626069534735318e-01 3.784734202721175556e-01 1.092032039780100466e-01
9.784341239140380286e-02 4.525709716357687040e-01 3.633472416113009973e-01 8.623837436152657909e-02
1.050559149573015438e-01 3.524852549156779480e-01 4.580097349322290179e-01 8.444909519479142090e-02
1.228655001866281876e-01 3.645942188098781345e-01 4.214882339322035820e-01 9.105204707129013753e-02
1.297797485232044246e-01 3.522917800296528901e-01 4.158425187693349789e-01 1.020859526778077481e-01
1.325519791003821335e-01 4.138382228195679469e-01 3.718491118477518786e-01 8.176068623229799937e-02
1.221698225215570727e-01 3.744317413092397850e-01 4.056031777809996353e-01 9.779525838820336825e-02
1.197595108200715797e-01 3.361252423218082930e-01 4.735418869760720240e-01 7.057335988204808952e-02
1.546886480445035517e-01 3.326587961272803873e-01 4.237698222984826457e-01 8.888273352973355412e-02
1.012980491819816670e-01 3.681395014704213486e-01 4.349124637338755428e-01 9.564998561372145547e-02
1.239046858519629452e-01 3.760335400585712584e-01 4.023847077124194649e-01 9.767706637704627604e-02
8.182458039726937804e-02 3.878261383609123425e-01 4.537898713037498144e-01 7.655940993806856221e-02
1.435263043831725427e-01 3.611193020737084036e-01 4.083394411942198876e-01 8.701495234889909669e-02
1.043896173969730556e-01 3.800884665241693883e-01 4.289099232091474478e-01 8.661199286971019151e-02
1.305985542159870672e-01 3.215092886144790829e-01 4.315074991001816018e-01 1.163846580693520816e-01
1.324625381225995324e-01 3.720296268274591034e-01 3.974352457627122193e-01 9.807258928722906166e-02
1.569209213810908443e-01 3.918187703609950501e-01 3.737918061524581059e-01 7.746850210545598581e-02
8.367224707601586542e-02 4.153999567454827457e-01 3.839280901446869287e-01 1.169997060338146544e-01
1.447960282621645334e-01 3.388563688814228425e-01 4.130643240717135067e-01 1.032832787846990480e-01
1.095574681409244994e-01 3.835449378403873455e-01 4.227343502925181018e-01 8.416324372616980354e-02
1.418189564362245247e-01 3.485581363333472571e-01 4.258147624913800056e-01 8.380814473904805995e-02
1.275568783935615291e-01 3.490796420656425147e-01 4.281980631788923630e-01 9.516541636190350983e-02
1.314719721169845257e-01 3.597064219489806147e-01 4.215181509033310570e-01 8.730345503070385815e-02
1.566437671211092786e-01 3.155685412699320569e-01 4.224642216859384458e-01 1.053234699230203714e-01
1.218357575292903922e-01 4.040165811375794891e-01 3.972326733742073124e-01 7.691498795892284801e-02
1.378100576536656352e-01 3.423480073722628414e-01 4.545918984108353045e-01 6.525003656323628831e-02
1.126094343319676838e-01 3.423155537269515492e-01 4.425626883923258759e-01 1.025123235487548634e-01
1.139687319067152899e-01 3.571163327076493643e-01 4.464462101831719876e-01 8.246872520246334437e-02
8.232373884062767211e-02 3.247245477312603601e-01 5.098480099368510876e-01 8.310370349126090794e-02
1.330601461781241168e-01 3.302055530942225037e-01 4.478515559143254610e-01 8.888274481332804344e-02
1.296387327023761082e-01 3.318073592994130183e-01 4.619997243759566552e-01 7.655418362225412110e-02
1.112586106588421969e-01 2.970928974833848546e-01 4.754588988825013685e-01 1.161895929752715939e-01
1.359111632069831266e-01 3.352176824587461135e-01 4.317825435927928335e-01 9.708861074147794035e-02
1.441337764270791133e-01 3.511416553898332182e-01 4.280656839148123671e-01 7.665888426827520419e-02
1.291412169476089666e-01 3.804686581578208826e-01 4.135790313172987287e-01 7.681109357727151921e-02
1.291843651390296166e-01 3.591716049370311525e-01 4.212322310350099519e-01 9.041179888892920957e-02
1.232991683596482285e-01 3.138000506020012237e-01 4.484343397156309585e-01 1.144664413227195338e-01
1.329969370666787554e-01 3.261796046633391732e-01 4.103354238875475124e-01 1.304880343824345035e-01
1.117381231243203127e-01 3.318099367066576488e-01 4.561318363446234536e-01 1.003201038243985987e-01
1.257456867466131001e-01 3.518477121042596911e-01 4.172471808670197291e-01 1.051594202821075907e-01
1.141565643000691799e-01 4.019724712470771344e-01 4.066384415801512775e-01 7.723252287270246375e-02
1.338971961449939574e-01 3.547169833728457955e-01 3.953846796557728971e-01 1.160011408263872945e-01
9.723709892174949021e-02 3.568407518649303056e-01 4.336419463385851603e-01 1.122802028747349884e-01
1.145872780296552929e-01 2.995041705206357152e-01 4.819737218501380371e-01 1.039348295995709409e-01
1.477354475513767140e-01 3.219587663507538222e-01 4.685437180901776411e-01 6.176206800769169086e-02
1.470055983033883018e-01 3.859035586612338253e-01 3.733458262319746535e-01 9.374501680340323329e-02
1.105855876489241219e-01 3.343101655901591918e-01 4.564281381389310166e-01 9.867610862198576693e-02
9.749224862721413143e-02 4.237778423390188842e-01 3.814324263247323432e-01 9.729748270903472440e-02
1.123646300767696254e-01 3.038918823782004730e-01 4.806958613459884067e-01 1.030476261990414671e-01
9.806207245843766296e-02 3.526494398283734899e-01 4.681604407042090910e-01 8.112804700897988108e-02
1.400099901327749863e-01 3.783443230884693809e-01 3.880709005187246152e-01 9.357478626003098987e-02
1.143636730206747804e-01 3.549331539191232232e-01 4.490268724384876009e-01 8.167630062171439553e-02
1.143756932505245183e-01 4.505755961191890702e-01 3.561438314134223737e-01 7.890487921686410722e-02
1.007689527110869065e-01 4.027604386711295947e-01 4.069659549888676175e-01 8.950465362891595056e-02
1.019201279991611281e-01 3.924435638297278928e-01 4.061232401717984053e-01 9.951306799931240732e-02
1.077831842725598677e-01 4.435303734115013108e-01 3.498270133483037392e-01 9.885942896763511012e-02
1.769729769167995570e-01 3.706519193738817552e-01 3.785853364458191539e-01 7.378976726349958937e-02
1.480433627453943135e-01 3.209577669910684272e-01 4.215295093278920713e-01 1.094693609356452990e-01
1.276086607633274972e-01 3.653467012798906066e-01 4.052487284285007374e-01 1.017959095282810755e-01
1.281360631132662520e-01 3.523357548051349597e-01 4.209279147616795114e-01 9.860026731991931859e-02
1.342606871491449361e-01 3.500356777682397946e-01 4.166642944194758891e-01 9.903934066313938023e-02
1.242919543500215496e-01 3.543813845566224363e-01 4.109744020200722381e-01 1.103522590732836650e-01
1.453986788541750397e-01 3.497088368555129057e-01 4.176172364852391850e-01 8.727524780507292523e-02
1.091228183009668173e-01 3.852758121136106162e-01 3.968360213415990101e-01 1.087653482438234315e-01
1.373920541473426515e-01 3.457805591442342230e-01 4.226484126386682028e-01 9.417897406975486718e-02
1.256123123493244620e-01 3.619828326233658911e-01 4.386920999627487161e-01 7.371275506456094473e-02
1.080527577491632585e-01 3.309385190967562007e-01 4.748878944010957448e-01 8.612082875298472662e-02
1.237319173362075031e-01 3.250391858571872183e-01 4.648384976967633864e-01 8.639039910984189219e-02
1.163649736593933004e-01 3.681209988889890816e-01 4.151295711716245229e-01 1.003844562799930534e-01
9.207955005647826263e-02 4.056218904572013728e-01 3.956931834139773563e-01 1.066053760723430638e-01
1.207852489516384603e-01 3.719019466403729046e-01 4.215146836426376109e-01 8.579812076535085763e-02
8.446729663086381679e-02 3.370513488340028951e-01 4.723858126213571484e-01 1.060955419137760980e-01
1.240023797630207675e-01 3.346773366786239823e-01 4.628968564477047298e-01 7.842342711065053429e-02
1.239981901196877123e-01 3.800194231117908217e-01 3.997866107236656696e-01 9.619577604485590738e-02
1.081144038451450629e-01 3.364406622105224898e-01 4.589870209706163329e-01 9.645791297371623940e-02
1.166869745324770613e-01 3.498912900755987154e-01 4.591097520288376921e-01 7.431198336308646180e-02
1.375740931721991522e-01 3.940787229357561872e-01 4.051896416506159393e-01 6.315754224142869355e-02
1.552307017865442451e-01 3.536941032491881520e-01 4.251534133468224952e-01 6.592178161744499665e-02
1.420569839155586822e-01 3.796505965663272142e-01 3.939212792559201315e-01 8.437114026219397211e-02
1.203311233272286035e-01 3.648982608666835881e-01 4.079459875316133188e-01 1.068246282744744757e-01
9.224018882064771718e-02 3.370460966041649020e-01 4.167467552036734912e-01 1.539669593715138896e-01
1.284920951508648768e-01 3.522922061849743658e-01 4.173356727921887499e-01 1.018800258719720492e-01
1.006211707090723384e-01 4.052582521470046717e-01 4.263759447188616991e-01 6.774463242506127691e-02
1.032362509664471600e-01 3.832214185213133062e-01 4.238076661166254033e-01 8.973466439561406105e-02
1.087080951070772405e-01 3.674566705533543476e-01 3.744467890029888890e-01 1.493884453365796616e-01
1.400363717133838726e-01 3.627711343403369204e-01 3.870567188718956331e-01 1.101357750743834768e-01
1.000371554920480716e-01 3.891790896365410757e-01 4.107210045452107661e-01 1.000627503261998924e-01
9.632510915666166185e-02 3.958333101033740808e-01 4.359080668428690908e-01 7.193351389709504162e-02
1.041861017512122067e-01 3.425296883429708727e-01 4.783335852782611974e-01 7.495062462755584798e-02
1.208293517719402216e-01 3.200684147776762800e-01 4.530752086427012326e-01 1.060270248076822242e-01
1.220440082015638583e-01 3.324447846244577565e-01 4.583028407040234398e-01 8.720836646995511199e-02
9.227827799520137153e-02 4.113221591504805374e-01 3.755522129331705927e-01 1.208473499211475538e-01
1.173381100129610999e-01 3.654686946152269078e-01 4.021350870064313021e-01 1.150581083653806069e-01
1.049522758872094702e-01 3.760925609311341344e-01 4.168089515380909438e-01 1.021462116435652850e-01
8.605477651126221261e-02 3.495543673435507759e-01 4.618909572200242675e-01 1.024998989251626053e-01
1.061710826017326081e-01 3.527810001526877626e-01 4.541434586382797067e-01 8.690445860729978378e-02
1.462029707288553804e-01 3.882691211049072444e-01 3.852261440719598751e-01 8.030176409427754181e-02
1.307970612026562451e-01 3.250345014243041231e-01 4.471189840344332311e-01 9.704945333860638679e-02
1.446670953666916726e-01 3.124937766336122191e-01 4.287860260370005006e-01 1.140531019626956216e-01
1.119205009448485527e-01 3.146385990513988484e-01 4.672108294638905313e-01 1.062300705398620260e-01
1.153235529797749931e-01 3.692435917216338459e-01 4.173677513734735944e-01 9.806510392511751106e-02
1.086816594354139409e-01 3.924034290499297528e-01 4.191665036010662759e-01 7.974840791358996095e-02
1.045673366607877269e-01 3.095639989315195906e-01 4.780706263666019695e-01 1.077980380410906713e-01
1.312457018287192800e-01 3.200258523313023185e-01 4.428102938105476505e-01 1.059181520294307788e-01
1.437382428379320454e-01 3.610840487205957405e-01 4.137759613358538702e-01 8.140174710561839944e-02
1.023532878008849845e-01 3.971889459997962613e-01 4.039777232308973676e-01 9.648004296842138672e-02
1.265419313677454971e-01 3.517969675387901951e-01 4.014396097589748025e-01 1.202214913344894359e-01
1.148907794953575173e-01 3.780380464693569587e-01 4.458510650805402875e-01 6.122010895474520875e-02
1.113703076053963043e-01 3.790784455474165981e-01 3.902159913038741323e-01 1.193352555433129653e-01
1.230650914299399046e-01 3.893416416935596147e-01 3.996526104826901848e-01 8.794065639381015709e-02
1.267886140551031660e-01 3.219431242985595354e-01 4.420775293950039431e-01 1.091907322513332307e-01
1.290216263586665135e-01 3.414633517762380999e-01 4.193412105831159642e-01 1.101738112819792142e-01
9.334815950238310733e-02 3.667045274443033187e-01 4.311993755760650249e-01 1.087479374772485630e-01
1.160856935932073203e-01 3.463781509893776311e-01 4.407876866260294624e-01 9.674846879138565559e-02
1.168444602623086581e-01 3.580445892011795972e-01 4.247710081229316703e-01 1.003399424135801021e-01
9.607459417286474956e-02 3.657674483528579046e-01 4.359302588804934153e-01 1.022276985937839583e-01
1.269787857932726527e-01 4.067366291582796833e-01 4.013465810283150526e-01 6.493800402013277795e-02
1.283141045010812997e-01 3.803609869000026955e-01 3.999539818126314761e-01 9.137092678628451481e-02
1.337503354654917820e-01 3.417887094186985997e-01 4.332611588053778551e-01 9.119979631043184654e-02
1.091809388013664783e-01 3.627684312111231213e-01 4.672412208383738275e-01 6.080940914913653822e-02
1.209071834141992041e-01 4.121262090633097119e-01 3.792877555777410814e-01 8.767885194475008581e-02
1.561205326946095151e-01 3.096984115615201705e-01 4.421324209960000862e-01 9.204863474787022826e-02
9.802174236043294242e-02 4.093185200353525177e-01 4.110154392443255422e-01 8.164429835988892825e-02
9.260377214409719338e-02 3.724977411155420692e-01 4.057914847340532982e-01 1.291070020063075086e-01
1.413578090798657261e-01 2.741069202174303832e-01 5.054505414182308698e-01 7.908472928447315975e-02
1.349696597516566732e-01 3.450614029469117883e-01 4.131984347684450332e-01 1.067705025329865332e-01
9.635016552807895707e-02 3.783859289656159031e-01 4.185183635306861660e-01 1.067455419756190294e-01
1.340126217891065841e-01 3.429537995939846429e-01 4.206002964418395496e-01 1.024332821750693207e-01
1.027005864947536096e-01 3.318731240028835461e-01 4.741305674328291087e-01 9.129572206953373570e-02
1.357391914077662187e-01 3.941665012082190556e-01 3.773012223343720772e-01 9.279308504964267623e-02
1.351200419135371311e-01 3.260098551045149673e-01 4.306629207433074757e-01 1.082071822386404397e-01
1.220711645982592852e-01 3.188419092762395657e-01 4.307553719836620942e-01 1.283315541418391104e-01
9.368037523559744062e-02 3.988706342658139281e-01 4.471111845925827555e-01 6.033780590600599375e-02
1.063557410469171960e-01 3.672234466383930696e-01 4.578070136276606861e-01 6.861379868702909002e-02
1.391531940873424467e-01 3.423447997469292736e-01 4.038672651792170609e-01 1.146347409865112882e-01
1.009510721468528244e-01 4.052577890765251545e-01 3.896315215580670177e-01 1.041596172185550034e-01
1.098002548934317729e-01 3.261703560991784379e-01 4.424881422453253998e-01 1.215412467620643755e-01
1.260794209255008402e-01 3.591782746923744551e-01 4.286906027315138257e-01 8.605170165061092058e-02
1.083690537326294223e-01 3.355290061370361787e-01 4.362355403850172730e-01 1.198663997453169872e-01
1.271864370471357253e-01 3.431428927403348816e-01 4.334876810951566739e-01 9.618298911737273305e-02
1.417311297577443507e-01 3.784718370785059571e-01 3.909534869798833023e-01 8.884354618386634816e-02
1.069050071568500154e-01 3.950096992663363338e-01 4.180065445416237813e-01 8.007874903518982790e-02
1.065811965713518300e-01 4.007941840610271256e-01 3.999564653347061904e-01 9.266815403291477071e-02
9.911179352175467083e-02 4.152271612240513998e-01 3.772330377470918261e-01 1.084280075071022004e-01
1.161449375750752827e-01 4.041443378431670008e-01 4.027701127801143755e-01 7.694061180164345204e-02
1.459860155732514708e-01 3.251238900717454139e-01 4.154860740165183253e-01 1.134040203384847345e-01
9.868702983969854237e-02 3.455458509577474246e-01 4.654518120781314661e-01 9.031530712442259468e-02
1.259082539545051671e-01 3.729952633793834904e-01 4.098200881509744820e-01 9.127639451513686053e-02
1.027849893822386507e-01 3.121099463170489696e-01 5.107372098433726748e-01 7.436785445733959388e-02
1.327459558813172402e-01 3.518889977211945852e-01 4.424983143246601358e-01 7.286673207282796938e-02
1.239151332755006329e-01 3.178253776689130561e-01 4.511417353348982640e-01 1.071177537206880193e-01
1.397618540619258998e-01 3.220817417485615231e-01 4.508080691612499913e-01 8.734833502826265528e-02
1.379087857911869552e-01 3.783406859542853273e-01 3.839454907531216765e-01 9.980503750140587438e-02
1.515084583986501532e-01 3.309136246839831652e-01 4.123776497929043106e-01 1.052002671244624266e-01
1.220471184769155171e-01 3.704256802154574646e-01 4.239499334074565695e-01 8.357726790017025453e-02
1.194264066978804051e-01 3.714714737039905290e-01 4.330331439316877362e-01 7.606897566644144071e-02
6.702797128735743515e-02 4.010445974349707288e-01 4.233485317482238441e-01 1.085788995294481168e-01
1.131508680969603997e-01 3.781574542173147813e-01 4.321887902450761154e-01 7.650288744064877300e-02
1.174493615982140499e-01 3.285598702712803076e-01 4.363334679291892559e-01 1.176573002013163727e-01
1.312948882144614471e-01 3.390494463637645506e-01 4.427081059020766540e-01 8.694755951969725116e-02
1.203643865750366054e-01 3.758679408577875747e-01 3.913831900378903494e-01 1.123844825292855398e-01
1.316873331243232914e-01 3.606481045840475019e-01 4.138267500318045800e-01 9.383781225982469609e-02
1.109557594287767096e-01 3.508214368784814408e-01 4.205027436272940067e-01 1.177200600654479540e-01
7.832009214113480611e-02 3.346174317018767996e-01 4.815075544009312369e-01 1.055549217560571990e-01
1.291010244144312480e-01 3.611252750358537877e-01 4.088992926451335830e-01 1.008744079045813813e-01
1.338040576420877759e-01 3.184037461810197422e-01 4.364808868176689449e-01 1.113113093592235370e-01
1.079334917769713964e-01 3.944556776254347641e-01 3.891286281011213655e-01 1.084822024964724602e-01
8.621212823179122409e-02 4.111872645453945596e-01 4.215153221808611850e-01 8.108528504195311459e-02
1.088617440662012353e-01 3.494146351296015252e-01 4.312742375756918323e-01 1.104493832285053934e-01
9.894724459171377884e-02 3.500958263791866809e-01 4.331656746677394754e-01 1.177912543613599955e-01
9.394098170665400593e-02 3.575604421961448010e-01 4.662861362573706980e-01 8.221243983983037018e-02
1.045185016373193637e-01 3.381695745294722721e-01 4.872094134309034597e-01 7.010251040230469632e-02
1.373798012850350470e-01 3.838644696129899780e-01 3.883015097063319820e-01 9.045421939564297908e-02
1.606870674197005133e-01 2.934401856497037553e-01 4.463139304336915525e-01 9.955881649690422053e-02
1.116806682295654191e-01 4.218022396174221922e-01 3.850121008553341051e-01 8.150499129767822815e-02
1.040003041876279288e-01 3.707543339720855147e-01 3.917452579650060884e-01 1.335001038752803570e-01
1.046725430966769926e-01 4.371735142949649267e-01 3.833513726330916027e-01 7.480256997526639473e-02
1.089296606017808033e-01 3.600446200315090550e-01 4.470048229457375677e-01 8.402089642097254618e-02
1.179497554343341137e-01 3.955259197878951416e-01 4.062127096100478507e-01 8.031161516772288012e-02
1.271158639059211670e-01 3.569547466056067764e-01 4.448780769860811168e-01 7.105131250239095364e-02
1.321215430503848431e-01 3.650668056788429761e-01 4.033098602574048952e-01 9.950179101336745213e-02
1.183879333847825815e-01 3.232989758482860410e-01 4.729957961152921886e-01 8.531729465163943871e-02
1.271147679085498083e-01 4.075328671052067531e-01 3.967334454393291465e-01 6.861891954691426432e-02
7.372787272488862120e-02 4.062452552633212810e-01 4.273145748199521643e-01 9.271229719183808615e-02
1.010971971105579931e-01 4.115040633752422572e-01 3.991696270197572227e-01 8.822911249444242987e-02
1.379199564796297350e-01 3.366287798463303282e-01 4.295471446314489961e-01 9.590411904259082965e-02
1.332968225253881589e-01 3.568619022057019641e-01 4.309271428166814299e-01 7.891413245222854422e-02
1.019163078503201175e-01 3.534691138426953039e-01 4.594604350645212221e-01 8.515414324246332878e-02
1.114111748297433868e-01 3.207212700881072465e-01 4.645640147814150134e-01 1.033035403007342423e-01
1.044186190299063732e-01 3.779461177381550074e-01 4.441510525525136366e-01 7.348421067942489948e-02
1.012406616955014993e-01 3.689548791457892274e-01 4.350305398274396662e-01 9.477391933126956547e-02
1.137159309936443957e-01 3.730215907036941170e-01 4.371829001662093095e-01 7.607957813645213618e-02
1.628882536808459736e-01 3.408506601618346288e-01 4.044001115711223227e-01 9.186097458619708889e-02
9.810617220420751738e-02 4.028607828898714271e-01 4.254634105408617861e-01 7.356963436505921383e-02
9.372355518491000403e-02 3.787490646219975332e-01 4.312151484652598232e-01 9.631223172783272279e-02
1.242042480756819361e-01 3.484344807659873200e-01 4.549718484457369594e-01 7.238942271259375671e-02
1.219386797590543414e-01 3.431350430470766488e-01 4.169220350130615205e-01 1.180042421808074476e-01
8.221006386727312820e-02 4.443490785566936441e-01 3.997316647178463245e-01 7.370919285818681999e-02
1.338366749842511139e-01 3.137282573993510071e-01 4.654126105549679093e-01 8.702245706143005299e-02
8.514890676892108989e-02 3.973711715051964632e-01 4.281984424040470860e-01 8.928147932183536084e-02
1.299451997919331969e-01 3.450991532794943084e-01 3.986519169480920999e-01 1.263037299804804781e-01
1.083152810625636342e-01 3.880372658301317612e-01 4.187662256711719433e-01 8.488122743613261967e-02
1.241518985986813511e-01 3.912403818412926726e-01 3.735406422464490062e-01 1.110670773135769007e-01
1.166495849316248751e-01 3.850054802636572182e-01 4.084396158596201865e-01 8.990531894509778965e-02
1.280912321492986561e-01 3.236589704173324922e-01 4.665484506297438716e-01 8.170134680362511892e-02
1.100144646813980831e-01 3.921819731233797679e-01 4.378031065583594117e-01 6.000045563686275119e-02
1.253653339525481192e-01 3.267419761380069843e-01 4.389862089639349763e-01 1.089064809455096983e-01
1.217753373097268110e-01 3.745602013728572266e-01 4.362084405935331421e-01 6.745602072388269532e-02
1.266799034819825476e-01 3.547305973829346648e-01 4.483505909457396466e-01 7.023890818934307168e-02
1.397282790670838493e-01 3.480019890043941078e-01 4.221273417169239539e-01 9.014239021159804743e-02
1.525232221507449581e-01 3.322099555528217896e-01 4.084482190835887483e-01 1.068186032128445595e-01
1.229662777262431894e-01 3.372715615418902524e-01 4.316226932956932494e-01 1.081394674361732949e-01
1.118325737265661174e-01 3.917380485796823630e-01 4.188034598177717838e-01 7.762591787597963866e-02
1.173281507148887931e-01 3.627964285207391226e-01 4.513738755639264411e-01 6.850154520044568485e-02
1.134571228465880016e-01 3.790080084985354980e-01 4.282180029574385038e-01 7.931686569743798265e-02
1.414538806524937020e-01 3.831192838338162709e-01 3.935548845115388050e-01 8.187195100215119425e-02
1.234588136444040862e-01 3.634152240946673662e-01 4.322996320485741339e-01 8.082633021235453852e-02
1.364834512517004717e-01 3.628060237131653376e-01 4.183243395923513241e-01 8.238618544278292211e-02
9.228583887646657491e-02 3.543131461923140768e-01 4.341592506168196475e-01 1.192417643143997841e-01
1.042802836000292499e-01 3.594799028726767820e-01 4.497290317202845000e-01 8.651078180700955134e-02
1.494854583314109142e-01 3.178054233665770778e-01 4.521828370716327039e-01 8.052628123037924857e-02
1.578913632733488781e-01 3.237649992297211288e-01 4.409321678666179856e-01 7.741146963031191042e-02
1.064244816235871971e-01 3.531591073931750202e-01 4.399382418474309109e-01 1.004781691358068718e-01
1.354686018552417326e-01 3.714001510184465893e-01 3.930437030903367601e-01 1.000875440359749874e-01
1.354640011104240871e-01 3.090945270086872254e-01 4.651424464469649522e-01 9.029902543392376302e-02
1.413856349665525147e-01 3.546772907053457047e-01 3.907307314493946304e-01 1.132063428787070808e-01
1.218499301100943732e-01 4.020560746192924917e-01 3.949103379829231875e-01 8.118365728769007250e-02
1.242434874439863612e-01 3.940255504213217019e-01 4.117588038923989391e-01 6.997215824229294223e-02
1.119239844603734241e-01 3.623533645939327474e-01 4.197755812069372539e-01 1.059470697387566440e-01
1.333734199380202101e-01 3.984611398776133351e-01 3.831436143066647149e-01 8.502182587770183708e-02
1.034439898579231493e-01 3.635320798510324192e-01 4.158594642106937522e-01 1.171644660803506932e-01
9.928332195335269617e-02 3.837908037747316814e-01 4.242443036401282175e-01 9.268157063178732169e-02
1.092382567199639276e-01 4.287060417824275493e-01 3.916150044013521070e-01 7.044069709625648545e-02
1.208378798348379024e-01 3.813882652507293858e-01 4.255401059913743178e-01 7.223374892305854666e-02
7.904453134560750216e-02 3.191873159295492424e-01 5.142708244237094162e-01 8.749732830113375603e-02
9.476002596428002855e-02 3.621690198557169782e-01 4.496679578749094297e-01 9.340299630509348028e-02
1.184596748173201430e-01 3.834686944994782354e-01 4.440685184323702184e-01 5.400311225083145872e-02
1.649286802840653210e-01 3.445732190535775730e-01 4.160183842977537849e-01 7.447971636460344602e-02
1.223454802332425845e-01 3.289483442027745785e-01 4.592768833921699878e-01 8.942929217181276591e-02
1.466618718581275960e-01 3.404794172134859020e-01 4.125576627530892493e-01 1.003010481752974331e-01
9.759332263226525028e-02 3.979164752658835291e-01 4.261925502817009992e-01 7.829765182015013814e-02
8.992865448093709246e-02 4.119625727493245182e-01 4.167072943763716619e-01 8.140147839336682456e-02
9.723163053163347280e-02 3.865772539302606003e-01 4.120755029265718017e-01 1.041156126115342362e-01
