4.520490566333374427e-01 2.591242518308719545e-01 1.449009100440382287e-02 2.743366005313869205e-01
4.235630215390644993e-01 2.597397605331897008e-01 4.670167161113837617e-02 2.699955463166073821e-01
3.412689652701897391e-01 2.907955981003646495e-01 5.176151544782727626e-02 3.161739211816183004e-01
3.818075397289806827e-01 2.748496222614591478e-01 4.171837157674360141e-02 3.016244664328166514e-01
4.352017328220256775e-01 2.249001192413939698e-01 2.805607325849674566e-02 3.118420746780833919e-01
4.106221804907420059e-01 2.001033643524691430e-01 4.878226509868693883e-02 3.404921900581018290e-01
3.990586229300482346e-01 2.112716757862635741e-01 4.914004031994086835e-02 3.405296609637472605e-01
4.948591037971922235e-01 2.397352531200925840e-01 3.297325939040925136e-02 2.324323836923059272e-01
3.891320306351145897e-01 2.665018837328788082e-01 4.306785080081716732e-02 3.012982348311893932e-01
3.963405138634052416e-01 2.654527333503881592e-01 3.991714408813665238e-02 2.982896086980698636e-01
4.041353694596415691e-01 2.491353293466080365e-01 4.756280698349886482e-02 2.991664942102514879e-01
4.270343604240829927e-01 2.292811304682215445e-01 3.975895320854529180e-02 3.039255558991502126e-01
4.058789605178650950e-01 2.131385026251080561e-01 3.521261565045562258e-02 3.457699212065711847e-01
4.098923863844105564e-01 2.374957516854872275e-01 5.252016082417484272e-02 3.000917011059273665e-01
4.112368818696533479e-01 2.426626089273892783e-01 7.336917603416219513e-02 2.727313331687951092e-01
4.338753188416616391e-01 2.354377969264594972e-01 4.001529762333203011e-02 2.906715866085468059e-01
4.521111467744564072e-01 2.713239604638190139e-01 5.394670063484095085e-02 2.226181921268836350e-01
4.127261887215254998e-01 2.388858950548550519e-01 3.999204307788942203e-02 3.083958731457300817e-01
4.571082464690051639e-01 2.699070200816788279e-01 5.021211966691684764e-02 2.227726137823991537e-01
4.462849796629925758e-01 2.247285037437176947e-01 4.182722045457377968e-02 2.871592961387161025e-01
3.831384485740461643e-01 2.919086189307807944e-01 3.599277326084510120e-02 2.889601592343279401e-01
4.246612647356674541e-01 2.408590036075858309e-01 6.050845873246728929e-02 2.739712729242793077e-01
3.989504979979238142e-01 2.349979062562904397e-01 5.612233565429935317e-02 3.099292600914863027e-01
4.062676779724017639e-01 2.262668844652939992e-01 4.244508127371779405e-02 3.250203562885862207e-01
3.799048749942982584e-01 3.076809800992016397e-01 3.098985260641614475e-02 2.814242923000840335e-01
3.819705765865254454e-01 2.701931196010006753e-01 3.928497619301018345e-02 3.085513276194635779e-01
4.469450040721768547e-01 2.406280424785604832e-01 2.287548974161931342e-02 2.895514637076435638e-01
4.272624215091863076e-01 2.558415080344254022e-01 4.787001944165801548e-02 2.690260510147302608e-01
4.527778205750854768e-01 2.728091664604520017e-01 2.553236366401400587e-02 2.488806493004485088e-01
3.608570476616078104e-01 2.812522599358561193e-01 3.716673915793009680e-02 3.207239532446060082e-01
3.906068366045331031e-01 2.661654417236404280e-01 3.219696954806502975e-02 3.110307521237613559e-01
3.434128584448841170e-01 2.985669730896937657e-01 2.440900431633126824e-02 3.336111641490907553e-01
3.798060690046736187e-01 3.150178251410397645e-01 5.724461797595487705e-02 2.479314878783318299e-01
4.112552047614649320e-01 2.344856234352669377e-01 5.862485873366202194e-02 2.956343130696061916e-01
3.947830484370610793e-01 2.567595537401660688e-01 5.243176094574725221e-02 2.960256368770257107e-01
4.131564366478423511e-01 2.866363279867408242e-01 4.155593549038319456e-02 2.586512998750336023e-01
4.560084145198847194e-01 2.691642392598211919e-01 2.444194791930788882e-02 2.503853983009861617e-01
4.255184982186460130e-01 2.272193156156975813e-01 7.743238298339402692e-02 2.698298031822623511e-01
4.028760362511545901e-01 2.564181287289679645e-01 4.329641442053587530e-02 2.974094205993415008e-01
4.027613203935961339e-01 2.672175832879490898e-01 3.741636267616966355e-02 2.926047336422851197e-01
3.723419969384003103e-01 2.568195009731126244e-01 8.184119227795969009e-02 2.889973098105274585e-01
4.248121530991989525e-01 2.448695508050789948e-01 3.954187154043661834e-02 2.907764245552853510e-01
4.560758871927135250e-01 2.846447392848755475e-01 2.209575642291165820e-02 2.371836170994993109e-01
4.199601702448063079e-01 2.288786653061972431e-01 4.257907799836324614e-02 3.085820864506330086e-01
4.528921782974814070e-01 2.399235178592311613e-01 5.293512063510097398e-02 2.542491832081865133e-01
4.194937890690216276e-01 2.729907139164766683e-01 3.636859644884794796e-02 2.711469005656537146e-01
3.903818502484809883e-01 3.022215810782407641e-01 2.774832756574804535e-02 2.796482411075300045e-01
3.967468586622853177e-01 3.160218732571102862e-01 3.998541928127718331e-02 2.472458487993271503e-01
3.938547312498876241e-01 2.695055948482106833e-01 3.091617261990528900e-02 3.057235012819963238e-01
4.917723618821940867e-01 2.306410445835342382e-01 5.837820249716359905e-02 2.192083910371081246e-01
4.317174238305568901e-01 2.452452165170592169e-01 4.850138680385215895e-02 2.745359728485318174e-01
4.329888393353085174e-01 2.414053601265852833e-01 2.373068065009936375e-02 3.018751198880068043e-01
4.344297694655056552e-01 2.856778728079850671e-01 3.183902301828715753e-02 2.480533347082219953e-01
4.902977248901493335e-01 2.080640197625397703e-01 2.040193912893504755e-02 2.812363162183756926e-01
3.898871777471129563e-01 2.956439945435664907e-01 2.110317663836602797e-02 2.933656510709545251e-01
4.278856014927696627e-01 2.340107323331614142e-01 3.884033615033290199e-02 2.992633300237360627e-01
4.264152639045575288e-01 1.753950398244301379e-01 3.412504770742144644e-02 3.640646485635909979e-01
4.257759686649448816e-01 2.132815263292897057e-01 5.273536909761808444e-02 3.082071359081474116e-01
3.960866938686770644e-01 2.352663821745720751e-01 4.671183260517774299e-02 3.219350913515731660e-01
4.006771607564737492e-01 2.720407155014757938e-01 3.591408531234039497e-02 2.913680384297100967e-01
4.094883650692139887e-01 2.571675980643652326e-01 3.511772491859343343e-02 2.982263119478273383e-01
4.174558160136340734e-01 2.640579359419065741e-01 2.727036563728416421e-02 2.912158824071751639e-01
3.967005508894421717e-01 3.062916728527723675e-01 3.887262609920450612e-02 2.581351501585808506e-01
4.434376211932486989e-01 2.163365045460472758e-01 3.413732872380151329e-02 3.060885455369025121e-01
4.517063383814467481e-01 2.650388037909007233e-01 4.093324675055296652e-02 2.423216110770994858e-01
4.299193093438077318e-01 2.606076975046804356e-01 4.059932042220733284e-02 2.688736727293045137e-01
4.082335392029268206e-01 2.799723481533373248e-01 3.588684156542611831e-02 2.759072710783097016e-01
4.570871847682355105e-01 2.501219008614563033e-01 2.292818423245439330e-02 2.698627301378536680e-01
4.059671457930397187e-01 2.779628381402348691e-01 4.517636894386399538e-02 2.708936471228615139e-01
3.867472528996400150e-01 2.957086791336479004e-01 2.493944366542028002e-02 2.926046243012919157e-01
4.509918452473852257e-01 2.896552663001065175e-01 3.243285188625051607e-02 2.269200365662577823e-01
4.417235910335172711e-01 2.562347532655606108e-01 2.499051039680028063e-02 2.770511453041218930e-01
4.269784048034889756e-01 2.942057026901969130e-01 2.746543882964803951e-02 2.513504536766661968e-01
4.502659332744753384e-01 2.647108084493762226e-01 2.368519504981547383e-02 2.613380632263330172e-01
4.013526403347989491e-01 2.386337565155250695e-01 4.198149132557107283e-02 3.180321118241049572e-01
4.707817753673005923e-01 2.072239527947814519e-01 4.148108151261489102e-02 2.805131903253031411e-01
3.817091451317015660e-01 2.657943553402421499e-01 3.848917218856880151e-02 3.140073273394874409e-01
4.784156038188880355e-01 2.452786105680093143e-01 1.476723470559753934e-02 2.615385509075051074e-01
4.432657598183351033e-01 2.617516519940893960e-01 2.471097838398717342e-02 2.702716098035882197e-01
4.455573222564893632e-01 2.584950613748312476e-01 2.252599549960456263e-02 2.734216208690748440e-01
4.017179887831049401e-01 3.065538411807734454e-01 3.597634803707310674e-02 2.557518219990486119e-01
4.191091922635084566e-01 2.458014546935477496e-01 5.409354565226879435e-02 2.809958073906749232e-01
4.205363757367856503e-01 2.689656964646532922e-01 5.811887930992413326e-02 2.523790484886370700e-01
4.384681849459551861e-01 2.637482532847454375e-01 3.851719513409788964e-02 2.592663666352014729e-01
4.052008276062328829e-01 2.612264704078698374e-01 1.278246734613453992e-02 3.207902346397626392e-01
3.679924604817523259e-01 2.797555888900588039e-01 3.654569891785079683e-02 3.157062517103380594e-01
4.342924789260744767e-01 2.738250020763028925e-01 3.856467009388339640e-02 2.533178489037392067e-01
5.065378976827064061e-01 1.977749951844064158e-01 4.042421306852495011e-02 2.552628940643623112e-01
4.554032143353369810e-01 2.346478681988063697e-01 2.921365152521103806e-02 2.807352659406454620e-01
4.489513986834158810e-01 2.711046615653385228e-01 3.562555557054777194e-02 2.443183841806979006e-01
4.401865522182699664e-01 2.322311086105959266e-01 5.506820816626116499e-02 2.725141310048729837e-01
4.606221039657654170e-01 2.475606040227010252e-01 2.602119232243607291e-02 2.657960996890976202e-01
3.832760208055708273e-01 2.306488735062595663e-01 4.559991045890184752e-02 3.404751952292677242e-01
4.135304193827998853e-01 2.939703487772359347e-01 5.713282787852465988e-02 2.353664039614394854e-01
3.906534061036338046e-01 2.477841046907512945e-01 7.223533757731298577e-02 2.893271516283017486e-01
4.327572529573152083e-01 2.456860930078233751e-01 4.252347912038176997e-02 2.790331749144796536e-01
4.736622080025741366e-01 2.257387542086101151e-01 4.471377244315616339e-02 2.558852653456597515e-01
4.127420381065591837e-01 2.510124469597961872e-01 2.129619138606918954e-02 3.149493235475755437e-01
4.181056326365655273e-01 2.500287870807568202e-01 2.376489606511494532e-02 3.081006842175627036e-01
3.754049389117923852e-01 2.778996583874620563e-01 4.427010035753405764e-02 3.024253023432116327e-01
4.122649702029780316e-01 2.524471795705451882e-01 4.889074699027160659e-02 2.863971032362052638e-01
4.478347250085047415e-01 2.290659676500588771e-01 4.263948153528822338e-02 2.804598258061479776e-01
4.739026853220649760e-01 2.368346071477031300e-01 4.194294178844631266e-02 2.473197657417855466e-01
4.524874017741152832e-01 2.554647989571721123e-01 4.296976571984441329e-02 2.490780335488681496e-01
4.301806039057226028e-01 2.489536211320236558e-01 5.693561095709028658e-02 2.639301640051633369e-01
3.933016399231502036e-01 2.777125707792444942e-01 5.243425985741085454e-02 2.765515294401943991e-01
4.103663656651976854e-01 2.571281079562111604e-01 3.655099810674811850e-02 2.959545282718431536e-01
3.481911044694415702e-01 2.734163566485956487e-01 2.745532707196381844e-02 3.509372118099991500e-01
3.734885611181252285e-01 2.660099772030299903e-01 6.597697185585564561e-02 2.945244898229891217e-01
4.820544534758984812e-01 2.501244835694827473e-01 2.441187367219741292e-02 2.434091892824214176e-01
4.450561562761904955e-01 2.476448666144417665e-01 6.538689012622769803e-02 2.419120869831401510e-01
4.391979287491178940e-01 2.392095056864564639e-01 4.229088231571043882e-02 2.793016832487150158e-01
3.858919804021566091e-01 2.717443550134475694e-01 3.558145117196892526e-02 3.067822134124270073e-01
4.439993487068738531e-01 2.600999126544715212e-01 2.298110485056631055e-02 2.729196337880883672e-01
4.721517470187086007e-01 2.137883452986176214e-01 2.765132643116524624e-02 2.864085812515085872e-01
4.279313290427916860e-01 2.610946184961097094e-01 4.677722677650717614e-02 2.641968256845914631e-01
4.147919084531008216e-01 2.458079280078716289e-01 4.039350426785872500e-02 2.990066592711688176e-01
4.117994951163560513e-01 2.598121325381258506e-01 3.710255845772980621e-02 2.912858138877882919e-01
4.161981033974322397e-01 2.597123742771849653e-01 4.988428958272185521e-02 2.742052327426609537e-01
3.854984192017978928e-01 3.338451108100253251e-01 3.785513516382856686e-02 2.428013348243482084e-01
3.537771952047801260e-01 2.764141731341204777e-01 5.101455866580006243e-02 3.187940729952993268e-01
4.246980527051708032e-01 2.270826240900566395e-01 3.272436046052108055e-02 3.154949627442515947e-01
4.032501232768944122e-01 2.549258896376542238e-01 4.166282294650790891e-02 3.001611641389434482e-01
4.380515664464317283e-01 2.643180369605210855e-01 2.152329610625566825e-02 2.761071004867914902e-01
4.207248622374513136e-01 2.298966064756201300e-01 4.784361554400416716e-02 3.015349157429243476e-01
4.257234491031380297e-01 2.853750022335611591e-01 2.676058934664191438e-02 2.621409593166588170e-01
4.408540601607641163e-01 2.289051062225939959e-01 3.354244861603498246e-02 2.966983850006069123e-01
4.389015331425467070e-01 2.214061627574871738e-01 5.692827746493601959e-02 2.827640266350301967e-01
4.251598313129436035e-01 2.350680500956621177e-01 5.260944595146553604e-02 2.871626726399287843e-01
3.676359326076129030e-01 3.081645195514254865e-01 3.410434966537628093e-02 2.900951981755853226e-01
4.798840159373539693e-01 2.463938338335029676e-01 3.422236140494495926e-02 2.394997888241981732e-01
3.908732029345483028e-01 3.046038342953374389e-01 4.616168957891483848e-02 2.583612731911993365e-01
4.495389811528570090e-01 2.074215226417754077e-01 4.811152823351816377e-02 2.949279679718493363e-01
4.350421044940548376e-01 2.580788842006823125e-01 2.074846798375754725e-02 2.861305433215052263e-01
4.295015078896743388e-01 2.382564854886203565e-01 2.408208723850473534e-02 3.081599193832004202e-01
3.929511787085876451e-01 2.675904969387433718e-01 4.195110369571691117e-02 2.975072206569519540e-01
4.595977555575854190e-01 2.294481663256760506e-01 5.055845346075009406e-02 2.603956246559883669e-01
3.707900052343242048e-01 3.060267763941226793e-01 1.093323068275181380e-02 3.122499876888013004e-01
4.117730659184964392e-01 2.453681856759977742e-01 4.834939545507666026e-02 2.945093529504292929e-01
3.964441177616160328e-01 2.998344136584401576e-01 2.559024267118080107e-02 2.781312259087630467e-01
3.996333207438080293e-01 2.534752976808605784e-01 4.495162471545612742e-02 3.019397568598753967e-01
4.229695186403995555e-01 2.742221008898687029e-01 1.883068916421443140e-02 2.839776913055173657e-01
4.614179332549034340e-01 2.515306408572746122e-01 3.103200888805329044e-02 2.560194169997687674e-01
4.215148819809251823e-01 2.636609519817483260e-01 3.653060535953364663e-02 2.782935606777928172e-01
4.023046982198558719e-01 2.717408671161855027e-01 3.482503284444279923e-02 2.911294018195159650e-01
4.712018603842490494e-01 2.370730061601769856e-01 2.342746901926346173e-02 2.682976644363104235e-01
4.239441986517372141e-01 2.355489496605258359e-01 2.481063839158569734e-02 3.156962132961512180e-01
3.762359553772027243e-01 2.831364600905704743e-01 5.944712625286033975e-02 2.811804582793664964e-01
4.447433823472453085e-01 2.485544926631451101e-01 4.192421304075096694e-02 2.647779119488586352e-01
4.819030288296311526e-01 2.230144423788930907e-01 2.428257521984457032e-02 2.707999535716312245e-01
4.328019269182013518e-01 2.304146777818315839e-01 2.904433088861861634e-02 3.077390644113484619e-01
3.853750912303755549e-01 2.872005199683607124e-01 3.649742718736204150e-02 2.909269616139016912e-01
3.900845026271541616e-01 2.469203205020801817e-01 5.166447971235972603e-02 3.113306971584057781e-01
4.391334790651330588e-01 2.575322764000130826e-01 5.018438087388522872e-02 2.531498636609685327e-01
3.750978093651934908e-01 2.603761306166054168e-01 4.952594500303504621e-02 3.150001150151659490e-01
4.242091792027542496e-01 2.972468744740607294e-01 4.044650205011356831e-02 2.380974442730713625e-01
4.245644682383048485e-01 2.932964753164635230e-01 3.098666720498042745e-02 2.511523892402511837e-01
4.009196209036113845e-01 2.739645210850171209e-01 4.475499944730430141e-02 2.803608585640671724e-01
3.820219306196497855e-01 3.080331607905693048e-01 2.654908164759305078e-02 2.833958269421877896e-01
3.846140175101263603e-01 2.639673356154337291e-01 6.515477663034943689e-02 2.862638702440905569e-01
4.132118355711822399e-01 2.252680721977015077e-01 3.108118021133807890e-02 3.304389120197781526e-01
4.052122870542477773e-01 3.116491087211311628e-01 4.700166735656062522e-02 2.361369368680604763e-01
4.340799746207230081e-01 2.769301295150427000e-01 2.838835856272162519e-02 2.606015373015126424e-01
4.161026619497610879e-01 2.555630140559463359e-01 3.172338614744663748e-02 2.966109378468458346e-01
4.080726469662317446e-01 2.740875444194469379e-01 2.919560814412443597e-02 2.886442004701968433e-01
4.496280972734302273e-01 2.388680786581860171e-01 1.919381299187901055e-02 2.923100110765047277e-01
3.854464591516920113e-01 2.659011619575213370e-01 2.473841366814004059e-02 3.239139652226467048e-01
4.512124415992017079e-01 2.185879783538056120e-01 6.395499434036495956e-02 2.662445857066276789e-01
4.715256754918986104e-01 2.355408026398473076e-01 1.950462965843138483e-02 2.734288922098227492e-01
4.338550027133192266e-01 2.810889460588213984e-01 4.448605942526185492e-02 2.405699918025973327e-01
4.004896510629043505e-01 2.431005526402808259e-01 4.626650978101570083e-02 3.101432865157989771e-01
4.146508120335067327e-01 2.599585207624895977e-01 5.038801336882304388e-02 2.750026538351805216e-01
3.939221645891178292e-01 2.878635959756118967e-01 4.714005819445962753e-02 2.710741812408105078e-01
3.913486248642477627e-01 2.638832588848307181e-01 4.315929920878993492e-02 3.016088170421315495e-01
4.327867585770578396e-01 2.380375196934916837e-01 2.525631275944508966e-02 3.039194089700054113e-01
3.773480974898848483e-01 2.661112462075745366e-01 2.228939174237385898e-02 3.342512645601668497e-01
4.128847717173077525e-01 2.771323491095665781e-01 2.152238670051135477e-02 2.884604924726143493e-01
4.489905419745326420e-01 2.465096883310132769e-01 3.709867300990969674e-02 2.674010966845445370e-01
4.310376608288071232e-01 2.448923053113487014e-01 3.086526824880573075e-02 2.932047656110385869e-01
3.822565045104465153e-01 2.863014630492410895e-01 3.915665643856522382e-02 2.922853760017471436e-01
4.338685769134660863e-01 2.479230275073846801e-01 3.219599862789918054e-02 2.860123969512500253e-01
4.210575511235986612e-01 2.717091102017724635e-01 3.030030849347529337e-02 2.769330301811535611e-01
4.264106772019343738e-01 2.522453188839728910e-01 2.387512550862095836e-02 2.974688784054716484e-01
4.105334518408046973e-01 2.429705226367032678e-01 1.493051912788600707e-02 3.315655063946059133e-01
4.180370152532307260e-01 2.676385600087816119e-01 4.449936931403800089e-02 2.698250554239498000e-01
4.217530622049860400e-01 2.374010240563481644e-01 3.696852208729202449e-02 3.038773916513737849e-01
3.876932235483619982e-01 2.891921243494750549e-01 4.430466194512006767e-02 2.788099901570429973e-01
4.469425698858007223e-01 2.398112671308642307e-01 2.366272775117805177e-02 2.895834352321570160e-01
4.644414168052961589e-01 2.564947104903429476e-01 1.752088119030248414e-02 2.615429915140583539e-01
4.182577406375259654e-01 2.580292738028696076e-01 1.948119914207600833e-02 3.042317864175282938e-01
4.378521052495728538e-01 2.368690277788523257e-01 1.999097005479162636e-02 3.052878969167832635e-01
4.356076403970239319e-01 2.536076026375412851e-01 2.375447283652839386e-02 2.870302841289061879e-01
4.528778734188809163e-01 2.537575248046026188e-01 4.296144614761020913e-02 2.504031556289062488e-01
4.222850391323463293e-01 2.505133293304319109e-01 4.921617019220173722e-02 2.779854613450198908e-01
4.383549145571548622e-01 2.657417847004828193e-01 3.671575519672120452e-02 2.591875455456412181e-01
4.205590339554786672e-01 2.256934248041664870e-01 3.942522267619089776e-02 3.143223185641639272e-01
4.230755113716632709e-01 2.603941692336108060e-01 3.167573222059404114e-02 2.848545871741320346e-01
4.090573480691545027e-01 2.250768357983166101e-01 2.908328452182079929e-02 3.367825316107080358e-01
4.464484054376492428e-01 2.696388363477573713e-01 3.944996011975075711e-02 2.444627980948426704e-01
3.962477209928580990e-01 2.650268442154997128e-01 1.988546821720611063e-02 3.188399665744361955e-01
3.739344354638441947e-01 2.337430974912793336e-01 4.007761627567889284e-02 3.522448507691976483e-01
4.438536676786959956e-01 2.375916750116439657e-01 3.541552724131546981e-02 2.831391300683445689e-01
4.288765585901887500e-01 3.067647007724552677e-01 2.016686355636045092e-02 2.441918770809954897e-01
4.521641726718991228e-01 2.695809032322679100e-01 4.884166720216290281e-02 2.294132568936700090e-01
3.915062587134873207e-01 2.811945068241936130e-01 4.294349584716432994e-02 2.843557386151547850e-01
4.267642957358949718e-01 2.584719897541599698e-01 3.645917034980129812e-02 2.783045441601437187e-01
4.127777983318060562e-01 2.737679482041474044e-01 3.578037147321396633e-02 2.776738819908325384e-01
4.222496949142532374e-01 2.489886539972706037e-01 4.836132644792279223e-02 2.804003246405533667e-01
3.712640625171519937e-01 2.684047308062344483e-01 4.102909222889648821e-02 3.193021144477170559e-01
4.271010036795905851e-01 2.947914633990769140e-01 4.191190314276264234e-02 2.361956297785697823e-01
4.393176455584419382e-01 2.348615611607929310e-01 2.352327657047913190e-02 3.022975167102858740e-01
4.797135889300086498e-01 2.497550449526075023e-01 2.658587669536213380e-02 2.439454894220217107e-01
3.526475703154846597e-01 3.132989491452179420e-01 6.196807350244350199e-02 2.720854070368539102e-01
4.252934311497200692e-01 2.368114447171220105e-01 2.566679256150873611e-02 3.122283315716493091e-01
4.505933430147703866e-01 2.833755213899222802e-01 5.007075367003798599e-02 2.159603819252693679e-01
3.981623111182571173e-01 2.763139399350717507e-01 4.394804182941794424e-02 2.815757071172529935e-01
4.918064641234213830e-01 2.556806122357359046e-01 1.585800550265723668e-02 2.366549181381854272e-01
4.290076186872191499e-01 2.259544017495966062e-01 2.300687528971845364e-02 3.220311042734658180e-01
3.896037195920304397e-01 2.696025945836517668e-01 6.337385135536889591e-02 2.774198344689489115e-01
4.155219923932296222e-01 2.504194302774957470e-01 3.172741975398928049e-02 3.023311575752854474e-01
3.663530695983897023e-01 2.832458119978750188e-01 2.845696412779927589e-02 3.219441542759358676e-01
4.746433691433837865e-01 2.527158990192029941e-01 2.915914357828104306e-02 2.434815882591321590e-01
4.411487080828624952e-01 2.363806923567815799e-01 5.196027817862348269e-02 2.705103213817323660e-01
4.375632435955688626e-01 2.562014409349078758e-01 3.591867924482057550e-02 2.703166362247028109e-01
3.781149689921513013e-01 3.236970324588668291e-01 2.959605247374327841e-02 2.685919460752385635e-01
3.910722625170924838e-01 2.925221097319148922e-01 2.913502317964955859e-02 2.872706045713429579e-01
4.146738775422245116e-01 2.735395085429352391e-01 2.369761065118177606e-02 2.880890032636583831e-01
4.260961265165402745e-01 2.807901237267834138e-01 3.517052536825339415e-02 2.579432243884229869e-01
4.046457450853856441e-01 3.121911674972472905e-01 2.440758760588312634e-02 2.587554998114839910e-01
4.095969184111862837e-01 2.715916265933057128e-01 3.471042374978532130e-02 2.841010312457226128e-01
4.457120649924269373e-01 2.399140540070092975e-01 3.799889360810666805e-02 2.763749873924570832e-01
4.421255354205257393e-01 2.535958617708805596e-01 2.823688457727848572e-02 2.760417182313152362e-01
4.161673930169257907e-01 2.465516979850529700e-01 3.553309559669284856e-02 3.017478134013285573e-01
4.305156592460462339e-01 2.888568582380560135e-01 2.888162425633362951e-02 2.517458582595641925e-01
4.076332918862772825e-01 2.556163198933014691e-01 4.246627971653892109e-02 2.942841085038822024e-01
4.655339443075580674e-01 2.270933693004509313e-01 2.132453800470507713e-02 2.860481483872860387e-01
4.511915670912766685e-01 2.476636488233789901e-01 3.616126187042700141e-02 2.649835222149173330e-01
3.639536049322422140e-01 3.291986670100974233e-01 1.816653010818226888e-02 2.886811979494780522e-01
3.630958058650464726e-01 2.998521608655569382e-01 3.957943961739386618e-02 2.974725936520026814e-01
4.470441882842525749e-01 2.473302007544012360e-01 4.135673658587740026e-02 2.642688743754687541e-01
3.943844431578717447e-01 2.358748679822038619e-01 3.690103717311901677e-02 3.328396516868055155e-01
4.190427128217729669e-01 2.357979489453068678e-01 2.308109454035856337e-02 3.220782436925617165e-01
4.041120821368952010e-01 2.575430026013674767e-01 3.050668346408755977e-02 3.078382317976499083e-01
4.251414165171334969e-01 2.539124955488279434e-01 5.105231126115681445e-02 2.698937766728817245e-01
4.656721594860209756e-01 2.652595542445141397e-01 3.092226686384242848e-02 2.381460194056223278e-01
3.998607861612855641e-01 2.732244060383589579e-01 3.538443550237437701e-02 2.915303722979811218e-01
4.396613239837875442e-01 2.439740738029091138e-01 2.503562560953401239e-02 2.913289766037691630e-01
3.912780373056686245e-01 2.896202454908283208e-01 3.505746863438482380e-02 2.840442485691180852e-01
3.967729561434879537e-01 2.444453565355843572e-01 4.448916296129830361e-02 3.142925243596294549e-01
4.538555148842566833e-01 2.759939168872820869e-01 2.798340663941261894e-02 2.421671615890486073e-01
4.689984182587381145e-01 2.573744885698328599e-01 3.457435205202560868e-02 2.390527411194033058e-01
3.831095452074557151e-01 3.147677910542470148e-01 3.047108289649961763e-02 2.716515808417975797e-01
4.145817451498690631e-01 3.068833363525466651e-01 4.956940478478461670e-02 2.289655137127997730e-01
4.154012033313586594e-01 2.960674597392952134e-01 3.612764154802666772e-02 2.524036953813194595e-01
3.914926527483639784e-01 2.727343569604916418e-01 2.505586133454744055e-02 3.107171289565968109e-01
3.862309621234408796e-01 3.006622868325719011e-01 2.250448749814926500e-02 2.906022635458379577e-01
4.471733436753629332e-01 1.895683845422196923e-01 5.847862804966516559e-02 3.047796437327523478e-01
4.047863546577745164e-01 2.502392596147018922e-01 4.419502868040997567e-02 3.007793570471136713e-01
4.087006232270471440e-01 2.578054925037006617e-01 2.468136325249612947e-02 3.088125210167562695e-01
4.118360721844969152e-01 2.723468075334524174e-01 1.796158735848011126e-02 2.978555329235704763e-01
3.974532708262465963e-01 2.836721281997151567e-01 4.336963381669656920e-02 2.755049671573415182e-01
3.869506902769551115e-01 3.201325004234442662e-01 4.268589662925111050e-02 2.502309126703495257e-01
4.164738684278029845e-01 2.318586584539898965e-01 2.944452313139708094e-02 3.222229499868100033e-01
4.128151837618017073e-01 2.467175843220015541e-01 2.187049306703524321e-02 3.185967388491615093e-01
3.962645901750015964e-01 3.049814897842525463e-01 3.468041719886023888e-02 2.640735028418855768e-01
3.939555995698425517e-01 2.660535086099841684e-01 2.484653250794802148e-02 3.151443593122252862e-01
4.014996745112603405e-01 2.599686908193006296e-01 3.311157927731903788e-02 3.054200553921200267e-01
3.992227166167202634e-01 2.522568389820185608e-01 4.402613987304591914e-02 3.044943045282152427e-01
4.457249073829301911e-01 2.450210543606812508e-01 6.675305282400387230e-02 2.425009854323845748e-01
4.313511784860026843e-01 2.387650585980256868e-01 2.390190186621429791e-02 3.059818610497572755e-01
4.223526841221869055e-01 2.326362924234993412e-01 4.893000003002231230e-02 2.960810234242916006e-01
3.978657258588566004e-01 2.719605870385816693e-01 3.768532259088960140e-02 2.924883645116719277e-01
3.582260092923345018e-01 3.210641124935330604e-01 1.624761473668418985e-02 3.044622634774482028e-01
3.957403753482431341e-01 2.684898785779609720e-01 3.680084311552236226e-02 2.989689029582735524e-01
3.810885729778241138e-01 2.756090997674128240e-01 4.923054326818669668e-02 2.940717839865764072e-01
4.139039459255057229e-01 2.772323883859139637e-01 2.952295702670535912e-02 2.793407086618748814e-01
4.649677396678522090e-01 2.276206261356010785e-01 2.600088958720359750e-02 2.814107446093430664e-01
3.831580362667239559e-01 3.091532228260034376e-01 1.588126432834547838e-02 2.918074765789269720e-01
4.415183865616857384e-01 2.467243006564143748e-01 3.316732993188908907e-02 2.785899828500107422e-01
4.951019520130420237e-01 2.564331152224328947e-01 3.458444092776336021e-02 2.138804918367617491e-01
4.483325213613785221e-01 2.358579187164965008e-01 3.590362530131317731e-02 2.799059346208118693e-01
4.271615916454435946e-01 2.613160168926010329e-01 2.325269638182640361e-02 2.882696950801289515e-01
4.194809559780083297e-01 2.516533874235142854e-01 3.584542175455001506e-02 2.930202348439274185e-01
4.389456454105083449e-01 2.455238798304985870e-01 3.450246517020108539e-02 2.810280095887919827e-01
4.605469612459488493e-01 2.569872332451851871e-01 2.718607851767343431e-02 2.552797269911926126e-01
4.450778984682977613e-01 2.581551522181490532e-01 3.143962101599268033e-02 2.653273282975604497e-01
4.068720683433819096e-01 2.472261546360897677e-01 4.397591050317002648e-02 3.019258665173583100e-01
4.018336785418603618e-01 2.490457083650661207e-01 4.363127046702253847e-02 3.054893426260509859e-01
3.985451045919327639e-01 2.641038865388296020e-01 3.551932372183649878e-02 3.018316851474011631e-01
4.543856012427455182e-01 2.395106520688480567e-01 3.169936886438447926e-02 2.744043778240218834e-01
4.293381571577544742e-01 2.314745089171874048e-01 3.451066861841053934e-02 3.046766653066475539e-01
4.203756232450490127e-01 2.531903567265827437e-01 2.973056433694159020e-02 2.967034556914267540e-01
3.747447296258888394e-01 3.020275435391764352e-01 4.206406369151659969e-02 2.811636631434182854e-01
4.170567369090944498e-01 2.817707273058032702e-01 6.476277244894960983e-02 2.364097633361527950e-01
4.616575433640098813e-01 2.459799290663537696e-01 2.695543085522321067e-02 2.654070967144130377e-01
4.870680751261954877e-01 2.311868158648458238e-01 2.831854126232251009e-02 2.534265677466360223e-01
4.036362801251428545e-01 2.487901471932644770e-01 4.161991828809813443e-02 3.059536543934944786e-01
4.287856077741130090e-01 2.158950642559759325e-01 5.263220471610163820e-02 3.026871232538092538e-01
4.453605386776114394e-01 2.433992336797725919e-01 1.740297909770713997e-02 2.938372485449088911e-01
4.365624941903756273e-01 2.138288775590446444e-01 5.694117246651726055e-02 2.926674557840623359e-01
4.412101068722627528e-01 2.571398214805693527e-01 3.594559595641914906e-02 2.657044756907487315e-01
4.377758716874777245e-01 2.512364480575534631e-01 2.191207508990982225e-02 2.890756051650589797e-01
4.166908601239246446e-01 2.790799081007127591e-01 4.512842562526209883e-02 2.591008061501004489e-01
3.975374877191034662e-01 2.399773435263690413e-01 4.765123152817533209e-02 3.148339372263522229e-01
4.137754452245416825e-01 2.331248589656683690e-01 5.206507876328406170e-02 3.010346170465059701e-01
4.402068204419395947e-01 2.443734208157061494e-01 2.952499815498987532e-02 2.858947605873645714e-01
4.100006958951434854e-01 2.602335272010788958e-01 4.855645304564598641e-02 2.812093238581316323e-01
4.064788456580037401e-01 2.115145861284263296e-01 4.100598266178578227e-02 3.410005855517840301e-01
3.503070293350767361e-01 2.963811840605083403e-01 5.400456500921409914e-02 2.993072215952009008e-01
4.042300212293620798e-01 2.790681545339954162e-01 2.902407475835997591e-02 2.876777494782825628e-01
4.003748068673989025e-01 2.702756209230851026e-01 6.214974597661181849e-02 2.671998262329041141e-01
4.181984062419346060e-01 2.322005774075729667e-01 2.969559043597634271e-02 3.199054259145162615e-01
3.826262957357256522e-01 2.926322304256779305e-01 4.753069236960406202e-02 2.772107814689923622e-01
4.057937801396157562e-01 2.424385129462774402e-01 4.030697537089445587e-02 3.114607315432122991e-01
4.391270335002485092e-01 2.581666948896440550e-01 4.539741723726541112e-02 2.573088543728419553e-01
4.007670375927422368e-01 2.429990690906820572e-01 3.464209113324654560e-02 3.215918021833293894e-01
4.335716469299616405e-01 2.928937407993911224e-01 2.688362329669230499e-02 2.466509889739548766e-01
4.331046808095867506e-01 2.990313300291380649e-01 2.348622830580928897e-02 2.443777608554660585e-01
3.805034173591945734e-01 2.843175137834297872e-01 2.016709242012828737e-02 3.150119764372474318e-01
4.212649019016878049e-01 2.280577832404816763e-01 5.888713968014620131e-02 2.917901751776841857e-01
4.104489202416139459e-01 2.872291414089154782e-01 2.721265204226315515e-02 2.751092863072076011e-01
3.967944645074660270e-01 2.640802194039165718e-01 3.331372241435315296e-02 3.058115936742643592e-01
4.382902928792312691e-01 2.562722595917446000e-01 2.899781735247249428e-02 2.764396301765517650e-01
4.169839850713134566e-01 2.445985553877992602e-01 3.779155448646054349e-02 3.006259050544269340e-01
3.926176593230460421e-01 2.944305525575838800e-01 4.801167666924225502e-02 2.649401114501279686e-01
4.265162555639618880e-01 2.697838466877877095e-01 5.918339886156685770e-02 2.445164988866835865e-01
4.075190951949169693e-01 2.424143361155188248e-01 5.328403159284515050e-02 2.967825370967190901e-01
4.348562037157983062e-01 2.404445845428929140e-01 2.901993389508675247e-02 2.956792778462219995e-01
4.118209508453030687e-01 2.286731230099863510e-01 6.638197248021385222e-02 2.931239536644966726e-01
4.521321010942335739e-01 2.493839732093784678e-01 3.274430380056046058e-02 2.657396218958275602e-01
4.324305376484124386e-01 2.580745242614737034e-01 3.544543362834606803e-02 2.740495044617679010e-01
4.595254216211903664e-01 2.152444424693844838e-01 3.672398119405440725e-02 2.885061547153707773e-01
3.934324841067738388e-01 2.798042879819674367e-01 4.729352495539022871e-02 2.794697029558683710e-01
4.102325525489330937e-01 2.708753964078866039e-01 3.402146757767231938e-02 2.848705834655079761e-01
4.331200642557677671e-01 2.367041749856969579e-01 3.679937984863583533e-02 2.933763809098995923e-01
4.417602101785175206e-01 2.676256310686226381e-01 2.346178262521497748e-02 2.671523761276447528e-01
4.010787528033573635e-01 2.761535963508802705e-01 2.563462742162046087e-02 2.971330234241418844e-01
4.961733235206209347e-01 2.499339123348892355e-01 4.083836953502746614e-02 2.130543946094624053e-01
4.221900597054107918e-01 2.185124173902400213e-01 2.849555416664261570e-02 3.308019687377063978e-01
4.095344698097485026e-01 2.205479055028625734e-01 4.654069595845449631e-02 3.233769287289343652e-01
4.514058840161955799e-01 2.763865968527945971e-01 3.250828028240008299e-02 2.396992388486097192e-01
4.896707667377311335e-01 2.369651143126410009e-01 2.995201159403543256e-02 2.434121073555924608e-01
4.200853594780620259e-01 2.619902805872448837e-01 3.672190848419916442e-02 2.812024514504939399e-01
4.444766655436825920e-01 2.639621202318407911e-01 3.878825130825214879e-02 2.527729629162244196e-01
4.254568647576772444e-01 2.791083605241617693e-01 2.940842561214741455e-02 2.660263491060134711e-01
3.934555412644173966e-01 2.649226020679698035e-01 3.554625786587487651e-02 3.060755988017378471e-01
3.944707281859970993e-01 2.724601006529578373e-01 2.715005093421330243e-02 3.059191202268317089e-01
4.287838586918051309e-01 2.603323214264804397e-01 5.042952079420959244e-02 2.604542990875049480e-01
4.173858834986580169e-01 2.794755242973592235e-01 3.297067752551887526e-02 2.701679146784639607e-01
4.669602037741598100e-01 2.041159794524333715e-01 3.218705706036178310e-02 2.967367597130450840e-01
4.929378780324705223e-01 2.588508519334724589e-01 2.904823949936377950e-02 2.191630305346931595e-01
4.343542828263989297e-01 2.320047869691813369e-01 4.946846593128758490e-02 2.841724642731320305e-01
4.313579275925042977e-01 2.525839121348928407e-01 4.034177818609577248e-02 2.757163820865071169e-01
3.592734212544755890e-01 2.818695714597678759e-01 5.358116131894971601e-02 3.052758459668067914e-01
3.794141531143215840e-01 2.747359589727064733e-01 3.439844796067980520e-02 3.114514399522922417e-01
4.391338023017539727e-01 2.999626354663552652e-01 2.983160069247368235e-02 2.310719615394170035e-01
4.422245207763873531e-01 2.377436882392789941e-01 3.501401894799910375e-02 2.850177720363346046e-01
3.761833040533890116e-01 2.911955106888342582e-01 2.881512508244974541e-02 3.038060601753267975e-01
4.189769682069918177e-01 2.532184531096985936e-01 5.517497869743777372e-02 2.726295999858718289e-01
4.196540474725652392e-01 2.795698032915807096e-01 1.902688504604003669e-02 2.817492641898139971e-01
4.427478576213951245e-01 2.226597948687296102e-01 3.279997445499550218e-02 3.017923730548798256e-01
4.387509822035426943e-01 2.411689044924974212e-01 3.311147381240118343e-02 2.869686394915585970e-01
4.430465762840087307e-01 2.519262232693918468e-01 4.354817039282633112e-02 2.614790300537729872e-01
4.425689668633988050e-01 2.296765916312932532e-01 4.818270178965312900e-02 2.795717397156547990e-01
3.988020400071222715e-01 2.340930804567680767e-01 4.148189389100604557e-02 3.256229856451036686e-01
3.934750323784107495e-01 2.928766676439753525e-01 3.369298484630189883e-02 2.799553151313119437e-01
4.674741617803801486e-01 2.467918322374318685e-01 3.640458793584074731e-02 2.493294180463473952e-01
4.423959453516442819e-01 2.615251235243528094e-01 2.577406073452903970e-02 2.703048703894739835e-01
4.267339205601596852e-01 2.342630471946778592e-01 3.543699920871040687e-02 3.035660330364519099e-01
4.490831565685500792e-01 2.501511476391157784e-01 3.060010506445410422e-02 2.701655907278801005e-01
4.710478832736131327e-01 2.439681368304444653e-01 2.498146138835099714e-02 2.600025185075914846e-01
3.902719713392479584e-01 3.045634713152750583e-01 3.331428975155872885e-02 2.718502675939181157e-01
3.774608884434991762e-01 2.573030604823627887e-01 2.680916098286538832e-02 3.384268900912725808e-01
4.061330937542011466e-01 2.773601902091727411e-01 3.510062625471572356e-02 2.814060897819103957e-01
4.211279761591584236e-01 2.358176097530728932e-01 3.409770560817853430e-02 3.089567084795901142e-01
3.813076584870084274e-01 2.362489009736202517e-01 5.181305107169392743e-02 3.306303894676774768e-01
4.838607971709677491e-01 2.320446658639453708e-01 2.829607193625122141e-02 2.557984650288356865e-01
4.422097909919641134e-01 2.817667793779106700e-01 3.520706124068933435e-02 2.408163683894358198e-01
4.041536526828459208e-01 2.681784606379750691e-01 3.360304363963336621e-02 2.940648430395456647e-01
4.141055674068322978e-01 2.599048602150582643e-01 3.594574560239401084e-02 2.900438267757154409e-01
4.492086697865583234e-01 2.860055862541556748e-01 2.411872072638670747e-02 2.406670232328992631e-01
4.456025109914535931e-01 2.417266127755257898e-01 4.441603460460361724e-02 2.682548416284168957e-01
4.323861802883707250e-01 2.447812603499290030e-01 3.796031748653493770e-02 2.848722418751652441e-01
4.141657330131610082e-01 2.882539183464913890e-01 3.505942299305690041e-02 2.625209256472907926e-01
4.336529119900556228e-01 2.488083906522110256e-01 2.889143482012431971e-02 2.886472625376089174e-01
4.208586813450870823e-01 2.386157874333021400e-01 3.176621903389708484e-02 3.087593121877136859e-01
4.189334726617565674e-01 2.585863442313063310e-01 3.770453304122837329e-02 2.847756500657087075e-01
3.936517772396450621e-01 2.856994811739867468e-01 3.967850734419541003e-02 2.809702342421727117e-01
4.426658656958241123e-01 2.236784337191894401e-01 5.579349585284298918e-02 2.778622047321434585e-01
4.166160200531921487e-01 2.382148736950719381e-01 5.185631671802715115e-02 2.933127895337087621e-01
4.203232232180206807e-01 2.662785420392896896e-01 2.837431748803869239e-02 2.850239172546509825e-01
4.345841617595645467e-01 2.745018075961747073e-01 3.180939781660819393e-02 2.591046328276525035e-01
4.301902243516962376e-01 2.433706443719553247e-01 3.638609642907881386e-02 2.900530348472695197e-01
4.391175236650969871e-01 2.827758880470792602e-01 2.073508513652879554e-02 2.573715031512948670e-01
3.899736275442872158e-01 2.797527216938582306e-01 2.640192008134038815e-02 3.038717306805142626e-01
3.851404778635276749e-01 2.587681843228239464e-01 4.332557163522373495e-02 3.127657661784245535e-01
3.759528508924124823e-01 2.763973878110562721e-01 3.436094635604571013e-02 3.132888149404854383e-01
4.322298256811658579e-01 2.590900698024318216e-01 3.196714731562506212e-02 2.767129572007774874e-01
4.164109957819976393e-01 2.789723476701664318e-01 4.002024346245767333e-02 2.645964130853784568e-01
3.833777064832233905e-01 2.655380012217720131e-01 3.720131658683165088e-02 3.138829757081729732e-01
