1.862620805525357637e-01 3.492588623153710103e-01 3.577767698368171101e-01 1.067022872952761714e-01
1.579650149780227886e-01 3.941235276721886671e-01 3.768926031062113102e-01 7.101885424357709531e-02
1.965043810278319925e-01 3.407819664226823808e-01 3.390414773023567863e-01 1.236721752471288960e-01
1.984336100933116742e-01 3.414413015478108271e-01 3.693829777049402741e-01 9.074211065393723852e-02
1.667142499004600209e-01 3.643808583575200433e-01 3.218719054988491424e-01 1.470329862431707102e-01
1.748549099112063909e-01 3.575016351932372438e-01 3.822689004329597462e-01 8.537455446259652192e-02
1.595708254275238491e-01 3.801264796145212288e-01 3.713213838270988942e-01 8.898131113085604171e-02
1.644738809069188623e-01 4.039763053097649714e-01 3.251805142296325113e-01 1.063692995536836688e-01
1.416662794897693978e-01 3.460789096760691352e-01 3.616624489851321678e-01 1.505923618490293270e-01
1.715995421190630588e-01 4.041461871657052174e-01 3.335875729809045231e-01 9.066669773432731172e-02
1.905871578320438853e-01 3.079358386142327375e-01 3.841234404986910156e-01 1.173535630550324033e-01
1.457319067280560820e-01 3.833862814147441789e-01 3.480533300413684583e-01 1.228284818158312253e-01
1.581469730519330097e-01 3.793086801023343724e-01 3.879595834618375094e-01 7.458476338389509464e-02
1.944795990002370356e-01 3.715352509559452510e-01 3.446743267420578349e-01 8.931082330175996176e-02
1.839234477454276540e-01 3.884245564199979572e-01 3.658679494445907787e-01 6.178404638998359621e-02
1.322445818739557133e-01 3.848068544919574507e-01 3.927300692223475997e-01 9.021849441173913908e-02
1.777859129324735332e-01 3.700298967034979514e-01 3.551464414311352735e-01 9.703774893289325576e-02
1.763667645456227784e-01 3.543183335509347276e-01 3.954669672622306287e-01 7.384793464121196249e-02
1.649003094953321591e-01 4.245281012274702004e-01 3.519489734092669520e-01 5.862261586793063306e-02
1.954624856524330712e-01 3.696188833744191160e-01 3.605251470093678301e-01 7.439348396378012152e-02
2.503677759720167040e-01 3.356976251317011495e-01 3.412171093083627427e-01 7.271748958791934836e-02
1.896630541558551042e-01 3.184125214397361958e-01 3.472362038637207271e-01 1.446882205406879729e-01
1.358124052359096223e-01 3.864491970890978068e-01 4.161406458989090895e-01 6.159775177608358548e-02
1.576654938785644888e-01 3.704937966948210204e-01 3.888846324287316691e-01 8.295607699788282163e-02
2.086492352411064843e-01 3.666812167086665464e-01 3.497253429275403169e-01 7.494420512268669399e-02
1.624738458028233135e-01 3.432927024457894105e-01 3.984488339249418476e-01 9.578461782644530353e-02
1.499590730041836795e-01 3.720711572929084610e-01 3.760227108976538779e-01 1.019470588052539678e-01
1.639647184264846069e-01 4.159302883861910050e-01 3.583192883036662724e-01 6.178570488365820595e-02
1.390974607089464354e-01 3.950488383699485850e-01 3.393858607665076743e-01 1.264678401545971664e-01
1.922215798263762765e-01 3.491846210483496304e-01 3.303736111089881078e-01 1.282201880162859853e-01
2.128378594993248496e-01 3.830021254040292256e-01 3.393639987552826143e-01 6.479601634136350485e-02
2.045396215985188504e-01 3.077005827826017614e-01 4.024200899424670297e-01 8.533970567641235849e-02
1.874273083496688919e-01 4.180104632484647476e-01 3.297596376668035512e-01 6.480259073506283718e-02
1.914239224485068669e-01 3.975702303361153267e-01 3.465698461770466698e-01 6.443600103833106718e-02
2.008736066629882855e-01 4.095436073518631259e-01 2.944528094857241096e-01 9.512997649942457612e-02
1.875269455349418135e-01 3.693853569503607881e-01 3.582421424335412996e-01 8.484555508115607103e-02
1.516404254001450791e-01 3.581924236823583740e-01 4.027001258173801834e-01 8.746702510011639120e-02
2.172617498170250627e-01 3.644546093065510473e-01 2.961979279754519689e-01 1.220857129009718517e-01
1.869815392685071076e-01 4.694968796296310476e-01 2.545852619828679053e-01 8.893631911899387010e-02
1.698418151214663996e-01 3.871205930259728478e-01 3.621304012060342359e-01 8.090719064652647508e-02
1.984365003724023191e-01 3.945837694079935010e-01 3.147456221879154081e-01 9.223410803168870242e-02
1.781384520961116769e-01 3.998182651306378399e-01 3.308110374644651630e-01 9.123224530878522309e-02
1.934526613118622840e-01 3.778765094792917445e-01 3.644477325100349274e-01 6.422309669881091920e-02
2.215781060039202222e-01 3.680992168852171842e-01 3.354586527437136145e-01 7.486402436714895137e-02
1.416048003294326230e-01 3.831507763948115430e-01 3.896675451778259247e-01 8.557687809792986766e-02
1.810248590787292555e-01 4.063041206932058724e-01 3.288483304484669523e-01 8.382268977959782263e-02
1.528864111274489401e-01 4.052985742976927264e-01 3.624246926981435912e-01 7.939032187671475616e-02
1.446881299567149004e-01 4.097844698914055450e-01 3.461277740794151403e-01 9.939962607246440041e-02
1.973679519193237974e-01 2.899872000773007774e-01 4.112231343842435161e-01 1.014217136191319368e-01
1.451348751175146612e-01 3.931056152939260140e-01 3.704059931981291687e-01 9.135351639043015615e-02
1.739004335793042921e-01 3.404560114118974079e-01 3.992784282583780042e-01 8.636512675042018472e-02
1.143879297379409854e-01 4.236146851337739272e-01 3.600743704103548382e-01 1.019230147179303325e-01
2.479914603090448699e-01 3.731347206625398871e-01 3.203957630062225226e-01 5.847805602219265098e-02
1.439558452024579382e-01 3.948625696971601595e-01 3.607957691070566852e-01 1.003858159933252031e-01
2.007172146580821215e-01 3.769214251887039180e-01 3.289584740733125234e-01 9.340288607990133996e-02
1.567220839724436099e-01 3.726684198278361615e-01 4.037027532962710330e-01 6.690674290344932051e-02
2.378058058253032514e-01 3.406718569194344126e-01 3.342776112624078477e-01 8.724472599285439112e-02
1.506427906366636094e-01 3.580441117273364671e-01 4.063291805999103001e-01 8.498391703608945691e-02
1.750424252935542657e-01 4.245799705399258550e-01 3.216399002372880567e-01 7.873770392923175321e-02
1.657513165016243628e-01 3.663644775897613726e-01 3.881731372548973824e-01 7.971106865371682670e-02
1.935747387665675834e-01 3.316498589023251231e-01 3.745802330178354955e-01 1.001951693132717841e-01
2.018851181142081730e-01 3.914782201731520361e-01 3.196541908816643573e-01 8.698247083097550292e-02
1.433310011384169580e-01 3.263589276156195762e-01 4.292696331040173341e-01 1.010404381419461595e-01
1.698543888866693163e-01 3.866707517057322296e-01 3.552741297574821822e-01 8.820072965011623023e-02
1.735966807853470961e-01 3.788548196912509547e-01 3.504307612705436781e-01 9.711773825285829886e-02
2.169776223297445461e-01 4.127459636521308983e-01 2.921608984852548385e-01 7.811551553286984195e-02
1.763562676905106041e-01 3.687281245035889388e-01 3.881708239972112007e-01 6.674478380868927030e-02
2.166547226856962716e-01 3.517414608933517872e-01 3.339123056700040726e-01 9.769151075094781311e-02
1.445421662257134199e-01 4.054082168510804163e-01 3.480796671988858337e-01 1.019699497243203024e-01
1.307086218503173691e-01 4.141974306944926076e-01 3.617538268694255876e-01 9.334012058576438009e-02
2.260976493699615730e-01 3.434761679478353091e-01 3.461705631025545071e-01 8.425561957964884663e-02
1.219502497827628373e-01 4.442161463626054241e-01 3.454035344582004896e-01 8.843006939643127673e-02
1.956221132525433060e-01 3.253838903010564110e-01 3.983078264485138686e-01 8.068616999788638666e-02
1.853950883563709462e-01 3.720087386726143586e-01 3.671040235821201314e-01 7.549214938889471649e-02
2.288935249446606701e-01 3.582641919953048482e-01 3.097897498069535072e-01 1.030525332530808635e-01
1.563264576105113657e-01 3.391734503278862611e-01 4.243111749732365046e-01 8.018891708836579924e-02
1.840123946036599234e-01 3.603584995600017660e-01 3.450010861112285943e-01 1.106280197251097580e-01
1.695821171264797755e-01 4.104058080120397967e-01 3.570463468087527459e-01 6.296572805272758477e-02
1.582566353928480940e-01 3.434671116243718236e-01 3.619144457664771886e-01 1.363618072163029216e-01
2.144757763516467741e-01 3.554596128750391326e-01 3.528383512763826890e-01 7.722625949693133485e-02
2.148596310769612661e-01 3.468840731638953012e-01 3.242160741591612050e-01 1.140402215999823388e-01
1.516040075389489816e-01 4.357331514886373380e-01 3.293169352914728232e-01 8.334590568094091267e-02
1.949405941706975898e-01 3.514228187182633079e-01 3.766141423580388614e-01 7.702244475300026871e-02
1.945438974548604205e-01 3.357179829454188247e-01 3.519907286675459934e-01 1.177473909321746365e-01
2.209787313017052834e-01 3.601908419671235317e-01 3.271489265578524375e-01 9.168150017331869184e-02
1.319779991805134223e-01 3.867804215935565226e-01 3.660948393110480259e-01 1.151467399148821957e-01
1.658027330069030414e-01 4.127099767286204757e-01 3.647260094234278660e-01 5.676128084104854060e-02
1.867326679799545808e-01 3.698675043220636671e-01 3.734349438856339742e-01 6.996488381234772236e-02
1.360660453599067676e-01 3.875150090448086782e-01 3.650665859029289528e-01 1.113523596923555459e-01
1.642650123462680301e-01 3.901997188086372970e-01 3.659761415900831816e-01 7.955912725501153304e-02
1.992568369062739375e-01 3.031597791188899715e-01 3.696572877213850083e-01 1.279260962534511381e-01
1.798750802603191479e-01 3.849230463339886610e-01 3.653414802076100365e-01 6.986039319808201586e-02
1.797300162431377524e-01 3.821042265313593367e-01 3.215275388318468708e-01 1.166382183936559985e-01
1.822432155303044254e-01 3.486204061617121930e-01 3.650197890630892950e-01 1.041165892448942532e-01
2.113102716780689838e-01 3.353266308122370698e-01 3.844367300650145536e-01 6.892636744467924015e-02
2.177225115870759786e-01 3.497442408920773960e-01 3.720323206533485139e-01 6.050092686749820869e-02
2.050901957018470834e-01 3.677742260302732658e-01 3.719660074333856481e-01 5.516957083449400973e-02
1.569695557122832708e-01 4.192308562079368750e-01 3.684711713661489862e-01 5.532841671363093738e-02
2.171834493884159945e-01 3.929062220609372269e-01 2.857419965898843617e-01 1.041683319607624031e-01
1.626388516379401461e-01 3.641135804665531772e-01 3.677816411523406881e-01 1.054659267431659886e-01
1.811825272156952216e-01 3.719592081195848277e-01 3.523565200455782698e-01 9.450174461914176427e-02
1.988229597567086615e-01 4.330750724022046638e-01 3.048640161009255056e-01 6.323795174016109966e-02
1.649735429984771906e-01 3.571549630139242426e-01 3.926557542090310382e-01 8.521573977856758408e-02
2.356556572576431752e-01 3.206771315553886281e-01 3.644655109496705014e-01 7.920170023729763975e-02
1.579024919136446659e-01 3.711254046627317504e-01 4.039770932291446015e-01 6.699501019447905159e-02
2.302319915966875574e-01 3.674730915225210559e-01 3.251706844149628295e-01 7.712423246582855718e-02
2.237294970838849539e-01 3.432995000319388201e-01 3.761128852007130097e-01 5.685811768346308442e-02
1.744792232806354204e-01 3.926968048735143269e-01 3.278305651540716625e-01 1.049934066917786596e-01
2.029771819956827372e-01 3.693319156065961173e-01 3.603372532005166828e-01 6.735364919720465693e-02
1.956280370087423170e-01 3.532039181056111365e-01 3.500765721294077371e-01 1.010914727562388787e-01
1.391221861635467405e-01 3.948741411996146145e-01 3.823692043888045067e-01 8.363446824803413837e-02
1.653672669585918853e-01 3.945885467855340667e-01 3.230068875515384463e-01 1.170372987043354074e-01
1.958848997344167508e-01 3.779812178246255150e-01 3.446198926931412498e-01 8.151398974781641493e-02
2.082547775498010678e-01 3.126019154748849171e-01 4.237356005437117878e-01 5.540770643160213005e-02
1.705073351995700370e-01 3.740934747520558434e-01 3.644438008488790071e-01 9.095538919949515411e-02
2.070725720220484012e-01 3.456473894323815466e-01 3.541242184552174099e-01 9.315582009035262845e-02
2.155682216922135408e-01 3.490755928809579078e-01 2.939600562029453523e-01 1.413961292238831713e-01
1.161211773394799779e-01 3.795155178468275214e-01 4.175673993471352707e-01 8.679590546655721606e-02
2.281194047714161233e-01 3.310583653859409670e-01 3.316265207956760053e-01 1.091957090469669184e-01
1.688946288247182015e-01 3.326918785998307371e-01 4.038827067539582094e-01 9.453078582149285203e-02
1.504153174909295676e-01 3.899307596211742943e-01 3.596573805527391032e-01 9.999654233515702095e-02
1.850143634065536113e-01 3.522072255348703829e-01 4.025599921699761219e-01 6.021841888859991165e-02
1.799436735337424098e-01 3.047526107205312251e-01 4.099700166001009616e-01 1.053336991456253618e-01
1.558098006290056514e-01 3.311395636452321711e-01 4.454332328146491937e-01 6.761740291111312251e-02
1.699044010162029938e-01 3.425514545766259467e-01 3.806960286040791952e-01 1.068481158030917810e-01
1.862399406211610597e-01 3.720654754020507049e-01 3.583826665232531239e-01 8.331191745353518086e-02
1.811474408393965729e-01 3.608184270500794377e-01 3.544320176773409492e-01 1.036021144331829708e-01
1.691016141735057488e-01 4.076947293841344244e-01 3.431885905084620658e-01 8.001506593389781652e-02
1.316282053005267128e-01 3.756871272218747504e-01 3.870889787344584665e-01 1.055956887431400010e-01
1.589086372362315536e-01 3.768204014023874837e-01 3.875734520790444781e-01 7.669750928233644294e-02
2.226792299610098613e-01 3.310669982489549135e-01 3.495868240417380202e-01 9.666694774829713566e-02
1.666340926105303322e-01 3.675043017508332066e-01 3.719379661066387621e-01 9.392363953199768523e-02
1.714264231709626551e-01 3.870178499178181242e-01 3.435559100982469305e-01 9.799981681297237346e-02
1.807272324306700428e-01 3.966544964627975456e-01 3.495966226567510104e-01 7.302164844978131786e-02
2.037982498768404760e-01 3.662423206732631775e-01 3.681999830112463457e-01 6.175944643865000083e-02
1.502431289134716907e-01 3.447520105190935991e-01 3.519518274156342441e-01 1.530530331518004938e-01
1.790901834731749853e-01 3.809234674700327505e-01 3.555135815976790403e-01 8.447276745911305729e-02
1.633225555278543240e-01 3.989961479734621674e-01 3.383871255968092795e-01 9.929417090187413197e-02
1.649542742866537126e-01 3.990484799518733139e-01 3.523228884616205203e-01 8.367435729985246706e-02
1.795327617853775537e-01 3.621103095159846075e-01 3.377033055823687180e-01 1.206536231162691902e-01
1.872914215066526777e-01 3.900690680219879303e-01 3.548035480367695005e-01 6.783596243459000252e-02
1.271765756952542570e-01 3.952146924160457875e-01 3.754914304781488132e-01 1.021173014105512394e-01
1.485149115393828989e-01 4.310297811892218056e-01 3.194817521753584577e-01 1.009735550960368516e-01
1.578911675361297784e-01 4.121662441563350709e-01 3.367322262941833677e-01 9.321036201335193561e-02
1.563555268421368549e-01 3.314862984880337926e-01 3.812013937888358295e-01 1.309567808809935230e-01
1.796913843228448160e-01 3.974861145364566029e-01 3.486793911754170194e-01 7.414310996528164499e-02
1.724329598486437354e-01 3.763400963813982592e-01 3.570686749606424293e-01 9.415826880931553455e-02
1.821320713389847079e-01 3.538795542871935318e-01 3.557671573442196533e-01 1.082212170296021903e-01
1.404699493318583015e-01 3.852229620990863523e-01 3.793297731308806764e-01 9.497731543817478084e-02
1.834119588239289389e-01 3.352545922101121123e-01 4.033297672828338176e-01 7.800368168312510342e-02
1.505460727197075188e-01 4.104152792827163165e-01 3.413184047687232714e-01 9.772024322885282388e-02
1.973995697494400348e-01 3.134588976803784344e-01 3.986545468262855385e-01 9.048698574389611726e-02
1.925426043023036604e-01 3.822257949720220260e-01 3.418546597822064159e-01 8.337694094346793927e-02
2.038774229242637237e-01 3.465692747183857780e-01 3.596543160963953656e-01 8.989898626095516043e-02
1.826029235739319023e-01 3.257274605218996588e-01 4.112031557276973337e-01 8.046646017647091087e-02
1.958357700409179003e-01 3.683292177601517614e-01 3.706940833360380938e-01 6.514092886289218898e-02
1.684113165282807301e-01 4.243008089333499822e-01 3.190583000326042140e-01 8.822957450576504601e-02
1.191007512176808780e-01 4.336415597567079283e-01 3.283434854215720455e-01 1.189142036040391898e-01
1.640745143197518408e-01 3.972169180816752521e-01 3.749492549113493944e-01 6.375931268722347112e-02
2.145142719325229264e-01 3.716214647497660950e-01 3.377969563583238521e-01 7.606730695938694609e-02
1.735772245700816507e-01 3.473998103352282096e-01 4.049135098154611478e-01 7.410945527922878362e-02
1.959060591559483866e-01 3.579192472003424608e-01 3.355915050065729766e-01 1.105831886371362593e-01
1.627372008130427705e-01 3.209803278933386905e-01 4.501883073032571514e-01 6.609416399036144307e-02
2.151428731941260053e-01 3.850815252695686808e-01 3.274902787551319805e-01 7.228532278117311138e-02
1.650256968007021430e-01 3.757534914762698519e-01 3.712596242094140520e-01 8.796118751361395316e-02
1.880498508016503201e-01 3.852558832154276414e-01 3.437699752269397502e-01 8.292429075598223287e-02
1.710476085724272899e-01 3.562855512375907585e-01 3.100118506564192855e-01 1.626549895335626106e-01
1.731129431533064700e-01 3.674712913032409656e-01 3.537629367508315914e-01 1.056528287926207094e-01
1.706679552946072931e-01 4.058365186661044288e-01 3.533502664752553590e-01 7.014525956403293294e-02
1.784018080269234308e-01 4.347938357087716699e-01 3.216002689959470140e-01 6.520408726835794089e-02
1.794480135341830762e-01 3.514654459519361285e-01 3.693252791316261607e-01 9.976126138225463458e-02
1.647469082862346168e-01 3.574515951803790004e-01 3.722818434600905779e-01 1.055196530732958465e-01
1.913257071673144516e-01 3.506203705661913861e-01 3.631055448048842171e-01 9.494837746161000069e-02
1.630921802071951532e-01 3.974282904516465154e-01 3.291965551871220419e-01 1.102829741540363867e-01
1.701236680015725256e-01 3.925418599793996655e-01 3.430059283508514190e-01 9.432854366817637615e-02
2.133790972259358432e-01 3.630957638325348902e-01 3.248250091223583436e-01 9.870012981917085371e-02
1.883296551383899231e-01 3.462127233509652569e-01 3.930285976327257957e-01 7.242902387791907981e-02
2.006565046178033496e-01 4.053364883768408866e-01 3.164361575022656692e-01 7.757084950308994198e-02
2.204732168041432794e-01 3.603876878437003439e-01 3.401133411582029642e-01 7.902575419395344025e-02
1.891244466230725396e-01 3.414918547123464987e-01 3.926015806473944214e-01 7.678211801718670682e-02
1.754450822007590505e-01 3.996081449391890028e-01 3.449882419572525838e-01 7.995853090279939068e-02
2.036539916819510021e-01 4.148250540059987279e-01 3.255079043825056528e-01 5.601304992954471429e-02
1.513755882161874344e-01 3.800905626058086462e-01 3.605825531914773063e-01 1.079512959865265992e-01
1.792299261722714310e-01 3.818141238989060660e-01 3.342155173499413712e-01 1.047404325788811597e-01
1.363345385842850976e-01 3.700327459888921866e-01 4.129779928104275744e-01 8.065472261639508589e-02
1.859337557327617185e-01 3.533102540335015251e-01 3.774074007887942561e-01 8.334858944494238919e-02
2.018954836682423370e-01 3.508663334271358569e-01 3.307672830328799440e-01 1.164708998717419453e-01
1.687902240493638906e-01 3.492198079438937341e-01 4.143464638992228610e-01 6.764350410751951426e-02
2.108752355912500154e-01 3.883334079162917285e-01 3.256232119744952858e-01 7.516814451796299812e-02
1.427506584988275373e-01 3.632640660429772850e-01 3.825352553969835756e-01 1.114500200612115882e-01
2.223597897075381968e-01 3.548481892183834585e-01 3.534350568131912063e-01 6.935696426088711064e-02
1.751480013725834617e-01 4.012291053635208549e-01 3.663945988077602633e-01 5.722829445613547561e-02
1.529835532621865724e-01 3.337301102403456565e-01 4.286203345429611677e-01 8.466600195450653399e-02
1.486780143960180767e-01 3.250249131566427252e-01 4.421855165260270559e-01 8.411155592131222547e-02
2.017726520401940116e-01 3.674996131790795317e-01 3.448789327718346787e-01 8.584880200889183355e-02
1.733938053816570513e-01 3.760857649490284560e-01 3.809383296422742538e-01 6.958210002704037778e-02
2.253043293766762434e-01 3.536859718505722672e-01 3.354237488642935472e-01 8.558594990845794226e-02
1.810499819756029583e-01 4.001464116764479328e-01 3.334116412258750772e-01 8.539196512207400391e-02
1.672255503059799364e-01 3.424237709755701964e-01 3.438366278480468052e-01 1.465140508704030897e-01
1.743459025911456850e-01 4.216104884221951177e-01 3.241051034215055027e-01 7.993850556515363914e-02
2.219274205566462987e-01 2.820632147996698924e-01 4.253276476855138433e-01 7.068171695816982680e-02
1.490531474272931978e-01 3.564979635022120230e-01 3.846556922509752341e-01 1.097931968195194202e-01
1.870616781820945429e-01 3.373677422493828737e-01 3.769177984092694222e-01 9.865278115925316116e-02
2.295614880649009537e-01 3.526057752249597832e-01 3.499715372751819875e-01 6.786119943495703966e-02
1.871928788333615257e-01 4.097036407718858131e-01 3.273317432989483744e-01 7.577173709580421745e-02
1.675899905065182660e-01 4.466351975285288156e-01 3.128280767220044112e-01 7.294673524294852107e-02
1.914187678235325096e-01 3.377614982508181374e-01 3.751414715275901979e-01 9.567826239805925226e-02
1.840858473074793999e-01 3.591507536149627922e-01 3.855811498213441713e-01 7.118224925621366439e-02
1.660308803956138668e-01 3.688771349684096812e-01 3.529664258000358434e-01 1.121255588359405669e-01
2.037403366670096083e-01 3.593259123295860502e-01 3.803420579802025414e-01 5.659169302320175843e-02
2.644917588388988050e-01 3.770295537879077008e-01 2.992147173067047916e-01 5.926397006648866095e-02
1.664031192682917382e-01 3.992066611824447997e-01 3.434744163911273018e-01 9.091580315813595214e-02
1.804040752861343910e-01 3.820828506628510812e-01 3.112212762347495443e-01 1.262917978162649835e-01
1.710898342107025905e-01 3.232880709866117752e-01 3.476103107128804548e-01 1.580117840898052628e-01
1.785398499021641217e-01 3.641890561600277243e-01 3.260817673009849815e-01 1.311893266368230337e-01
1.758077588436034455e-01 4.157207467155212277e-01 3.220511983487382435e-01 8.642029609213702779e-02
2.295216606247906244e-01 2.898992271835563739e-01 3.898599151061161172e-01 9.071919708553671802e-02
1.662475667823661019e-01 3.909268469805837753e-01 3.301890737431174006e-01 1.126365124939326112e-01
1.888205787482283848e-01 3.576900005354953227e-01 3.612217220911085880e-01 9.226769862516776000e-02
1.746885915421890201e-01 3.670265153845905237e-01 3.586133632530248416e-01 9.967152982019547580e-02
1.946738658600034866e-01 3.644159447737281843e-01 3.532569189479262128e-01 8.765327041834213018e-02
1.461543217221160096e-01 4.361205893454935256e-01 3.407985279590277639e-01 7.692656097336258991e-02
2.135567662019954016e-01 3.676495912856327375e-01 3.451024623691808513e-01 7.369118014319098187e-02
1.630520470175471914e-01 4.240057743260166045e-01 3.361071236610477797e-01 7.683505499538854921e-02
2.091692764444318398e-01 3.261406005657999652e-01 3.840430064282835954e-01 8.064711656148454422e-02
1.750213685773968630e-01 3.767153681276993460e-01 3.644589295018819675e-01 8.380433379302169861e-02
2.026014829585820465e-01 3.895342922096521887e-01 3.068934994045206532e-01 1.009707254272451116e-01
2.281590059404300930e-01 3.637164518086309362e-01 3.448544274450822678e-01 6.327011480585671699e-02
1.801463715630640117e-01 3.852308265634626916e-01 3.354202556034815430e-01 9.920254626999165659e-02
1.657982480679060233e-01 4.172066421616055787e-01 3.456886220899093032e-01 7.130648768057887277e-02
1.661368234590380188e-01 3.879610482213368128e-01 3.408836635412471061e-01 1.050184647783781455e-01
1.787718259344859839e-01 3.738379074675159397e-01 3.558751027034189329e-01 9.151516389457911571e-02
1.745699841915159534e-01 3.613346621457622643e-01 3.525639273882698599e-01 1.115314262744517143e-01
1.959215043051240335e-01 4.141435294397180500e-01 3.224054342778789883e-01 6.752953197727908086e-02
1.780111563078832781e-01 3.135396722659223867e-01 3.950729071675934123e-01 1.133762642586010339e-01
1.340451343042736720e-01 3.857440156163851053e-01 3.941273648407855879e-01 8.608348523855549606e-02
1.649988626493011645e-01 3.748816534190832495e-01 3.580878618776562883e-01 1.020316220539591451e-01
2.325563957415429372e-01 3.084081516298530223e-01 3.940880660325189466e-01 6.494738659608501052e-02
1.938324160995163470e-01 3.299495096727073640e-01 3.812890176901178041e-01 9.492905653765838780e-02
1.923253856117801142e-01 3.559177735832261269e-01 3.563955812855547634e-01 9.536125951943899559e-02
2.075859144220937313e-01 3.422944782170477818e-01 3.147358527801170092e-01 1.353837545807413945e-01
1.624034746391795625e-01 3.983673104170592505e-01 3.258085463850327601e-01 1.134206685587285657e-01
2.053718039289331720e-01 3.838988015824573719e-01 3.355909369884303439e-01 7.513845750017916769e-02
1.964054137585543314e-01 3.692030718179117876e-01 3.402566511317301479e-01 9.413486329180366374e-02
2.287719039309661639e-01 3.406167554821581955e-01 3.443284323049711770e-01 8.628290828190454675e-02
1.687237941922876128e-01 3.652089627153882190e-01 3.871486697597716908e-01 7.891857333255261620e-02
1.677929571533100517e-01 3.966003226804194481e-01 3.598881720559666264e-01 7.571854811030390153e-02
1.856322580044899306e-01 3.714842495080968310e-01 3.463425843427315187e-01 9.654090814468173354e-02
1.951635454829921956e-01 3.670301847210419854e-01 3.657885646792869427e-01 7.201770511667872354e-02
1.424603239849312752e-01 3.862299941286907456e-01 3.764606777318182385e-01 9.484900415455972678e-02
1.788406534901211820e-01 3.526779014996079820e-01 3.827419585294820070e-01 8.573948648078871804e-02
2.183663739343126853e-01 3.661394365115130389e-01 3.428435914180587574e-01 7.265059813611543515e-02
1.462220950496322114e-01 3.614932297590570109e-01 3.705626568111881625e-01 1.217220183801224626e-01
1.753001593594621377e-01 3.722332672476283966e-01 3.798941278037687441e-01 7.257244558914070776e-02
1.658400272677389709e-01 4.115587444229374947e-01 3.277165024134153226e-01 9.488472589590822570e-02
1.690463313179700056e-01 3.733567685300522299e-01 3.705797325012364363e-01 8.701716765074136994e-02
1.484171985927124071e-01 3.584092663575275672e-01 4.232315688504967310e-01 6.994196619926326686e-02
1.929640106851109316e-01 3.202828924747355699e-01 3.912657553970397828e-01 9.548734144311364636e-02
1.595845961906757482e-01 3.891648428064586884e-01 3.366091022594743243e-01 1.146414587433912807e-01
1.645198193312896462e-01 4.159015842984430944e-01 3.304258329685804685e-01 8.915276340168673541e-02
2.412606965698365358e-01 3.683562607996099247e-01 3.055981346566978840e-01 8.478490797385565547e-02
1.831142850538477751e-01 3.504371536574883983e-01 4.053826150504112880e-01 6.106594623825253171e-02
2.085343965423951673e-01 3.722724187536644580e-01 3.348781874317572349e-01 8.431499727218300100e-02
1.714226495123008787e-01 3.968656876854557702e-01 3.583269247519093592e-01 7.338473805033418618e-02
1.869914396028491133e-01 3.283593091308498191e-01 3.715706175156338054e-01 1.130786337506673594e-01
1.647096437290646032e-01 3.745310334625462922e-01 3.861881374723306615e-01 7.457118533605844313e-02
1.628828926740896743e-01 3.869026945824524666e-01 3.913893419722140332e-01 5.882507077124380507e-02
1.992650098626559674e-01 2.924620074800700076e-01 4.037085992320044170e-01 1.045643834252696636e-01
1.723199409830450668e-01 3.578027397370982521e-01 3.586419337578446442e-01 1.112353855220119953e-01
1.680478725999872136e-01 3.897010478411448986e-01 3.720947887988813041e-01 7.015629075998659758e-02
1.748559825641236576e-01 3.582876254735799515e-01 3.960393620606733056e-01 7.081702990162326572e-02
2.164725947720813060e-01 3.395003371683822935e-01 3.731420897800021841e-01 7.088497827953418873e-02
2.076500529336175183e-01 3.530006169631988988e-01 3.905409799609215193e-01 4.880835014226195256e-02
1.769480784367600812e-01 3.705863276480717561e-01 3.639586662669375694e-01 8.850692764823044068e-02
1.277679736114067377e-01 4.429304336482935978e-01 3.495230206463623701e-01 7.977857209393721116e-02
2.147293525648419354e-01 3.831172659838271710e-01 3.204822341125979079e-01 8.167114733873304111e-02
2.403307195706450849e-01 3.252616865776649102e-01 3.558563376250986621e-01 7.855125622659142604e-02
2.020571648067353288e-01 3.500168219524470992e-01 3.773708346699063965e-01 7.055517857091121725e-02
1.810600261091524776e-01 3.741561277919157047e-01 3.594567423690294694e-01 8.532710372990233438e-02
2.321216373052437665e-01 3.084028675341113912e-01 3.988330644437308448e-01 6.064243071691394205e-02
1.619755828991782109e-01 3.751452437913372351e-01 3.711228985198964381e-01 9.175627478958804650e-02
1.963873455992561357e-01 3.377627680110603103e-01 3.488912895598025310e-01 1.169585968298809259e-01
1.568726032090820011e-01 3.969110960594114945e-01 3.636689493887114710e-01 8.254735134279506115e-02
1.277475180475768912e-01 4.439647087189000363e-01 3.433009826942728937e-01 8.498679053925028981e-02
2.048074230168314136e-01 3.548051639021801984e-01 3.287212099142102217e-01 1.116662031667783050e-01
2.016532900390590188e-01 3.878676818365396906e-01 3.244665789710567405e-01 8.601244915334448071e-02
1.938353167749980177e-01 3.704009873658420937e-01 3.698700014441097528e-01 6.589369441505016356e-02
1.932416057358190553e-01 3.285615828571630814e-01 4.002509213177989911e-01 7.794589008921881668e-02
1.696579579767130974e-01 3.591212207514212773e-01 4.008777471463577657e-01 7.034307412550783178e-02
1.875469257338175377e-01 3.484830359712408621e-01 3.660786524458487512e-01 9.789138584909262697e-02
1.997162873397607397e-01 3.649124669739994831e-01 3.332969659508182025e-01 1.020742797354217551e-01
2.068607261798243724e-01 3.557696713240119935e-01 3.723404216272804268e-01 6.502918086888327676e-02
1.742887633323310370e-01 3.715188342952481237e-01 3.689371050395797713e-01 8.525529733284105405e-02
1.671377527715396383e-01 3.532571875690759811e-01 3.839360882118899587e-01 9.566897144749451909e-02
2.025261241848596017e-01 3.724865819096637720e-01 3.375826013250143309e-01 8.740469258046230927e-02
2.352138238939669723e-01 3.071700804537909058e-01 3.683594298427073643e-01 8.925666580953482698e-02
1.735821953329373390e-01 3.522540054406763099e-01 3.985142346600345498e-01 7.564956456635173188e-02
1.687239256119843211e-01 3.560026562315490861e-01 3.740167560166572924e-01 1.012566621398091476e-01
1.897063789668996525e-01 3.848477150897196553e-01 3.387262119376813208e-01 8.671969400569923270e-02
1.653429180822969802e-01 3.585029279608721864e-01 3.880716073247111875e-01 8.808254663211986801e-02
2.046927814687702352e-01 3.558996025156048182e-01 3.251181914823339514e-01 1.142894245332910230e-01
1.718417564021597344e-01 4.091395263712055974e-01 3.400008896200015229e-01 7.901782760663311755e-02
1.537753606096370629e-01 3.639454144366624511e-01 4.123213279599083902e-01 6.995789699379198479e-02
2.059253211174139342e-01 3.672870373905650632e-01 3.540857772368123380e-01 7.270186425520873408e-02
1.632063569020831550e-01 3.571808912874617215e-01 3.597084048555231339e-01 1.199043469549321284e-01
1.819690522479901484e-01 4.053871341099251069e-01 3.343282866513045404e-01 7.831552699078021818e-02
1.874917289071020843e-01 3.845001426404230926e-01 3.511775263901094624e-01 7.683060206236537459e-02
1.532441851081726425e-01 3.737264794776928856e-01 3.780970350646228884e-01 9.493230034951158358e-02
1.671153528772979791e-01 3.621120069111338213e-01 3.413063524359212786e-01 1.294662877756469488e-01
1.669398980298476831e-01 4.282908962458203961e-01 3.254485759545593937e-01 7.932062976977255486e-02
1.838870109081757187e-01 3.860551455745263594e-01 3.643274300503069885e-01 6.573041346699109999e-02
1.659118030737935234e-01 3.942096708668303973e-01 3.491064366618400472e-01 9.077208939753619865e-02
1.855662387483807962e-01 3.956892709834102240e-01 3.575993801031797648e-01 6.114511016502912483e-02
1.632893487448939251e-01 3.441290822180252396e-01 4.278074842050594850e-01 6.477408483202128087e-02
1.799445651932435331e-01 3.552159397126870566e-01 3.696916647488211471e-01 9.514783034524830485e-02
1.630481274716066020e-01 3.154234586091483883e-01 4.361892373744911122e-01 8.533917654475370318e-02
1.652228899708688137e-01 3.861129694776049837e-01 3.643052737561224275e-01 8.435886679540380295e-02
1.630933386510860783e-01 3.960993753606876777e-01 3.565122103424168687e-01 8.429507564580919488e-02
2.161439123418655572e-01 3.437914685046920549e-01 3.719351129185044513e-01 6.812950623493807534e-02
1.485304584693993013e-01 3.851525845269138659e-01 3.610789935860125865e-01 1.052379634176742879e-01
2.142100342453144013e-01 3.537243603638724476e-01 3.513181159752984395e-01 8.074748941551475323e-02
1.992498948159074912e-01 3.676744440674794556e-01 3.526277281715989864e-01 8.044793294501416392e-02
1.648022768051589371e-01 3.652154726161868092e-01 3.796681774861145886e-01 9.031407309253976223e-02
1.884580570131700605e-01 3.203917010498484874e-01 3.842963220609567077e-01 1.068539198760247722e-01
2.204237183796747823e-01 3.717470036335098760e-01 3.375460123268302914e-01 7.028326565998510578e-02
1.900925489631593024e-01 3.722127120717546589e-01 3.212439248354801991e-01 1.164508141296056593e-01
1.455650115276475309e-01 4.156897784252407413e-01 3.657949996035766982e-01 7.295021044353486306e-02
2.071127825563318370e-01 3.527525131455075957e-01 3.513191638488636359e-01 8.881554044929698688e-02
1.990556773305643123e-01 3.837161796307733685e-01 3.322763404096352180e-01 8.495180262902711499e-02
1.590061647494344088e-01 3.814356793481342711e-01 3.691489978611989242e-01 9.040915804123235422e-02
1.851842522080286157e-01 4.051298094417931095e-01 3.750995321010053285e-01 3.458640624917293932e-02
1.722136617815235027e-01 3.196419256721653168e-01 3.934891071321328648e-01 1.146553054141783434e-01
1.720912826472555390e-01 3.982058255456180085e-01 3.327488656635107511e-01 9.695402614361561811e-02
1.823461564873483653e-01 3.892387962809226165e-01 3.575070228282587470e-01 7.090802440347028501e-02
1.837802873060861153e-01 3.626082995797897945e-01 3.654903707446883754e-01 8.812104236943556212e-02
1.653622495983123886e-01 3.653449381857474809e-01 3.568476401673582599e-01 1.124451720485818429e-01
1.287146152286033629e-01 4.441343828502125057e-01 3.505803998820167799e-01 7.657060203916740693e-02
1.542141719102883557e-01 4.003182375875065646e-01 3.702631096642716724e-01 7.520448083793346283e-02
2.011573556021229170e-01 3.893469704699102918e-01 3.142973484621743308e-01 9.519832546579248822e-02
1.836855976634707843e-01 3.734152964181916556e-01 3.560750473227258239e-01 8.682405859561174999e-02
1.702649798981190066e-01 3.751460829429751898e-01 3.760521467651207206e-01 7.853679039378513860e-02
1.742453507211150221e-01 3.985636664938254636e-01 3.574225450243262436e-01 6.976843776073331227e-02
1.443652715907881301e-01 3.211916429561825215e-01 4.034355341919571014e-01 1.310075512610721082e-01
1.567259594747599794e-01 4.087975640714565095e-01 3.488290436103034797e-01 8.564743284347986485e-02
1.659105906768054695e-01 3.932705842330438961e-01 3.563175021543463217e-01 8.450132293580435439e-02
2.019268751623884139e-01 3.560669213001516620e-01 3.600348978323620330e-01 8.197130570509794656e-02
2.127165452342723861e-01 3.980460135603418048e-01 3.112624765489902523e-01 7.797496465639554286e-02
1.997877599310480257e-01 3.491037818466422582e-01 3.886653365336644184e-01 6.244312168864524920e-02
1.694517459281175698e-01 3.960851607722507550e-01 3.665146136040952074e-01 6.794847969553659273e-02
1.718423784430537227e-01 3.549674321321282244e-01 3.812518625999932187e-01 9.193832682482477869e-02
1.404397583639052649e-01 3.794820293980936121e-01 3.818714988042968272e-01 9.820671343370412920e-02
1.666370032984861860e-01 3.888637154233969828e-01 3.748615176167496843e-01 6.963776366136724405e-02
1.390472216610943168e-01 3.807746316439970524e-01 3.598328990490053947e-01 1.203452476459032222e-01
1.611176581307351419e-01 3.723948042758102872e-01 3.769009680707324228e-01 8.958656952272228691e-02
1.908451389616292460e-01 3.703656610937210436e-01 3.398482766013873335e-01 9.894092334326236304e-02
1.901152623719907508e-01 3.845376540320738501e-01 3.427812982667995390e-01 8.256578532913598500e-02
1.814024087731888613e-01 3.697568092558489172e-01 3.779335631094476455e-01 7.090721886151452047e-02
1.674799398289040231e-01 3.548605215685002312e-01 4.081778640288515891e-01 6.948167457374417044e-02
1.561552103937143277e-01 3.674711615640661178e-01 3.660414313197101199e-01 1.103321967225094347e-01
1.818444261029083520e-01 3.939940128106679262e-01 3.294502391637139094e-01 9.471132192270975692e-02
2.158947325775673054e-01 3.740330098245580048e-01 3.458434926738966908e-01 6.422876492397779080e-02
1.820279141274143975e-01 4.153160566512980600e-01 3.230832412494162309e-01 7.957278797187111730e-02
1.727969993273791860e-01 4.044110116343426209e-01 3.368489852309707322e-01 8.594300380730759970e-02
1.561232119203792568e-01 3.855394385581533134e-01 3.828568073107382896e-01 7.548054221072923731e-02
1.799578580635319558e-01 3.854826704486890021e-01 3.514932271437942735e-01 8.306624434398465762e-02
1.727280260811134283e-01 3.410618516084383267e-01 4.005817925835475912e-01 8.562832972690061217e-02
1.937579382605114919e-01 3.513992883419506663e-01 3.415151929434937506e-01 1.133275804540441745e-01
1.612560647542716774e-01 3.857119232561637134e-01 3.406365125597600185e-01 1.123954994298046739e-01
1.698282226814408769e-01 3.581358491234076236e-01 3.904860008717894737e-01 8.154992732336188710e-02
1.924172760125080484e-01 3.076012688198154765e-01 4.180695390180402260e-01 8.191191614963622136e-02
1.813724005001123851e-01 4.172849094407450887e-01 3.169134428041693319e-01 8.442924725497313876e-02
1.431095153285968091e-01 3.977657557344018713e-01 3.585032900439042436e-01 1.006214388930971870e-01
1.594159826326139173e-01 3.436377650033427544e-01 4.224920995919563271e-01 7.445415277208689009e-02
1.466196609772881521e-01 4.019921732353752275e-01 3.723526749047789686e-01 7.903549088255770738e-02
1.753290975979068522e-01 3.452214027260871454e-01 4.114975342749772058e-01 6.795196540102869942e-02
2.067139231692326218e-01 3.495645616419793544e-01 3.378236418727734724e-01 1.058978733160147040e-01
1.922450673620290929e-01 3.606409613635818134e-01 3.494108231021071376e-01 9.770314817228195614e-02
1.492119843131434198e-01 4.225763765930358185e-01 3.438540752168195991e-01 8.435756387700099612e-02
2.124592493526410164e-01 3.627659772795983062e-01 3.455391155016675486e-01 7.923565786609305939e-02
1.790029801463126347e-01 3.802895824521556611e-01 3.565340218760131297e-01 8.417341552551875494e-02
1.734001880649899408e-01 3.345410006289767924e-01 3.865856001847939316e-01 1.054732111212392243e-01
1.425207882394868009e-01 4.142429149950441203e-01 3.769569264045063983e-01 6.627937036096265278e-02
1.894732097473583732e-01 3.641007692738613133e-01 3.507864526079028100e-01 9.563956837087753127e-02
1.560315840296673806e-01 3.562646228283975480e-01 3.619055172718948499e-01 1.257982758700402770e-01
1.758708748825310586e-01 4.379755383788699885e-01 3.104784515079913043e-01 7.567513523060764857e-02
1.771136654683167777e-01 4.055301281005632696e-01 3.280345559646402065e-01 8.932165046647982942e-02
2.026031653409803013e-01 3.914573779466217207e-01 3.292082528023156374e-01 7.673120391008229901e-02
2.044290900079581697e-01 3.808519979435558978e-01 3.393942445700937061e-01 7.532466747839226817e-02
1.749256599278527780e-01 3.880551492139193148e-01 3.423864892285492512e-01 9.463270162967878096e-02
1.513969076179051410e-01 4.020148871704669058e-01 3.824087725756417644e-01 6.417943263598624437e-02
2.065474160594952535e-01 3.750077446448756846e-01 3.223020705728478208e-01 9.614276872278121333e-02
2.031739463022747549e-01 3.741356621823934137e-01 3.287133808688902370e-01 9.397701064644138624e-02
1.760281514179085904e-01 3.553994404101213922e-01 3.752805622676658182e-01 9.329184590430432411e-02
2.043224686002502732e-01 3.632907085872610353e-01 3.492498130108890320e-01 8.313700980159964560e-02
1.619059380666064418e-01 3.761283366246900850e-01 3.600601445767673825e-01 1.019055807319359935e-01
1.769760303306818217e-01 3.661287974715064508e-01 3.588413106814534181e-01 9.805386151635833714e-02
1.775175385170967846e-01 3.767720723122643389e-01 3.612085077706654879e-01 8.450188139997333314e-02
1.776816648204407323e-01 3.961164846009934681e-01 3.470819869253441436e-01 7.911986365322176695e-02
1.611472135483074664e-01 3.747566196000234329e-01 3.841168477145716631e-01 7.997931913709728502e-02
1.946641100760102550e-01 3.532577346262070206e-01 3.714094736227981919e-01 8.066868167498456033e-02
