4.538299449876446179e-01 1.877717602380103157e-01 5.974366357445415332e-02 2.986546311998909964e-01
4.786446216613124971e-01 1.224632116380437313e-01 9.421476407737779113e-02 3.046774026232658139e-01
5.127220633338683831e-01 1.596914367491520659e-01 8.433937861847899675e-02 2.432471212985004849e-01
3.992439757081587826e-01 2.109889806600825646e-01 6.069318653211955988e-02 3.290738570996391554e-01
4.559049476008660839e-01 1.439786551812161086e-01 8.857834840849550251e-02 3.115380488094223188e-01
4.399278591016730355e-01 1.535472349729577468e-01 7.184326837335930360e-02 3.346816375520099696e-01
4.028352649761781645e-01 1.790778982005964692e-01 7.032566452045461991e-02 3.477611723027707602e-01
5.032445316619966746e-01 1.452311505566453165e-01 5.233164131642222688e-02 2.991926764649355808e-01
4.657898713620858833e-01 1.743620862615244127e-01 8.670107791955952714e-02 2.731469644568300659e-01
4.985803654681423835e-01 1.714135206133052813e-01 7.597506198585025905e-02 2.540310519327020344e-01
4.383755069279493544e-01 1.578810842581863938e-01 9.535476877487299163e-02 3.083886400389911908e-01
4.975070750728903257e-01 1.287109962572720867e-01 7.813395984034710029e-02 2.956479688294904040e-01
4.659194964247829751e-01 1.409834486021282474e-01 6.847341409830905168e-02 3.246236408747798508e-01
4.892538843331101783e-01 1.419715041288598933e-01 9.136995234680993228e-02 2.774046591912198712e-01
4.001903186404023316e-01 1.681715466755223654e-01 1.065354881663555103e-01 3.251026465177197511e-01
4.773328064310332630e-01 1.521072672971082174e-01 7.345472844129112555e-02 2.971051978305674357e-01
4.975513121833236019e-01 1.214454538667384953e-01 7.098458107531163686e-02 3.100186528746263215e-01
4.256915632791855031e-01 1.440866150603514750e-01 7.036314202692058040e-02 3.598586796335423443e-01
4.775295249903173667e-01 1.402854705294999949e-01 9.530710684201364191e-02 2.868778976381688994e-01
5.095380845498034272e-01 1.052059228766828863e-01 4.965530692221403058e-02 3.356006856512996905e-01
4.553992807677538224e-01 1.750311232472395173e-01 7.871763965023613474e-02 2.908519563347706227e-01
4.600942449050782201e-01 1.683859725191353407e-01 9.507347176744698758e-02 2.764463108083395348e-01
4.492149904207830002e-01 1.094941666133709968e-01 6.276758492817322010e-02 3.785232580376728384e-01
3.961583856325806563e-01 2.040599943241573622e-01 8.557516738114258337e-02 3.142064526621192178e-01
4.527327882715005969e-01 1.608186352360959637e-01 8.217109842507792916e-02 3.042774780673254131e-01
4.805250427448107819e-01 1.521098982389039178e-01 6.750819245937639268e-02 2.998568665569089076e-01
4.517289585299355537e-01 1.491489925923734361e-01 4.721520841168452137e-02 3.519068404660066207e-01
4.291899208551914757e-01 1.703493060436762907e-01 1.099131088606671719e-01 2.905476642404651311e-01
4.371274541180679707e-01 1.384608853335414225e-01 9.047510183771508008e-02 3.339365587106756239e-01
5.129611618568710174e-01 1.498216164297365705e-01 6.164191952398370006e-02 2.755753021894086219e-01
5.231601601475448504e-01 1.466147257699568218e-01 8.816416676050319035e-02 2.420609473219950958e-01
4.087744112078774417e-01 1.998546334495981958e-01 8.552093852464755230e-02 3.058500168178768241e-01
5.068475617959751212e-01 1.107148476884047134e-01 7.378483300287050350e-02 3.086527575127496203e-01
4.128185665391543302e-01 1.257030343183742072e-01 9.859116481922372555e-02 3.628872343232476538e-01
5.031841155978503677e-01 1.509004368026450327e-01 6.164007890806166845e-02 2.842753686914428757e-01
4.818683945139984881e-01 1.650018559441380206e-01 5.697730971908925024e-02 2.961524398227742272e-01
4.196790143420333075e-01 1.479901978092535708e-01 7.368892942640284383e-02 3.586418584223102224e-01
4.952900431528239888e-01 1.527727131361248103e-01 5.246628117714428191e-02 2.994709625339069814e-01
4.632825226452200185e-01 1.364383036057590926e-01 9.553485023062720238e-02 3.047443235183935339e-01
4.589464218027445863e-01 1.310843818667920546e-01 1.047868119707874301e-01 3.051823843596758179e-01
4.990721451084353388e-01 1.476606445698068759e-01 5.876258562297784205e-02 2.945046246987798044e-01
4.888344066829054535e-01 1.356475918905276912e-01 7.715304586768834127e-02 2.983649555588785418e-01
4.188972438963426970e-01 1.414005867108304171e-01 8.064768915250648817e-02 3.590544802403203839e-01
4.354510909873766100e-01 1.203956917245510433e-01 8.160874848044487317e-02 3.625444688076274180e-01
4.430736419388017766e-01 1.685624397595103241e-01 7.912363711807388067e-02 3.092402811836140186e-01
5.088712667307679904e-01 1.603720520071217071e-01 8.783948055018436785e-02 2.429172007119258792e-01
4.079879550438331726e-01 1.304112558165726743e-01 8.638751881689867018e-02 3.752132703226954691e-01
5.263879496383683243e-01 1.388295488892877794e-01 6.106692277711262690e-02 2.737155786952313319e-01
3.427720485284504459e-01 1.718134435636632651e-01 7.958650994018957869e-02 4.058279979676965854e-01
4.747188277484138408e-01 1.259793996951944772e-01 9.137109286854989965e-02 3.079306796878417685e-01
4.797369276788462367e-01 1.486737423891726639e-01 1.118557375170366741e-01 2.597335924149444808e-01
4.376384099867605681e-01 1.562000338952851397e-01 4.471670174380473761e-02 3.614448543741494713e-01
4.316575682358648192e-01 1.849718178718373074e-01 6.764590965102025566e-02 3.157247042412775762e-01
4.689944043391365280e-01 1.152067867961557301e-01 6.477002404832361837e-02 3.510287848163841096e-01
4.954108882359990473e-01 1.539279134936148985e-01 8.179835304341293023e-02 2.688628452269730684e-01
4.337090634997710081e-01 1.296465003754071199e-01 8.632597089482044184e-02 3.503184652300014301e-01
4.580240633898866043e-01 1.635894821768818230e-01 9.256571447126142604e-02 2.858207399619702160e-01
4.667416504420452417e-01 1.498686169138598867e-01 6.857016560604486943e-02 3.148195670380498634e-01
4.683922097221802083e-01 1.638183033125283627e-01 6.988786069226934905e-02 2.979016262730221354e-01
4.940516009117006391e-01 1.212732278841985034e-01 5.556345727214158370e-02 3.291117139319593154e-01
4.635490128770772267e-01 1.375717105570685994e-01 4.653825530598413446e-02 3.523410212598701019e-01
4.334133128270372670e-01 1.700658025518266558e-01 4.686216416779611510e-02 3.496587204533398996e-01
4.904198379125840335e-01 1.648990704027800958e-01 5.444043672897729003e-02 2.902406549556584281e-01
5.039612038922890447e-01 1.102319417574768590e-01 7.804040481441841537e-02 3.077664495358157226e-01
3.986113462728282375e-01 1.601340045511998322e-01 1.151899066626919377e-01 3.260647425132799371e-01
4.247196315906803243e-01 1.292874723458963260e-01 1.313732441609606061e-01 3.146196519024626603e-01
5.147465233689847430e-01 1.511039464298749579e-01 6.533549630336701886e-02 2.688140338977733079e-01
4.534640034623445559e-01 1.940606367947617095e-01 8.333884030297357415e-02 2.691365194399200078e-01
4.984351496193868414e-01 1.277751548573853868e-01 9.625510687990442016e-02 2.775345886433233655e-01
4.536969224228319941e-01 1.347365989758678162e-01 1.061592697228431192e-01 3.054072088784570704e-01
4.402094510982065834e-01 1.755386826443098014e-01 7.616467708794812108e-02 3.080871891695355358e-01
4.939088310972273299e-01 1.155410199381456116e-01 8.217343163465713751e-02 3.083767173299698516e-01
4.461730402135852813e-01 1.727323043637572220e-01 1.041107828922516604e-01 2.769838725304059612e-01
4.480896873769157907e-01 1.613677959074760193e-01 8.675049385120368883e-02 3.037920228644045428e-01
3.330756204860661485e-01 1.931660987175752575e-01 1.131609819178782950e-01 3.605972988784802435e-01
4.455660166050609550e-01 1.823214546163681726e-01 5.853611194315002514e-02 3.135764168354207571e-01
4.712822011885107187e-01 1.631407920514132415e-01 8.644159438485098101e-02 2.791354123752249339e-01
4.468997767665185417e-01 1.668552085190325163e-01 7.090840324936546757e-02 3.153366114650834051e-01
4.838317509372955239e-01 1.506550465437568043e-01 7.608294330773437975e-02 2.894302592112131811e-01
4.889557195336929341e-01 1.520478829235430984e-01 6.833806938704307943e-02 2.906583281557209575e-01
4.844374641286210981e-01 1.568280735704562778e-01 4.128146867859471686e-02 3.174529936223279281e-01
4.823521311492128816e-01 1.705204209951133310e-01 6.896143800089955811e-02 2.781660098547743543e-01
5.220343835721966697e-01 1.215119448055058116e-01 7.000189023573062663e-02 2.864517813865669060e-01
3.693574180395761131e-01 1.772971972778410454e-01 5.677258889843411760e-02 3.965727957841487794e-01
4.462960428112166533e-01 1.361377765656361372e-01 8.989253797784774180e-02 3.276736426452993567e-01
4.759929722484625980e-01 1.152039279805075200e-01 1.025218539515630745e-01 3.062812458194668630e-01
4.479535368965026909e-01 1.563960346432539394e-01 6.511508040700614286e-02 3.305353480532371435e-01
4.750710095403983813e-01 1.289232293230331283e-01 8.721282096316194943e-02 3.087929401734065826e-01
5.145546338308513157e-01 1.454261462945204142e-01 6.537456385880073551e-02 2.746446560158275485e-01
4.309366901131315708e-01 1.312947342339561285e-01 9.252516619502242079e-02 3.452434094578898938e-01
5.074770762629216003e-01 1.594937066489912625e-01 5.249228774963625443e-02 2.805369293384510354e-01
5.218212270554486443e-01 1.129361988153295970e-01 9.251092663677321082e-02 2.727316474924484369e-01
4.584732941115095550e-01 1.403050705726747727e-01 8.102771675534735374e-02 3.201939185604684712e-01
4.445912693540954863e-01 1.420740906616878296e-01 4.988396602611109426e-02 3.634506739581054857e-01
5.079520408336550830e-01 1.355399537680726241e-01 7.237869100994714922e-02 2.841293143883250605e-01
4.505547065575932209e-01 1.593835457961941815e-01 3.639869997878995150e-02 3.536630476674228474e-01
4.731201433041405391e-01 1.386234022260764698e-01 7.604268494703542158e-02 3.122137695227475973e-01
5.095545319287437813e-01 1.501429182054653810e-01 7.990621957681053045e-02 2.603963302889803488e-01
4.714170033831399098e-01 1.222134781111861301e-01 1.054137338389977419e-01 3.009557846666761627e-01
4.983100159317580546e-01 1.452459430804588780e-01 5.454681308107742904e-02 3.018972279067055897e-01
4.447305508459055701e-01 1.626503383180495643e-01 7.332736037207757129e-02 3.192917504639672943e-01
4.935581617239474528e-01 1.688701608673423837e-01 6.044240025521022130e-02 2.771292771534998312e-01
4.987193006708504073e-01 1.538598462736983363e-01 7.328702582870104398e-02 2.741338272267502818e-01
4.896760073353174092e-01 1.438288271059240953e-01 6.845209190260428955e-02 2.980430736561543448e-01
4.659248205942125853e-01 1.901641639433771236e-01 7.330721853558212764e-02 2.706037969268281773e-01
4.588723466552381836e-01 1.640267471242243813e-01 6.037239466828620005e-02 3.167285115522512351e-01
4.317735135465279317e-01 1.577869696753120554e-01 8.981092542409077617e-02 3.206285913540691812e-01
4.501421277795250031e-01 1.418785795376950321e-01 7.737537684401755989e-02 3.306039158387625299e-01
4.672331701980735885e-01 1.508383180455000749e-01 5.598639990805578254e-02 3.259421118483705193e-01
4.886511725669637762e-01 1.412815138111279678e-01 6.591236219110029049e-02 3.041549514308080626e-01
4.572465250759725208e-01 1.219934178110226447e-01 8.302946224979822210e-02 3.377305948632065569e-01
5.004917241948473317e-01 1.740842057424607792e-01 6.678447959742324358e-02 2.586395904652686317e-01
4.703285066043501605e-01 1.482029971525175849e-01 7.811083112736050271e-02 3.033576651157718351e-01
4.786028385805755625e-01 1.199294189661161969e-01 8.076699860012004351e-02 3.207007438531881971e-01
3.957285166287440314e-01 1.852485963906454203e-01 7.624829803502225500e-02 3.427745889455882100e-01
5.105074223917560605e-01 1.347332836587498417e-01 8.158557259886239921e-02 2.731737213506317263e-01
4.983246688902936983e-01 1.309888772652985645e-01 8.593371409959633944e-02 2.847527397448113562e-01
5.023775598416683197e-01 1.399591047555206746e-01 7.210343445039572863e-02 2.855599009524152354e-01
4.560933750404445597e-01 1.449272469864826274e-01 9.460441920702128415e-02 3.043749587660516398e-01
4.656472185352742987e-01 1.621014363678168202e-01 6.639047909008376214e-02 3.058608660068250495e-01
4.650166254062856885e-01 1.782928052241230521e-01 5.586656557119556304e-02 3.008240037983957449e-01
4.519976123475952234e-01 1.546743320960977108e-01 8.373163297021181395e-02 3.095964225860953767e-01
4.705762382091376872e-01 1.707956601413968822e-01 6.176231854112698011e-02 2.968657831083384990e-01
4.711455472885897056e-01 9.592913588299642469e-02 8.287150283035261966e-02 3.500538139980612917e-01
4.925835597353761530e-01 1.556775562171577032e-01 6.807020580231787354e-02 2.836686782451484090e-01
4.629852450840868383e-01 1.547262381272395126e-01 5.620815927866276013e-02 3.260803575100108542e-01
4.318248979048402991e-01 1.720552503995187166e-01 5.768435670298653617e-02 3.384354949926544620e-01
4.891109679017942580e-01 1.406487005566749160e-01 4.891365687596795769e-02 3.213266746655628614e-01
4.579323067975244466e-01 1.651347843455188147e-01 1.045294021794141021e-01 2.724035066775425395e-01
5.270536068068899516e-01 1.190887952527484445e-01 5.108188178113355626e-02 3.027757161592280477e-01
4.852034930762290088e-01 1.851683436643217773e-01 6.305346569587927386e-02 2.665746975635699401e-01
4.592978168612799061e-01 1.361044149142454363e-01 6.187592324946468436e-02 3.427218449750100704e-01
5.054147373842733382e-01 1.022288554712766084e-01 8.009023991940729392e-02 3.122661672250428566e-01
4.646480947609590850e-01 1.693235990738092833e-01 6.817497212072472224e-02 2.978533340445068123e-01
4.479994147450008790e-01 1.208388487416773155e-01 6.733013558121014874e-02 3.638316009321114208e-01
4.727603088094330941e-01 1.566205461789561271e-01 4.937826248345211083e-02 3.212408825281588554e-01
4.615699454319021067e-01 1.709621453391632073e-01 9.754986653169947508e-02 2.699180426972352387e-01
4.380347486222169184e-01 1.728943565913113045e-01 5.478535123178712024e-02 3.342855435546845388e-01
3.581153219999866355e-01 1.554101633734080723e-01 9.295649120265585263e-02 3.935180234239494257e-01
4.519470103987026643e-01 1.899188379208674449e-01 7.272510020505072725e-02 2.854090514753790941e-01
4.087238493603566059e-01 1.737336283779081780e-01 8.938642104858295079e-02 3.281561012131523625e-01
4.576852269946075635e-01 1.273396776459283786e-01 8.216836461203665121e-02 3.328067307474275038e-01
4.650900258194667347e-01 1.349025157372925332e-01 9.873346534312847644e-02 3.012739931001123250e-01
4.774199191638864859e-01 1.955991452614105897e-01 5.967618997055233743e-02 2.673047456041505732e-01
4.728617020021760320e-01 1.407821968460746809e-01 4.813312878637206887e-02 3.382229723653774056e-01
4.499610906659301524e-01 1.505469184103227775e-01 5.868070936391926035e-02 3.408112815598277612e-01
4.466542032208858370e-01 1.716072898284917436e-01 5.272250280539471368e-02 3.290160041452275808e-01
4.601775899007636283e-01 1.538445482765677108e-01 5.939115386980540340e-02 3.265867079528632644e-01
4.605544043545184429e-01 1.015190960041073009e-01 7.208549105641870458e-02 3.658410085849553850e-01
5.285268266747210619e-01 1.200002473763748800e-01 7.567746724203451569e-02 2.757954587068695562e-01
4.639053329713792584e-01 1.205975892299513547e-01 8.476132998393470785e-02 3.307357478147348040e-01
4.472868402905027518e-01 2.005585687540450690e-01 5.884114772111839753e-02 2.933134432343338371e-01
4.865206318849555900e-01 1.485287837626677321e-01 6.890912626418445319e-02 2.960414580881922664e-01
5.266359487878961021e-01 1.166911532332519513e-01 6.018339252580464510e-02 2.964895054530473639e-01
4.643728015433311596e-01 1.518624098065317063e-01 1.141357419344666002e-01 2.696290467156705062e-01
4.595135611241996099e-01 1.702264361964654082e-01 4.774086773242308679e-02 3.225191349469120339e-01
4.698351880030677830e-01 1.474971893379379562e-01 6.708420320938061898e-02 3.155834194496133782e-01
4.331534093919293671e-01 1.342688719437423739e-01 8.952358526511965120e-02 3.430541333992086495e-01
5.073679142394841302e-01 1.282245752305637421e-01 7.823763743021767969e-02 2.861698730997342399e-01
4.518910202203961224e-01 2.008569163974120442e-01 5.214877652188933121e-02 2.951032868603024051e-01
4.687727525033467679e-01 1.629153540408933010e-01 8.698637364351102796e-02 2.813255198122489587e-01
4.912417173270974824e-01 1.125702760197373198e-01 7.945100121845211083e-02 3.167370054347130037e-01
4.696073117086052573e-01 1.038087538023939466e-01 8.457124000923352258e-02 3.420126944797672319e-01
4.876710331111274721e-01 1.694238459710699085e-01 9.211102634986739757e-02 2.507940945679352218e-01
4.842895192841800700e-01 1.389429818970586983e-01 9.500184903107497525e-02 2.817656497876861454e-01
4.924562366114567658e-01 1.435051815929577479e-01 7.145906158360071370e-02 2.925795202119847449e-01
4.515998035436403213e-01 1.268992375054025512e-01 7.285960595985274679e-02 3.486413529911044362e-01
4.831135529268152373e-01 1.688778944969490381e-01 4.109565004749628908e-02 3.069129025287395396e-01
5.115658787030551435e-01 1.576727589150501152e-01 7.146475946716723815e-02 2.592966029147276141e-01
4.242308621605014318e-01 1.162296553664281251e-01 1.187837383752315124e-01 3.407557440978388752e-01
5.689820288390508018e-01 1.010122184869122614e-01 7.806636388429424867e-02 2.519393887897427020e-01
5.022250122870908218e-01 1.908607000250008290e-01 5.528539511071596524e-02 2.516288925771925089e-01
4.712588961857687719e-01 1.261642561942920016e-01 8.311328860998584700e-02 3.194635590099533795e-01
4.997035927115909271e-01 1.540106910467693990e-01 6.595309047940159375e-02 2.803326257622380524e-01
4.523677228074276524e-01 1.641481604349446233e-01 7.328121711525632798e-02 3.102028996423714657e-01
4.866553882658363195e-01 1.356578122796487929e-01 6.517614366710719476e-02 3.125106557874076652e-01
4.320214514569647446e-01 1.429471538305510658e-01 8.920830230859017052e-02 3.358230924038940746e-01
4.651040057937249061e-01 1.326236694064917010e-01 1.049645249567830591e-01 2.973077998430002089e-01
4.601110179080364349e-01 1.365133891860256798e-01 5.967460302940353484e-02 3.437009898765341354e-01
4.936166766286301799e-01 1.269913328727737545e-01 6.135705526674182370e-02 3.180349352318542211e-01
5.045086400915502756e-01 1.652643012752165463e-01 5.582542820052831256e-02 2.744016304327047684e-01
4.504663608049956358e-01 1.380112981142844475e-01 6.608019550016289156e-02 3.454421455805569696e-01
4.422761910057765311e-01 1.565335861590748667e-01 8.275184557929879392e-02 3.184383772558496695e-01
4.626586842389209253e-01 1.152237114162667081e-01 8.560174338667643490e-02 3.365158609581360150e-01
4.698333162856284662e-01 1.343818173641065650e-01 9.281974557592129194e-02 3.029651207743436769e-01
5.053948622736188501e-01 1.551515590777193254e-01 9.262780110233335973e-02 2.468257775463284509e-01
4.895551815759362491e-01 1.038700320903515328e-01 5.401672323316022289e-02 3.525580631005518772e-01
4.736989134837986670e-01 1.210753525040313278e-01 4.478587465880746327e-02 3.604398593533626460e-01
4.263773178475494530e-01 1.463179392347089824e-01 8.327556999634154467e-02 3.440291729214000060e-01
4.686291548703135357e-01 1.701379648153226454e-01 5.964356258137231553e-02 3.015893177329915797e-01
4.996784214958339687e-01 1.081203557103564278e-01 7.720619836840376948e-02 3.149950244254058340e-01
4.244180310846021320e-01 1.797860875312296547e-01 5.522726498900049769e-02 3.405686163951676670e-01
5.119686325300280005e-01 1.312507186443681029e-01 5.127000506973970057e-02 3.055106437558641197e-01
4.302083563770514596e-01 1.447296182428055855e-01 1.055761508081362043e-01 3.194858745720067228e-01
5.007392034254163349e-01 1.306960379007507944e-01 6.487000033338853611e-02 3.036947583404444040e-01
4.878943347304590117e-01 1.125788847540218213e-01 8.617202580146963997e-02 3.133547547140495548e-01
4.563903611995290266e-01 2.016839851468015810e-01 5.350905107472660877e-02 2.884166025789426380e-01
4.214481253407772465e-01 2.183428308730627210e-01 7.052169570374343388e-02 2.896873480824165847e-01
5.048585557028113513e-01 1.585818672869858670e-01 4.367083921578454597e-02 2.928887377944183190e-01
4.611543979236785162e-01 1.722279061733354433e-01 6.518750625664627985e-02 3.014301896463399411e-01
4.997415674971055211e-01 1.445911012281086150e-01 5.491824111622257282e-02 3.007490901585631038e-01
5.115254825128268124e-01 1.511490640476065572e-01 7.495085717406574366e-02 2.623745962655009145e-01
4.420529825781965849e-01 1.671782361522068383e-01 9.470439171390722388e-02 2.960643895556894778e-01
4.997299127805620023e-01 1.528018489401287427e-01 8.025520999754943985e-02 2.672130282817598568e-01
4.716405304034357315e-01 1.453267761143497427e-01 8.551473108139515111e-02 2.975179624008193469e-01
5.015980339529212406e-01 1.146643862125226176e-01 1.035504905164739281e-01 2.801870893180822275e-01
5.003133252346149140e-01 1.301168112538423627e-01 6.606591955151390472e-02 3.035039439600287214e-01
4.730904434095207778e-01 1.226888131899630252e-01 8.482679772556832309e-02 3.193939456749479433e-01
4.819928753214418604e-01 1.587053008772190132e-01 6.620422999257463692e-02 2.930975938087642674e-01
4.836595056674067306e-01 1.710987428488244255e-01 5.274629412409419238e-02 2.924954573596745822e-01
4.527216948815864228e-01 1.395914616001149022e-01 6.806848675845909857e-02 3.396183567598396458e-01
4.603492570148313145e-01 1.305072441882823842e-01 7.914514327823068962e-02 3.299983555186556394e-01
4.412330217325178272e-01 1.450966282505715133e-01 5.448232851962548501e-02 3.591880214972852925e-01
4.850932236485277493e-01 1.293512182029021018e-01 6.686336605779305553e-02 3.186921920907771488e-01
4.453533030239718027e-01 1.498696117310535925e-01 8.444735303480116473e-02 3.203297322101733013e-01
4.923752004751114630e-01 1.149193187195847732e-01 5.690742366486132436e-02 3.357980571404424186e-01
4.844433711459155134e-01 1.362888855607585492e-01 6.920527526346266500e-02 3.100624680298632030e-01
5.445735760655809887e-01 1.421633907859742585e-01 6.234822910978621291e-02 2.509148040386586787e-01
5.077439129262084627e-01 1.235373723757166031e-01 6.746467518143538233e-02 3.012540395166396490e-01
4.805329083929147371e-01 1.565686212295632485e-01 7.446137363290396272e-02 2.884370967446180933e-01
4.337179587061206210e-01 1.800563686460997792e-01 6.886557547140621793e-02 3.173600971763734790e-01
4.664845430715850449e-01 1.370526626484721289e-01 4.775850507267226375e-02 3.487042892072705347e-01
4.609618245490541555e-01 1.347235107364102846e-01 1.133735147241605595e-01 2.909411499903750142e-01
4.884258052968464270e-01 1.423005943868554668e-01 9.896371231049286288e-02 2.703098880058051878e-01
4.949040063235629061e-01 1.413408025972880955e-01 9.453877882716958669e-02 2.692164122519793978e-01
4.662337619016838075e-01 1.067296264751170093e-01 9.085471628039365477e-02 3.361818953428057366e-01
4.854502421222673392e-01 1.290406721931526834e-01 5.951060913710758821e-02 3.259984765474726043e-01
4.885822911629600918e-01 1.543194123689087816e-01 7.903737151336308331e-02 2.780609249547680295e-01
4.384928517340295206e-01 1.775161283870553830e-01 9.093600504153515063e-02 2.930550148373800012e-01
4.733492849799664226e-01 1.497826372903976189e-01 1.249619393127556766e-01 2.519061384168803652e-01
4.851294063808771484e-01 1.324484520913341845e-01 7.850246423880334612e-02 3.039196772889853904e-01
4.801617272542358927e-01 1.588949313706033428e-01 6.010332277949649582e-02 3.008400185956643380e-01
4.968739870880302112e-01 1.320800023324607553e-01 6.076626524358805237e-02 3.102797453359210644e-01
4.636125910438188003e-01 1.423163424021595680e-01 5.302942074187261268e-02 3.410416458121489636e-01
4.977651084734959763e-01 1.391141091516689687e-01 7.744686584073293134e-02 2.856739165341020126e-01
4.843981145927755416e-01 1.076168845541174840e-01 6.422554747690949195e-02 3.437594533761974547e-01
4.415282293878729503e-01 1.670213001749313031e-01 7.910027197312380354e-02 3.123501984640718043e-01
4.588359306262168591e-01 1.625860405564177325e-01 1.154344484144248506e-01 2.631435804029405023e-01
4.353192654952664498e-01 1.488408618701796138e-01 7.079588398751256173e-02 3.450439886470414996e-01
4.831032149918715879e-01 1.675935705991990488e-01 8.138007923172294045e-02 2.679231351772063952e-01
5.335810720927659512e-01 1.060148821343737946e-01 1.009049545617384663e-01 2.594990912111218018e-01
4.862614493767523638e-01 1.465391541062928960e-01 5.950360446844690787e-02 3.076957920485078879e-01
4.761180474359790749e-01 1.635166392106739697e-01 6.085874983018521589e-02 2.995065635231617951e-01
4.945902912702594412e-01 1.164806628140508810e-01 7.219862335824918376e-02 3.167304225574403831e-01
4.829665226166228176e-01 1.549051720340346161e-01 4.934620969344135494e-02 3.127820956559013155e-01
5.080456785432325706e-01 1.652299061061737462e-01 5.922845641026001917e-02 2.674959589403335114e-01
4.139840485606393616e-01 1.495840942930150019e-01 1.022186124621572573e-01 3.342132446841882265e-01
4.637772758481900071e-01 1.570143831467605000e-01 9.822772951274530429e-02 2.809806114923042997e-01
4.675507773743635687e-01 1.569223250357308086e-01 5.677670937544150587e-02 3.187501882144641585e-01
4.209573551011595027e-01 1.536485197925741286e-01 7.709263399860873112e-02 3.483014911076576237e-01
4.131460582482165411e-01 1.741085235363115935e-01 1.133679710169880339e-01 2.993774471984838592e-01
4.665935528774156626e-01 1.221745526118268449e-01 6.693862332721695063e-02 3.442932711835405835e-01
4.676684626823519042e-01 1.352548027266394226e-01 8.414575210296716679e-02 3.129309824880414093e-01
5.347458063994162680e-01 1.378559679221361967e-01 7.370324459603080913e-02 2.536949810824166152e-01
4.729289574219426306e-01 1.980358642454586315e-01 7.251133096691189661e-02 2.565238473656870077e-01
4.590319823706779379e-01 1.491220444003361900e-01 8.589153996426673876e-02 3.059544332647191056e-01
5.228095154617097284e-01 1.420606448467470195e-01 6.123820763674629047e-02 2.738916320547968297e-01
4.859629638900379023e-01 1.100655822884166329e-01 7.942000105748210637e-02 3.245514527640634417e-01
5.522918672736234491e-01 9.804436774388522458e-02 3.432393335521271432e-02 3.153398316272787993e-01
4.614873629724960957e-01 1.344685476457757600e-01 4.294907583023636205e-02 3.610950135514915948e-01
4.240905099212900486e-01 2.087167100286919097e-01 4.648644732557891124e-02 3.207063327244391582e-01
4.514313460126293531e-01 1.575021140385538532e-01 7.714281687855649439e-02 3.139237230702603410e-01
4.378042461192226398e-01 1.396561495751267590e-01 6.394796091200367905e-02 3.585916433936469638e-01
4.917329585157464433e-01 1.783191487567509781e-01 1.003389568442680513e-01 2.296089358832344995e-01
3.881139606531990305e-01 2.031453748597436548e-01 6.001943282670365448e-02 3.487212316603535700e-01
4.385647526813291064e-01 1.673012454805222760e-01 8.058055770696900821e-02 3.135534441311794707e-01
4.474695293323541212e-01 1.846207709591633772e-01 5.844470615981332134e-02 3.094649935486691317e-01
4.413910138426457297e-01 1.927644531944290029e-01 7.176020897036858304e-02 2.940843239925567398e-01
4.589653560197240467e-01 1.470412067677468460e-01 6.680618618290581900e-02 3.271872510296233716e-01
4.280804433313106783e-01 1.953132794935401040e-01 1.112156906898949943e-01 2.653905864852541541e-01
4.978361519629152521e-01 1.492504390827830985e-01 7.439235397936569405e-02 2.785210549749360665e-01
4.256105964665121144e-01 1.569979040312230456e-01 7.299966363826274063e-02 3.443918358640020716e-01
4.621227271662912139e-01 1.391373499377533962e-01 8.151688816489614797e-02 3.172230347310592280e-01
4.344821115301149561e-01 1.477428109892852115e-01 8.102365127171758108e-02 3.367514262088821542e-01
4.924712730826379392e-01 1.420926953060764053e-01 6.775930556032308538e-02 2.976767260509625701e-01
4.848528358367468205e-01 1.096555392692182967e-01 1.236877598256661825e-01 2.818038650683687973e-01
4.845615029896086501e-01 1.475381485623141753e-01 6.953008984974926032e-02 2.983702585983278865e-01
4.983502386927829431e-01 1.172357985646121925e-01 7.750302355861186931e-02 3.069109391839929812e-01
4.672063352722386487e-01 1.471644301018756873e-01 8.423591194407284433e-02 3.013933226818129030e-01
4.610998592869114399e-01 1.358429877449606749e-01 6.659251438182441085e-02 3.364646385863035438e-01
4.341037241027593252e-01 1.630758230708275469e-01 8.163585927124436536e-02 3.211845935551688180e-01
4.340011211244536593e-01 1.976792445545879351e-01 7.558382997173095086e-02 2.927358043492273021e-01
4.581506429513389489e-01 1.749547871216844686e-01 3.944510990894501551e-02 3.274494600180316572e-01
4.806868827349450313e-01 1.355534306607260042e-01 9.073630430058556018e-02 2.930233823037435292e-01
4.428420774214717470e-01 1.499574127811858226e-01 6.207171473468022643e-02 3.451287950626622525e-01
4.985333071395109394e-01 1.210713157047026561e-01 8.856334660200615438e-02 2.918320305537803749e-01
4.352553140482461336e-01 1.819498710261360230e-01 6.176927543578614871e-02 3.210255394898317016e-01
4.371606893037561226e-01 1.552312297529210017e-01 7.807600897975279508e-02 3.295320719635699835e-01
4.676950165027518591e-01 1.089530881287486125e-01 8.844035300484456852e-02 3.349115423636549460e-01
5.055704472096759217e-01 1.381632442335118394e-01 7.567121133816029355e-02 2.805950972186521120e-01
4.601530205568458709e-01 1.409022439107995017e-01 7.315788092401194487e-02 3.257868546083427796e-01
4.616040684071590072e-01 1.747912753178608725e-01 6.065127856754109342e-02 3.029533777074390755e-01
4.200095970361245046e-01 1.793038059804950568e-01 8.950613272785000463e-02 3.111804642555304756e-01
4.562659586513911347e-01 1.652668500685242348e-01 4.078806069039057902e-02 3.376791305896940099e-01
4.381446579890493354e-01 1.768281574991491245e-01 1.063465805593281494e-01 2.786806039524735157e-01
4.753114944692987676e-01 1.270898119728845199e-01 5.289199984988562225e-02 3.447066937079310001e-01
3.921312915364832952e-01 1.893935372286190411e-01 8.076073688816334806e-02 3.377144343467343157e-01
4.933074951722936086e-01 1.254563446714546671e-01 8.703481259617999732e-02 2.942013475600716577e-01
4.642099976580805754e-01 1.382295853920110507e-01 4.864881590634974329e-02 3.489116010435586168e-01
4.514234849217126366e-01 1.200493498921736124e-01 8.586703303785683805e-02 3.426601321482569684e-01
4.167286652757175025e-01 1.794373122265096043e-01 8.302748661598298441e-02 3.208065358817898116e-01
4.988160673120615174e-01 1.267968757029226401e-01 6.113830317161870337e-02 3.132487538133971738e-01
4.788014309483980546e-01 1.230437773196484813e-01 8.182312233393849998e-02 3.163316693980150474e-01
5.089041588094576074e-01 1.368771045627634186e-01 6.506311492308611277e-02 2.891556217046928889e-01
4.703449141608340156e-01 1.134535803469006454e-01 8.086717785923783208e-02 3.353343276330277845e-01
4.831300525102205090e-01 1.698811870792019119e-01 6.151334205538979555e-02 2.854754183551876934e-01
4.527929434257794705e-01 1.803090933066672230e-01 9.472990517991870807e-02 2.721680580876345568e-01
5.176767140733143924e-01 1.215923467862543433e-01 7.151067657451691539e-02 2.892202625659143211e-01
4.470421789152380088e-01 1.622371620662717007e-01 6.538715294751468177e-02 3.253335060709758308e-01
4.592457241107300581e-01 1.664649644654408733e-01 7.617597617458629622e-02 2.981133352492426059e-01
4.335375320306305014e-01 1.900427554591076762e-01 6.910671002246894512e-02 3.073130024877928634e-01
4.891249654112579948e-01 1.372325777904003785e-01 8.150049616727159107e-02 2.921419606310701744e-01
5.040982885291331872e-01 1.418420657683456820e-01 6.243121552411097508e-02 2.916284301784102806e-01
4.900808456563276461e-01 1.567808200617143433e-01 7.328753459617362576e-02 2.798507996857844682e-01
4.514715642243373184e-01 1.165505018503733003e-01 1.109889191048216844e-01 3.209890148204675997e-01
5.093611847596296593e-01 1.360040952888092736e-01 8.837015142927336087e-02 2.662645685222876368e-01
4.602122896122640694e-01 1.316466911524287742e-01 8.744228902238521117e-02 3.206987302129220563e-01
4.701779674888423299e-01 1.769607610812849730e-01 5.597071433256127493e-02 2.968905570973114361e-01
4.820593966621184445e-01 1.531290803094911279e-01 5.214505984728876747e-02 3.126664631811015282e-01
5.086844629385899319e-01 1.227439396812762124e-01 7.026741887651991036e-02 2.983041785036139038e-01
4.907480768235413238e-01 1.317417385464058621e-01 1.017108216975052409e-01 2.757993629325476981e-01
5.166575228219898452e-01 1.465933985913237814e-01 6.864397641732339350e-02 2.681051021693629521e-01
4.497324724305519772e-01 2.043385129446196324e-01 8.781035018579616547e-02 2.581186644390322527e-01
5.088214007546190132e-01 1.497634544919757005e-01 5.831769047004815160e-02 2.830974542833570862e-01
4.248207889668349502e-01 1.626024693012005085e-01 6.929011615867372575e-02 3.432866255732908711e-01
4.876531548645597347e-01 1.257103759188783476e-01 6.899293869575884308e-02 3.176435305208031856e-01
4.293675937844448343e-01 1.703061979657133351e-01 6.555666029869307299e-02 3.347695479511488270e-01
5.113323276776137183e-01 1.035691793370392688e-01 5.234846521919816337e-02 3.327500277661487593e-01
4.942331557022403565e-01 1.331416544434131655e-01 7.980449246713815226e-02 2.928206973872083396e-01
4.609373362498304649e-01 1.731285816624863194e-01 6.611279615133708321e-02 2.998212859363461602e-01
4.489295330754536351e-01 1.204460780277030185e-01 5.720370012493481565e-02 3.734206887719084822e-01
4.381433945381383865e-01 1.473807551943744076e-01 5.943972745873645630e-02 3.550361228087507426e-01
4.221491613665176446e-01 1.296784567590353598e-01 1.021703181276842065e-01 3.460020637467628446e-01
5.470141935683101586e-01 1.476862368227159217e-01 4.889420421915940257e-02 2.564053653898144547e-01
4.365801580586642361e-01 1.863191622733054442e-01 8.164164198082621282e-02 2.954590376872042179e-01
4.777404361614505102e-01 1.314390522036069375e-01 8.773740957730458145e-02 3.030831020576379431e-01
5.196308079664478941e-01 1.401331843235489039e-01 6.579647629416315868e-02 2.744395314158400989e-01
4.877389920577832050e-01 1.231769932787495497e-01 9.789413975331182072e-02 2.911898749101554662e-01
5.227741801846659264e-01 9.995687887676101002e-02 5.889301010659588748e-02 3.183759308319770165e-01
4.909083403350891772e-01 1.683427154635832590e-01 5.565436714611370767e-02 2.850945770552139047e-01
4.953568868519884760e-01 1.271948492700021860e-01 7.749156306954525786e-02 2.999567008084641495e-01
5.119628297317009302e-01 9.491444076413987907e-02 6.395652818293717790e-02 3.291662013212219295e-01
4.506277383515256973e-01 1.302694226607478134e-01 9.176242980631904578e-02 3.273404091814073325e-01
5.117089665559790834e-01 1.222643605017184332e-01 5.623322411172516910e-02 3.097934488305773559e-01
5.071977789308698137e-01 1.551690193255588490e-01 5.213463234400316643e-02 2.854985693995680807e-01
4.258534297321314166e-01 1.514003694189042237e-01 7.291549362204768903e-02 3.498307072269166706e-01
5.018481769048526164e-01 1.285557346616389152e-01 5.647631210740065161e-02 3.131197763261078237e-01
4.581872647602142079e-01 1.363723175358747264e-01 8.232947819198337125e-02 3.231109395119276528e-01
4.963937669197834301e-01 1.586514230091757294e-01 8.353634899443677930e-02 2.614184610766040473e-01
4.886128400802903227e-01 1.352958142804257247e-01 5.498650494992018273e-02 3.211048406893637908e-01
5.094414600637352519e-01 1.171536226022608790e-01 5.762161476825870127e-02 3.157833025657451609e-01
4.558040851237500357e-01 1.539200770150339348e-01 8.813085905319273383e-02 3.021449788080233234e-01
4.599983889726849684e-01 2.018453644884681819e-01 5.527089655413538333e-02 2.828853499847114317e-01
5.026801287747696412e-01 1.329166852003140220e-01 1.060607487960236184e-01 2.583424372288926629e-01
4.844807036478444018e-01 1.450072845706766311e-01 6.019535696491455645e-02 3.103166548165644523e-01
5.353862320497257965e-01 1.363773747504878897e-01 4.565003468802928538e-02 2.825863585117570631e-01
4.742015777973940804e-01 1.506828000845030213e-01 8.959369307192728560e-02 2.855219290461755710e-01
4.153177334892401706e-01 1.886841071423047689e-01 7.582348011330790338e-02 3.201746792551470877e-01
4.158514293617557867e-01 1.725459341551454362e-01 6.920167527294428245e-02 3.424009612101545086e-01
4.427018342203701273e-01 1.550673637739922728e-01 7.728291912335208402e-02 3.249478828822854881e-01
4.610031799099811312e-01 1.401291657413777925e-01 1.117869101263659348e-01 2.870807442222751416e-01
5.161055857005194536e-01 1.333196095213405596e-01 9.116178711420175329e-02 2.594130176639382612e-01
4.707622349539115625e-01 1.948680270550200710e-01 5.648254894079283300e-02 2.778871890502754294e-01
4.989927452803281649e-01 1.425652035475590274e-01 8.437864558290646133e-02 2.740634055892063325e-01
4.686246763506075608e-01 1.321407360987527368e-01 5.958293592439457137e-02 3.396516516262449992e-01
5.564841455967509676e-01 1.273056599675867206e-01 6.578009014956494316e-02 2.504301042860972437e-01
4.638379315650283941e-01 1.376427387997612439e-01 6.388017375591180380e-02 3.346391558792984333e-01
5.472030840027607423e-01 1.121112639969140123e-01 6.042104086068630225e-02 2.802646111396389639e-01
4.394541246268643397e-01 1.536379204687286781e-01 1.045774141561411491e-01 3.023305407482657081e-01
4.805005586118428207e-01 1.402482324075375875e-01 6.860004087862592304e-02 3.106511681019935023e-01
4.290164923110655337e-01 1.417326735258153114e-01 5.037030570080425901e-02 3.788805284623149028e-01
4.588903314816938916e-01 1.534322943575049669e-01 8.247954809009680477e-02 3.051978260707043922e-01
4.775055805943564380e-01 1.659361765547889001e-01 6.555762005608085918e-02 2.910006227947737334e-01
4.719419531055347727e-01 1.348621759141602761e-01 1.040103514905942467e-01 2.891855194897106074e-01
5.278940320954356169e-01 1.074689954628322008e-01 7.596881858432760759e-02 2.886681538574047412e-01
4.624941492885538685e-01 1.430385817180921393e-01 8.427000523193028947e-02 3.101972637614238137e-01
4.476055814575674585e-01 1.429639027625705106e-01 8.343920295056878045e-02 3.259913128292932782e-01
4.623932302688411045e-01 1.365237699235225532e-01 7.131187288434097382e-02 3.297711269232952991e-01
4.577312840166222752e-01 1.723473119972344092e-01 5.178743751059106115e-02 3.181339664755523100e-01
5.001224473960885764e-01 1.048665926539425336e-01 7.000338762939320447e-02 3.250075723205756995e-01
4.734466626923292676e-01 1.752419778403890294e-01 8.045965247643584173e-02 2.708517069908457642e-01
4.529599510168318410e-01 1.580987063586969110e-01 9.349239766801875628e-02 2.954489449564525749e-01
4.562445627614072907e-01 1.469214237772989151e-01 4.937589897237915082e-02 3.474581144889145601e-01
4.468430245053561789e-01 1.460679001290619006e-01 8.682842902512530325e-02 3.202606463404567561e-01
4.994830343985036669e-01 1.544553484231164231e-01 7.988304955933822615e-02 2.661785676190416283e-01
5.424291617668850485e-01 1.469097609407301885e-01 4.708225084287945977e-02 2.635788264495054767e-01
4.805836931518235322e-01 1.548465540850672562e-01 6.825891064726544166e-02 2.963108421158437422e-01
4.953773819273148971e-01 1.379929875538588036e-01 7.751326044150097516e-02 2.891163700773253242e-01
4.413826579453334342e-01 1.769484348601637613e-01 9.143763993523956746e-02 2.902312672592631260e-01
4.844790296653794237e-01 1.236586105662319524e-01 9.323355966105117965e-02 2.986288001073375553e-01
4.481963454936300217e-01 1.342104012639485922e-01 7.097888163500104541e-02 3.466143716074202574e-01
4.873670084491522059e-01 1.230279673514752536e-01 5.040346402900558465e-02 3.392015601703668448e-01
4.503858247291538941e-01 1.295105604128239940e-01 7.041305687019097648e-02 3.496905579878311077e-01
4.738432945276833674e-01 1.438663281669911864e-01 1.025261579905555748e-01 2.797642193147700240e-01
4.576483701022673323e-01 1.426759107577633412e-01 6.672715441577058149e-02 3.329485647241987034e-01
4.795271541842754948e-01 1.456468650824909450e-01 6.247566618396682009e-02 3.123503145492668165e-01
4.742753862114215124e-01 1.662280233130915552e-01 5.931614988164473495e-02 3.001804405938423015e-01
5.144939529820237167e-01 1.338346044978771521e-01 9.494012093900902616e-02 2.567313215810900773e-01
4.400190290305281970e-01 1.537624657906526415e-01 5.747236818671547925e-02 3.487461369921037724e-01
5.543014010857255647e-01 1.215535108320174168e-01 7.606575982031775485e-02 2.480793282619392082e-01
