5.723644041209122735e-01 1.592729751099318525e-01 9.926564277932581337e-02 1.690969779898300052e-01
5.574055097238409529e-01 1.767263742768295787e-01 6.648262451387883243e-02 1.993854914854506499e-01
5.495846305203990756e-01 2.354954205604476714e-01 7.043623993850425813e-02 1.444837089806490504e-01
5.438184530191084720e-01 1.812667099732731268e-01 8.888098631264285121e-02 1.860338506949754389e-01
5.711855871569005982e-01 1.849654640631686331e-01 7.620431308214845045e-02 1.676446356977824015e-01
5.146482093187689788e-01 2.035117504477264028e-01 9.895361490585828645e-02 1.828864253276464014e-01
5.610744633295089434e-01 1.993032377170607106e-01 1.082638554729266067e-01 1.313584434805037116e-01
5.563768092943848220e-01 1.888715143431804466e-01 6.900817973205453093e-02 1.857434966303801172e-01
6.132219881003446726e-01 1.845615073878193457e-01 7.759526233438154841e-02 1.246212421774543638e-01
5.828510800253291491e-01 1.382019524912460884e-01 1.178549798038796281e-01 1.610919876795453565e-01
5.846253891721526763e-01 1.697539738886998384e-01 9.450762962198849815e-02 1.511130073171590704e-01
5.900682898170298563e-01 1.841925995712447028e-01 8.811464090009485384e-02 1.376244697116305871e-01
6.013361329872604077e-01 2.014290532752196217e-01 5.869916464920444527e-02 1.385356490883155045e-01
5.639799836900116770e-01 2.438116059839505190e-01 8.059042961919060666e-02 1.116179807068470864e-01
5.694007534612306465e-01 1.707357013422687031e-01 1.294077213341008059e-01 1.304558238623997612e-01
5.048355544802395345e-01 2.033184756016835626e-01 1.246540830380984122e-01 1.671918868799784907e-01
6.100434441845655753e-01 2.034399049012748373e-01 5.073552084236373355e-02 1.357811300717958469e-01
5.855606020767190056e-01 1.769190517041326904e-01 4.954867651733438350e-02 1.879716697018137539e-01
6.038352542771909803e-01 1.593383585424803239e-01 6.288704845557596679e-02 1.739393387247527567e-01
5.847572202688664511e-01 1.819153315550336436e-01 9.432165228985790739e-02 1.390057958862419285e-01
6.210254668032756387e-01 1.337728432159542846e-01 9.281557474821375275e-02 1.523861152325562685e-01
5.760559390874420149e-01 1.781516165808390839e-01 1.070513287701357619e-01 1.387411155615830560e-01
6.189112050256594388e-01 1.613818717194188679e-01 8.526970084744767142e-02 1.344372224074738553e-01
5.422428364760687458e-01 2.155441469858809245e-01 8.217226052575188344e-02 1.600407560122984740e-01
6.067719862323195379e-01 1.674334380713612958e-01 7.203157405170132477e-02 1.537630016446177583e-01
5.434658096790426773e-01 1.930635993045050902e-01 9.696015045602945914e-02 1.665104405604226623e-01
6.258349748453710948e-01 1.799299775567512749e-01 5.704216611464468789e-02 1.371928814832329979e-01
5.827929411232635193e-01 1.579017225767345434e-01 8.360050084055002662e-02 1.757048354594518969e-01
5.491819012120298105e-01 1.602655587077662369e-01 1.015612396172416998e-01 1.889913004629623638e-01
5.571375784191940905e-01 1.713154629241601945e-01 1.219420916719269887e-01 1.496048669847188095e-01
5.404662264578649067e-01 1.840747647109205742e-01 1.193950800408790786e-01 1.560639287903353434e-01
5.572877310176770349e-01 1.667908071046287632e-01 1.126539114018382942e-01 1.632675504758558382e-01
4.793250279758516919e-01 2.662778113720020157e-01 1.026294393346708633e-01 1.517677213174754014e-01
5.165683431354837207e-01 2.086286353614001943e-01 1.038873135144191134e-01 1.709157079886969299e-01
6.133594187720328161e-01 1.631480287966511067e-01 6.903181277926190296e-02 1.544607396520542020e-01
5.816961532092260745e-01 1.769875780605342785e-01 7.475144683536021073e-02 1.665648218948794501e-01
5.756736428112105841e-01 1.653352135056747607e-01 1.015219109214410970e-01 1.574692327616736276e-01
5.351107537175591178e-01 2.250754506783118891e-01 7.578278810972560731e-02 1.640310074944034135e-01
5.510932919848541278e-01 1.936576527441612738e-01 7.631059360835594496e-02 1.789384616626286950e-01
5.578365453144834563e-01 1.879539970678137939e-01 9.401232069001727587e-02 1.601971369276855295e-01
5.310776715361266165e-01 1.716438864209662574e-01 1.148892877834842563e-01 1.823891542594228143e-01
5.819255550962892931e-01 2.040340616980692579e-01 8.190253024502130996e-02 1.321378529606201946e-01
6.107997500868753704e-01 1.557273620711406292e-01 6.856080410516036949e-02 1.649120837368237558e-01
5.122359235406803712e-01 1.992987742918848615e-01 9.782922563837603835e-02 1.906360765290587567e-01
5.892413191292088515e-01 2.020660231498315473e-01 6.705564051361315170e-02 1.416370172073463940e-01
5.808745961376095002e-01 1.694169171982177757e-01 6.557864789997887300e-02 1.841298387641938095e-01
5.397958272916817402e-01 1.879895756620133807e-01 7.526737070560277076e-02 1.969472263407022472e-01
5.817265822066469694e-01 1.943439514977032823e-01 6.326446396427500007e-02 1.606650023313748732e-01
5.998231078872109379e-01 1.695031514823850949e-01 7.793706120101338841e-02 1.527366794293906205e-01
5.548206770018474510e-01 2.126548702142009029e-01 8.590199731975430020e-02 1.466224554641972766e-01
5.992436402859888656e-01 1.465699256955568797e-01 9.168432912036002247e-02 1.625021048980942462e-01
5.968917542855408653e-01 1.645967186074417388e-01 9.049386044227963888e-02 1.480176666647377015e-01
5.455293632784113944e-01 1.861990073999128248e-01 8.544887029867759276e-02 1.828227590229982713e-01
5.721367560741127400e-01 1.935071737247917034e-01 6.415974482848928184e-02 1.701963253726065384e-01
5.499845915591113910e-01 1.641717559575381624e-01 1.080365774378109767e-01 1.778070750455395810e-01
5.979050645982577628e-01 1.234681454345407936e-01 8.570166316189213596e-02 1.929251268053094603e-01
6.374351522317521779e-01 1.771950993750092962e-01 4.498441090650985574e-02 1.403853374867286563e-01
5.584839935392029719e-01 2.050705805767563672e-01 9.000602371145864644e-02 1.464394021725819450e-01
5.083399543066994264e-01 1.891012382528287628e-01 9.454994266331315234e-02 2.080088647771586585e-01
6.042699645155716892e-01 1.482440429032388096e-01 9.848001231082344209e-02 1.490059802703661007e-01
5.576941721814308028e-01 1.492024795549240779e-01 8.193802316011050690e-02 2.111653251035347789e-01
5.755541348786685774e-01 2.110669950091462188e-01 6.658744570962575604e-02 1.467914244025594062e-01
4.957178171157512470e-01 2.493783162760158378e-01 1.037486518025486776e-01 1.511552148056840572e-01
5.934388406786160752e-01 1.840109147042286730e-01 5.522499350634267612e-02 1.673252511108125062e-01
6.149831837880747054e-01 1.847810447374076126e-01 8.735992229943496945e-02 1.128758491750826570e-01
5.937745556644803413e-01 1.389448474762321750e-01 8.656553373333786272e-02 1.807150631259495099e-01
5.403602423411079103e-01 1.852826237354195382e-01 9.062040485697714365e-02 1.837367290664955188e-01
4.927061608254476033e-01 2.015622522568674135e-01 1.045963155801809819e-01 2.011352713375039181e-01
5.493335322726419223e-01 2.036594996484738518e-01 7.315403934837849675e-02 1.738529287305056736e-01
5.791163316631667834e-01 1.780181738041594075e-01 7.604132543572710012e-02 1.668241690969467783e-01
5.939745731811966190e-01 1.851740042489815607e-01 9.732888209247853029e-02 1.235225404773432206e-01
5.761084222957074674e-01 2.035366790192530417e-01 7.706206165540586961e-02 1.432928370296336074e-01
5.503009913984163726e-01 1.728222652025834527e-01 9.752021438814881260e-02 1.793565290108513621e-01
5.890893128942942258e-01 1.589278611266740637e-01 9.578918651114989857e-02 1.561936394678817841e-01
5.069375496400759795e-01 2.065559870253281527e-01 1.061470331835717290e-01 1.803594301510241527e-01
5.948964202015937230e-01 1.927198184278746396e-01 7.332937647316299656e-02 1.390543848973685714e-01
6.051188045686565209e-01 1.821821942420183693e-01 5.118681241238478424e-02 1.615121887769403741e-01
4.595852366391557364e-01 2.303781234199534511e-01 1.129442096293664238e-01 1.970924303115243192e-01
5.914342852235821013e-01 1.656562755461422898e-01 9.164049248817798810e-02 1.512689467420976763e-01
5.904010132261200416e-01 1.653037070117064633e-01 8.568221182147459092e-02 1.586130679406989041e-01
5.804110734410796724e-01 1.763565271284461278e-01 1.194757419301735873e-01 1.237566575003006958e-01
5.390607955669228790e-01 1.891975541006846451e-01 1.220814644205447941e-01 1.496601859118475986e-01
5.601696337821088223e-01 1.680229053415023266e-01 8.790376458980954377e-02 1.839036962865792657e-01
5.701205429841135208e-01 1.809912051205007644e-01 9.611476750353610543e-02 1.527734843918497065e-01
5.397876405275352507e-01 1.692787983482936798e-01 8.651564903179070898e-02 2.044179120923802773e-01
5.947844787134690669e-01 1.718605929036698676e-01 8.429612867561236955e-02 1.490587997072488624e-01
5.735188289753101465e-01 1.367344054892850047e-01 1.073009252536369501e-01 1.824458402817680236e-01
5.575819690037570053e-01 2.175206381993434468e-01 7.706310075886904642e-02 1.478342920380305847e-01
5.815469308544308769e-01 1.608139391917725591e-01 7.793579913652998181e-02 1.797033308172666377e-01
5.906650054748908696e-01 1.668349065203616477e-01 8.146696368149325407e-02 1.610331243232543119e-01
5.074954283709061098e-01 2.093597828570530339e-01 8.634842094535338797e-02 1.967963678266875793e-01
5.810510027278662504e-01 2.234460779171083822e-01 6.269096182026008546e-02 1.328119575347650738e-01
6.358927105045221184e-01 1.468782770981620078e-01 9.349937693675046402e-02 1.237296354605654375e-01
5.546478330748515484e-01 1.883080741810416459e-01 8.255531343331332095e-02 1.744887793107936236e-01
5.269233024854719227e-01 2.438258733113947141e-01 9.416549457637585219e-02 1.350853296267575665e-01
5.714022182442570763e-01 1.666138162883374352e-01 7.420508288589346135e-02 1.877788825815119578e-01
5.094692770541330296e-01 2.058938549413907304e-01 8.798340418970183874e-02 1.966534638147743597e-01
5.832147291327727245e-01 1.798849508257502894e-01 1.050404667936262609e-01 1.318598532478507668e-01
6.041101276699207823e-01 1.741489291172130804e-01 8.028101309811372377e-02 1.414599301147525245e-01
6.048756969350213009e-01 1.714472530481648826e-01 8.453978680509395549e-02 1.391372632117198471e-01
5.983768011809771359e-01 1.682606374020757800e-01 9.336175413365187248e-02 1.400008072832952533e-01
5.512920611522695857e-01 1.730940224306379005e-01 6.098071194734883821e-02 2.146332044697437380e-01
5.585968908152685319e-01 1.798482166596993559e-01 8.401726023162542356e-02 1.775376322934068829e-01
6.151696751577623301e-01 1.621118149776697992e-01 9.463532675664601546e-02 1.280831831079219385e-01
6.129440395758567472e-01 2.192927380575857843e-01 5.793550825946999078e-02 1.098277141070873875e-01
5.830988050651234600e-01 1.490067225586711452e-01 8.101309628897765402e-02 1.868813760872277963e-01
6.123591385852038549e-01 1.644010268168628053e-01 7.541994158022988226e-02 1.478198930177033743e-01
5.602612810652979336e-01 1.775049533721256567e-01 9.727400272360398059e-02 1.649597628389724291e-01
5.459057957733581823e-01 1.808666803766779962e-01 7.152367058085068452e-02 2.017038532691132480e-01
5.419488257537811160e-01 2.196731982755618928e-01 9.240079003782090961e-02 1.459771859328359844e-01
6.341982979828427736e-01 1.665685877983248131e-01 5.672193803840282905e-02 1.425111761804295218e-01
5.307028558227591120e-01 1.926228641535523978e-01 8.953535261102904541e-02 1.871389274126594171e-01
5.162404992085150024e-01 2.134387431762665988e-01 1.204774040059811424e-01 1.498433536092374230e-01
5.893373261841760025e-01 1.629242075917970711e-01 8.772789567673994204e-02 1.600105705472870954e-01
5.870236124705497938e-01 1.999746448957273881e-01 8.642937272363275525e-02 1.265723699100900212e-01
6.192260018477954153e-01 1.684189796344408574e-01 9.075789121012763083e-02 1.215971273076361936e-01
6.203235999057860051e-01 1.637000276713283520e-01 6.552208400805914490e-02 1.504542884148265258e-01
6.044775311239014570e-01 1.671684063521483576e-01 6.326812355980142299e-02 1.650859389641488317e-01
5.652067662019159000e-01 1.864633488804758321e-01 9.384343420080434872e-02 1.544864507168038636e-01
5.216105367440724283e-01 1.906095910130831128e-01 9.888146992700119764e-02 1.888984023158432335e-01
5.690795664890258010e-01 1.638744662572075850e-01 7.346674475969169893e-02 1.935792224940749706e-01
5.562372349919468828e-01 2.231618038379046542e-01 7.782367728662026307e-02 1.427772838835281721e-01
5.651645784048983101e-01 1.802234496894617732e-01 8.533781403696112655e-02 1.692741578686788040e-01
5.937906945393971458e-01 2.144481994681221027e-01 7.760584952061459763e-02 1.141552564718662649e-01
5.957097704285762019e-01 1.786059063401515823e-01 8.666652648888366339e-02 1.390177967423887884e-01
6.242495435293217154e-01 1.727929841363886054e-01 7.197060338745102370e-02 1.309868689468386971e-01
5.803182754294752277e-01 1.613969335091750279e-01 1.077673168857526814e-01 1.505174741755969936e-01
5.132012339656986111e-01 1.988175683968836926e-01 1.035115435738176021e-01 1.844696540636000803e-01
5.435580866551638080e-01 2.332271687721330644e-01 9.178253514267627200e-02 1.314322094300267862e-01
5.550322772134240745e-01 2.368150348211666145e-01 1.042469873276033188e-01 1.039057006378058950e-01
5.366955104386780251e-01 2.036046407913803258e-01 7.182950944783023095e-02 1.878703393221115847e-01
5.455043528759314642e-01 2.137814306662970953e-01 9.062968231864138025e-02 1.500845341391300602e-01
5.478901503025734865e-01 1.629710287567191773e-01 9.420252921004958202e-02 1.949362917306578236e-01
5.754140387188685368e-01 1.996222830106197110e-01 7.780361373739620723e-02 1.471600645331155310e-01
5.515695780022260575e-01 1.879561176265949207e-01 1.192172833010701899e-01 1.412570210701089013e-01
5.710072571315821799e-01 1.934967594581257777e-01 1.032797946138178102e-01 1.322161887964742599e-01
5.858142240624060193e-01 1.798637311749624046e-01 7.425406806011376759e-02 1.600679767025178779e-01
5.615949998679551358e-01 1.718302785431589097e-01 7.148432648167968306e-02 1.950903951072061604e-01
5.533649824869640854e-01 1.643064085220060921e-01 1.152768583620671916e-01 1.670517506289627141e-01
5.425217348572736187e-01 2.076788450293756694e-01 1.013160312620357273e-01 1.484833888513151234e-01
6.071968038721919925e-01 1.810204407389839620e-01 7.455864992179682404e-02 1.372241054670271521e-01
5.456391287692300418e-01 1.810799792747592452e-01 1.103590298523905028e-01 1.629218621036203352e-01
5.935976893236898366e-01 1.595120246531530062e-01 1.115931994414837980e-01 1.352970865816735813e-01
5.277386038635123455e-01 1.833369181717866836e-01 9.289239933774970370e-02 1.960320786269512394e-01
5.956984369124991296e-01 1.353294725303418045e-01 5.076774364041101301e-02 2.182043469167481708e-01
6.011225234620511948e-01 1.433628397800411902e-01 1.001136804584036866e-01 1.554009562995040949e-01
6.111567321976072442e-01 1.757511038379936386e-01 7.727948808467981212e-02 1.358126758797194300e-01
5.626609007341707436e-01 1.720802457974232313e-01 1.175465542024352605e-01 1.477122992659707645e-01
5.634131320078760163e-01 2.134891934505589450e-01 8.377023208005146548e-02 1.393274424615134899e-01
6.026390024800458711e-01 1.606577477030090850e-01 6.682714897013486421e-02 1.698761008468101519e-01
5.768061131464017333e-01 1.813223589351146692e-01 7.796890608190837346e-02 1.639026218365752519e-01
5.694618223689674741e-01 1.656116107205775068e-01 8.622852786183189677e-02 1.786980390486231640e-01
5.797958532633260553e-01 1.880551672836358323e-01 7.819148827330775486e-02 1.539574911797303158e-01
5.459147278618687871e-01 1.697760401095534943e-01 8.904584615869866326e-02 1.952633858698789304e-01
6.148982220285521549e-01 1.824754852724796428e-01 6.618566663625832791e-02 1.364406260627098189e-01
5.850009026474051188e-01 1.470399220853590150e-01 5.489191060200609984e-02 2.130672646652295998e-01
6.018765368442232644e-01 1.833059840344795355e-01 5.957401863887147597e-02 1.552434604824257658e-01
5.440674779263566796e-01 1.966813975981781815e-01 9.184088047947612521e-02 1.674102439959891109e-01
5.124710112455769240e-01 2.228495205521107692e-01 9.540383927973311584e-02 1.692756289225791910e-01
5.670385985202389678e-01 1.987115187333665656e-01 8.172884951374530249e-02 1.525210332326491225e-01
6.063543161996443054e-01 1.938961924129511960e-01 7.707514471826515390e-02 1.226743466691391504e-01
6.186403407913072527e-01 1.536863168500256782e-01 6.849549699218800136e-02 1.591778453664790260e-01
5.704381134164895339e-01 2.164660735288459759e-01 6.743297930626898640e-02 1.456628337483954483e-01
5.397699413887470099e-01 1.783666306012268166e-01 8.946158346555321828e-02 1.924018445444728442e-01
5.566446085210255967e-01 1.861868591520179916e-01 9.656607784601603517e-02 1.606024544809402099e-01
5.461540802339528433e-01 1.894498738041827390e-01 8.693601131020232964e-02 1.774600346516619909e-01
5.432925020469094868e-01 1.655151478346473526e-01 1.108424414576180406e-01 1.803499086608251756e-01
5.449179570285729302e-01 1.766917013900916322e-01 1.082633478002514305e-01 1.701269937810839239e-01
5.672826453563994953e-01 1.836042733706610419e-01 1.040400181481732911e-01 1.450730631247663660e-01
6.319664020185428166e-01 1.543190898361243568e-01 7.833981448717054763e-02 1.353746936581621541e-01
5.997088834117788592e-01 1.669577054529765014e-01 8.039892423288035050e-02 1.529344869023642750e-01
6.000589365452146939e-01 1.540906656780271777e-01 6.086199196558974428e-02 1.849884058111683216e-01
5.953044028056008186e-01 1.648369402989006416e-01 5.969065809324276828e-02 1.801679988022557299e-01
5.682243561120460251e-01 1.997636243781890086e-01 6.562576303973233216e-02 1.663862564700326063e-01
6.164475972037434248e-01 1.636322518908593648e-01 5.826572204577581959e-02 1.616544288596213630e-01
5.263063590987095974e-01 2.097881165173952900e-01 1.302598217288792326e-01 1.336457026550157967e-01
5.357402694283724953e-01 1.918111652177864335e-01 8.941225798160283567e-02 1.830363073722383604e-01
6.229696246363705114e-01 1.728522290819525242e-01 7.782895890642572978e-02 1.263491873752511929e-01
5.822032459627034529e-01 1.428085862034445541e-01 9.596509257468291421e-02 1.790230752591689123e-01
5.437999333547041125e-01 2.048707973064812227e-01 7.652517146308496221e-02 1.748040978757297303e-01
6.285217375697602638e-01 1.520129528480938796e-01 7.652558518951822764e-02 1.429397243926276706e-01
5.604619338075280677e-01 1.822182294254311719e-01 9.372651729428339851e-02 1.635933194727572648e-01
5.516626556839616669e-01 2.107502939275841536e-01 7.993225072923564045e-02 1.576547996592185252e-01
6.061801554023646954e-01 1.633154279137991327e-01 6.758248207290518117e-02 1.629219346109309352e-01
5.479941798659997421e-01 1.886671943494560855e-01 1.042076077892474112e-01 1.591310179952967474e-01
6.403813415465039460e-01 1.549422381175932228e-01 8.398308239536975139e-02 1.206933379405329410e-01
6.113889968660842777e-01 1.753403115736232309e-01 7.762246830664554231e-02 1.356482232536468102e-01
5.769788904043884337e-01 1.952290084143915305e-01 5.656526137876426163e-02 1.712268398024556770e-01
5.813416148715740972e-01 1.933974552842128714e-01 7.953189227502192871e-02 1.457290375691910611e-01
5.673682484135061932e-01 1.518884372778114000e-01 7.991319819840685124e-02 2.008301161102753751e-01
5.705602872599891962e-01 1.963359921575212330e-01 1.010441478775695595e-01 1.320595727049200530e-01
5.770463764457013367e-01 2.113184129363858410e-01 5.764228520661361654e-02 1.539929254112991364e-01
5.108198008550446367e-01 2.189574936464471766e-01 1.204043660444701347e-01 1.498183394540381352e-01
6.261116841085302420e-01 1.508468078042496108e-01 6.573468302752846770e-02 1.573068250596916795e-01
5.370535016273851880e-01 2.123890126366909936e-01 8.453208085390784277e-02 1.660254048820160866e-01
5.775208138033471883e-01 1.553928878102988631e-01 1.029735021521543253e-01 1.641127962341994984e-01
5.244715153937959951e-01 1.827321905768938270e-01 1.212087936596690507e-01 1.715875003696410162e-01
5.637904741509253137e-01 1.964129201303635996e-01 1.001435485013902477e-01 1.396530572173208806e-01
5.764068358907405987e-01 1.716714591202432305e-01 7.637776650668219591e-02 1.755439384823339333e-01
5.595354805685754940e-01 1.608370729535176236e-01 6.558312555712227099e-02 2.140443209207846254e-01
6.314012455661041079e-01 1.625465015653375644e-01 6.464144820132471103e-02 1.414108046672337693e-01
5.900182557879558587e-01 1.281189750168587882e-01 1.048559583778846532e-01 1.770068108173007970e-01
5.279717583793231972e-01 1.806454297568143297e-01 9.254399250760216022e-02 1.988388193562604378e-01
5.423966967022821883e-01 1.703382631181603324e-01 1.558199485524119077e-01 1.314450916271455716e-01
5.811732457890169679e-01 1.798942562356438124e-01 7.389691148643261209e-02 1.650355864889067603e-01
5.432103131804468799e-01 2.401858480595457368e-01 6.736349227673689433e-02 1.492403464832704474e-01
6.120038140613146549e-01 1.562069813800806284e-01 8.171933179318226215e-02 1.500698727654224129e-01
5.292479951234612123e-01 2.218227067176730682e-01 9.192773531584057245e-02 1.570015628430251886e-01
5.775203460838214120e-01 1.812761106253052701e-01 8.418142025948938123e-02 1.570221230313839644e-01
6.353585159579391295e-01 1.614624511625828984e-01 5.516564220315041400e-02 1.480133906763274887e-01
5.922911750790990082e-01 1.591940027375913502e-01 8.890978304405995625e-02 1.596050391392497547e-01
5.476326336084920143e-01 2.038592775796351786e-01 1.036825192487417918e-01 1.448255695631310291e-01
5.402884192985915046e-01 1.735922730142008541e-01 1.388752553000016376e-01 1.472440523872059204e-01
6.159992063141014329e-01 1.584073401756525556e-01 6.945048307544869626e-02 1.561429704347971903e-01
5.560088643085537852e-01 1.896452878925896923e-01 8.592921140090935272e-02 1.684166363979473779e-01
5.732604815886739313e-01 1.949938661842571530e-01 7.050268471503967627e-02 1.612429675120293782e-01
5.715446625226012767e-01 1.771630940936260168e-01 1.041706443766466927e-01 1.471215990071261526e-01
5.482177046394365316e-01 1.742391418139185300e-01 1.089295802183056910e-01 1.686135733283392613e-01
5.691870933152943790e-01 1.777200192502269571e-01 9.276852125655754566e-02 1.603243661779210349e-01
5.343822469246516382e-01 1.929075947184173967e-01 1.029020589303085847e-01 1.698080994266225607e-01
5.998775164490736111e-01 1.578192773348401634e-01 7.087055733114668021e-02 1.714326488849396146e-01
5.134084966527399096e-01 2.350089128861534427e-01 8.520013414603089252e-02 1.663824563150755886e-01
5.795800005070758099e-01 1.688533473207697311e-01 9.293925083607405824e-02 1.586274013360805257e-01
5.744191389532664616e-01 1.988060994952486615e-01 6.952995247247535648e-02 1.572448090790095898e-01
5.892285862034138955e-01 1.605531558051126462e-01 8.453983097210462927e-02 1.656784270193688569e-01
5.965136255729660553e-01 1.617779081612856218e-01 7.480479225936474685e-02 1.669036740063835067e-01
6.070390881715469478e-01 1.482691879530184387e-01 9.140000664922780238e-02 1.532917172262067973e-01
5.585545006918036792e-01 1.712236682297727519e-01 1.123962284846386356e-01 1.578256025937849472e-01
5.981425948599973230e-01 1.812574019906990352e-01 9.024329603498131014e-02 1.303567071143222900e-01
5.701124829077427458e-01 1.767004874237919354e-01 8.617652423565122510e-02 1.670105054328142047e-01
5.829269313347478221e-01 1.787390524523955748e-01 8.552471228155553162e-02 1.528093039313010715e-01
5.794983809008817932e-01 1.526590058369549086e-01 7.193447535139674276e-02 1.959081379107664167e-01
5.761240905045375005e-01 1.808392706256395643e-01 5.763454971161183216e-02 1.854020891582111030e-01
6.358116719144002449e-01 1.474631739816816556e-01 5.633830861181379768e-02 1.603868454921043851e-01
5.817462573733502840e-01 1.511505912251507600e-01 9.324019057838550673e-02 1.738629608231135604e-01
5.374784312324171198e-01 1.817832800287416950e-01 1.034573142109385807e-01 1.772809745279026183e-01
5.363060551589959868e-01 1.903296447157061810e-01 9.243308443338534020e-02 1.809312156919126169e-01
5.997763368207525980e-01 1.969039381922161602e-01 4.603879770084218226e-02 1.572809272861889485e-01
5.461049928300225620e-01 1.833535639720207389e-01 7.763402172927304223e-02 1.929074214686836986e-01
6.019321803903852075e-01 1.726065024119790570e-01 7.948959927284413030e-02 1.459717179247916885e-01
5.377212032771175876e-01 2.020593321689234390e-01 9.087098471939146493e-02 1.693484798345675779e-01
5.906311460532646107e-01 1.702552671349234492e-01 6.948596813543034267e-02 1.696276186763816252e-01
5.224199788765339081e-01 2.049986631701219697e-01 8.859317849662290412e-02 1.839881794567212459e-01
5.877128179167249167e-01 1.401905099907478358e-01 7.414376211945035433e-02 1.979529099730769903e-01
5.467841443919685407e-01 1.910227646047773231e-01 8.410060329561197534e-02 1.780924877076420498e-01
5.482985326857117148e-01 2.200503109366029331e-01 5.799219219676404052e-02 1.736589641809212214e-01
6.036468319418112349e-01 1.638802620860915493e-01 8.134574799202526352e-02 1.511271579800719800e-01
5.840149141148455181e-01 1.593215196210700513e-01 9.335937647168550402e-02 1.633041897923989405e-01
5.721181914911473987e-01 1.713376978643211535e-01 8.904486950668243084e-02 1.674992411378490309e-01
5.710014126895137654e-01 1.829495643649175218e-01 7.816108755694704813e-02 1.678879353886217618e-01
5.707545264058141443e-01 1.784887098170255815e-01 5.941086158149921220e-02 1.913459021956611106e-01
6.066281380862450501e-01 1.764809551743252436e-01 9.640766601854608431e-02 1.204832407208835943e-01
5.821430271270318091e-01 1.722472836183925327e-01 8.493523229228196192e-02 1.606744569622937657e-01
5.730527637416362730e-01 1.786928396121419127e-01 5.276207583658542449e-02 1.954923208096364384e-01
5.715417183525924871e-01 1.582715797302572946e-01 7.676692875867836829e-02 1.934197731584718916e-01
5.439866503345859305e-01 1.846860975162435969e-01 7.009594481755249129e-02 2.012313073316179812e-01
5.146026452433332121e-01 1.998451027598968921e-01 9.730228408242640181e-02 1.882499679143433968e-01
4.989203438339951391e-01 1.929821073440557144e-01 1.343457680793540832e-01 1.737517807425950078e-01
5.808946381656754365e-01 1.776039057662167353e-01 9.103208174911345263e-02 1.504693743189942923e-01
5.421407606773873677e-01 1.526675514882372964e-01 8.661635136030507165e-02 2.185753364740702365e-01
5.342617931242825691e-01 1.682990121422814067e-01 7.372526594002314082e-02 2.237139287934128695e-01
5.598445893159468278e-01 1.646425011979238962e-01 1.134801569112778019e-01 1.620327525748514741e-01
5.661393985868176104e-01 1.846158137882978612e-01 7.564086624801065473e-02 1.736039213768738598e-01
6.065928522199343087e-01 1.790033335007416848e-01 7.638796735786369807e-02 1.380158469214602945e-01
5.777689516547025450e-01 1.960851591400467053e-01 7.411776364950208029e-02 1.520281255557486833e-01
5.535305238306501563e-01 1.592449626695117415e-01 9.097248017002899922e-02 1.962520333298091169e-01
5.797287620447768575e-01 1.837036877470877849e-01 8.234661445324194251e-02 1.542209357548935400e-01
6.316350711812543928e-01 1.529298218575527446e-01 7.901058935146529350e-02 1.364245176097275136e-01
5.480908984584796917e-01 1.953122109699930997e-01 8.991154956999837522e-02 1.666853410015287917e-01
5.634214818333009855e-01 1.776835043750885079e-01 7.901538073433631015e-02 1.798796330572740854e-01
5.524857003422245505e-01 1.866633456029467841e-01 7.371480758371000419e-02 1.871361464711186473e-01
5.692256559749895306e-01 2.000854589525896954e-01 9.091877897475926507e-02 1.397701060976616616e-01
6.381845427317131003e-01 1.667140354349092857e-01 7.847794753351529373e-02 1.166234742998624174e-01
5.472534161907259831e-01 1.715898598308178979e-01 9.077680255465182813e-02 1.903799214238044435e-01
5.598835104490430536e-01 1.999350619553864339e-01 9.483099527188017241e-02 1.453504323236902429e-01
5.286811215865099278e-01 1.853910547900013139e-01 9.041041482165720899e-02 1.955174088018315770e-01
5.769342849967035169e-01 2.053949180348246251e-01 4.611202734829213806e-02 1.715587696201797963e-01
5.980108488053424987e-01 1.709319565211031289e-01 8.125975687329348163e-02 1.497974378002609741e-01
5.605671184838200150e-01 1.995801218228305807e-01 6.979526974501400194e-02 1.700574899483353608e-01
5.601048369673751193e-01 1.861046330561574869e-01 5.358897805964656785e-02 2.002015519168208746e-01
5.411003910767826497e-01 1.665046517200964582e-01 8.503316613070581453e-02 2.073617910724152857e-01
6.204975553493475848e-01 1.881710009570183584e-01 5.581117397413257186e-02 1.355202697195014849e-01
6.001111160587616622e-01 1.663184058659417930e-01 7.164642592782574648e-02 1.619240521474707428e-01
5.620129058973168945e-01 1.839322264510135363e-01 1.096742928783601273e-01 1.443805747733093170e-01
5.680814703293722845e-01 1.760605275148386384e-01 6.975453470965814473e-02 1.861034674461308769e-01
5.842966106677309757e-01 2.101524635333043567e-01 8.135639243977677015e-02 1.241945333591878420e-01
6.030913517201266227e-01 1.357568381160429993e-01 9.269974711993780869e-02 1.684520630438925970e-01
6.201100689896719143e-01 1.815967967214310586e-01 6.866554373268800304e-02 1.296275905562090380e-01
5.460925051046164880e-01 2.086351076052339049e-01 7.181382955683658642e-02 1.734585577333130624e-01
6.331874069961515028e-01 1.658104743755448029e-01 6.964983415389930377e-02 1.313522844744044182e-01
5.708158974393706675e-01 1.717900567795173361e-01 5.565158629365492271e-02 2.017424594874570043e-01
5.615291882019007863e-01 1.961663263409610114e-01 6.538212703557019778e-02 1.769223584215681155e-01
5.908324467110228628e-01 1.357114956691897467e-01 7.814812728911166295e-02 1.953079303306759773e-01
6.204087215579799919e-01 1.509576242233112153e-01 7.078470759921072497e-02 1.578489466194981095e-01
5.855767942295757589e-01 1.672398429832442357e-01 8.552961279787112125e-02 1.616537499893087038e-01
5.961076859141748452e-01 1.505900962871838666e-01 9.290127273784844208e-02 1.604009450607928600e-01
6.084463445368509804e-01 1.463903944421654224e-01 8.482759010395009291e-02 1.603356709170335459e-01
5.996506078351392377e-01 1.729754176849165881e-01 7.391267742034500488e-02 1.534612970595991832e-01
6.122153191780238535e-01 1.488948923964427407e-01 9.276069245638102201e-02 1.461290959691523561e-01
5.240332679943205951e-01 1.990866884341254417e-01 8.491433585013986873e-02 1.919657077214138863e-01
5.268160162130904878e-01 2.071221655450239119e-01 9.110864350153284608e-02 1.749531747403526571e-01
6.126993230072952379e-01 1.625789294754853287e-01 7.346399807091760770e-02 1.512577494463017702e-01
5.611196331397466652e-01 1.903808997520524127e-01 1.232914305394497007e-01 1.252080365687513186e-01
5.495568145354942091e-01 2.155519611193077445e-01 8.433698995445863822e-02 1.505542343907394776e-01
5.890011157700872912e-01 1.598015737045474782e-01 9.583604714842676453e-02 1.553612633769385354e-01
5.983468097916362360e-01 1.909126284018313191e-01 8.120051666134518731e-02 1.295400451451872437e-01
6.074082304912210573e-01 1.414578421896423854e-01 6.128912507654300096e-02 1.898448022425935910e-01
5.390526777996249574e-01 2.035065469528393456e-01 8.942411604817719628e-02 1.680166591993585701e-01
5.436335762882035239e-01 1.947578710748830433e-01 1.312267806921347257e-01 1.303817719447785406e-01
5.452106232552411669e-01 1.833460162092670487e-01 8.131808821241125196e-02 1.901252723230804909e-01
5.324847964147668700e-01 2.219536909356568943e-01 5.982788246938493260e-02 1.857336301801913447e-01
5.895905510028651708e-01 1.830951997248991547e-01 8.854770955970839297e-02 1.387665397125271982e-01
5.479383107187605351e-01 1.708711691495228557e-01 9.698251968215164387e-02 1.842080004495649515e-01
5.886036066588979931e-01 1.816637234443677085e-01 9.636179512181232421e-02 1.333708747749219603e-01
5.786095317437862651e-01 1.829846031207853774e-01 8.417103432021766363e-02 1.542348308152107217e-01
5.781874328748710656e-01 1.551527987721093016e-01 1.140633883552307770e-01 1.525963799977886337e-01
5.458277361756257440e-01 1.581959007594356259e-01 9.291708353395036757e-02 2.030592795309882070e-01
5.871744086125707529e-01 1.671936519378158514e-01 8.250341801063565406e-02 1.631285214389776306e-01
5.261863104361721444e-01 2.215789072459851405e-01 1.192333937126281579e-01 1.330013886052145156e-01
5.800724325577268914e-01 2.111130838489552741e-01 7.279943933559568370e-02 1.360150442577220953e-01
5.570789315503007488e-01 2.051222860961954553e-01 6.983181994145586102e-02 1.679669624120480598e-01
6.432721058580359585e-01 1.372659730535739087e-01 6.542299412407875936e-02 1.540389269643113179e-01
5.987619263488070942e-01 1.767453390174198169e-01 8.808555022522951417e-02 1.364071844085434915e-01
5.100919873911750058e-01 2.561495004209890514e-01 8.667253253942426572e-02 1.470859796484116355e-01
5.578529022436564677e-01 1.861318488734614585e-01 9.469073465912110354e-02 1.613245142237609842e-01
5.260534356730212080e-01 2.018801152173589630e-01 6.383250330153529550e-02 2.082339458080844918e-01
6.199774705109203365e-01 1.529210011735217534e-01 9.379562658263670971e-02 1.333059017329212281e-01
6.033067654089089293e-01 1.451821774109052499e-01 7.555026263414826859e-02 1.759607945460375522e-01
5.967485419314251249e-01 1.625421319761276850e-01 8.277620889702271001e-02 1.579331171954245772e-01
5.666244585782872489e-01 2.026605460025622252e-01 7.631617440452004297e-02 1.543988210146305939e-01
5.923475045929866845e-01 1.859500143936931582e-01 6.560222420185311820e-02 1.561002568114671085e-01
5.401053566419539154e-01 2.023081618535731707e-01 8.293788370971927337e-02 1.746485977947536128e-01
5.754183785456578049e-01 1.314547890851454626e-01 1.139960809922311857e-01 1.791307513769655191e-01
6.146481902021230237e-01 1.894076385002674556e-01 7.215671564551345840e-02 1.237874556520961178e-01
5.425337716386002818e-01 2.364840156874676025e-01 7.984336895721673433e-02 1.411388437167152843e-01
5.767363196383069601e-01 1.717554423307416922e-01 9.634939802461400804e-02 1.551588400063373674e-01
5.497943441061222680e-01 1.837961286251556803e-01 9.142210939779911449e-02 1.749874178709229233e-01
5.645516795317282455e-01 1.831389495079316643e-01 8.974047105771941479e-02 1.625688999026206338e-01
6.413810188983927185e-01 1.639918194392901152e-01 6.066413216505088524e-02 1.339630294972662672e-01
5.663809834202412352e-01 1.547112267919766859e-01 1.136544231583575260e-01 1.652533666294244419e-01
5.732131843203723820e-01 1.898623116087160001e-01 7.131715684255980625e-02 1.656073472283517423e-01
6.093789217783440737e-01 1.635423059410177071e-01 6.651325830328516653e-02 1.605655139773529694e-01
5.484564504526739936e-01 1.993863475588534828e-01 9.634230105160923596e-02 1.558149009368633986e-01
6.249620208321647885e-01 1.341033188499522744e-01 7.214769252745435735e-02 1.687869677904286214e-01
5.431666269279824544e-01 1.842400030476832040e-01 4.693524762632729497e-02 2.256581223980070328e-01
5.815860674970240174e-01 1.846972183474898666e-01 7.713712522026196228e-02 1.565795889352241677e-01
5.530507783498517238e-01 1.979393990623587729e-01 8.897191256771280754e-02 1.600379100200766957e-01
5.945356083609382170e-01 2.083724617062875650e-01 5.109554742686892720e-02 1.459963825059052978e-01
6.355486616347626461e-01 1.714157493717517466e-01 7.182743345126832435e-02 1.212081555422174217e-01
5.636331332501136604e-01 1.802823059023968277e-01 7.886315628143071577e-02 1.772214045660589488e-01
5.741115450197665782e-01 2.015380536231615172e-01 7.739714127492382245e-02 1.469532600821479573e-01
5.878938324265685633e-01 1.746095136559488725e-01 9.947222275964928695e-02 1.380244311578331107e-01
5.608669913804973373e-01 1.845931156670934659e-01 6.723754688846590721e-02 1.873023460639433035e-01
6.016973084191810095e-01 2.218514773126827877e-01 6.360121589342807025e-02 1.128499983747080909e-01
6.043568023786074495e-01 1.366301159232337081e-01 6.869951664295277649e-02 1.903135650552059688e-01
6.092329749697116270e-01 1.571033744719994851e-01 8.868724534729059694e-02 1.449764052109983048e-01
5.213940773894376601e-01 2.184371190414813035e-01 9.670372322353373851e-02 1.634650803455472978e-01
5.577468789623813983e-01 1.681067938314098342e-01 1.083629934070027556e-01 1.657833337992060119e-01
6.107190443641096200e-01 1.509736413663322063e-01 8.772239538459411512e-02 1.505849188849641140e-01
5.687259991477430221e-01 1.716496810313810906e-01 8.757957880063431400e-02 1.720447410202413652e-01
5.179532446255231681e-01 2.163397600280448918e-01 8.246623477170335337e-02 1.832407605747287116e-01
5.566420727075661601e-01 1.512133635833020351e-01 8.661830735378431290e-02 2.055262563553475752e-01
5.842827063379563146e-01 1.874546038357970956e-01 6.312749197672215540e-02 1.651351978495244621e-01
5.605778799969941550e-01 1.489464299111439016e-01 8.350755650810776087e-02 2.069681335837541825e-01
5.634540513567911635e-01 1.549860969362080176e-01 9.668179292379919243e-02 1.848780587832016264e-01
5.797978118206231768e-01 1.803188722474357575e-01 8.437890062681960290e-02 1.555044153051214906e-01
5.396370011939151112e-01 2.090826744805502069e-01 7.474805746550071406e-02 1.765322668600340927e-01
5.133269949594544412e-01 1.984685733552818965e-01 9.467485436366680773e-02 1.935295773215968684e-01
5.793745377660139972e-01 1.754879292450375883e-01 4.671077185006643900e-02 1.984267611388818853e-01
5.753855609152922490e-01 1.874973565918496288e-01 7.802704968697483923e-02 1.590900328058834079e-01
5.467538620571745778e-01 1.990407495788716896e-01 8.537474579921788820e-02 1.688306425647357611e-01
5.581195869490802597e-01 1.361631682469632010e-01 1.095431215360642280e-01 1.961741232678922697e-01
6.204836268619604578e-01 1.636947257813035628e-01 8.484739110657570083e-02 1.309742562501604313e-01
5.822643392254607253e-01 1.576223506424983267e-01 7.849645415543204940e-02 1.816168559766089263e-01
6.004257562175961960e-01 1.778376909838280950e-01 7.575499976482512332e-02 1.459815530337504885e-01
6.018192027108517639e-01 1.870206127657379203e-01 8.288968281829063589e-02 1.282705017051194718e-01
5.919291399455113289e-01 2.006425932296456993e-01 8.698575636426457425e-02 1.204425104605783697e-01
5.416046518263735177e-01 1.731213362439052161e-01 7.689957878229726485e-02 2.083744331474241263e-01
5.583723709744676800e-01 1.731906525429401378e-01 8.709725790487508890e-02 1.813397185777169962e-01
6.132113163919536980e-01 1.637600750536740701e-01 7.038673480583389208e-02 1.526418737485384092e-01
6.167991374483170475e-01 1.864784426724063471e-01 6.071899451762244326e-02 1.360034253616542732e-01
5.600061444833254187e-01 1.867452892055106450e-01 9.252284602153933168e-02 1.607257202896245352e-01
5.351036358717741193e-01 1.854315044204584428e-01 1.083751856201054659e-01 1.710896740876619859e-01
5.738979222486283449e-01 1.533094422695367998e-01 8.498688866216087823e-02 1.878057468196739355e-01
5.583720616075554810e-01 1.831313689127394839e-01 8.001107410700171452e-02 1.784854953727033067e-01
5.935176276812075269e-01 1.591853432716015537e-01 8.239215518603147659e-02 1.649048738611595122e-01
6.129882440845465519e-01 1.909932680500235624e-01 6.352037943397691178e-02 1.324981084314529600e-01
6.185267190099708046e-01 1.858168759200395925e-01 7.950538162876494286e-02 1.161510234412245490e-01
5.653899134333908449e-01 1.577560764996356613e-01 1.059944001995841711e-01 1.708596098673894614e-01
6.192338102564982627e-01 1.581418768599815450e-01 9.064562593502682730e-02 1.319786869484932401e-01
5.847431464708434667e-01 1.773126377928275210e-01 7.272260557544059367e-02 1.652216101608884047e-01
5.195240741788134109e-01 1.892766005469772583e-01 1.028245789834822538e-01 1.883747462907271741e-01
5.923614735263402764e-01 1.858372305345875330e-01 9.355262357783439287e-02 1.282486723612377699e-01
6.090883764790783195e-01 1.538118921129718319e-01 1.005505862404427048e-01 1.365491451675071299e-01
5.448404525193444314e-01 2.036069373998520837e-01 8.547074828754006037e-02 1.660818617932633967e-01
6.082744911745108229e-01 1.411933445327570313e-01 8.824852375154740303e-02 1.622836405411848260e-01
5.361483520320037277e-01 1.844573488221752933e-01 7.958262837131756251e-02 1.998116707745033194e-01
5.547630675072401374e-01 2.329387490971983332e-01 6.402961819784337705e-02 1.482685651977183050e-01
5.687130262328196073e-01 1.822547556949111469e-01 7.700453854872400805e-02 1.720276795235452238e-01
5.638649529754737877e-01 2.049130183158501262e-01 1.108353758090259711e-01 1.203866528996501983e-01
