1.917537618833215218e-01 6.816899256036831889e-02 9.661851756205210029e-02 6.434587279942580729e-01
2.465211961036983812e-01 4.382508120496064058e-02 1.344598579425528850e-01 5.751938647487881973e-01
2.090914923026627181e-01 7.392500257244022377e-02 1.173509243096320931e-01 5.996325808152648262e-01
2.020897208381342014e-01 5.591679800922350063e-02 1.166869337444255833e-01 6.253065474082166730e-01
1.876145755629793077e-01 6.684290715683284534e-02 1.539636657148208965e-01 5.915788515653668256e-01
2.193284439006226993e-01 2.714148254868431129e-02 9.353249360487897457e-02 6.599975799458139836e-01
2.109104592099698972e-01 6.906248085238236856e-02 8.286620229452600073e-02 6.371608576431216919e-01
1.818435048317785796e-01 4.291777420753296879e-02 9.787851622957730036e-02 6.773602047311110264e-01
2.120097217209805651e-01 4.644620337112190939e-02 1.296618443914555052e-01 6.118822305164420827e-01
2.317098273098384120e-01 3.878791847128650744e-02 1.053236401398303518e-01 6.241786140790447357e-01
1.971641390258958848e-01 5.596426958573440247e-02 1.508663825871302822e-01 5.960052088012394167e-01
2.597093061195052677e-01 3.552060287756619861e-02 1.057001812548759162e-01 5.990699097480526314e-01
2.189638811048048861e-01 3.838031081078483592e-02 1.280008734510031387e-01 6.146549346334071462e-01
2.536790525500229321e-01 8.685894616188864770e-02 9.608397066814279575e-02 5.633780306199457355e-01
2.223554225990300171e-01 3.419595210797553991e-02 1.288603314859971816e-01 6.145882938069971990e-01
1.570862182733792078e-01 5.213141309038305665e-02 1.400622624867853550e-01 6.507201061494523042e-01
2.201400637425030560e-01 7.279812212910347080e-02 1.446382899523109555e-01 5.624235241760825454e-01
2.137390631932915563e-01 5.287944558563104080e-02 8.619191785464157263e-02 6.471895733664357886e-01
2.132058392605294950e-01 6.564437062595328276e-02 1.276220256775991713e-01 5.935277644359179261e-01
1.848921516460969028e-01 7.724365246489088566e-02 1.128596790868855726e-01 6.250045168021266528e-01
1.843496973084257362e-01 2.690624719184146058e-02 1.366274615401556758e-01 6.521165939595773287e-01
1.973212247191273305e-01 7.088022600057032607e-02 1.117427992678651921e-01 6.200557500124370680e-01
2.478382392993787042e-01 5.998737935043673558e-02 1.321957241320557974e-01 5.599786572181287836e-01
1.765051650552124096e-01 4.881864649270693801e-02 1.201590497814830488e-01 6.545171386705976868e-01
1.844366425183192049e-01 5.620124460650360171e-02 1.056568633377077682e-01 6.537052495374695571e-01
2.259482903762382588e-01 4.678442888014341244e-02 1.002040754662258532e-01 6.270632052773924547e-01
1.920038316780589283e-01 9.373651854061308686e-02 9.490498190371164655e-02 6.193546678776162828e-01
2.877625419044093080e-01 5.727508423674734783e-02 1.179178413303896555e-01 5.370445325284537441e-01
2.479940692049301121e-01 3.828489043934269614e-02 9.116661080121395144e-02 6.225544295545132334e-01
2.526216991976938386e-01 5.343474438557454381e-02 1.404103580656198558e-01 5.535331983511116993e-01
1.866280672028462762e-01 4.347546953576740536e-02 1.576692028119956734e-01 6.122272604493905757e-01
2.406031353773480930e-01 3.777990018107230119e-02 1.297170462049391515e-01 5.918999182366404543e-01
2.351730636672453856e-01 7.549544652910479547e-02 1.078816493564726808e-01 5.814498404471771797e-01
2.158323647097055709e-01 6.359526894432274147e-02 1.091285569419158247e-01 6.114438094040557381e-01
2.142157163179373991e-01 5.367522246722094409e-02 1.075188965687209897e-01 6.245901646461207157e-01
1.996432292713573309e-01 8.141218087842160001e-02 1.420491103479411821e-01 5.768954795022799287e-01
2.226131768945872613e-01 5.329015188856928154e-02 1.152646005280224539e-01 6.088320706888210587e-01
2.248606867735279957e-01 5.987024701846473812e-02 1.360679268521125251e-01 5.792011393558947896e-01
2.270267228048083452e-01 5.293794997898973453e-02 1.018697114552664928e-01 6.181656157609355384e-01
1.741495018448090959e-01 4.567058987538105685e-02 1.038143004288199361e-01 6.763656078509898695e-01
2.491845079620446657e-01 6.111535814168287534e-02 1.239038829899568733e-01 5.657962509063155787e-01
2.451832326262305684e-01 5.351089561940592515e-02 1.139132919954904538e-01 5.873925797588730457e-01
2.094530304395369746e-01 6.244715195459191875e-02 9.634079050064779659e-02 6.317590271052232476e-01
2.222323790463001936e-01 4.855460464402067133e-02 1.182738738960781855e-01 6.109391424136009219e-01
2.399225831077652082e-01 4.053041202450638480e-02 1.016077783130143464e-01 6.179392265547140051e-01
1.992080177035799038e-01 6.541379494672881767e-02 1.873695171110128510e-01 5.480086702386784969e-01
2.182331682867340861e-01 5.459345081398526978e-02 1.319377437499218708e-01 5.952356371493587872e-01
2.035955579048297492e-01 4.769176707520810660e-02 1.070193130175249308e-01 6.416933620024373175e-01
1.903314515859867440e-01 3.161845970201258849e-02 1.142598840609713312e-01 6.637902046510292253e-01
2.063701055474224388e-01 5.907156996912937830e-02 1.312945987871421416e-01 6.032637256963060413e-01
2.427238484269324537e-01 2.681626508389390456e-02 1.358822471095564310e-01 5.945776393796172732e-01
2.109614730245516767e-01 6.277793201377077081e-02 1.039992906477531925e-01 6.222613043139243461e-01
2.314576923464030933e-01 3.956745359365168579e-02 1.298109814111486626e-01 5.991638726487965583e-01
2.223054710015170687e-01 6.801867031678235365e-02 1.722234867486817089e-01 5.374523719330189797e-01
2.316043459916094505e-01 7.841610952554099734e-02 1.203772491321224158e-01 5.696022953507271502e-01
2.185148504515203316e-01 5.738225840011708379e-02 1.128522381960175569e-01 6.112506529523450416e-01
1.954762055539049082e-01 3.929365394569377806e-02 1.862513114082886279e-01 5.789788290921127345e-01
1.732128085903163195e-01 6.933575463205321476e-02 9.557676853063290512e-02 6.618746682469975884e-01
2.203541587235480492e-01 7.367588735487834439e-02 9.103677311382843418e-02 6.149331808077450612e-01
2.763144210368038700e-01 6.231672709451460679e-02 9.237767028818283377e-02 5.689911815804985507e-01
2.441166899865443718e-01 2.098043235537526419e-02 1.294540348069926905e-01 6.054488428510877984e-01
1.928163537012360651e-01 4.906617249466978248e-02 1.402861808705959945e-01 6.178312929334981440e-01
2.315868905001944866e-01 3.854195631290113083e-02 1.131323457249722303e-01 6.167388074619322147e-01
2.391669160915256553e-01 3.740987384405806970e-02 1.211907365580543877e-01 6.022324735063617762e-01
2.454228392921450064e-01 4.088396873481993377e-02 1.043393185353126695e-01 6.093538734377224042e-01
1.887715181738731096e-01 5.651731744983116285e-02 1.274628234908588287e-01 6.272483408854369058e-01
2.166911222582439678e-01 6.122832990865410829e-02 1.011515254164646743e-01 6.209290224166372774e-01
2.198612309427719347e-01 7.118340347283007297e-02 1.191945011714728442e-01 5.897608644129253008e-01
2.867212332455085222e-01 3.885251141238316858e-02 1.255167246029236794e-01 5.489095307391845813e-01
2.021668884075011885e-01 2.411266779846630084e-02 1.289613764371404514e-01 6.447590673568920350e-01
2.053751998198742601e-01 5.991476138012846037e-02 1.444552458964867003e-01 5.902547929035103502e-01
1.915045126522310626e-01 5.385415035489024560e-02 1.255014973107515808e-01 6.291398396821271666e-01
2.059816302783221698e-01 5.965948938945205698e-02 8.739279532816245089e-02 6.469660850040633848e-01
2.170801432146579613e-01 4.956786015102031956e-02 8.115396322837961640e-02 6.521980334059419571e-01
2.595865418034999927e-01 4.652751906277272087e-02 1.024599844551770805e-01 5.914259546785503030e-01
2.113263318261751345e-01 3.971419035142587789e-02 1.356419767827792833e-01 6.133175010396197946e-01
2.231995213152111468e-01 6.791454880748681866e-02 1.489815693532955676e-01 5.599043605240066057e-01
2.134833145931220311e-01 7.735505038974957448e-02 1.224094548986285336e-01 5.867521801184999442e-01
2.136388349797275210e-01 4.004776824969735055e-02 1.183130876875675697e-01 6.280003090830076351e-01
2.561293245927637185e-01 4.704081224113049881e-02 8.877657278997659607e-02 6.080532903761292074e-01
1.965678712942274253e-01 5.025343034287966387e-02 1.669410202793950859e-01 5.862376780834979151e-01
2.091362081113802562e-01 4.174334022292155305e-02 1.588897815591325535e-01 5.902306701065656025e-01
2.141333884146247868e-01 8.285959849088629647e-02 1.007894941173795161e-01 6.022175189771092896e-01
2.273294611853304559e-01 4.980234570080434298e-02 8.469822208864973001e-02 6.381699710252155544e-01
2.197101965112953359e-01 4.543000368484852169e-02 1.322517129418287474e-01 6.026080868620272701e-01
2.013824283894909417e-01 3.922230749268102584e-02 1.231464946491468843e-01 6.362487694686812523e-01
2.353450909942814140e-01 7.253788643258268776e-02 1.113848874424109014e-01 5.807321351307249691e-01
2.107411972403283873e-01 6.022094352719171984e-02 1.265590228020921915e-01 6.024788364303875765e-01
2.198096496112778020e-01 4.548984304837259268e-02 1.262139034016879491e-01 6.084866039386617187e-01
1.882089357908638960e-01 5.237173702688403126e-02 1.112235349406027890e-01 6.481957922416492490e-01
2.004832981993800167e-01 2.903054873679352180e-02 9.509515331989475129e-02 6.753909997439316859e-01
2.065960788382505409e-01 3.480647312327951604e-02 8.648309216288438406e-02 6.721143558755854341e-01
2.075265565406713697e-01 5.489298187048379657e-02 1.192909835081823605e-01 6.182894780806623691e-01
2.226436381534385445e-01 4.325926748666138189e-02 1.147510809673294718e-01 6.193460133925705602e-01
2.255078264768073659e-01 7.876439806993554282e-02 1.102413158386537362e-01 5.854864596146033273e-01
1.923040469346286585e-01 6.646032870041786167e-02 1.163305849833149996e-01 6.249050393816385496e-01
2.043957111252084902e-01 7.125572989799765222e-02 7.510177004737501882e-02 6.492467889294187833e-01
2.408004585974074796e-01 5.161932269789211436e-02 1.139999758394493884e-01 5.935802428652509066e-01
2.123475653243620254e-01 4.351293238970696531e-02 1.511227870969675258e-01 5.930167151889634836e-01
2.151974531708919502e-01 4.985969197272149822e-02 1.339229922863753586e-01 6.010198625700111652e-01
1.821857392549390275e-01 4.777143307069052491e-02 8.337302291946283028e-02 6.866698047549076867e-01
1.956020696941282722e-01 4.426585676603607411e-02 1.100432202730928372e-01 6.500888532667427056e-01
2.266883180631933115e-01 5.407211219378963568e-02 1.090781875970691095e-01 6.101613821459478393e-01
2.249630326539973635e-01 3.126254980817026741e-02 9.165257079078652225e-02 6.521218467470457636e-01
2.090753613080469642e-01 4.253014695714137094e-02 1.041578179795220604e-01 6.442366737552895906e-01
1.994861922226702222e-01 6.359933773060082174e-02 1.091606980998460902e-01 6.277537719468828659e-01
2.475316908264752758e-01 6.476121678544534410e-02 1.001941486596585607e-01 5.875129437284207778e-01
2.456031862439711777e-01 3.718868234170819020e-02 1.373294083556722001e-01 5.798787230586484043e-01
1.984109143985562651e-01 4.832603927590280180e-02 1.265734872520131449e-01 6.266895590735278576e-01
2.062934267567958224e-01 6.065813854540431233e-02 9.494349619326214462e-02 6.381049385045376443e-01
2.113190581496097176e-01 5.336036501510903196e-02 1.161556095109775449e-01 6.191649673243038166e-01
2.362717900329254495e-01 6.521293506289548014e-02 7.981701772556100416e-02 6.186982571786179275e-01
2.357970050473646995e-01 3.503529613767351197e-02 9.142990880327364622e-02 6.377377900116881770e-01
1.716417280564274950e-01 7.352245063120449453e-02 1.798347608390292451e-01 5.750010604733386543e-01
1.920768495087190053e-01 5.068822329194464654e-02 1.302977771379262850e-01 6.269371500614101533e-01
2.042825787922099012e-01 3.855477109486749737e-02 1.305992192335982960e-01 6.265634308793244234e-01
2.099178656143341759e-01 5.290191515734067595e-02 8.889806531528786360e-02 6.482821539130372290e-01
2.505061550329563680e-01 3.528532235262533956e-02 1.027753450785417189e-01 6.114331775358764487e-01
1.918582397141309070e-01 5.476073792434373033e-02 1.092295780106269654e-01 6.441514443508984389e-01
1.997566296303617261e-01 5.324850032170933695e-02 1.523140529636723417e-01 5.946808170842564634e-01
2.412921836074525817e-01 7.677143658692883732e-02 6.685153507790954353e-02 6.150848447277089681e-01
2.211682598441744307e-01 3.794958895353492401e-02 1.122082437125414556e-01 6.286739074897492729e-01
2.101029250461451947e-01 8.652880894114428623e-02 1.143080344169312146e-01 5.890602315957793600e-01
2.565905131131713257e-01 6.704632991646032603e-02 1.439106672781484964e-01 5.324524896922199213e-01
2.020627077734925836e-01 5.220492582131352338e-02 9.293432210094448864e-02 6.527980443042494807e-01
2.478116630794689745e-01 5.690723524952959883e-02 1.115653856089766083e-01 5.837157160620247698e-01
2.450973613726715739e-01 3.533611682040961599e-02 1.092501793862200726e-01 6.103163424206986543e-01
2.465281521958849753e-01 3.459302116040331027e-02 1.016160329265779066e-01 6.172627937171337731e-01
2.388253376698755426e-01 6.755943354077291463e-02 8.638197037006621615e-02 6.072332584192853266e-01
2.119874967862952486e-01 5.791963725083985881e-02 1.124987808753256935e-01 6.175940850875393240e-01
2.645029690109454990e-01 3.100753674263783191e-02 1.148549918525423041e-01 5.896345023938743823e-01
2.070489549826955433e-01 8.733899073647309608e-02 1.103108863241651638e-01 5.953011679566662107e-01
2.450915489493253330e-01 3.103090715728542073e-02 1.069444876139405143e-01 6.169330562794488326e-01
2.123245798786813077e-01 4.727866567358507410e-02 1.354924831940342855e-01 6.049042712536992772e-01
2.245296292210561262e-01 3.867611100490144643e-02 1.031738481951206265e-01 6.336204115789217939e-01
2.464895954599445882e-01 6.467845910080424754e-02 1.163314250070341116e-01 5.725005204322169972e-01
2.049512858929265213e-01 4.493201739486698404e-02 1.249136971979235566e-01 6.252029995142829311e-01
2.518885171935518197e-01 4.110591248952542159e-02 1.570448289883663306e-01 5.499607413285564350e-01
2.232868144735713489e-01 3.116486565577139545e-02 1.261016969743488647e-01 6.194466228963083632e-01
2.328656988653893811e-01 4.809889879691767872e-02 1.319235946192922337e-01 5.871118077184006578e-01
2.350737041637291913e-01 4.493581692242492459e-02 1.161717282648668526e-01 6.038187506489789413e-01
1.899108190930992313e-01 4.155733267948565762e-02 1.439840116508928347e-01 6.245478365765222417e-01
2.431638566281549840e-01 3.989896935053128396e-02 1.116095780865321019e-01 6.053275959347816926e-01
2.205596296866043360e-01 3.507721998739584540e-02 1.080006814625230488e-01 6.363624688634766935e-01
2.327704087285246970e-01 4.894325794833304794e-02 1.103296120271641950e-01 6.079567212959779976e-01
2.431244986783744899e-01 4.550712719723649935e-02 1.298591555232211370e-01 5.815092186011677766e-01
2.391377043092851318e-01 6.349183853285567114e-02 1.149295979182126115e-01 5.824408592396466133e-01
2.167908741195349320e-01 4.377285268449020161e-02 9.362463293083028715e-02 6.458116402651444821e-01
2.019065265990842573e-01 4.320313637819055141e-02 1.107447871830119085e-01 6.441455498397133939e-01
1.897347422079531387e-01 4.881144021146562040e-02 1.124391166630375472e-01 6.490147009175436521e-01
2.139659683684999869e-01 7.417009721339912209e-02 1.295958495595662396e-01 5.822680848585346514e-01
2.582375284198155097e-01 5.760506163599904417e-02 1.049943789386681980e-01 5.791630310055171371e-01
1.742690739879320938e-01 6.062618100468741833e-02 1.043635577503102679e-01 6.607411872570703171e-01
2.345559852833619396e-01 4.054868562645103092e-02 1.273904517884649479e-01 5.975048773017220816e-01
2.234583751737869162e-01 4.448401908357690199e-02 9.925927092271051577e-02 6.327983348199257563e-01
1.882340432019223020e-01 6.946337998965351757e-02 9.209754563245747816e-02 6.502050311759667300e-01
2.666723110297233301e-01 4.129515649473603639e-02 9.987445685923594663e-02 5.921580756163048465e-01
2.335953699796906036e-01 4.965140328909545264e-02 1.183617494426267708e-01 5.983914772885872146e-01
2.588255549516623177e-01 5.793121452223743556e-02 9.686829132425044120e-02 5.863749392018499096e-01
2.043776444956955096e-01 4.816623135624564095e-02 9.157181085600324399e-02 6.558843132920555430e-01
2.095193318569344987e-01 4.775713837906436776e-02 1.122875705282092434e-01 6.304359592357918762e-01
2.150652089576981507e-01 4.700538149469548482e-02 8.755155086172555778e-02 6.503778586858808275e-01
2.272250194572039972e-01 5.181503394948382829e-02 1.159112069826146174e-01 6.050487396106976057e-01
2.196306981361031696e-01 4.523170941604747614e-02 1.294202929738970664e-01 6.057172994739523642e-01
2.306663771142629382e-01 6.849171598540498840e-02 1.168059640271961186e-01 5.840359428731360936e-01
1.722335518691503753e-01 5.215735678897024524e-02 1.328339413713209016e-01 6.427751499705585125e-01
2.419273636967542995e-01 3.238455407720250423e-02 1.335621783109443850e-01 5.921259039150987835e-01
2.144679032319587730e-01 5.127804462330626950e-02 1.124465501913434196e-01 6.218075019533917391e-01
2.339521938143378776e-01 4.931393543779615668e-02 1.020851235961351550e-01 6.146487471517309009e-01
2.268664024725123018e-01 3.687209106280774085e-02 1.117227274211375354e-01 6.245387790435424913e-01
2.281754331145858239e-01 5.730435666725824245e-02 1.252561331601109995e-01 5.892640770580448439e-01
2.138360409660901296e-01 3.830175613140006374e-02 1.087852079947480843e-01 6.390769949077617085e-01
1.977789202200268825e-01 7.775627632122811272e-02 1.140363180738043353e-01 6.104284853849406556e-01
2.238678158778575622e-01 6.654330878202392718e-02 1.175161256237791385e-01 5.920727497163393860e-01
2.267806944446014994e-01 4.579099317602790958e-02 1.220297004047313505e-01 6.053986119746392891e-01
1.964009803117119368e-01 4.206300925469762947e-02 9.265068467207344949e-02 6.688853257615170467e-01
1.896389044125545709e-01 3.061648048826500629e-02 1.372307806650991946e-01 6.425138344340811658e-01
2.378006648550505808e-01 5.611003896758159915e-02 1.051466334913972039e-01 6.009426626859706300e-01
2.585582544356253010e-01 8.501719657671363839e-02 8.386332021289231997e-02 5.725612287747687823e-01
2.290180163019774895e-01 6.195498159979787034e-02 1.179230406212836701e-01 5.911039614769408868e-01
2.133408844982726260e-01 4.534574280345957803e-02 1.253099940712889271e-01 6.160033786269789591e-01
2.270401065057606194e-01 3.478620777213092125e-02 9.921706591684363585e-02 6.389566198052649693e-01
2.072080157889281127e-01 3.855476574732362438e-02 1.105880321141070877e-01 6.436491863496411892e-01
2.800504353211902830e-01 3.861391128399812439e-02 7.899386340244314575e-02 6.023417899923684260e-01
2.318908395999619565e-01 3.751012955400200716e-02 1.087434168519580968e-01 6.218556139940778493e-01
2.179940610601481532e-01 4.144065472534805283e-02 9.059322132874224331e-02 6.499720628857617033e-01
2.225036537516840995e-01 4.504532999216979278e-02 1.137357721591570892e-01 6.187152440969888589e-01
1.958713719631847150e-01 2.818397386356783288e-02 1.053939818976491749e-01 6.705506722755981697e-01
2.542961356310161625e-01 5.077031627423900240e-02 1.552974960457933484e-01 5.396360520489514867e-01
2.202372501209944600e-01 5.428578370518072349e-02 1.145924785476335472e-01 6.108844876261912971e-01
2.403913387373070032e-01 6.145226623763375834e-02 1.118186495862461410e-01 5.863377454388130072e-01
2.506205658528228297e-01 5.055053754058682486e-02 1.600158595694164410e-01 5.388130370371738698e-01
2.403297851328059509e-01 6.393816880485199416e-02 1.130118102025400029e-01 5.827202358598021492e-01
2.455067764046443279e-01 4.495596438328278849e-02 1.109349820977676426e-01 5.986022771143052479e-01
1.851718551759329867e-01 8.184560514422997701e-02 9.345859749923575432e-02 6.395239421806012681e-01
2.312417705917763910e-01 4.858415900545590138e-02 9.499067577767966730e-02 6.251833946250880958e-01
2.210526996765785068e-01 5.688497433064236553e-02 1.240172917093424892e-01 5.980450342834365829e-01
1.827323835747220737e-01 3.421902609726933803e-02 1.284654571181795546e-01 6.545831332098290822e-01
2.118863156843601159e-01 6.641081979808885483e-02 1.232243275752237521e-01 5.984785369423273327e-01
2.248214253341048463e-01 5.394944745983101114e-02 1.091182957541616816e-01 6.121108314519025928e-01
2.260573236584403622e-01 5.660137191570998455e-02 1.121602954609124542e-01 6.051810089649370950e-01
2.523312175441200234e-01 5.843912753243467317e-02 9.985948719064026424e-02 5.893701677328049282e-01
2.005420890319305205e-01 4.776003110708037375e-02 1.043140959909921867e-01 6.473837838699968428e-01
2.421679496494437978e-01 5.676907672546907535e-02 1.276552730567896698e-01 5.734077005682973738e-01
2.520825615386497742e-01 3.477453917974297065e-02 1.225989133574949957e-01 5.905439859241121692e-01
2.174341595246226111e-01 4.556290075782932353e-02 1.123751122829628329e-01 6.246278274345852255e-01
2.243736587535052340e-01 3.997694499594416778e-02 1.034089037537038180e-01 6.322404924968468842e-01
2.229928398265158818e-01 5.771185032066207532e-02 9.855618892693539246e-02 6.207391209258865672e-01
2.050467065478729090e-01 4.290066778731427971e-02 8.993600061149741032e-02 6.621166250533153663e-01
2.250629623768093945e-01 2.561101364460051030e-02 9.897269969543154300e-02 6.503533242831586181e-01
1.877367123133943383e-01 8.267311113513496623e-02 1.134648013208865158e-01 6.161253752305841935e-01
2.346733179333199415e-01 2.739945896105674614e-02 1.479839267263924618e-01 5.899432963792309303e-01
2.141590115316674980e-01 5.052603944291471361e-02 1.330218990587912486e-01 6.022930499666265813e-01
1.928071691584381520e-01 5.764263990728116238e-02 9.254431086783633520e-02 6.570058800664443366e-01
2.428342880908495871e-01 5.437529996927395470e-02 1.004932387750675782e-01 6.022971731648090188e-01
1.876852660546563523e-01 7.511096764825632432e-02 1.171771872510775220e-01 6.200265790460097737e-01
2.390577061613502752e-01 7.576712530790229161e-02 8.989548080594404744e-02 5.952796877248034413e-01
2.224311618097445375e-01 4.349365088073241237e-02 7.063289504253539297e-02 6.634422922669875877e-01
2.123996693571202909e-01 4.304832710879608060e-02 1.094245012642534876e-01 6.351275022698300576e-01
2.524542198103142954e-01 3.981982679055323660e-02 9.550378860288993854e-02 6.122221647962424740e-01
2.509909637997351228e-01 2.645393102827889656e-02 1.002879869255552669e-01 6.222671182464306616e-01
2.133295681171021307e-01 4.225189180849330678e-02 1.314804750639351760e-01 6.129380650104693240e-01
1.916948602277558922e-01 5.582736944971700838e-02 1.240603112819084197e-01 6.284174590406188532e-01
2.372077243265666158e-01 4.664403143260688334e-02 9.800467596569993611e-02 6.181435682751265093e-01
2.409356729002730124e-01 4.869852145897764217e-02 1.084066877269055790e-01 6.019591179138435999e-01
2.293105044558974848e-01 5.364860103456271095e-02 1.208556298290453523e-01 5.961852646804945977e-01
2.250549603845701796e-01 7.194854809146104813e-02 9.493783344447555284e-02 6.080586580794932194e-01
1.774530943695885321e-01 5.286837692563813723e-02 1.134147481986602229e-01 6.562637805061130036e-01
1.887182730125903374e-01 4.586374521690610856e-02 1.000895607367171258e-01 6.653284210337864213e-01
2.502269117111757812e-01 6.499287022956098947e-02 8.703557507403011928e-02 5.977446429852332210e-01
1.956517387908721650e-01 4.041865568040953899e-02 1.174642961814259673e-01 6.464653093472925161e-01
2.081626341612803910e-01 5.066288576268521832e-02 1.226836188576081038e-01 6.184908612184263355e-01
2.812679775016165284e-01 2.673429871438449956e-02 9.810565102314765251e-02 5.938920727608513195e-01
2.133037429858083422e-01 3.492326120004340256e-02 1.403858164075938164e-01 6.113871794065544041e-01
2.472383137120588437e-01 3.932677866819533213e-02 9.156937103109261122e-02 6.218655365886532893e-01
2.475933322378042756e-01 7.134507687666170883e-02 9.561215780151001431e-02 5.854494330840239735e-01
2.372927609431524643e-01 3.928762882499712422e-02 1.117313705603130009e-01 6.116882396715374037e-01
2.299920359241034717e-01 3.000153843650543717e-02 1.028474199495690855e-01 6.371590056898220888e-01
2.162251945731031300e-01 2.805317386880735314e-02 1.301011642051868034e-01 6.256204673529027760e-01
2.215823102412436962e-01 5.655600897209969030e-02 1.386789578821119029e-01 5.831827229045447591e-01
2.168541972443465693e-01 6.468977976123323204e-02 1.223829383730047765e-01 5.960730846214153944e-01
2.418148596459880895e-01 3.750043392623926553e-02 1.433462213903238247e-01 5.773384850374488897e-01
2.023196577569923715e-01 4.002887959765359660e-02 1.176225696103563173e-01 6.400288930349976591e-01
2.328943347987493806e-01 4.842330376577485412e-02 1.129488768236065754e-01 6.057334846118692662e-01
2.265529016366923665e-01 6.333668279538345880e-02 1.355507516136305601e-01 5.745596639542936979e-01
2.229166925099768104e-01 3.044654849628623469e-02 1.173811387566063985e-01 6.292556202371305529e-01
2.690464521164590561e-01 4.821806645171192868e-02 1.154278539994705310e-01 5.673076274323585189e-01
1.901595184861708254e-01 7.494529939718518052e-02 8.037393625829813981e-02 6.545212458583459236e-01
1.905664349881724395e-01 5.970502870059578304e-02 9.677039821370383987e-02 6.529581380975278959e-01
2.154303631210054137e-01 5.282687192832094536e-02 1.086597151832371516e-01 6.230830497674365587e-01
1.862964689754083858e-01 3.681264232958928601e-02 1.698202694715698902e-01 6.070706192234325282e-01
1.997222609459642084e-01 6.047697290863413011e-02 1.221193821357823561e-01 6.176813840096193609e-01
2.201066298522997289e-01 5.446733032197034752e-02 1.273732961386251361e-01 5.980527436871047042e-01
2.458595373986504073e-01 5.980357077836592067e-02 8.511542524092431672e-02 6.092214665820594455e-01
2.727077351774740976e-01 8.970797140048818175e-02 7.903038589155365889e-02 5.585539075304840617e-01
1.926895041531752062e-01 5.278122832169805656e-02 9.025069832765465760e-02 6.642785691974721907e-01
2.074825233553015125e-01 6.607996642165409051e-02 1.040724280757618636e-01 6.223650821472823669e-01
2.290068555332090416e-01 8.204112197078598789e-02 1.156986558607813603e-01 5.732533666352236379e-01
2.004287708878837448e-01 6.495611895243391665e-02 9.580185641933433582e-02 6.388132537403480304e-01
2.089492310631880234e-01 4.809208276736179344e-02 1.309011854879484626e-01 6.120575006815016650e-01
2.533288069567224965e-01 2.829874407326352787e-02 1.114532449950323134e-01 6.069192039749815581e-01
2.316960426440285714e-01 6.172399668371125747e-02 9.723051221155666612e-02 6.093494484607036021e-01
2.075896204100855236e-01 5.876677584472927290e-02 1.360853919459691086e-01 5.975582117992160880e-01
2.642353580226732279e-01 6.657631801420006712e-02 8.251550817554190176e-02 5.866728157875849003e-01
1.882819979248205322e-01 3.854440439647630057e-02 1.290987545438212480e-01 6.440748431348818359e-01
2.329268602133506283e-01 4.364548673647536403e-02 9.607889531038801834e-02 6.273487577397858228e-01
2.097635561028001749e-01 5.065556539146560261e-02 9.786994878342575310e-02 6.417109297223084763e-01
2.170857524045869125e-01 5.351920794872542381e-02 9.506951105718002004e-02 6.343255285895076367e-01
2.361453160788694328e-01 4.556156446222440343e-02 9.837842590775586205e-02 6.199146935511502532e-01
2.284138773486166230e-01 5.820204611035930536e-02 8.661178956357934444e-02 6.267722869774446925e-01
2.037690545721181357e-01 4.594706139431237180e-02 1.188710831406604301e-01 6.314128008929091873e-01
2.188539520343473765e-01 3.277752326985391984e-02 9.151975772809574361e-02 6.568487669677030016e-01
2.111979450822465409e-01 4.860479437601773756e-02 1.591090497813699434e-01 5.810882107603657643e-01
2.343814831703534274e-01 6.305403101622561457e-02 1.208804224424403773e-01 5.816840633709804420e-01
2.197941550815603884e-01 6.234821393477046197e-02 9.255997503775389990e-02 6.252976559459152428e-01
1.973177577798223004e-01 2.930266204452482148e-02 1.144529748666138214e-01 6.589266053090391262e-01
3.073584778953651897e-01 4.146177008206017311e-02 1.009868140485700727e-01 5.501929379740043702e-01
2.417765522031408709e-01 2.808228845859288628e-02 1.062364372285592995e-01 6.239047221097068219e-01
1.965323747407426713e-01 7.787737590835669410e-02 1.188165474111110009e-01 6.067737019397897447e-01
2.390436560523777898e-01 4.964233963296965646e-02 1.065393348828844317e-01 6.047746694317681637e-01
2.244901358684187609e-01 5.759215659836394718e-02 9.920604823178032217e-02 6.187116593014370114e-01
2.372401972559837202e-01 5.048224380729360306e-02 1.095160496693444868e-01 6.027615092673782593e-01
2.242252848878572014e-01 5.918836375921207593e-02 1.079339959077268984e-01 6.086523554452037965e-01
2.769550900816474814e-01 3.959994224726101630e-02 1.229548922890226215e-01 5.604900753820688530e-01
1.960899578705110058e-01 8.378338075642983995e-02 1.376023360328479661e-01 5.825243253402111465e-01
2.372193675552582981e-01 5.249695213974400754e-02 9.738840131927299637e-02 6.128952789857248229e-01
1.990678358205348053e-01 2.651515754776825190e-02 1.279990348903903286e-01 6.464179717413065518e-01
1.934380439046658462e-01 7.980029739819738399e-02 1.114640852902825802e-01 6.152975734068542035e-01
2.314405184740439270e-01 4.252986975248411461e-02 1.342035983115441033e-01 5.918260134619278690e-01
2.431513826827712832e-01 5.376453242681921568e-02 9.483465134328625257e-02 6.082494335471233526e-01
2.190007662873963978e-01 4.698970355990782222e-02 1.379373251166442493e-01 5.960722050360514057e-01
2.432388821021848890e-01 5.251327923376218620e-02 1.167994336783351045e-01 5.874484049857180423e-01
2.016940113888660568e-01 8.369885904523477471e-02 1.153253599773997884e-01 5.992817695884994356e-01
1.996653848646837148e-01 5.220982424522784687e-02 1.566560151244153765e-01 5.914687757656729161e-01
2.275805747238897059e-01 5.312054214066852520e-02 1.468152564314773589e-01 5.724836267039642435e-01
2.309226696307132010e-01 4.072217801374058976e-02 1.144019126762928773e-01 6.139532396792533042e-01
2.376457185429694807e-01 5.039231785913429740e-02 1.277838285883041158e-01 5.841781350095922587e-01
2.649723201262107475e-01 7.167651508909424207e-02 8.284060397055419134e-02 5.805105608141407636e-01
1.974651016124497893e-01 5.194165940873617798e-02 9.969540771194050632e-02 6.508978312668735056e-01
2.415292110197513886e-01 3.790941023909668445e-02 1.039733209085838689e-01 6.165880578325680927e-01
2.538214289987737460e-01 3.827656615269491719e-02 6.881382115525364052e-02 6.390881836932775784e-01
2.287915468783681405e-01 4.549429493198275248e-02 9.581102805803758116e-02 6.299031301316115883e-01
2.411359410693228733e-01 5.822822674782082014e-02 9.032440901177060666e-02 6.103114231710856652e-01
2.410391695862706685e-01 7.028255902933946975e-02 1.162943037722303508e-01 5.723839676121594833e-01
2.689668070151807755e-01 4.670105629102963563e-02 9.020247153817177732e-02 5.941296651556178254e-01
2.196665257047744069e-01 2.561552076698355926e-02 1.026127177203966651e-01 6.521052358078452960e-01
2.783714803807364468e-01 4.003122093817461369e-02 1.259133489044930443e-01 5.556839497765959646e-01
2.060836667605431272e-01 4.060401819888421332e-02 8.992677300543934493e-02 6.633855420351333354e-01
1.986150492236360976e-01 3.093770275067342021e-02 1.143854376204757189e-01 6.560618104052147181e-01
2.055370007718055059e-01 7.019917210645305883e-02 9.512288255986219021e-02 6.291409445618791896e-01
1.902054401876422107e-01 2.945376274349654697e-02 1.276163744918790977e-01 6.527244225769822661e-01
2.496266720983036091e-01 3.074576883173322714e-02 1.014066220609291247e-01 6.182209370090341327e-01
1.828225224279903527e-01 6.766983003064939994e-02 1.273613153443728663e-01 6.221463321969875615e-01
2.325815025622048893e-01 4.891491283395917739e-02 1.029379086004602317e-01 6.155656760033755281e-01
1.957471772311330238e-01 4.715217743752309065e-02 1.264549282537974495e-01 6.306457170775464638e-01
2.293430906483387988e-01 4.340310887142444229e-02 1.153640012443551133e-01 6.118897992358817151e-01
1.846386390044376380e-01 3.140777838989572412e-02 1.111541845060211031e-01 6.727993980996455070e-01
1.971456190275030496e-01 5.705459167874366022e-02 1.090692089418417304e-01 6.367305803519117680e-01
1.834298558488936803e-01 4.926602482470462951e-02 1.154453410290783022e-01 6.518587782973234157e-01
1.948307385656480040e-01 2.655376325311620614e-02 1.397250028570662661e-01 6.388904953241694162e-01
2.429501268538560577e-01 4.785344382872920577e-02 8.487737926011233724e-02 6.243190500573025936e-01
2.224988338777160457e-01 3.577828985962419606e-02 1.096469257367365807e-01 6.320759505259232469e-01
2.182840166839176976e-01 3.771127616887794132e-02 1.198889670436861787e-01 6.241157401035183350e-01
2.139635588175061720e-01 5.803717862915980241e-02 1.059865984241483705e-01 6.220126641291856551e-01
2.583501490085295949e-01 5.607784765820766210e-02 1.027839845666130014e-01 5.827880187666497624e-01
2.028327293086290006e-01 5.199496883858540502e-02 1.378186890202354742e-01 6.073536128325500716e-01
2.693896767005687920e-01 6.526493703742680674e-02 1.130439350370804202e-01 5.523014512249238006e-01
2.054240893694299352e-01 2.881552443770599506e-02 1.324583122561688864e-01 6.333020739366952423e-01
2.477530824972771772e-01 4.774973879090039369e-02 8.762236649916153863e-02 6.168748122126609390e-01
2.631093824056039421e-01 4.713382178392203775e-02 9.998424637117382663e-02 5.897725494393002421e-01
2.140525727812457035e-01 6.072970980853076989e-02 8.694076689017798953e-02 6.382769505200455162e-01
2.815449871334537724e-01 2.380662752208400484e-02 1.312007030008227604e-01 5.634476823436396220e-01
2.438323977333249348e-01 5.217327472840734004e-02 1.073889076355371008e-01 5.966054199027306382e-01
2.061850412072558647e-01 5.681918167175086659e-02 8.781052419965178213e-02 6.491852529213414380e-01
2.044301910757426177e-01 3.062389047873714451e-02 1.197262191807636211e-01 6.452196992647565299e-01
2.682588589833482251e-01 5.342799317654525759e-02 1.317074590934120826e-01 5.466056887466944625e-01
2.500490232887077058e-01 4.355336015376699149e-02 9.816254947648865581e-02 6.082350670810366955e-01
2.511210986268635481e-01 4.159423991519094199e-02 1.026604213165815543e-01 6.046242401413639556e-01
2.309740377435526848e-01 8.444492116494384248e-02 1.034615967924945590e-01 5.811194442990088582e-01
2.356563984356897234e-01 5.927570685977379128e-02 1.327994439689986761e-01 5.722684507355376704e-01
2.119378237089534767e-01 6.497147745003001296e-02 1.285450127950697741e-01 5.945456860459467086e-01
2.004539970931263071e-01 3.223508208718895568e-02 1.173322474558312761e-01 6.499786733638532876e-01
1.787727383761069655e-01 6.470219028517271154e-02 1.353104856940935408e-01 6.212145856446267267e-01
2.037958526205313481e-01 4.100980335597234627e-02 1.185572565303730230e-01 6.366370874931233104e-01
2.263944547275385799e-01 7.339950036300764424e-02 1.024667270073884862e-01 5.977393179020652481e-01
2.404693995608007950e-01 3.999050676462227727e-02 1.270392977282866764e-01 5.925007959462902374e-01
1.963765405166910116e-01 6.286744444252422015e-02 1.151107134631769308e-01 6.256453015776076709e-01
2.100841935299779251e-01 3.686074893080766579e-02 1.469549553812387888e-01 6.061001021579756065e-01
2.552334483624366102e-01 3.182855765984434621e-02 1.107741687793201008e-01 6.021638251983988388e-01
1.864997956385727740e-01 6.912379974708476871e-02 8.607982239632222532e-02 6.582965822180201210e-01
2.038470191627579642e-01 4.472103781836398589e-02 1.026767173928397753e-01 6.487552256260383787e-01
2.640297911940045483e-01 4.593820383588725215e-02 1.048056382194968716e-01 5.852263667506113487e-01
2.251695543464364568e-01 4.401728259956021877e-02 8.678161453090484090e-02 6.440315485230984072e-01
2.189188890835936374e-01 3.853923758766464314e-02 1.086104000060191810e-01 6.339314733227224830e-01
1.832073010475654962e-01 3.799707880453603165e-02 9.049617380474161976e-02 6.882994463431567622e-01
1.945917246332126982e-01 5.980715444553468679e-02 1.079454040796112568e-01 6.376557168416413512e-01
2.090285989722509286e-01 4.814898894340760571e-02 1.166284806076268443e-01 6.261939314767145381e-01
2.292639363611608250e-01 5.569787349404726334e-02 1.343753562564138915e-01 5.806628338883779161e-01
1.954596359145371054e-01 3.964234529622005787e-02 1.583477650607006959e-01 6.065502537285420992e-01
2.438927050149801434e-01 4.859381591874597367e-02 1.189621227798527969e-01 5.885513562864211901e-01
2.543713111854962183e-01 4.536913911653656095e-02 9.765457666707937079e-02 6.026049730308878916e-01
2.184032382585903431e-01 4.935787414833498615e-02 1.210429007855185063e-01 6.111959868075561575e-01
2.286891057846097974e-01 5.466994832208338373e-02 1.210468267569135420e-01 5.955941191363931519e-01
1.758315486587931076e-01 4.318214788744284549e-02 1.487126146697917428e-01 6.322736887839723874e-01
2.296885138089917733e-01 4.749432501396470135e-02 1.019717690677273830e-01 6.208453921093162187e-01
1.913618599741554738e-01 4.990085857919861201e-02 1.283940131221132930e-01 6.303432683245328016e-01
2.299503997464682759e-01 5.184332626666751653e-02 1.210230243307368475e-01 5.971832496561273462e-01
2.323720365457614401e-01 5.051796727423465277e-02 1.419547122228454195e-01 5.751552839571585363e-01
2.396342568061857192e-01 4.122946124805591112e-02 1.377560910471505862e-01 5.813801908986078182e-01
2.033773110770323300e-01 6.071873507513678159e-02 1.149864366183756675e-01 6.209175172294552070e-01
1.984669181146106187e-01 5.536763380595426803e-02 1.059961753073116186e-01 6.401692727721234322e-01
2.385693235041135285e-01 5.307143849176851336e-02 1.104901064146723566e-01 5.978691315894456570e-01
1.960859632270269548e-01 7.163388254215766193e-02 1.633902040989858029e-01 5.688899501318296359e-01
2.404227010710586754e-01 2.790571828263182716e-02 9.530983555447528066e-02 6.363617450918340746e-01
2.274594865370391794e-01 4.824383506726832860e-02 1.041889203245455059e-01 6.201077580711470416e-01
2.287982471375077376e-01 4.763737925420669789e-02 9.764586086965103273e-02 6.259185127386344139e-01
2.140220078896862832e-01 3.120630005174035090e-02 1.138920971345483979e-01 6.408795949240249090e-01
2.321297646739054477e-01 5.583338480035745371e-02 1.115031931999222042e-01 6.005336573258149846e-01
1.816283506512103019e-01 3.526167505861303730e-02 9.881337829318380395e-02 6.842965959969928846e-01
1.866503703429014116e-01 3.720992379556197632e-02 1.504764806399063737e-01 6.256632252216302037e-01
1.979268850882126007e-01 4.686961926775656123e-02 1.177333092743550469e-01 6.374701863696757842e-01
2.269402992968277966e-01 5.207560718317480464e-02 9.220374229172315084e-02 6.287803512282743590e-01
2.573449837629872006e-01 6.075773863590572949e-02 1.107630756483022338e-01 5.711342019528049541e-01
2.033500515573795353e-01 5.386331689746986368e-02 1.280950404856835978e-01 6.146915910594669130e-01
2.114187984703198298e-01 5.660576335599276643e-02 1.261791927484702813e-01 6.057962454252170392e-01
1.831961819358840227e-01 4.705570207169713914e-02 7.304922023365283124e-02 6.966988957587659792e-01
2.592129519220989220e-01 4.091761429118666304e-02 1.204631442964258781e-01 5.794062894902884953e-01
2.453273651777042319e-01 3.173189575364295661e-02 1.495015724635591625e-01 5.734391666050936420e-01
2.290106489608356721e-01 5.368698281810496686e-02 8.938766400457473504e-02 6.279147042164845427e-01
2.195561755237702417e-01 6.260136446734723692e-02 1.106036788851666036e-01 6.072387811237157651e-01
2.195781093487750857e-01 3.660371066000116941e-02 8.673220072771309352e-02 6.570859792635107555e-01
2.316112768507747055e-01 5.738879044173732930e-02 1.216276192697319236e-01 5.893723134377560902e-01
1.918099794234143507e-01 4.651046587107382502e-02 1.224485198692584764e-01 6.392310348362533201e-01
2.003267581256196195e-01 5.753320984747020694e-02 1.237721249232565379e-01 6.183679071036536357e-01
2.044494519371574393e-01 5.691369835369358698e-02 1.059405870927561943e-01 6.326962626163927794e-01
1.976912028864783455e-01 4.466037587890840654e-02 1.296751326147375094e-01 6.279732886198757802e-01
2.041364931837322261e-01 3.735056782114452856e-02 1.101779683811222182e-01 6.483349706140009161e-01
2.643571029839815734e-01 2.976768832485916783e-02 1.090127132621681455e-01 5.968624954289911688e-01
2.361639130257326136e-01 6.064314978321384830e-02 1.165099284515354744e-01 5.866830087395179527e-01
2.045200988968635114e-01 7.043816646407807802e-02 1.030024553257699038e-01 6.220392793132886178e-01
