1.128974353892897853e-01 3.630801240044202738e-02 5.960834950521579634e-01 2.547110571581102656e-01
1.101292554829024911e-01 3.998244474425926426e-02 6.268250627767897321e-01 2.230632369960484640e-01
1.693404714619913265e-01 3.250581817322357320e-02 6.044993474675233180e-01 1.936543628972617614e-01
1.276481057025226074e-01 5.733196515196790910e-02 6.067718765916060297e-01 2.082480525539034122e-01
1.111928765177283701e-01 2.895510301944093784e-02 6.602539007036777319e-01 1.995981197591531475e-01
9.782420577882694479e-02 3.568268364855025493e-02 6.580105769105296654e-01 2.084825336620930447e-01
1.075455173633793199e-01 3.080962083180859359e-02 6.392863593557843727e-01 2.223585024490276896e-01
9.995988958916499079e-02 7.484661252784559349e-02 6.056494099442569778e-01 2.195440879387324795e-01
9.472090056107504430e-02 4.889799627899490270e-02 6.035195926858902826e-01 2.528615104740398190e-01
1.295461937253683804e-01 5.881401538335913337e-02 5.986894112328948747e-01 2.129503796583776254e-01
1.268881234398477609e-01 8.195934020056076796e-02 5.684130306494895590e-01 2.227395057101019815e-01
1.180620483966564882e-01 3.356244173071164238e-02 5.772284662397431099e-01 2.711470436328887734e-01
1.186546701554791194e-01 4.977207748263984266e-02 5.723551002259049669e-01 2.592181521359762097e-01
1.123007048026387761e-01 4.014510332415904131e-02 6.329503703110789248e-01 2.146038215621232370e-01
1.277686513546372471e-01 6.999985798233478163e-02 6.038998444180838643e-01 1.983316462449440931e-01
1.298418011256247118e-01 5.288938715470287849e-02 5.501923559131527419e-01 2.670764558065196193e-01
1.171230941527196118e-01 6.105339273800202554e-02 6.299189196474900276e-01 1.919045934617883697e-01
7.299112665240699294e-02 7.169707361887875385e-02 6.086245680841056993e-01 2.466872316446086510e-01
1.331794812474195733e-01 5.705320357054754349e-02 5.651496559100367412e-01 2.446176592719960796e-01
9.265070693940283264e-02 4.208697767924731575e-02 6.266744417216582042e-01 2.385878736596917515e-01
1.017875283645630347e-01 2.990953230821982375e-02 6.356730785985778009e-01 2.326298607286392539e-01
1.145494052434083282e-01 3.874296057896871315e-02 5.885541049986776629e-01 2.581535291789453512e-01
9.773650611096872109e-02 3.391020256496265345e-02 6.153267273774026824e-01 2.530265639466658389e-01
1.276699994850559738e-01 3.331220663260923975e-02 6.140147705911519482e-01 2.250030232911828521e-01
7.993633833895975871e-02 6.181761223269385125e-02 6.432112021467697449e-01 2.150348472815767076e-01
1.135958943033950758e-01 3.246373886575097678e-02 6.399846338045588334e-01 2.139557330262950585e-01
1.285510381204769681e-01 5.138947008733063537e-02 5.829002808841066141e-01 2.371592109080858657e-01
1.230430155263773362e-01 7.709144381545229852e-02 6.055307063294775860e-01 1.943348343286928348e-01
1.144378472861223850e-01 6.401815904092790499e-02 6.005293874165970047e-01 2.210146062563525526e-01
9.041068897458882925e-02 5.572675755921244201e-02 5.613290587309754942e-01 2.925334947352233872e-01
1.098419143032434847e-01 7.490772343764982855e-02 6.162526928415482663e-01 1.989976694175583094e-01
1.016044264511119788e-01 4.536709897743834707e-02 6.028861898493603766e-01 2.501422847220891033e-01
1.388213646414102609e-01 8.571416406522147646e-02 5.356788539604649957e-01 2.397856173329034335e-01
6.969358047288244651e-02 6.354069316593920214e-02 6.197884640782467258e-01 2.469772622829316533e-01
1.329595054415862454e-01 5.070735690955550934e-02 5.975788350001650651e-01 2.187543026486931108e-01
1.340855302603594923e-01 3.244399219655584587e-02 6.152109980996398608e-01 2.182594794434449537e-01
1.338956600168060562e-01 9.034222190235130512e-02 5.703354255861614597e-01 2.054266924946813733e-01
8.514212145846289381e-02 4.945016786999732739e-02 5.948080344001256403e-01 2.705996762714141801e-01
1.523927183147018860e-01 5.928091257846402479e-02 5.474728711337770726e-01 2.408534979730571068e-01
9.608116179507085464e-02 5.101589118061369832e-02 5.961586216942337257e-01 2.567443253300816797e-01
1.575793945278504415e-01 3.655650092096922321e-02 5.577414185146829517e-01 2.481226860364974807e-01
9.824124984283962025e-02 4.164386192186412400e-02 6.277572194077493117e-01 2.323576688275467983e-01
1.233785732397127827e-01 5.145294651940354735e-02 6.132689968296999306e-01 2.118994834111838088e-01
9.271854895048893541e-02 6.657334706133614943e-02 6.532790778228728668e-01 1.874290261653019929e-01
1.096092612151451234e-01 6.670074379820239985e-02 6.030249449604129230e-01 2.206650500262397341e-01
1.118404050751467815e-01 1.009410265021044584e-01 5.492641315377377875e-01 2.379544368850107783e-01
1.353865185400982274e-01 3.922862460161287423e-02 6.590188463154372789e-01 1.663660105428516889e-01
1.090499941282441904e-01 3.598904585388927602e-02 6.500203452434100138e-01 2.049406147744565476e-01
9.753147740695054801e-02 5.185446489364741590e-02 6.211595806688339216e-01 2.294544770305682324e-01
1.759634669346658575e-01 5.503220968274904340e-02 5.706110622459653614e-01 1.983932611366197307e-01
1.454329391332864485e-01 4.007553358200002802e-02 5.484418038475684654e-01 2.660497234371451136e-01
1.010145353216242575e-01 4.312888140584011931e-02 6.498110976561346508e-01 2.060454856164011250e-01
1.310452673795339529e-01 5.169425623799397268e-02 5.849713907681011182e-01 2.322890856143711436e-01
9.661216115256346382e-02 4.927566147700687682e-02 5.373865496417163934e-01 3.167256277287130994e-01
1.041329960439806857e-01 2.883275079375808084e-02 6.087018984920017362e-01 2.583323546702595008e-01
1.435727492053383569e-01 2.907551024620570745e-02 5.872106433574247886e-01 2.401410971910311332e-01
1.138961489458228116e-01 5.273366963465872526e-02 5.606623995263145810e-01 2.727077818932038822e-01
1.114012335021200978e-01 4.040256411088525429e-02 6.164643001756257013e-01 2.317319022113690230e-01
1.057109375755475589e-01 3.759888636839184284e-02 6.279601292965567572e-01 2.287300467595037301e-01
1.132986113274354750e-01 5.863949246773923762e-02 6.420218192943208946e-01 1.860400769105043928e-01
1.288849260434957456e-01 7.930648793177222378e-02 5.788703572767546213e-01 2.129382287479775759e-01
1.125512137990598849e-01 3.136945340003858412e-02 6.309915432527285484e-01 2.250877895481728230e-01
1.176589238156504069e-01 4.610310828395072086e-02 6.102404572361331825e-01 2.259975106642657938e-01
1.050779550885669877e-01 3.841100462441467828e-02 6.551673059770631857e-01 2.013437343099551968e-01
1.298475313569676937e-01 5.915091646852306539e-02 5.822329763646520995e-01 2.287685758098570721e-01
1.029231140529929256e-01 5.638014975916977312e-02 6.075886023789665025e-01 2.331081338088707711e-01
1.096520838997162156e-01 5.431872086244009940e-02 6.060558579864266937e-01 2.299733372514170260e-01
9.911432048329688049e-02 6.109980495418871477e-02 5.947109833023866976e-01 2.450748912601276031e-01
8.593930361083775005e-02 6.044736901128606316e-02 5.914382986046369250e-01 2.621750287732394491e-01
1.211462585489616606e-01 4.838661232102259291e-02 5.682022522723398916e-01 2.622648768576759659e-01
8.661253359155471343e-02 5.279554199960807132e-02 6.596844991226172850e-01 2.009074252862197707e-01
1.503767700361585136e-01 4.808087837601809911e-02 5.949707167908990790e-01 2.065716347969243083e-01
7.844264201376717482e-02 3.097065646691277499e-02 6.433376892942035408e-01 2.472490122251164157e-01
1.062709601809004312e-01 7.920548729772045049e-02 5.937792408660225174e-01 2.207443116553564344e-01
1.108060797019193300e-01 5.589314498232487299e-02 5.258680639071504626e-01 3.074327114086051749e-01
1.150135011656129164e-01 4.760917173175539807e-02 5.772081224638201391e-01 2.601692046388115465e-01
1.421783587857995690e-01 4.295577634402312356e-02 6.052498925023112042e-01 2.096159723678661102e-01
8.408194129589162402e-02 5.962938476467484483e-02 6.127448972328668475e-01 2.435437767065667114e-01
1.118875893232757213e-01 5.901051151754620194e-02 6.236816116967272006e-01 2.054202874624510289e-01
1.250062126344711755e-01 4.360630135688926129e-02 6.319169489210267887e-01 1.994705370876126427e-01
9.740778482879217104e-02 2.237796568373658437e-02 6.318959545698713542e-01 2.483182949175997412e-01
1.191865113546135002e-01 4.845503947466963529e-02 5.983339334459498726e-01 2.340245157247670404e-01
1.108596593704875705e-01 5.656650218650442069e-02 6.199885682242607388e-01 2.125852702187472354e-01
9.126861377921188789e-02 5.470813734555285412e-02 6.251729347781967983e-01 2.288503140970384875e-01
1.031713100526402832e-01 8.721579841839252611e-02 5.863970532370421651e-01 2.232158382919251505e-01
1.226046362826796604e-01 6.402192326523084565e-02 5.738280299307664256e-01 2.395454105213231100e-01
1.292599893974402114e-01 6.787285480399656012e-02 5.955711942246287860e-01 2.072959615739343731e-01
8.135206102750767998e-02 4.267095908007591254e-02 6.267197266862503113e-01 2.492572532061661239e-01
1.464721883371486455e-01 1.906090265770367387e-02 6.187289859008507920e-01 2.157379231042969026e-01
1.076929051852527630e-01 4.498458957588261087e-02 6.418891728790785400e-01 2.054333323597862249e-01
1.383452467122462670e-01 6.390591510030624312e-02 5.724122957753811081e-01 2.253365424120664651e-01
1.481481485521788100e-01 6.636382569329164760e-02 5.573516655931798347e-01 2.281363601613496106e-01
1.192456959825946156e-01 7.129757934492921001e-02 5.811293994428410326e-01 2.283273252296350031e-01
1.255756493038204802e-01 5.783679310286510278e-02 5.460971624926623802e-01 2.704903951006521479e-01
9.889745879149718089e-02 7.415768021271941512e-02 5.581793410342423822e-01 2.687655199615410218e-01
1.038212247489785911e-01 5.824606261059771251e-02 6.120766905313227424e-01 2.258560221091009679e-01
1.184673711554801029e-01 1.818098824410332992e-02 6.315763602847535019e-01 2.317752803156631902e-01
9.726690982575669775e-02 7.331832614933776748e-02 5.911656353092435978e-01 2.382491287156618398e-01
1.282318550975264371e-01 6.566526238323550091e-02 5.997728536239197439e-01 2.063300288953182071e-01
1.049877356536157713e-01 5.658166257395025323e-02 6.386553431745946030e-01 1.997752585978394280e-01
1.420761499482982582e-01 4.305053784051297849e-02 5.606708249962639723e-01 2.542024872149248327e-01
1.087370975910544740e-01 5.314871893206734449e-02 5.531984998567647249e-01 2.849156836201134357e-01
7.891934149202298188e-02 4.811991915149232274e-02 6.264544791072582663e-01 2.465062602492263666e-01
1.016769004311827984e-01 3.823117339570501066e-02 5.915350292267985699e-01 2.685568969463135169e-01
1.190133856767329884e-01 6.123139125586926634e-02 6.260533789779818559e-01 1.937018440894158477e-01
7.847830504622528569e-02 5.477758249982196681e-02 6.370070627065690383e-01 2.297370497473835704e-01
9.388966899836417856e-02 4.337511297366045820e-02 6.761415487470188168e-01 1.865936692809565534e-01
1.080034792043131492e-01 5.403523125335275845e-02 6.231854659832265497e-01 2.147758235591075426e-01
9.792067788048978982e-02 6.394378254935498274e-02 5.981269092995923353e-01 2.400086302705628782e-01
1.367217702950765112e-01 4.054960411761152073e-02 5.818537282139663036e-01 2.408748973733457199e-01
9.857920764327647578e-02 3.499727543007240260e-02 6.649737599807777899e-01 2.014497569458732762e-01
8.944038129761612554e-02 5.089447915885038365e-02 6.442354430576249236e-01 2.154296964859085117e-01
8.928443179211806302e-02 7.310742819441248819e-02 5.743627305154852536e-01 2.632454094979841952e-01
1.326322292980648687e-01 4.115767593756908954e-02 6.267628681760882836e-01 1.994472265882777096e-01
1.152317341108816395e-01 5.076413746194038262e-02 5.939062655996374396e-01 2.400978628275405868e-01
8.568583740304581975e-02 3.793375240198328807e-02 6.263808384451869937e-01 2.499995717497840719e-01
1.445962675420441046e-01 5.318516582641338863e-02 5.548904141344217500e-01 2.473281524971207568e-01
6.992484974856313928e-02 4.519999830318853495e-02 6.919514849929874201e-01 1.929236669552608641e-01
9.481906225838382385e-02 6.057833781960240277e-02 6.166047296960479596e-01 2.279978702259658485e-01
1.027157024481628877e-01 4.906325078353607205e-02 5.885757077628359646e-01 2.596453390054651034e-01
9.398972729743093613e-02 3.808067041157742888e-02 6.798074331457515385e-01 1.881221691452400757e-01
1.142700787074190927e-01 7.237484724117546064e-02 6.137690485428083376e-01 1.995860255085971646e-01
1.039235911573213877e-01 3.778519654647997245e-02 5.894388002762446233e-01 2.688524120199539680e-01
1.267247916752092529e-01 7.492524280013505844e-02 5.729277809452475445e-01 2.254221845794079915e-01
1.319335200092115468e-01 3.421216415119351234e-02 5.961518968710225463e-01 2.377024189685724986e-01
1.257954665700198038e-01 2.322536973484214465e-02 6.237041744583692315e-01 2.272749892367687818e-01
1.229988794878128094e-01 4.213381386989738242e-02 5.881135425308448017e-01 2.467537641114450619e-01
1.167240303023686088e-01 4.939087746041592730e-02 5.746984045740326508e-01 2.591866876631828132e-01
1.084734044403619785e-01 3.396500978519439301e-02 5.915472767298972645e-01 2.660143090445462044e-01
1.282000736387013951e-01 5.098152051860236483e-02 5.351121854911110587e-01 2.857062203515852161e-01
1.112284488590898485e-01 6.258796687083340027e-02 6.049180892170872292e-01 2.212654950529895359e-01
1.489623036002644674e-01 5.318337631044173924e-02 5.797040547622187567e-01 2.181502653270748771e-01
1.351654077333466764e-01 3.514515972132772198e-02 6.074836599357698042e-01 2.222057726095557351e-01
1.323795962717148333e-01 6.191813519582584080e-02 5.954483414399182051e-01 2.102539270925410375e-01
1.068819740395986762e-01 5.170750143519434183e-02 5.869931845531383141e-01 2.544173399720686679e-01
1.466762347993309512e-01 5.252967425415073360e-02 6.035993304850614249e-01 1.971947604614568972e-01
9.498504695709955592e-02 4.295523391863027146e-02 6.028371124569665840e-01 2.592226066673034568e-01
1.321652895796613103e-01 4.116124824779613528e-02 5.461040946181706657e-01 2.805693675543717847e-01
8.497743773484092711e-02 3.689913498320270685e-02 6.083440491259282101e-01 2.697793781560280935e-01
9.373111713805901135e-02 3.616494594755012559e-02 6.314320016454934015e-01 2.386719352688974893e-01
1.110178195886074443e-01 4.863630983430533572e-02 6.169032950636957890e-01 2.234425755133913061e-01
9.309939605452824396e-02 6.617769816801899463e-02 5.943808954821483415e-01 2.463420102953045587e-01
8.386274497923817961e-02 4.829065784557950297e-02 6.203567482714313908e-01 2.474898489037508642e-01
9.530189890548086684e-02 6.053770412361170888e-02 6.155882686943506821e-01 2.285721282765567908e-01
1.589975714475823643e-01 7.200491055974034271e-02 5.189905743475370370e-01 2.500069436451403115e-01
9.148436379544047647e-02 2.880410677733672570e-02 6.114439690135072825e-01 2.682675604137154668e-01
8.833732442619189607e-02 4.542541000508488330e-02 6.506427430449657212e-01 2.155945225237573815e-01
1.134014409902582426e-01 4.197440532564842425e-02 6.044560848410138743e-01 2.401680688430795352e-01
8.385832207652924031e-02 4.060010485284991366e-02 6.423107315086306057e-01 2.332308415619901987e-01
1.174674547731903856e-01 8.040922331919922450e-02 5.835282689831211567e-01 2.185950529244890805e-01
8.900498285429636613e-02 4.828424808510736743e-02 6.668668180593394501e-01 1.958439510012567053e-01
1.114690431822632083e-01 6.180870860774583669e-02 5.405224446826520923e-01 2.861998035273388696e-01
1.372883041143624638e-01 3.692901729551310852e-02 5.705763897361578740e-01 2.552062888539664565e-01
8.654435841256297168e-02 6.502305180743406243e-02 6.018063878535416800e-01 2.466262019264613137e-01
1.235121998718291259e-01 3.854656372164197431e-02 6.077881767486716935e-01 2.301530596578571786e-01
1.009593173271358946e-01 3.389199986574076978e-02 6.554779889755709688e-01 2.096706938315523461e-01
1.507638626999738829e-01 4.756378433306204107e-02 6.094675973906831246e-01 1.922047555762808335e-01
9.544092363971490300e-02 5.629770361570572701e-02 6.069759698944029447e-01 2.412854028501763282e-01
1.059503857660404474e-01 2.147259461109895032e-02 6.382269188109968017e-01 2.343501008118636930e-01
1.204464103971518707e-01 3.542865580863104047e-02 6.248726395442656401e-01 2.192522942499514349e-01
1.037364889900406623e-01 6.509880377905809257e-02 6.253784410741863864e-01 2.057862661567148033e-01
1.182273143819046468e-01 5.224278503464205997e-02 5.766368693430784509e-01 2.528930312403747660e-01
9.653848111878669813e-02 6.610349576779396552e-02 6.269770108282516352e-01 2.103810122851675901e-01
7.947349955143766242e-02 3.981892944343508323e-02 6.580322957319448829e-01 2.226752752731823437e-01
1.231242226327553535e-01 3.460352717410417056e-02 6.064233617064213044e-01 2.358488884867192270e-01
1.087878062726778533e-01 7.001926426278935744e-02 6.142247973468815125e-01 2.069681321176513600e-01
1.117373099794554958e-01 5.029323637592286733e-02 6.205945995820254524e-01 2.173748540625960457e-01
1.053339168198618170e-01 4.062779526712797379e-02 6.381252608942691307e-01 2.159130270187410439e-01
1.471609905478170055e-01 2.855527393588336293e-02 6.279445526875111483e-01 1.963391828287885388e-01
1.048173822013556966e-01 6.505031017875677335e-02 5.658456945531364912e-01 2.642866130667511637e-01
1.086306253022839147e-01 6.312001401232550379e-02 6.299514636572782766e-01 1.982978970281123465e-01
1.296132276721035925e-01 2.039850913102348590e-02 5.926217010315296685e-01 2.573665621653433155e-01
1.162457392059955824e-01 5.848064588746518938e-02 5.915994799425015049e-01 2.336741349640378274e-01
1.154320609490322030e-01 3.182414609598035321e-02 5.902856110350949148e-01 2.624581819198925081e-01
9.302209395135978276e-02 5.322597486012924095e-02 6.857674845939032426e-01 1.679844465946077059e-01
6.225086176033396007e-02 6.090111184894667073e-02 6.118374702595350545e-01 2.650105561311842384e-01
1.399746675804180440e-01 3.524443046418044428e-02 5.739479374856323313e-01 2.508329644697691041e-01
8.509598281957922450e-02 6.306604435403159736e-02 6.220058478283182479e-01 2.298321249980709025e-01
1.279674650129847546e-01 4.274831386575536629e-02 6.160869524393640662e-01 2.131972686818958684e-01
1.434893783885343721e-01 8.181139615135987753e-02 5.834276261487874038e-01 1.912715993113182633e-01
9.144164612053799768e-02 5.619280482650323982e-02 6.359254362383863768e-01 2.164401128145724273e-01
1.066401131813489445e-01 3.844969442808764126e-02 6.092570583916382398e-01 2.456531339989252438e-01
1.173116945760017404e-01 4.428511215205224033e-02 6.183661282772836554e-01 2.200370649946625234e-01
1.145077683027724141e-01 4.724427084030443508e-02 5.762410378747376827e-01 2.620069229821855306e-01
1.089193049333293806e-01 3.065003059235379620e-02 6.315284849556470625e-01 2.289021795186697850e-01
1.052617118820156628e-01 5.169766363859352315e-02 5.866412607411533031e-01 2.563993637382374624e-01
1.080081182394167505e-01 2.883435014921531536e-02 6.217389531736586816e-01 2.414185784377091970e-01
9.188335229984591346e-02 4.359135067187473039e-02 6.297756799223779289e-01 2.347496171059012537e-01
9.774619259387602732e-02 6.281318531381618886e-02 6.272901394456819046e-01 2.121504826466259208e-01
1.428799041138464065e-01 5.498081527057233076e-02 5.915437938301538745e-01 2.105954867854272494e-01
1.003067137028946093e-01 6.385281539622289504e-02 6.013467717226256282e-01 2.344936991782567703e-01
8.295970709636826812e-02 5.997920668459660876e-02 6.655873672532222063e-01 1.914737189658128336e-01
1.177374312816787394e-01 5.045340511785208204e-02 6.072683494690013228e-01 2.245408141314678974e-01
1.504407049217676429e-01 4.034443313362248013e-02 5.695648958436018150e-01 2.396499661010082216e-01
1.182857230733933562e-01 3.444704187961734887e-02 6.454441089852381852e-01 2.018231260617511513e-01
1.277154900576199237e-01 5.399301188887290631e-02 5.806134203693504858e-01 2.376780776841565246e-01
1.475408664486499988e-01 5.394796304196503023e-02 5.978171612176266247e-01 2.006940092917584573e-01
1.147934494449510123e-01 3.409633666061780144e-02 6.216466579243741242e-01 2.294635559700568261e-01
1.509830878245002617e-01 4.873852008164959032e-02 5.833882927085835002e-01 2.168900993852666270e-01
1.389540054228865507e-01 4.830269364392933418e-02 5.934268102557658242e-01 2.193164906774184297e-01
1.035050085925269814e-01 3.067428341011540702e-02 6.140654210099399934e-01 2.517552869874176147e-01
1.377563240228406871e-01 3.489052344887890594e-02 5.865489954141966944e-01 2.408041571140837056e-01
9.517323910622300931e-02 4.705368320254609688e-02 6.405190280613968223e-01 2.172540496298340784e-01
1.126077781915065384e-01 5.806395932819978511e-02 5.608574697288361000e-01 2.684707927514574655e-01
1.382482789978535798e-01 3.921568136579953179e-02 6.014455706810180047e-01 2.210904689553290225e-01
1.222134041849197439e-01 4.318789724159628751e-02 5.652509562486334183e-01 2.693477423248505365e-01
1.027877822822675230e-01 5.286278018941124174e-02 6.034243353802962728e-01 2.409251021480250388e-01
8.792718405418011030e-02 2.639774172541145200e-02 6.157240849331362398e-01 2.699509892872721251e-01
1.136852423240267279e-01 4.653839188412686734e-02 6.434335796999987034e-01 1.963427860918477708e-01
1.417229157418304353e-01 4.172518547598241812e-02 6.112329113404058045e-01 2.053189874417815364e-01
1.693371380914741597e-01 6.116657079026734806e-02 5.212065910999068574e-01 2.482897000183516278e-01
9.591768232273113759e-02 3.849294792576589408e-02 6.629103671282320365e-01 2.026790026232709319e-01
1.582368904632742157e-01 3.933155783357045882e-02 5.690148475878070711e-01 2.334167041153482891e-01
1.270022420755584358e-01 5.213302494591538078e-02 5.625246068583392711e-01 2.583401261201869192e-01
1.078601209550356932e-01 3.532946442803554243e-02 5.909592276680663003e-01 2.658511869488623947e-01
1.361374241385531758e-01 3.688125908705628536e-02 6.136845689039601703e-01 2.132967478704304864e-01
1.156872092876647801e-01 3.484888053158471249e-02 5.834113323612469815e-01 2.660525778195035329e-01
1.109997096853403559e-01 4.495368822839368450e-02 5.977244913743313681e-01 2.463221107119347719e-01
9.559966688247049926e-02 6.936142444830911691e-02 5.899160166490566848e-01 2.451228920201635464e-01
1.501911722304858920e-01 4.793054755506390846e-02 5.858075351480547255e-01 2.160707450663953977e-01
9.290874703737943274e-02 7.043319921288535013e-02 5.885245807174984689e-01 2.481334730322365678e-01
1.169138296966562435e-01 4.747060626708769077e-02 6.008681348252377097e-01 2.347474292110183769e-01
1.388965212259249959e-01 5.753079274243960706e-02 5.741200206129750683e-01 2.294526654186603010e-01
1.270743142153271665e-01 3.923435587653952700e-02 6.250177314734023382e-01 2.086735984347309059e-01
1.008891567465245442e-01 7.289965977722084878e-02 5.925547089940094159e-01 2.336564744822451078e-01
1.421821019654883611e-01 4.733180147321087300e-02 6.059649580447395989e-01 2.045211385165611184e-01
1.232473740767367348e-01 2.979294519748953984e-02 6.023784327503881597e-01 2.445812479753855240e-01
1.241532887886674930e-01 3.249269969841440953e-02 5.641626248345454897e-01 2.791913866783725662e-01
1.121444845775949051e-01 5.722072444738075109e-02 5.962966833695297897e-01 2.343381076054945888e-01
9.996195153929873789e-02 3.619965040943638745e-02 6.196946484468360827e-01 2.441437496044286948e-01
1.190549266265148592e-01 3.982363346738647392e-02 5.799148729265140023e-01 2.612065669795844980e-01
1.291747079097760320e-01 4.959451332238104526e-02 6.067884810354029490e-01 2.144422977324400292e-01
1.015755452798510206e-01 5.626888631247384948e-02 6.263955548684890795e-01 2.157600135391859741e-01
1.163570888502536982e-01 2.699294517507927829e-02 5.767385804017756135e-01 2.799113855728914690e-01
1.071206616852725391e-01 5.891057307559788292e-02 6.184881479799254622e-01 2.154806172592040880e-01
8.931155826450237756e-02 3.037369334884616398e-02 6.027568061345646155e-01 2.775579422520869088e-01
1.064319658919770789e-01 2.949743186080867885e-02 6.268664641419393613e-01 2.372041381052748532e-01
1.244646998854263414e-01 4.745599183596230924e-02 5.880525287793741951e-01 2.400267794992371195e-01
1.313326349082870326e-01 4.560597693916028372e-02 6.002956369499378164e-01 2.227657512026149089e-01
1.358455543313561442e-01 6.248718679925564096e-02 5.560245840838462517e-01 2.456426747855420534e-01
1.055271700876728724e-01 5.797158946451629047e-02 6.097851240020188968e-01 2.267161164457920652e-01
9.775867849166103296e-02 4.806444579243055598e-02 6.355976763117584527e-01 2.185791994041499375e-01
1.035910354757233337e-01 5.176459407945308011e-02 5.974807466401798051e-01 2.471636238046438505e-01
1.088018382393833444e-01 4.128318905966131547e-02 6.081845205180184122e-01 2.417304521829368169e-01
1.139133444807650525e-01 4.575334427565760226e-02 6.126038468546743943e-01 2.277294643889030967e-01
6.468513008199093528e-02 4.535047440303809768e-02 6.461829299623564893e-01 2.437814655526145680e-01
1.073874295488897318e-01 4.896007310413796887e-02 5.999142487357225217e-01 2.437382486112498192e-01
9.221125551868029901e-02 5.842649568838922253e-02 6.043930725277536498e-01 2.449691762651769467e-01
1.371211420395943015e-01 6.109597800870993772e-02 5.891776771746466412e-01 2.126052027770490294e-01
1.024950991233295194e-01 4.853884672079462198e-02 6.350980007652158310e-01 2.138680533906601178e-01
7.982773527854918061e-02 3.484827863962094985e-02 6.150747504390016163e-01 2.702492356428282672e-01
1.376018349816576225e-01 3.031965067596347277e-02 6.347169399861154471e-01 1.973615743562635583e-01
1.270821077425044743e-01 5.668306832327398015e-02 6.184633317596520685e-01 1.977714921745694077e-01
1.162243499253741152e-01 5.890627140648090065e-02 6.110509953099357849e-01 2.138183833582091853e-01
9.728282054159072267e-02 5.282688173313234564e-02 5.911521709705332972e-01 2.587381267547435582e-01
1.009334573874498542e-01 5.766800511805083435e-02 5.864384601034007272e-01 2.549600773910987717e-01
9.504668351466212528e-02 3.830643860429546604e-02 6.454944607962203040e-01 2.211524170848220838e-01
1.016618109834038219e-01 4.764157122406145056e-02 5.655190967594680984e-01 2.851775210330665944e-01
1.048688379102443585e-01 3.506783735297318294e-02 6.251056748439024480e-01 2.349576498928799828e-01
1.193081765072214889e-01 5.640261180289104365e-02 5.967942864654585122e-01 2.274949252244290177e-01
9.900508436581383076e-02 4.740933378637633699e-02 5.966137535984450402e-01 2.569718282493646533e-01
1.044495293763631621e-01 2.703308354545150977e-02 5.795245647064540817e-01 2.889928223717311284e-01
1.089175930090029026e-01 4.312021589653215747e-02 6.088199596021282023e-01 2.391422314923368764e-01
1.368187055010827990e-01 2.358510342909722265e-02 5.699336244995365508e-01 2.696625665702833685e-01
1.111528596319738688e-01 3.478361652667230630e-02 5.890270720705127472e-01 2.650364517708410084e-01
1.422633234128812540e-01 3.861181217243477015e-02 5.923866121119788497e-01 2.267382523027051122e-01
1.070399299860447240e-01 7.019573943881597666e-02 5.805733949519650272e-01 2.421909356231742583e-01
9.779269177324366458e-02 7.618121461486694612e-02 5.821347233359072115e-01 2.438913702759821778e-01
1.332996199347776523e-01 2.776756431142183082e-02 5.925253124027934915e-01 2.464075033510069179e-01
1.434096925340292428e-01 5.177325894906728565e-02 5.715501145350641021e-01 2.332669339818393972e-01
8.941452517915771114e-02 4.930965625450517420e-02 6.074100488403743059e-01 2.538657697259630308e-01
8.209650415654348721e-02 3.437412769072551583e-02 6.602818030575559050e-01 2.232475650951749602e-01
1.134332230695847960e-01 2.845562904249594044e-02 6.439589810582321272e-01 2.141521668296872960e-01
1.043528426683340976e-01 4.194289389707576976e-02 6.223901514114328348e-01 2.313141120231574088e-01
1.117242720290348712e-01 4.627514957829748088e-02 5.803795034818849397e-01 2.616210749107826805e-01
1.250238198394812150e-01 4.179906212500756474e-02 5.993979658476505934e-01 2.337791521878606893e-01
1.325712798194189079e-01 4.080020864648090800e-02 6.094098045925672169e-01 2.172187069415329741e-01
1.365710296795730472e-01 4.616472019289025869e-02 5.811548856875391467e-01 2.361093644399975544e-01
1.109588548928209656e-01 2.649738990681468898e-02 6.089598969658046590e-01 2.535838582345596448e-01
1.081537497538395953e-01 5.364414370759972711e-02 6.256032671252592658e-01 2.125988394133014048e-01
1.100467684343859748e-01 4.345661316939403163e-02 6.136200346486445634e-01 2.328765837475753331e-01
8.052071271966149135e-02 4.167309906843127965e-02 6.144383127037625902e-01 2.633678755081447220e-01
1.090780393241846252e-01 4.692127717826446304e-02 6.483449011838746667e-01 1.956557823136763352e-01
1.031047343841116765e-01 4.209655771662541845e-02 6.156679202407058238e-01 2.391307876585570535e-01
1.158914876739221833e-01 3.069819681812547760e-02 6.187389499363108447e-01 2.346713655716415603e-01
1.275782867155649813e-01 4.472815413229586784e-02 5.650080961082943887e-01 2.626854630438446581e-01
1.376181459864708190e-01 5.533732030201436031e-02 6.270008421578391333e-01 1.800436915536756388e-01
8.777205908383518829e-02 5.230202064397024980e-02 5.852583862298056383e-01 2.746675340423889167e-01
8.977094003529885458e-02 3.929803492190556136e-02 6.593078710156279332e-01 2.116231540271674982e-01
1.013392568613392108e-01 2.930740237656964675e-02 5.893052196004608945e-01 2.800481211616305255e-01
1.500724808972694335e-01 3.633714744482757081e-02 6.244727327219803392e-01 1.891176389359227328e-01
1.044580848291067482e-01 5.717187158914657091e-02 5.935898691253997939e-01 2.447801744563468662e-01
9.759268862578050763e-02 3.089474079257721953e-02 6.327875318230214985e-01 2.387250387586207501e-01
1.060883611662938458e-01 3.253138695991479590e-02 5.983214795005934450e-01 2.630587723731979688e-01
1.132834240773028939e-01 2.850048141689017628e-02 5.988859642189071630e-01 2.593301302868997182e-01
9.951860324367006738e-02 5.884712433697245754e-02 6.075398775399724061e-01 2.340943948793851315e-01
1.414561302821961408e-01 4.071715129714855580e-02 6.035586408337357822e-01 2.142680775869194310e-01
1.309121823828610642e-01 6.273847513235522588e-02 5.897607916447775711e-01 2.165885508400060555e-01
9.201047557222685747e-02 5.447716573530281964e-02 5.803003201439163039e-01 2.732120385485539149e-01
1.382979297064880486e-01 5.751975108010407012e-02 5.487406015626987710e-01 2.554417176507091103e-01
9.463911646393059762e-02 2.729145138634703205e-02 6.585350559727682906e-01 2.195343761769542046e-01
1.404319041508926003e-01 4.778838679064990880e-02 5.822259432619046882e-01 2.295537657965527056e-01
1.270465002362806684e-01 5.407488877987510351e-02 6.300672655583527959e-01 1.888113454254915224e-01
1.261707420816976788e-01 3.924721393434871253e-02 6.054336311112992197e-01 2.291484128726545000e-01
1.075853709022662336e-01 4.952959214908953661e-02 5.811079018942661989e-01 2.617771350543780517e-01
1.012126509373657973e-01 6.582414742851523670e-02 6.101185498792454087e-01 2.228446517548735850e-01
1.141737136218422266e-01 2.797436066159952189e-02 6.201647684053561704e-01 2.376871573112021852e-01
9.079358405159060341e-02 5.800706132455032277e-02 6.395450775157667245e-01 2.116542771080923979e-01
9.737262323297984912e-02 3.987185757822712950e-02 6.249332282861952415e-01 2.378222909025979048e-01
1.312764160694724347e-01 5.117202341085537454e-02 5.892205705458787302e-01 2.283309899737934190e-01
1.134304869001011851e-01 4.136297184097651597e-02 6.292404318353391757e-01 2.159661094235830192e-01
1.340979635928217506e-01 3.138975832433035795e-02 5.960092718365403996e-01 2.385030062463075473e-01
8.806903732259281636e-02 4.036700589022829133e-02 6.372623050483161578e-01 2.343016517388627484e-01
1.253075739599144311e-01 3.491916444140314574e-02 5.986875105086270077e-01 2.410857510900554224e-01
1.256270241955713407e-01 2.986958228306678051e-02 6.195517607127495330e-01 2.249516328086123840e-01
8.204271914698811619e-02 3.712541104781254264e-02 6.183150068679544864e-01 2.625168629372449103e-01
8.644474516302062816e-02 6.442462690733102848e-02 6.105164792080945979e-01 2.386141487215538148e-01
7.365693673059769964e-02 5.886938001028775569e-02 6.499557495102011861e-01 2.175179337489132336e-01
1.018675639880985972e-01 3.345647325274091893e-02 6.343983568866981004e-01 2.302776058724623487e-01
1.044694187329781032e-01 3.429873012483924954e-02 6.490618638712665200e-01 2.121699872709161272e-01
1.286631345740462673e-01 4.082982828586400464e-02 6.209676980004505964e-01 2.095393391396392080e-01
1.179712814988824882e-01 7.382400540604155958e-02 6.119901478509900405e-01 1.962145652440859533e-01
1.398926758433093887e-01 4.470859266689869438e-02 5.774945858925933928e-01 2.379041455971984687e-01
1.102236799681157592e-01 5.859472005101864361e-02 6.193327708593753256e-01 2.118488291214903063e-01
1.064369103260401350e-01 3.909495374443155979e-02 6.025266126209878337e-01 2.519415233085404160e-01
1.071425376525367568e-01 5.125956729420276525e-02 5.812812234460407179e-01 2.603166716072197739e-01
1.114985500075061642e-01 4.168245012363203106e-02 5.883194266085138846e-01 2.584995732603479479e-01
9.308740322430859859e-02 4.879779963704203305e-02 5.915031834852629844e-01 2.666116136533863701e-01
1.043360140335120451e-01 3.833849088190155463e-02 6.385483855904865447e-01 2.187771094940997862e-01
6.609487920692340424e-02 3.759317612039163314e-02 6.421386558758543917e-01 2.541732887968306542e-01
9.853498302699902067e-02 4.133999598990483609e-02 6.135026027422704198e-01 2.466224182408257859e-01
1.283343770815024987e-01 4.380957542929213994e-02 6.170819008544480289e-01 2.107741466347573256e-01
1.368973810922874124e-01 5.244797952826574933e-02 5.991567621171794977e-01 2.114978772622672643e-01
7.874256487145667172e-02 5.726472026781322805e-02 6.077063227364416509e-01 2.562863921242884424e-01
1.088997374784399647e-01 5.963306239717854063e-02 5.897305169624011967e-01 2.417366831619802425e-01
1.221412360579532674e-01 4.676141426410935359e-02 6.128227010919800044e-01 2.182746485859573538e-01
9.300400141779123497e-02 4.610159127248397715e-02 6.240207190500416390e-01 2.368736882596831905e-01
1.006018031386509137e-01 4.701811874117919898e-02 6.256791256569997906e-01 2.267009524631699580e-01
1.039230995894829118e-01 7.175201563931497828e-02 6.000978743582134900e-01 2.242270104129887309e-01
1.338769209853568343e-01 4.214074106977743622e-02 6.268933656636164198e-01 1.970889722812491918e-01
1.028551763385791851e-01 3.668732747831591340e-02 6.005962904646917622e-01 2.598612057184129798e-01
1.238186946058982968e-01 3.770083138310784121e-02 6.322776321207875805e-01 2.062028418902062676e-01
1.406480601557298649e-01 4.439182798841252026e-02 6.113563634943978142e-01 2.036037483614598353e-01
8.991766275055056157e-02 5.458517237475717793e-02 5.824049664095299894e-01 2.730921984651622503e-01
1.174339205527691055e-01 4.506287812729685427e-02 5.992251526805655315e-01 2.382780486393685504e-01
1.485269652109827421e-01 5.843584857722485676e-02 6.018412249810425330e-01 1.911959612307498890e-01
1.044862864571585032e-01 4.729515640837125834e-02 5.942249652811483207e-01 2.539935918533219872e-01
1.045888953351753609e-01 4.364070194079857495e-02 6.087241534432801249e-01 2.430462492807459463e-01
1.424885820961120930e-01 4.341023378143849670e-02 5.611116255956570820e-01 2.529895585267923352e-01
9.631505797105489874e-02 5.327959948660154765e-02 6.209734937064964599e-01 2.294318488358470520e-01
1.238248054793344710e-01 3.619410155327804773e-02 6.031053696604371517e-01 2.368757233069502532e-01
1.396475718131141019e-01 4.807701280030454022e-02 5.383465070946323872e-01 2.739289082919489915e-01
9.615579828615829217e-02 2.810035207945085767e-02 6.408828690971138942e-01 2.348609805372770809e-01
8.559882796937176574e-02 5.442097526609863262e-02 5.958870754346241583e-01 2.640931213299054781e-01
8.157859582851188784e-02 5.269991902747504786e-02 6.220428236220706397e-01 2.436786615219424801e-01
1.234750500955842656e-01 5.697223341425337872e-02 6.121924129297193762e-01 2.073603035604430489e-01
7.745552704253734488e-02 5.180523447761931077e-02 6.166247096204569011e-01 2.541145288593864571e-01
1.321025846656646019e-01 4.404716272650606446e-02 6.001928513495445872e-01 2.236574012582847049e-01
9.927558689026874661e-02 3.713752472006465188e-02 5.906609107035567519e-01 2.729259776861099884e-01
1.119718304865285757e-01 4.540917697254823887e-02 5.973205166658628329e-01 2.452984758750603733e-01
1.141786674256281275e-01 3.255064838345470002e-02 6.142258687628913139e-01 2.390448154280258308e-01
7.233250521201441130e-02 5.466991604301118385e-02 6.656254561044022688e-01 2.073721226405721152e-01
1.303959718241997079e-01 5.020920724604063801e-02 5.936191036849669533e-01 2.257757172447925897e-01
1.413429325868026110e-01 4.626826932963722799e-02 5.698112509521099378e-01 2.425775471314502996e-01
1.054145024682611315e-01 6.172780857545343003e-02 6.135294741484209613e-01 2.193282148078644633e-01
1.341627662562654699e-01 3.459883919728978796e-02 6.247074179425687879e-01 2.065309766038760653e-01
1.163898590370421454e-01 4.732365160727920045e-02 6.333509729806260369e-01 2.029355163750526381e-01
1.082700882952724181e-01 3.593522048553322162e-02 5.774562326167467230e-01 2.783384586024477136e-01
1.013764054520438912e-01 3.723797457187419391e-02 6.303004737056023821e-01 2.310851462704795467e-01
1.260866067040179450e-01 7.661118642620007302e-02 5.910137966935586906e-01 2.062884101762235134e-01
1.296799985439251734e-01 6.085053286757445556e-02 5.434894423953553488e-01 2.659800261931449805e-01
1.378358866262400229e-01 3.544829740906293991e-02 6.040334287851920614e-01 2.226823871795048926e-01
1.096680677399300557e-01 4.556911593638737767e-02 6.160399559749450971e-01 2.287228603487374834e-01
1.368347028309138680e-01 6.789822684766991245e-02 5.907278091806743570e-01 2.045392611407417516e-01
9.356842999827465202e-02 5.623911952424051619e-02 6.143478367657396744e-01 2.358446137117451991e-01
1.353598688254607496e-01 5.064221862900970123e-02 5.842162101310378608e-01 2.297817024144916676e-01
9.278889558889089062e-02 5.928176626581547343e-02 6.224590548270781953e-01 2.254702833182155586e-01
7.434417461052393594e-02 3.493913693214117239e-02 6.592160354649350129e-01 2.315006529923998579e-01
1.180313262398472174e-01 4.348891029004591652e-02 6.123229182788274549e-01 2.261568451912794597e-01
1.403035119200217729e-01 4.784405403882355245e-02 5.734237768878198693e-01 2.384286571533346111e-01
1.228147363630636008e-01 4.144669068108069315e-02 6.402256270290513918e-01 1.955129459268042658e-01
1.486503992705817956e-01 6.536909919392226709e-02 5.600180660281529610e-01 2.259624355073428792e-01
1.326051734984053376e-01 4.719159109190549511e-02 6.015075837099668199e-01 2.186956516997223821e-01
1.107428602962998859e-01 7.766827341250220895e-02 5.520210692931257768e-01 2.595677969980720312e-01
1.374147583595131394e-01 3.081807160198806947e-02 6.263270052398751675e-01 2.054401647986236201e-01
1.134298909798012456e-01 4.349101904576444660e-02 6.611755636368493727e-01 1.819035263375849421e-01
1.308282795890738093e-01 4.708814951875182203e-02 5.540112102028535990e-01 2.680723606893206101e-01
1.399088439249692173e-01 3.539419284556107048e-02 6.128195850914490705e-01 2.118773781380206556e-01
1.015447492931049189e-01 3.715903343063579889e-02 6.133351002812585939e-01 2.479611169950007576e-01
9.212957642002599090e-02 2.854159780482714778e-02 5.854730737259341566e-01 2.938557520492128816e-01
1.051953859476400660e-01 3.676644492375060608e-02 6.556058550014310926e-01 2.024323141271781312e-01
1.153488709531905049e-01 6.306635735167084866e-02 5.836874312817085242e-01 2.378973404134301639e-01
1.000140447138499616e-01 4.891176772077499013e-02 6.182382432565407537e-01 2.328359443088343916e-01
1.227926287692206464e-01 4.810428016933405992e-02 6.255063517419253705e-01 2.035967393195198261e-01
1.349215150889442327e-01 3.873194793715176165e-02 5.996959467591550519e-01 2.266505902147491480e-01
1.111595918509050429e-01 2.199854309137361935e-02 6.256065590430627266e-01 2.412353060146585348e-01
1.400652351195001144e-01 3.115091066043738574e-02 5.862624739780534222e-01 2.425213802420090325e-01
1.198375384465163312e-01 4.759012487339976671e-02 6.137620438058176697e-01 2.188102928742662601e-01
9.248835959688235520e-02 3.057854626356920971e-02 6.585701236877126163e-01 2.183629704518358638e-01
1.276756445424408470e-01 2.952284563757537339e-02 6.109688602907328292e-01 2.318326495292507838e-01
