6.354703166934132508e-01 1.282529293821117189e-01 7.668054184033977483e-02 1.595962120841352416e-01
5.998312204721303331e-01 1.734007129611494780e-01 3.820175666236901718e-02 1.885663099043511926e-01
6.754816460943846579e-01 9.223572805138983977e-02 4.961189387193137845e-02 1.826707319822941100e-01
6.626085301863876564e-01 1.345202763406922741e-01 5.346546855251693015e-02 1.494057249204030213e-01
5.943522384601150899e-01 1.163098369716250718e-01 6.665973633022950762e-02 2.226781882380302613e-01
6.137748675689987943e-01 1.436828228191186219e-01 7.577593254781360421e-02 1.667663770640690213e-01
6.358126218669258867e-01 1.517787745048326808e-01 4.209986727241987053e-02 1.703087363558216660e-01
5.982577615580548791e-01 1.177535321671541735e-01 9.291230741403290472e-02 1.910763988607580288e-01
6.818912055968758823e-01 9.466153362908870383e-02 3.833439941239265292e-02 1.851128613616426777e-01
6.347165468523208176e-01 1.257087963162368538e-01 7.584744135524539022e-02 1.637272154761967580e-01
5.786618228401204655e-01 1.695650620904017858e-01 6.392583415551503223e-02 1.878472809139625499e-01
6.515000600133818986e-01 1.432493404869438769e-01 4.652035587583718684e-02 1.587302436238371417e-01
6.441381083465090862e-01 1.316401112712929644e-01 4.327036802730328119e-02 1.809514123548945641e-01
7.239585864037827445e-01 8.395514936348127955e-02 5.638734764191127846e-02 1.356989165908248085e-01
6.117760709691948406e-01 9.786020484861643332e-02 6.579901149708117236e-02 2.245647126851074427e-01
6.183525719335482007e-01 1.146828809746648220e-01 6.165273219995270892e-02 2.053118148918342545e-01
6.245915802464543365e-01 1.064412241147842109e-01 7.005601900268584870e-02 1.989111766360756872e-01
6.205044893377796855e-01 1.155370683253958974e-01 5.117189342092872545e-02 2.127865489158957402e-01
5.944760478662073355e-01 1.182780405021605641e-01 3.961794746685957241e-02 2.476279641647726182e-01
6.642473354049495127e-01 1.273917365900735232e-01 4.283543130312285341e-02 1.655254967018540968e-01
6.378545525835200847e-01 1.304654329953090219e-01 5.733683449414922473e-02 1.743431799270217242e-01
6.455345179613447559e-01 1.420480821817510231e-01 5.347003112233696814e-02 1.589473687345672182e-01
6.585525364858109132e-01 1.540207536248664744e-01 5.612654163524846002e-02 1.313001682540740900e-01
6.599092843293239419e-01 1.041760913761343443e-01 6.630252087084681500e-02 1.696121034236947600e-01
6.732525249612327789e-01 1.105497288001929257e-01 6.671267601418356952e-02 1.494850702243908369e-01
6.274742143693603502e-01 1.242590192760985451e-01 5.426905558748450209e-02 1.939977107670566303e-01
6.842965956995581411e-01 1.048622391959312394e-01 5.554694478340541086e-02 1.552942203211050698e-01
6.545499351423867962e-01 1.372476358183433998e-01 4.975396070096019946e-02 1.584484683383094727e-01
6.103275419835109128e-01 1.325610047361452937e-01 5.221662210588972480e-02 2.048948311744539508e-01
5.518496109524744231e-01 1.623811199474325673e-01 8.123817393983753798e-02 2.045310951602554994e-01
6.240959285004860080e-01 1.072530493735587148e-01 7.152556981485590215e-02 1.971254523110994583e-01
6.149927839113190631e-01 1.387505494543307960e-01 7.193768190573494870e-02 1.743189847286152894e-01
6.834540496127596843e-01 1.192405061221031987e-01 3.871007215746309627e-02 1.585953721076738820e-01
7.003949965393102550e-01 7.333075155757488861e-02 7.464799946189755453e-02 1.516262524412173018e-01
6.176913264214606292e-01 1.431141867078155328e-01 6.154616662193167220e-02 1.776483202487920687e-01
6.925092922087361380e-01 1.112254314196277349e-01 3.573172681946179541e-02 1.605335495521744704e-01
6.012625191706265637e-01 9.886416706747043481e-02 7.126533215454212977e-02 2.286079816073607884e-01
6.031762544964848205e-01 1.585803783918798560e-01 5.213668662283701266e-02 1.861066804887983595e-01
6.369031820895230123e-01 1.349125012998954598e-01 7.675302169058706436e-02 1.514312949199945191e-01
5.957273790348007747e-01 1.714631102168384935e-01 5.824439042705951280e-02 1.745651203213013647e-01
6.510971419829505447e-01 1.015545405083264907e-01 4.335823722762185278e-02 2.039900802811011882e-01
6.273491625843728992e-01 1.276157663206140547e-01 7.331844042623487934e-02 1.717166306687781807e-01
7.221662352594455658e-01 8.552215420310027572e-02 4.744988175392282626e-02 1.448617287835313461e-01
6.265427914077927873e-01 1.532627313911913425e-01 5.181662136631137727e-02 1.683778558347044096e-01
6.181652192261216650e-01 1.289291312999157890e-01 5.442847253746671554e-02 1.984771769364958027e-01
6.536783648251618395e-01 1.381843596768205507e-01 7.080915223816520998e-02 1.373281232598522750e-01
6.748124703994099471e-01 1.032913829814136736e-01 7.254920463621107596e-02 1.493469419829653588e-01
6.318799061139857010e-01 1.274114448499039098e-01 7.425349573141246107e-02 1.664551533046979004e-01
6.357527278724501851e-01 1.330608537185259121e-01 3.653381341049014713e-02 1.946526049985337625e-01
6.141464607628035477e-01 1.276018106425399201e-01 8.801798548643219311e-02 1.702337431082244223e-01
6.348101739542103550e-01 1.475541553717485965e-01 4.437171861350273916e-02 1.732639520605382677e-01
6.435453021227529602e-01 1.413586302348324719e-01 6.215640524626974556e-02 1.529396623961448154e-01
6.984976492336242293e-01 1.048294443226963774e-01 6.858958624290588391e-02 1.280833202007735372e-01
6.119078929869913308e-01 1.085899444201999381e-01 7.824566019248758997e-02 2.012565024003211134e-01
6.440624863340249640e-01 1.303596864801424837e-01 6.846992204245928859e-02 1.571079051433734997e-01
6.609795574284027531e-01 7.915470468692407946e-02 4.712806589477242653e-02 2.127376719899007618e-01
6.569010176933521850e-01 1.644988311169595929e-01 4.711967132109719236e-02 1.314804798685908493e-01
6.117858744459254705e-01 1.445626148992475157e-01 7.521859107101434849e-02 1.684329195838126514e-01
7.304413028487336534e-01 8.313171053815206213e-02 4.953897292557669918e-02 1.368880136875376963e-01
6.527736301336960478e-01 9.238845853748343939e-02 7.952537170290178981e-02 1.753125396259186952e-01
6.711153593086509606e-01 1.036174215829940709e-01 4.552334900895507741e-02 1.797438700994000160e-01
6.232382800979586746e-01 1.125060491386545292e-01 9.895555819851541146e-02 1.653001125648713709e-01
6.266036263270303719e-01 1.491504056495448483e-01 5.598250222608374543e-02 1.682634657973411385e-01
6.872846548777261644e-01 1.203806548156203110e-01 4.584623077868891367e-02 1.464884595279646595e-01
6.159120589074017493e-01 1.203147443815014428e-01 6.654970957177319679e-02 1.972234871393236388e-01
6.833895828414826568e-01 1.080343761202790936e-01 4.824760829624472058e-02 1.603284327419935151e-01
6.268280881827485995e-01 1.290861117862094065e-01 5.178079126763800166e-02 1.923050087634040062e-01
6.593798980347564953e-01 1.030022342008885539e-01 4.755365526749876642e-02 1.900642124968559554e-01
6.522660904969148632e-01 1.109145343584604371e-01 5.820062178426465421e-02 1.786187533603600941e-01
6.681108006015920031e-01 9.287049066582149515e-02 9.729879103968430698e-02 1.417199176929020976e-01
6.424018147013631497e-01 8.985982180919910300e-02 3.529263245243816072e-02 2.324457310369996421e-01
6.494797107367283884e-01 1.041648329644525028e-01 8.550292813954403492e-02 1.608525281592751155e-01
6.334268139626825223e-01 1.005067513778011845e-01 7.036301989217816355e-02 1.957034147673381297e-01
6.521939743849551885e-01 1.168052479485180012e-01 5.970699033698786268e-02 1.712937873295390934e-01
6.655174128000711509e-01 8.868696769418153714e-02 7.577661398920337854e-02 1.700190055165440861e-01
6.010311248161722686e-01 1.390089323413010447e-01 3.980407184131377202e-02 2.201558710012128384e-01
6.580374304278910902e-01 1.282387339979265406e-01 6.351624540956626874e-02 1.502075901646161560e-01
5.846198210951866203e-01 1.273543585630868002e-01 6.670056262307533235e-02 2.213252577186513304e-01
6.932659037581198058e-01 8.004494753795426965e-02 4.264824352654578155e-02 1.840409051773801985e-01
5.947690352421162174e-01 1.215417712038040637e-01 1.295338290178308371e-01 1.541553645362489233e-01
6.830843763561224025e-01 1.494305658393379477e-01 4.877203161917553070e-02 1.187130261853640845e-01
6.646172346365540884e-01 1.475308281262536492e-01 4.366216491072042599e-02 1.441897723264716213e-01
6.298465319212178670e-01 8.298834773209418092e-02 6.962089711721347607e-02 2.175442232294744760e-01
6.954636077876095168e-01 1.165200192022183279e-01 5.814715202507792641e-02 1.298692209850941803e-01
6.515204639855048940e-01 1.499245163341075548e-01 5.525450865534520944e-02 1.433005110250423209e-01
6.380200918762992668e-01 2.015557038455220717e-01 4.802206962830939119e-02 1.124021346498692703e-01
6.571438625507491915e-01 1.154567140360555355e-01 5.131383516740185835e-02 1.760855882457934285e-01
5.652411843608676767e-01 1.842942917856124907e-01 4.810998904359112954e-02 2.023545348099286545e-01
6.443037477069871732e-01 1.247677913871258759e-01 8.305923515593356676e-02 1.478692257499533425e-01
6.329049880284209895e-01 1.309221342509305219e-01 2.867211374095778031e-02 2.075007639796907777e-01
6.611716699789467189e-01 1.554798302206320260e-01 3.108737968064833462e-02 1.522611201197727748e-01
6.282682071952748748e-01 1.294040183770945596e-01 7.096773429170259717e-02 1.713600401359281211e-01
7.036728857454864761e-01 9.603876244840471588e-02 6.521568310558047143e-02 1.350726687005282811e-01
6.354979098698719797e-01 1.150703905603460975e-01 6.581244080110891514e-02 1.836192587686728550e-01
6.902431350154736300e-01 9.344444636939108761e-02 5.906066843012678508e-02 1.572517501850085597e-01
6.496502619850230698e-01 1.172530596898506000e-01 4.472750049702252373e-02 1.883691778281038065e-01
6.586137775633570390e-01 1.533946123100418946e-01 3.456475657719287886e-02 1.534268535494080765e-01
6.425790745264473580e-01 1.051141637006022256e-01 6.765982404069281753e-02 1.846469377322577932e-01
6.354157604371020174e-01 1.008840870673198969e-01 5.493659586366414493e-02 2.087635566319140934e-01
6.361419312155391914e-01 1.051933303179889839e-01 5.206033597157325860e-02 2.066044024948985869e-01
6.362063471543378812e-01 1.318965675764487144e-01 4.919910904738123564e-02 1.826979762218321757e-01
6.806269194968550540e-01 8.898322895135750421e-02 7.542253683629163152e-02 1.549673147154958519e-01
6.376486123759933511e-01 1.125159081186973414e-01 6.637493678158359889e-02 1.834605427237257780e-01
6.758375721502215550e-01 1.245144498117717602e-01 5.867878358903834413e-02 1.409691944489684379e-01
6.580649272695314744e-01 1.191974267331084164e-01 4.204502666059851262e-02 1.806926193367615341e-01
6.863892270833102938e-01 1.118984920458197113e-01 5.576373781989762274e-02 1.459485430509725179e-01
6.936728110864216479e-01 1.301462355713378094e-01 4.448054781480126341e-02 1.317004055274393348e-01
6.407714365333313511e-01 1.373191375658472935e-01 3.392666843764573226e-02 1.879827574631756093e-01
6.396103851068069002e-01 1.100282335189692873e-01 5.963459830413064128e-02 1.907267830700933309e-01
6.625193940607070342e-01 9.859818837816650139e-02 6.649896189427170756e-02 1.723834556668547291e-01
6.288270403767288741e-01 8.673770497788202416e-02 6.345240985378451659e-02 2.209828447916047101e-01
6.228641697015967482e-01 1.363928745318255531e-01 3.945184591683189440e-02 2.012911098497456863e-01
7.068602767716738455e-01 9.250290102882197107e-02 4.973793798913484637e-02 1.508988842103692329e-01
6.376611413782673488e-01 9.902651738842305207e-02 7.772209760552706292e-02 1.855902436277825918e-01
6.493476158435012024e-01 1.089736565795682566e-01 5.431049022333867687e-02 1.873682373535917045e-01
6.652599186209821047e-01 8.656530268461763711e-02 7.007126073156988433e-02 1.781035179628304432e-01
6.496327467549781742e-01 1.426956218146228639e-01 6.537330701623374207e-02 1.422983244141652059e-01
6.506885602327133755e-01 1.232043530927421360e-01 4.224677342622550763e-02 1.838603132483190572e-01
6.886707903120099505e-01 1.207609805551879689e-01 3.058972573930303709e-02 1.599785033934991718e-01
6.251268188797247660e-01 1.475314924822090923e-01 4.525935487019151077e-02 1.820823337678746656e-01
6.295113688809644836e-01 9.368817745757694604e-02 8.628340775140190544e-02 1.905170459100566926e-01
6.601686247666781471e-01 1.251927343712281315e-01 6.008264207799238199e-02 1.545559987841014227e-01
6.485315161502427372e-01 1.076959245200916487e-01 5.461550264940344401e-02 1.891570566802620590e-01
6.722958674591202888e-01 1.125319980238810996e-01 5.663509148745272948e-02 1.585370430295460764e-01
6.635961871837284809e-01 1.192119842935113749e-01 5.219538474403379730e-02 1.649964437787264093e-01
6.652030158028702234e-01 1.071382561307316211e-01 8.005710239151685170e-02 1.476016256748813316e-01
6.132311533304894979e-01 1.502042358129621613e-01 6.229235266826927547e-02 1.742722581882790167e-01
6.338648123434245107e-01 1.108047476221445810e-01 7.553633240122591130e-02 1.797941076332049692e-01
6.650016961511445723e-01 1.380869604880499146e-01 3.650406148586891192e-02 1.604072818749367191e-01
6.732045204288873430e-01 1.021671248865870796e-01 4.523737519192506940e-02 1.793909794926003554e-01
6.372990842656827137e-01 1.047366461657527614e-01 6.140149986676183419e-02 1.965627697018025866e-01
6.512133960749290074e-01 1.033870603412433559e-01 4.792190100351674531e-02 1.974776425803110302e-01
7.050368864033669247e-01 1.198792773884964635e-01 3.753227636048628302e-02 1.375515598476503287e-01
6.609784498219301030e-01 1.045985584075910246e-01 5.219268134487686783e-02 1.822303104256020323e-01
6.078828955560513503e-01 1.326600360629986985e-01 9.108481448937467972e-02 1.683722538915753963e-01
6.559931676501776776e-01 1.339375134434667991e-01 4.306732904576939663e-02 1.670019898605861197e-01
6.800167753290865535e-01 1.462021123758118490e-01 5.157518690159767355e-02 1.222059253935039586e-01
6.003515456061716549e-01 1.393942333365295050e-01 3.481631197666603533e-02 2.254379090806328534e-01
6.544310474503655106e-01 1.065447372600336617e-01 5.959258383468456211e-02 1.794316314549163349e-01
6.440405661152759365e-01 1.471500468972464781e-01 5.321827878365464892e-02 1.555911082038228810e-01
6.219833062948605384e-01 1.643407280268293913e-01 4.602443118904048225e-02 1.676515344892696990e-01
6.675425760593174385e-01 1.017900482638327275e-01 4.750555992104539549e-02 1.831618157558043414e-01
6.639465258150950566e-01 1.350045618647557066e-01 5.443098472173588109e-02 1.466179275984133834e-01
6.540557962079537324e-01 1.347156324967433150e-01 4.306950746732227803e-02 1.681590638279804872e-01
6.412690690110676162e-01 1.243822694359978387e-01 6.463315463394923854e-02 1.697155069189853205e-01
6.354032681308013908e-01 1.149081136050294910e-01 4.097123494670587562e-02 2.087173833174633120e-01
6.859633556347155547e-01 9.594967621268914171e-02 5.867127475491321770e-02 1.594156933976821344e-01
6.780470822784357976e-01 1.514969295906248847e-01 5.379031952935988542e-02 1.166656686015794808e-01
6.174193554298063047e-01 1.328247995473758047e-01 4.155180071617741583e-02 2.082040443066404123e-01
6.964308413122285435e-01 9.610437458773253561e-02 4.452370951357019491e-02 1.629410745864687260e-01
6.916767391725432423e-01 1.184884324646768156e-01 3.529906747236692677e-02 1.545357608904130986e-01
5.901183413275605805e-01 1.584731892355078775e-01 4.504964821028775018e-02 2.063588212266438682e-01
6.214111496812525504e-01 1.244833843767550741e-01 8.969745557748164122e-02 1.644080103645105262e-01
6.785871357727031317e-01 1.367931532734395217e-01 4.242844186923103861e-02 1.421912690846261484e-01
6.755958661255351272e-01 1.194807939134453212e-01 5.323596821810869933e-02 1.516873717429109980e-01
6.338437883607100920e-01 1.185632203906776122e-01 4.391376957692916944e-02 2.036792216716831194e-01
6.556741337821778703e-01 1.350939543746887128e-01 6.928083760067364760e-02 1.399510742424596443e-01
6.481107571889346275e-01 1.362134550823227985e-01 8.346358327045219627e-02 1.322122044582902389e-01
6.193841368667744041e-01 1.132292102993909255e-01 5.635954446670716350e-02 2.110271083671275139e-01
6.382243801688056717e-01 1.195446323796039295e-01 8.926547939707507595e-02 1.529655080545152535e-01
6.506718907985641343e-01 1.166438410115226282e-01 9.181215411134459325e-02 1.408721140785686166e-01
6.731120336947306049e-01 8.521904104422330095e-02 5.950730796113704729e-02 1.821616172999090122e-01
6.732159080135428075e-01 1.155972052237307507e-01 7.236714534460766957e-02 1.388197414181186751e-01
6.441320722625871742e-01 1.181516447141656850e-01 6.432842681628477000e-02 1.733878562069623708e-01
6.361486739798078993e-01 1.326937065301842800e-01 5.102712613571883105e-02 1.801304933542889342e-01
6.739984915838710400e-01 1.259723593150960386e-01 4.207673906561961580e-02 1.579524100354132432e-01
7.205346837843344954e-01 8.676413225887581737e-02 7.151585037339178164e-02 1.211853335833979334e-01
6.772247970178664200e-01 1.310551016093770005e-01 4.404281034600313754e-02 1.476772910267536432e-01
6.953131503624239151e-01 8.238272269241078694e-02 5.029467172392508567e-02 1.720094552212401429e-01
6.085479773720958718e-01 1.319000745584973100e-01 8.658314962299330786e-02 1.729687984464134409e-01
6.566851225382223101e-01 1.096409473822961139e-01 7.770593725931218554e-02 1.559679928201693488e-01
6.024533744806236379e-01 1.556368787112639429e-01 5.643603898601142616e-02 1.854737078221008750e-01
6.890874578331016576e-01 1.116856374793960688e-01 3.619666896451842475e-02 1.630302357229840848e-01
6.621867119734695661e-01 1.223747920803503197e-01 6.446184433911797407e-02 1.509766516070622233e-01
6.323346346030132015e-01 1.269964677341404724e-01 5.884874306243346315e-02 1.818201546004128144e-01
6.606070929512914969e-01 1.073137474493781607e-01 3.855484399150221203e-02 1.935243156078282067e-01
7.066298009638535271e-01 9.918075360766585857e-02 4.118245119640742691e-02 1.530069942320732013e-01
6.293219772811142754e-01 1.369818913438572150e-01 5.400891337136410481e-02 1.796872180036642175e-01
6.631337872496038122e-01 1.371576523138798021e-01 5.299587550999144275e-02 1.467126849265250332e-01
6.321423200526675723e-01 1.405319953169074099e-01 8.239718274086862970e-02 1.449285018895562493e-01
6.849105443084033684e-01 1.056898899043891144e-01 4.623843539153704718e-02 1.631611303956704839e-01
6.208804837674039012e-01 1.123505827360080644e-01 5.296959777065137626e-02 2.137993357259366511e-01
6.816372439315172560e-01 1.121877318325407019e-01 4.968421237227074044e-02 1.564908118636712808e-01
6.092970463549923776e-01 1.239945356192728165e-01 4.355148612175478023e-02 2.231569319039799770e-01
6.609981615973226088e-01 1.241154825347027396e-01 6.378455492669211913e-02 1.511018009412824215e-01
6.581685816613138673e-01 9.368634792434821223e-02 8.701249821856163469e-02 1.611325721957763690e-01
6.813696238733029098e-01 1.178604500060600052e-01 6.857642872984504034e-02 1.321934973907920308e-01
6.672430918800950073e-01 1.351523288365372721e-01 4.236339600721729381e-02 1.552411832761504684e-01
6.432928933237225255e-01 1.547290572004780540e-01 4.571950837710737209e-02 1.562585410986919721e-01
6.709470022232137953e-01 1.355658574489669865e-01 4.310560321518915050e-02 1.503815371126298872e-01
6.554739589501087371e-01 9.382402517705568101e-02 5.194159501199769463e-02 1.987604208608380607e-01
6.827784551010270819e-01 1.035333495489116212e-01 4.526563671851630000e-02 1.684225586315450107e-01
6.192243247943997053e-01 1.045142141584602669e-01 8.453658969788019339e-02 1.917248713492599732e-01
6.950995950881719843e-01 1.271826461176581990e-01 4.397686574337381082e-02 1.337408930507960336e-01
6.537722960731078281e-01 7.580665525963320439e-02 5.983063615926408063e-02 2.105904125079948730e-01
6.037669901247335602e-01 1.460816068702683879e-01 5.291169691574928308e-02 1.972397060892487064e-01
6.521517466952942987e-01 1.053800672953679185e-01 7.705711320898223082e-02 1.654110728003556074e-01
6.448826276997728923e-01 1.187315712529173478e-01 6.166430094045106253e-02 1.747215001068586626e-01
6.577195511519328130e-01 1.150628572637771851e-01 5.573581130431009417e-02 1.714817802799799562e-01
6.228493047532838167e-01 1.219115654728425285e-01 5.452917224349192876e-02 2.007099575303816774e-01
5.592014209569287075e-01 1.711457929674085887e-01 6.039308108709296602e-02 2.092597049885698834e-01
7.124799073302786612e-01 8.452398057874668802e-02 5.004552988452806717e-02 1.529505822064466114e-01
6.241603769573320637e-01 1.171294454125886425e-01 5.835295919594486042e-02 2.003572184341345097e-01
6.390543615798841559e-01 1.218740430512457867e-01 6.559496440277570728e-02 1.734766309660943084e-01
6.853680682399784230e-01 1.333161268355606000e-01 3.294040850812424148e-02 1.483753964163367911e-01
6.313165049279426677e-01 1.281497341554350133e-01 4.675913565770525859e-02 1.937746252589171436e-01
6.377719449226815218e-01 1.044116943386245028e-01 7.973599238850756499e-02 1.780803683501864798e-01
6.569943270506973798e-01 1.146037442493667152e-01 7.261024508832931990e-02 1.557916836116067238e-01
6.931435592057734185e-01 8.964519551500062244e-02 4.728952488501679541e-02 1.699217203942091359e-01
6.476106087055583105e-01 1.366951671110833155e-01 5.309681609599194163e-02 1.625974080873662797e-01
6.564371620533173690e-01 8.928866184502783077e-02 3.976640248458274823e-02 2.145077736170718508e-01
6.579773978508377530e-01 1.067073114174931919e-01 4.767500397575570592e-02 1.876402867559133492e-01
6.427965418662411334e-01 1.043193730528170632e-01 5.250031049601838751e-02 2.003837745849234020e-01
6.737979729528240647e-01 1.157934514439127455e-01 3.685340120950586495e-02 1.735551743937574221e-01
6.958307896493138855e-01 7.385174231609395457e-02 4.712978065105512954e-02 1.831876873835371067e-01
6.110455793950121395e-01 1.783909261196613694e-01 4.768181174965717417e-02 1.628816827356692754e-01
6.738676360222065620e-01 1.163041554772834552e-01 5.479631307999726503e-02 1.550318954205127109e-01
6.567014842426792676e-01 1.192233814950728055e-01 6.282018434772876359e-02 1.612549499145193022e-01
6.512870000724695352e-01 1.024518176091256949e-01 6.847553693366556504e-02 1.777856453847392326e-01
6.701489671261355863e-01 1.214022603411191309e-01 4.593181328841115102e-02 1.625169592443340971e-01
6.839013182300056615e-01 9.274803876092635457e-02 3.290390708151173793e-02 1.904467359275562599e-01
6.601628461801762882e-01 1.019747957504077290e-01 6.579471715561051315e-02 1.720676409138055252e-01
6.363200983278436418e-01 1.181303770939049064e-01 8.079332907323168167e-02 1.647561955050198257e-01
6.518611866581175418e-01 1.169085369877743141e-01 5.203619488367240004e-02 1.791940814704357510e-01
6.507373401519798151e-01 1.047229124859369725e-01 4.659715106549908170e-02 1.979425962965841168e-01
6.311855420949060713e-01 1.315800449194670374e-01 4.901724770133195075e-02 1.882171652842948295e-01
6.452975288116775676e-01 1.299149279711513671e-01 7.317710298221873078e-02 1.516104402349522651e-01
6.604503755867724424e-01 1.055696356370715294e-01 4.718125158162145283e-02 1.867987371945345476e-01
6.396508161927469960e-01 1.250841010628606642e-01 4.853560348201304414e-02 1.867294792623793720e-01
6.993690778260071017e-01 7.832281206307890875e-02 7.077044999622893184e-02 1.515376601146850577e-01
6.396540477938190694e-01 1.090256929866798008e-01 4.902143350706655162e-02 2.022988257124346267e-01
6.118256829104709027e-01 1.167640729694328916e-01 7.298130927309361138e-02 1.984289348470025527e-01
6.566436378326211409e-01 1.221069787488654468e-01 6.826491932923121897e-02 1.529844640892823737e-01
6.339461904528215230e-01 1.110999778922628217e-01 7.163724291524298238e-02 1.833165887396727700e-01
6.826242030385222259e-01 1.348244059925294280e-01 3.507105269274123083e-02 1.474803382762070736e-01
6.407760827405335480e-01 9.944116560389866522e-02 6.799993702179943367e-02 1.917828146337683115e-01
6.696506553573402520e-01 7.686610017616685164e-02 7.617841914086811994e-02 1.773048253256248319e-01
6.889400030719714518e-01 9.790526709326030641e-02 5.657680958243400254e-02 1.565779202523342462e-01
7.025834504412483694e-01 9.153409089052756686e-02 4.897253118133389205e-02 1.569099274868901994e-01
6.510384477512857204e-01 1.004525111861416520e-01 5.008973228958427809e-02 1.984193087729882177e-01
6.571793365321940694e-01 1.459155363014572604e-01 7.136351496641475667e-02 1.255416121999337886e-01
6.631009377999658172e-01 1.107776146936405165e-01 5.327369484123746501e-02 1.728477526651562290e-01
6.493945673935090923e-01 1.096895965550784696e-01 6.305851301649952056e-02 1.778573230349129730e-01
7.168750584417467042e-01 9.344811241959086190e-02 3.547820586923235153e-02 1.541986232694300407e-01
6.695982826003346045e-01 9.918615561677270043e-02 5.582661266118811583e-02 1.753889491217043572e-01
6.530299777401082917e-01 1.026062126489391130e-01 8.027990275689776689e-02 1.640839068540549395e-01
6.786556485635999447e-01 1.276923383429650338e-01 4.742725397093496692e-02 1.462247591225001864e-01
6.963372587329277330e-01 1.008866653515316514e-01 5.673008443408338042e-02 1.460459914814571658e-01
6.689368935114617942e-01 1.134489692908636910e-01 5.339428351080008350e-02 1.642198536868743064e-01
6.559204732927305104e-01 1.102932093357486543e-01 3.960089353222556036e-02 1.941854238392954346e-01
5.894987784365522954e-01 1.563407873009862725e-01 5.765967555923012106e-02 1.965007587032314429e-01
6.650589558553731129e-01 8.177045553544369516e-02 5.660017798338248807e-02 1.965704106258006623e-01
6.875496253556756532e-01 9.627656294930822534e-02 3.991561270778918452e-02 1.762581989872268606e-01
6.597103451827044385e-01 1.141508549550509094e-01 6.619439522473496984e-02 1.599444046375095851e-01
6.242498768957460697e-01 1.581988422331401800e-01 3.871499679704622915e-02 1.788362840740675419e-01
6.532505662118038847e-01 9.632865561967207668e-02 6.590675063108110410e-02 1.845140275374429761e-01
6.974977237666568630e-01 7.855355026084782921e-02 6.205536726055924795e-02 1.618933587119360251e-01
6.509834165199156475e-01 1.156814010815366695e-01 4.808897062137836714e-02 1.852462117771692951e-01
6.650252437488678448e-01 1.168175049339627153e-01 7.737746924720374786e-02 1.407797820699656643e-01
6.616342457586864567e-01 1.118140067038660979e-01 6.097564718814552087e-02 1.655761003493017858e-01
6.582110467121475850e-01 1.228946798211504737e-01 5.123365886128574548e-02 1.676606146054163415e-01
6.300144324292203946e-01 1.207972190787685168e-01 6.232016300910771245e-02 1.868681854829034039e-01
6.736025698053368371e-01 1.135766553493080533e-01 7.304626355724580522e-02 1.397745112881093876e-01
6.259900872051822329e-01 9.538023344223871269e-02 6.852071819495188232e-02 2.101089611576271443e-01
6.412210375475371205e-01 1.204928981142291966e-01 3.681087521774475957e-02 2.014751891204891177e-01
6.750527365535505808e-01 1.046095603670339352e-01 3.791583398566680807e-02 1.824218690937485787e-01
6.279068414892935435e-01 1.282855892224824546e-01 1.015009187571899313e-01 1.423066505310340846e-01
6.567492863415522741e-01 1.366150433239494699e-01 4.360284175350129937e-02 1.630328285809968802e-01
6.794174200347991022e-01 1.051977046800360166e-01 3.643876247400961582e-02 1.789461128111552446e-01
6.289362472176422969e-01 1.208453012513110714e-01 7.353068098614642945e-02 1.766877705449000913e-01
6.445699527378743188e-01 9.323457134466654750e-02 7.373802562144844697e-02 1.884574502960106590e-01
6.785709789695310024e-01 8.821989530059540230e-02 4.359462537984839375e-02 1.896145003500252502e-01
6.366678047276798091e-01 8.368240445194354005e-02 6.984417832638185886e-02 2.098056124939949030e-01
6.468923100572866458e-01 1.429841865261024247e-01 4.997626216700015028e-02 1.601472412496107445e-01
6.612976510429903199e-01 9.189227481016760957e-02 5.325451770072259922e-02 1.935555564461195477e-01
6.838109712355243675e-01 1.032407219611746613e-01 5.581446484704335326e-02 1.571338419562575417e-01
6.611665647790164746e-01 1.214822356996695524e-01 4.278014469017081545e-02 1.745710548311431576e-01
6.692355856426200900e-01 1.134397920369518420e-01 3.581984236581886583e-02 1.815047799546093688e-01
6.061514028125791764e-01 1.064194338233210718e-01 7.625733508729093391e-02 2.111718282768088595e-01
6.697206839905431863e-01 1.071517791449097534e-01 5.996679614219031784e-02 1.631607407223567008e-01
6.807542551976540901e-01 1.096061255226148529e-01 4.575464193612484298e-02 1.638849773436061863e-01
6.763248784077509068e-01 1.135357905010078716e-01 5.146550084598799923e-02 1.586738302452531391e-01
6.724636085425975685e-01 8.712842736087640649e-02 5.179003525847537120e-02 1.886179288380506192e-01
6.589788491271857396e-01 1.249636400692877014e-01 5.279316190775973361e-02 1.632643488957667144e-01
6.686664521706100484e-01 8.523625443065287188e-02 6.209023980843644125e-02 1.840070535903006455e-01
6.449553169713101441e-01 1.230406297912048919e-01 6.795256144358924333e-02 1.640514917938956929e-01
6.574683396292352322e-01 1.084330468252586582e-01 7.714122494708935962e-02 1.569573885984166528e-01
6.258005966902878692e-01 1.188388286574463271e-01 6.879673234754754563e-02 1.865638423047184802e-01
6.646486984951710530e-01 1.021754067026557078e-01 6.435962879662353309e-02 1.688162660055496367e-01
6.252969509661058245e-01 1.002621752647081949e-01 8.973311967314578919e-02 1.847077540960400666e-01
6.697556348395008463e-01 8.766436967290115734e-02 6.036253508244543431e-02 1.822174604051524649e-01
6.388418335966311590e-01 1.224993561502654565e-01 4.504483467620561815e-02 1.936139755768978565e-01
6.794165857046740031e-01 9.765395351413672098e-02 6.099944531584095692e-02 1.619300154653482704e-01
5.864389758069236125e-01 1.346592450208751179e-01 5.233470030214843610e-02 2.265670788700527849e-01
6.119623146443929906e-01 1.363062498403089795e-01 6.947282211597771706e-02 1.822586133993204238e-01
6.853006527563809680e-01 8.106636552376005056e-02 4.901433813108675014e-02 1.846186435887721411e-01
6.957814748525679160e-01 1.010869692068733783e-01 6.570326628665210111e-02 1.374282896539064658e-01
5.973495358549412160e-01 1.314277937707876986e-01 6.329190237454619672e-02 2.079307679997249303e-01
7.069096164058140674e-01 9.827116918054450145e-02 6.312360558311704006e-02 1.316956088305245853e-01
6.442711649909640403e-01 1.313375974813809077e-01 4.332539242995084305e-02 1.810658450977041256e-01
6.188918310357085506e-01 1.234863969033249409e-01 3.260427838780719650e-02 2.250174936731591802e-01
6.700365667183659779e-01 9.770386754575870192e-02 5.623257973222660355e-02 1.760269860036488554e-01
6.616383453572879381e-01 7.813146542023675922e-02 6.139151401634934668e-02 1.988386752061259699e-01
6.879316094335992116e-01 1.162977532245946938e-01 5.275338680413707571e-02 1.430172505376688941e-01
6.079590478253648067e-01 1.322725221019317443e-01 8.168617193506998164e-02 1.780822581376335367e-01
6.599545889785763952e-01 1.066275525033454769e-01 6.342107565379080658e-02 1.699967828642872103e-01
6.561039868637824624e-01 1.113159937292973189e-01 7.769655495234145670e-02 1.548834644545788175e-01
6.101584070247271230e-01 1.195603368922311394e-01 3.886816648164782145e-02 2.314130896013939509e-01
6.871116086777298015e-01 9.282201156912996132e-02 6.042280853485575143e-02 1.596435712182844580e-01
7.045000894676359815e-01 8.476062812545004377e-02 4.900449939990456777e-02 1.617347830070095527e-01
5.996416493287013427e-01 1.362640274387602324e-01 7.699368944375407919e-02 1.871006337887842208e-01
7.045994735261998931e-01 1.030504737544456761e-01 3.352656752938275309e-02 1.588234851899717748e-01
6.868299000076857341e-01 1.098078566413499546e-01 4.112104024665820534e-02 1.622412031043061198e-01
6.436250985221125820e-01 1.093553991822747429e-01 6.322806612855033648e-02 1.837914361670622276e-01
6.835235563043577933e-01 9.243262573826653561e-02 5.522608095202139605e-02 1.688177370053543236e-01
6.629693771379002731e-01 9.849637856734967667e-02 5.580516066225992694e-02 1.827290836324899637e-01
6.521852145714528426e-01 1.170643545327966495e-01 5.690942241143446406e-02 1.738410084843159398e-01
7.193347959085991672e-01 8.865934533886610236e-02 5.597172838440696296e-02 1.360341303681277814e-01
6.179993471239699776e-01 1.137421955002859419e-01 4.432337853229358776e-02 2.239350788434504580e-01
6.372742312387091879e-01 1.186221446600613794e-01 4.625987068753745213e-02 1.978437534136919806e-01
6.593081370036665279e-01 7.726207726240187645e-02 6.189674498913236983e-02 2.015330407447992744e-01
6.326100376676927484e-01 1.163672725981560463e-01 4.644430694448390545e-02 2.045783827896673901e-01
6.488569066537605012e-01 1.146853535542691344e-01 4.150881986723359285e-02 1.949489199247367022e-01
6.537903421887847344e-01 1.086291627512214059e-01 3.837448293174351016e-02 1.992060121282503982e-01
6.595246130088080472e-01 1.121788663927616309e-01 4.586403067646133147e-02 1.824324899219688934e-01
6.569255402451728010e-01 1.086265175361025848e-01 6.996372987183054060e-02 1.644842123468941986e-01
6.255569256701822844e-01 1.058818462793822690e-01 3.946310718226517245e-02 2.290981208681703851e-01
6.655924966349032745e-01 9.663094127618783447e-02 6.249165565978802989e-02 1.752849064291208958e-01
6.733184715708141477e-01 1.215073888772837674e-01 4.135140445306677986e-02 1.638227350988353814e-01
6.366899718509032580e-01 1.195551549681094505e-01 5.819022221409337475e-02 1.855646509668939237e-01
6.891706661934745570e-01 9.770119114397038396e-02 4.613406867108661713e-02 1.669940739914684280e-01
6.860650651667088429e-01 1.051852988859691002e-01 6.566768153122434781e-02 1.430819544160975010e-01
5.920372362196318905e-01 1.405454622886745386e-01 7.486339849059897578e-02 1.925539030010947061e-01
6.123133941723133411e-01 1.162122340980653451e-01 7.174828604237197538e-02 1.997260856872491996e-01
6.506173240387712609e-01 1.029922915194386862e-01 8.209981643122417350e-02 1.642905680105658517e-01
5.847917162524314261e-01 1.207587109747560589e-01 6.354990717176273174e-02 2.308996656010497694e-01
6.909187132092233785e-01 1.052832708534644224e-01 4.650230564333690531e-02 1.572957102939754326e-01
6.646070875857693627e-01 1.355596051696399407e-01 5.347517484048627812e-02 1.463581324041044740e-01
6.138086437905675430e-01 1.304270951118790267e-01 5.549398441067336651e-02 2.002702766868801054e-01
6.723171040356062944e-01 1.169696206294067176e-01 6.247265368458154028e-02 1.482406216504054963e-01
6.370504726111927418e-01 1.116607135137360624e-01 6.173606548905705149e-02 1.895527483860141860e-01
6.614820148912964326e-01 8.392007596187781027e-02 4.825760233688516920e-02 2.063403068099406990e-01
6.411490440914155986e-01 1.183713314202460148e-01 8.817348747561223887e-02 1.523061370127260505e-01
6.329057870791026108e-01 1.387143299402655849e-01 5.774727106351171257e-02 1.706326119171200362e-01
6.658807086992034607e-01 1.446982440453258301e-01 4.997315559581865657e-02 1.394478916596521845e-01
6.680354243410659976e-01 1.127223147219259120e-01 5.425935201618498765e-02 1.649829089208231514e-01
6.298631946677625271e-01 7.510494641117634873e-02 8.177624821939571964e-02 2.132556107016655988e-01
6.252263038159334707e-01 1.331604971238398716e-01 5.401157571422147280e-02 1.876016233460051363e-01
6.641180932535319936e-01 1.157217930952554735e-01 5.280719879563439134e-02 1.673529148555780721e-01
6.761050244563735490e-01 1.254332153850437337e-01 4.673176795901893416e-02 1.517299921995637901e-01
6.581806419325479940e-01 1.369473114153151316e-01 5.217177656873930869e-02 1.527002700833976490e-01
6.547908842578894495e-01 1.351555501281264116e-01 6.731480448066261280e-02 1.427387611333215678e-01
6.571323173383697425e-01 1.206711948001247953e-01 4.439745598161027457e-02 1.777990318798951253e-01
6.351708111392095901e-01 1.165833745623694323e-01 8.435737318002957397e-02 1.638884411183914869e-01
6.354480063136096479e-01 1.330166390800218423e-01 6.489952588741416950e-02 1.666358287189544374e-01
6.319141582364747878e-01 1.139361492209648163e-01 7.086726833656453728e-02 1.832824242059959141e-01
6.497329922257324419e-01 1.125209421196878834e-01 7.249643259164813280e-02 1.652496330629315557e-01
6.075883837008291266e-01 8.050874889805473278e-02 6.720412075963763665e-02 2.446987466414783374e-01
6.745453781294159512e-01 1.278337997682526539e-01 4.986661810371816050e-02 1.477542039986132760e-01
6.535871760472063974e-01 1.056058420584866236e-01 6.005793110970976401e-02 1.807490507845972427e-01
6.258678068086123147e-01 1.411103957385802798e-01 3.898117173464556856e-02 1.940406257181618022e-01
6.560475068904891849e-01 1.316763233367075903e-01 5.729814666089944053e-02 1.549780231119038398e-01
6.628286786240594752e-01 1.004526913982771996e-01 4.370226054485110145e-02 1.930163694328123070e-01
6.353525351420761247e-01 1.098182848893248936e-01 7.977029828665570255e-02 1.750588816819432514e-01
6.108605369164523680e-01 1.281993711896737553e-01 8.677244693010431609e-02 1.741676449637695467e-01
6.279842023647469462e-01 1.183791799306860570e-01 6.864981968424307968e-02 1.849867980203239448e-01
6.379013327079128270e-01 1.176011399237373162e-01 4.669576889074536497e-02 1.978017584776045612e-01
6.433619125251511806e-01 1.138609652750229850e-01 4.935752818107610324e-02 1.934195940187497798e-01
7.009969587526226897e-01 8.558418714043422582e-02 4.938074941681000474e-02 1.640381046901329409e-01
6.489519404739944042e-01 9.283458908453651182e-02 7.630378496194947791e-02 1.819096854795196339e-01
6.809375840792256662e-01 9.931117462461251655e-02 7.062608529075364849e-02 1.491251560054082104e-01
6.815274049203009499e-01 1.076136608050689281e-01 4.999075600133291025e-02 1.608681782732971632e-01
6.563686963095965998e-01 9.893874507078490033e-02 4.707303462148164364e-02 1.976195239981368146e-01
6.536344975486789721e-01 9.551935852351833844e-02 7.761685029475752506e-02 1.732292936330452338e-01
6.150137374102644383e-01 9.912825345901020435e-02 5.736073461909569488e-02 2.284972745116295445e-01
6.405740288692232109e-01 1.297903816499582086e-01 5.964799361745695694e-02 1.699875958633616513e-01
6.346668206172313420e-01 1.414294310963068180e-01 5.078985776164070265e-02 1.731138905248211790e-01
6.409256627748081137e-01 1.026022842743106456e-01 7.027020495618303830e-02 1.862018479946980498e-01
7.008617773217296065e-01 9.173027385946623535e-02 4.646906240482042566e-02 1.609388864139837949e-01
6.635237195258024689e-01 1.376479003609491769e-01 5.973792705489162219e-02 1.390904530583568222e-01
6.398298925011588478e-01 9.931891299441912568e-02 5.820128601583438727e-02 2.026499084885876045e-01
7.050724953294239539e-01 9.599611870107177536e-02 6.276719174416901803e-02 1.361641942253352111e-01
6.482908058779871530e-01 1.372639436703253224e-01 4.431719775699953512e-02 1.701280526946878369e-01
6.373466881503891956e-01 1.381077520147024340e-01 6.103305571472893154e-02 1.635125041201796192e-01
6.096955917178324968e-01 1.478577045263983480e-01 7.060431832723394752e-02 1.718423854285351382e-01
6.702883893844803209e-01 1.139358785110362454e-01 5.763623506663840407e-02 1.581394970378451337e-01
6.421610547551462878e-01 1.070710341335098931e-01 5.860581333113731167e-02 1.921620977802065144e-01
6.295389969720472934e-01 1.340212644970278921e-01 5.506119153331959226e-02 1.813785469976051112e-01
6.066387100627864681e-01 1.912961570852801940e-01 4.927569511413230907e-02 1.527894377378011537e-01
6.656935720424821401e-01 1.057440471088788164e-01 4.834484193962935300e-02 1.802175389090096558e-01
6.649033756484534763e-01 1.012123842678118307e-01 4.913670795841348915e-02 1.847475321253212177e-01
6.135087835061249217e-01 1.325433165064094643e-01 5.586137636044578164e-02 1.980865236270198393e-01
6.365901495907080321e-01 1.364562174244185744e-01 5.928382025085084800e-02 1.676698127340226774e-01
6.688585714440065111e-01 1.394543778280469548e-01 4.766261487958009524e-02 1.440244358483664389e-01
6.404738330924399925e-01 1.512261450771111293e-01 4.438496203459267597e-02 1.639150597958560773e-01
6.264834220897848027e-01 1.046471642470658964e-01 6.258107161938365748e-02 2.062883420437658655e-01
5.954062289982210432e-01 1.396654767222990923e-01 6.757176173482241921e-02 1.973565325446573759e-01
7.054803079693569012e-01 1.358927523124468795e-01 4.752353257398684444e-02 1.111034071442093818e-01
6.737283502965986104e-01 9.355968238080754340e-02 4.974439855578441372e-02 1.829675687668094741e-01
6.490106982650473144e-01 1.182634220628475813e-01 5.335714705085609078e-02 1.793687326212490274e-01
