1.927686241897526576e-01 3.950895386336691906e-02 4.633920980727027072e-01 3.043303238741777994e-01
2.421454738860356892e-01 3.955990687163320196e-02 4.412811680833927941e-01 2.770134511589384396e-01
2.254856381324538417e-01 6.019744385624832550e-02 4.139437184137671477e-01 3.003731995975306712e-01
2.422500931844676075e-01 4.618167616169197714e-02 4.032243144287841474e-01 3.083439162250562471e-01
2.046588957141437237e-01 3.933039110730156274e-02 3.871474374480271541e-01 3.688632757305275178e-01
1.686362257531608955e-01 4.991226202348929275e-02 4.811850098454388269e-01 3.002665023779109710e-01
2.045574156414209643e-01 5.013932024401826504e-02 4.695163866561906651e-01 2.757868774583701610e-01
1.874358843157071519e-01 2.984591356638263693e-02 4.462651956833054712e-01 3.364530064346047400e-01
2.349392567758422923e-01 2.130659574915141213e-02 4.446064928348319456e-01 2.991476546401743430e-01
1.862887123294362235e-01 5.152310190914059090e-02 4.239567740144637997e-01 3.382314117469594206e-01
2.195978874456886998e-01 4.014187864528420691e-02 4.539365629094778143e-01 2.863236709995492513e-01
2.252005014418296536e-01 5.333111759680464470e-02 4.123288268430048698e-01 3.091395541183608597e-01
1.823870700068074835e-01 2.367275335950152007e-02 4.960545153928243578e-01 2.978856612408665727e-01
2.489156090458890802e-01 1.594967612457785094e-02 4.500730615632380083e-01 2.850616532662950120e-01
2.681887445839241102e-01 5.410938271924188581e-02 4.072412392937781456e-01 2.704606334030558723e-01
2.415312072942359944e-01 2.609052950201787638e-02 4.028043745910737106e-01 3.295738886126723943e-01
2.202699397758434985e-01 3.429707070273459862e-02 4.279709020129254249e-01 3.174620875084965821e-01
2.272562134132597722e-01 4.634011901801211863e-02 4.342782788954147599e-01 2.921253886733133354e-01
2.416786106016074465e-01 2.701473593720135277e-02 4.305406531307154894e-01 3.007660003304757357e-01
1.958939008711457208e-01 2.311445853800597403e-02 4.693950378187607408e-01 3.115966027720873943e-01
2.424192750893829351e-01 3.154026917510179689e-02 4.687903623035690748e-01 2.572500934319462140e-01
2.133231212400159560e-01 4.924200866959362738e-02 4.752124554292040393e-01 2.622224146611864537e-01
1.777222836521791527e-01 2.423356309714892048e-02 5.019577692168522010e-01 2.960863840338197051e-01
1.994449688601973580e-01 3.134664143660987473e-02 4.539282413327780930e-01 3.152801483704148477e-01
2.649711867893497774e-01 3.000373740484778978e-02 4.560510683917478048e-01 2.489740074140545378e-01
2.260907717254757032e-01 4.714058751493149790e-02 4.108580085529875969e-01 3.159106322066053130e-01
2.218018414294259943e-01 3.491222517373374773e-02 4.756857385336563659e-01 2.676001948631839822e-01
2.177290137595002950e-01 2.924021851596055044e-02 4.564853315414970081e-01 2.965454361830421326e-01
2.867308370999744338e-01 2.690411621001520537e-02 3.821723297567702349e-01 3.041927169332399594e-01
2.536264061163044370e-01 3.729580059430866873e-02 4.415074547793342297e-01 2.675703385100526854e-01
2.369844028541708281e-01 2.655065692766413882e-02 5.063626204041842271e-01 2.301023198139806047e-01
1.999071097728555568e-01 4.014702377293793978e-02 4.564371840977863304e-01 3.035086823564200897e-01
1.931466743830481392e-01 1.986231096688210324e-02 4.607152408891306283e-01 3.262757737609393582e-01
2.029370858315475146e-01 3.405350578049506222e-02 4.582599256239147101e-01 3.047494827640428450e-01
1.961021023166834021e-01 7.036349147231425738e-02 4.289215036155823446e-01 3.046129025954199543e-01
2.501206401437831572e-01 4.123055447314984134e-02 4.013256116964202813e-01 3.073231936866466785e-01
2.288078804511896602e-01 2.739293856052429227e-02 4.623831099040125459e-01 2.814160710842734670e-01
2.603902139475784416e-01 3.203574700771992523e-02 3.839664844619916639e-01 3.236075545827100108e-01
1.743205232757381318e-01 4.480659347753995769e-02 4.167724664945587909e-01 3.641004167521631474e-01
2.355986359820829434e-01 2.746447943829007088e-02 4.021596826782359302e-01 3.347772019013910416e-01
2.227102889162697885e-01 4.377077861635604583e-02 4.348465627217500962e-01 2.986723697456241111e-01
2.290651266486220250e-01 4.606035564571905883e-02 4.177542245355254091e-01 3.071202931701335070e-01
2.184046582114572421e-01 7.406051073354280589e-02 4.024756037970306233e-01 3.050592272579692454e-01
2.073366326170063279e-01 4.629483381167833617e-02 4.017860688264935365e-01 3.445824647448217370e-01
2.005412632159908892e-01 2.738104645979032997e-02 4.645073266884099938e-01 3.075703636358088633e-01
1.957609579723991466e-01 4.432427390768383518e-02 4.101261450470247705e-01 3.497886230728923240e-01
2.503516332966049807e-01 4.730943146799976295e-02 4.097606211678648802e-01 2.925783140675303762e-01
2.125334473876993036e-01 5.495707654893070698e-02 3.822941956754536408e-01 3.502152803879162724e-01
2.083391740356806687e-01 3.176416674208832475e-02 4.480705625241611090e-01 3.118260966980698212e-01
2.289785068800262446e-01 4.535667112428453523e-02 3.753288535933055892e-01 3.503359684023835685e-01
1.896012722363967506e-01 4.811538085581561902e-02 4.374139212780719932e-01 3.248694256297157135e-01
2.139714554284902481e-01 4.168855180587197756e-02 4.687602460589596065e-01 2.755797467066781192e-01
2.357082436624189092e-01 3.126181856849585827e-02 4.140064488777831508e-01 3.190234888913019984e-01
2.212415388209702793e-01 6.904874471633896948e-02 4.365115803638041636e-01 2.731981360988867125e-01
2.131952362098336051e-01 4.494480463814538168e-02 4.766952263545456425e-01 2.651647327974754331e-01
1.786622755181775102e-01 6.108535506185944902e-02 4.617636417143632932e-01 2.984887277055996990e-01
2.181281665575034168e-01 2.968454969652755196e-02 4.779280440653013162e-01 2.742592396806676769e-01
2.250670319236809103e-01 3.509671609327447844e-02 4.454288746185037784e-01 2.944073773645407566e-01
1.812202429245497459e-01 3.839768256913768385e-02 4.384211434243096006e-01 3.419609310820030945e-01
2.541639052482320138e-01 3.842182941321613948e-02 4.255037528943181324e-01 2.819105124442337074e-01
1.959041647778987372e-01 2.411852721581607406e-02 5.181571849680791653e-01 2.618201230382058986e-01
2.252861263629366284e-01 3.661380028144750609e-02 4.297531076336174594e-01 3.083469657219983784e-01
1.870370544328432139e-01 5.967189072048446202e-02 4.771237745304084954e-01 2.761672803162639744e-01
1.898976382641276162e-01 1.560340583488721219e-02 4.780371961981074724e-01 3.164617597028777651e-01
2.045560978917025929e-01 2.976499131024661071e-02 4.650864933907012388e-01 3.005924174073496546e-01
2.922249747938016617e-01 2.461382650993254595e-02 4.204592647543785033e-01 2.627019339418874000e-01
2.113547097200804414e-01 3.735655548694646888e-02 4.944551469332436056e-01 2.568335878597295396e-01
2.188056410894715365e-01 4.453097142396719721e-02 4.579583762770868538e-01 2.787050112094744403e-01
2.283099848874565740e-01 3.296955320399545808e-02 4.449815894475572242e-01 2.937388724609907298e-01
2.217626827485913443e-01 3.471579810773531977e-02 4.783099980898718462e-01 2.652115210538014689e-01
2.501205888388962628e-01 5.743524057741609262e-02 4.175779920493751241e-01 2.748661785343125552e-01
1.710031170697066671e-01 3.709667529876731207e-02 4.696594999238910551e-01 3.222407077076350213e-01
2.165431381060111404e-01 1.714079098171401860e-02 4.595003442240080394e-01 3.068157266882667877e-01
2.020688099698338402e-01 5.105932516533615712e-02 4.520926300357902550e-01 2.947792348290398934e-01
2.518720797815186541e-01 2.134506451811536351e-02 4.070353945721928435e-01 3.197474611281730938e-01
2.645661920953669144e-01 4.313849335072150737e-02 4.715915834191198863e-01 2.207037311347916364e-01
1.914547615125540558e-01 6.617819370553458536e-02 4.616126634112880933e-01 2.807543813706233071e-01
2.220678637874679839e-01 3.490471989906657191e-02 5.285754791551204868e-01 2.144519371583451239e-01
1.808158726610855360e-01 2.199387453717779883e-02 4.873966765204704732e-01 3.097935762812661920e-01
2.010459070393982861e-01 4.026360677111392311e-02 4.701034573760387025e-01 2.885870288134491091e-01
2.222793695667521219e-01 1.982570422844709759e-02 4.057270290551151515e-01 3.521678971496856048e-01
2.342309454122525614e-01 3.079475795511170053e-02 4.359167914457747206e-01 2.990575051868609169e-01
2.649147151268249623e-01 1.401140226362797281e-02 3.828541047440968681e-01 3.382197778654502107e-01
1.979925912302919200e-01 3.097365551737001413e-02 4.958613951006693998e-01 2.751723581516686834e-01
2.273315480252409149e-01 6.248571373033829507e-02 3.693293879720108142e-01 3.408533502724099273e-01
2.097524310556664051e-01 3.945909077676348908e-02 4.773954079583592192e-01 2.733930702092109977e-01
2.414877095715145527e-01 7.074993953919452017e-02 3.888031381980617263e-01 2.989592126912291592e-01
1.941473295867525151e-01 2.114771229444009290e-02 5.169837952995123276e-01 2.677211628192950887e-01
2.169786455120314428e-01 4.273106173171163646e-02 4.698623560914640951e-01 2.704279366647929228e-01
2.181435882090881351e-01 2.875796205898200134e-02 4.853206664323056474e-01 2.677777832996240948e-01
1.751248639397685047e-01 3.060938948614609981e-02 4.490874195354072618e-01 3.451783270386781233e-01
2.565196414218010035e-01 1.992004196980055528e-02 4.740692970789635585e-01 2.494910195294347544e-01
2.404026299390216725e-01 4.264034105275531228e-02 4.026189784188409782e-01 3.143380505893821897e-01
2.028168981032083817e-01 1.843151927338192511e-02 4.278278804977231342e-01 3.509237021256865763e-01
1.999471403847175310e-01 6.161892779418276511e-02 4.870819102586141369e-01 2.513520215624855947e-01
2.518585238979081375e-01 5.529875320849484549e-02 3.617515834864424851e-01 3.310911394071545111e-01
2.010746904677275515e-01 2.561879145719040893e-02 4.660621087619167824e-01 3.072444093131651566e-01
2.288126145408863610e-01 2.751887517539513064e-02 4.533606326028265521e-01 2.903078776808920014e-01
2.569937493544251494e-01 2.305948297982524792e-02 4.428782886049629219e-01 2.770684790607867432e-01
1.955547453205657982e-01 3.340548927532720896e-02 4.329721724487431977e-01 3.380675929553637604e-01
2.072612454579536301e-01 2.731550238816595963e-02 4.986672881588539163e-01 2.667559639950264350e-01
2.494915241110684245e-01 2.870285669317963057e-02 3.843564233118535456e-01 3.374491958838982675e-01
2.359143112255007724e-01 3.063428217791258970e-02 4.430560813582411495e-01 2.903953252383454919e-01
2.178463355810238145e-01 5.920432550247546610e-02 4.167292986177784653e-01 3.062200402987223513e-01
2.416802553918603047e-01 1.800072003551401317e-02 4.155049507208731785e-01 3.248140738517524273e-01
1.989091590894740413e-01 4.189279621697432343e-02 4.089827820290570792e-01 3.502152626644945976e-01
2.436943242651010977e-01 2.096913094230710983e-02 3.932873465629234677e-01 3.420491982296682831e-01
2.809526732324832410e-01 1.957827800867919729e-02 4.380643245710797995e-01 2.614047241877576755e-01
2.101785330974629828e-01 5.549617741524274367e-02 4.031168129448982618e-01 3.312084765423959909e-01
2.302436315459901184e-01 3.491993900304204979e-02 4.248868847115975789e-01 3.099495447393703085e-01
2.190986733518540952e-01 1.732525954104724084e-02 4.110365450572681656e-01 3.525395220498304116e-01
2.337577814991176894e-01 2.378079135549772058e-02 4.010627541877293534e-01 3.413986729576552470e-01
2.015996578113033455e-01 3.576583973515638087e-02 4.196926438930267955e-01 3.429418585605133463e-01
2.346176488182943609e-01 5.634791114071389245e-02 4.386532181293504862e-01 2.703812219116411564e-01
2.250056923387291630e-01 6.368011285405975053e-02 3.794380458738031980e-01 3.318761489334078330e-01
1.929019492761677446e-01 2.267623622307627165e-02 4.363826468578653750e-01 3.480391676428905012e-01
1.843738186238869092e-01 5.294087649476784257e-02 3.797911398593383225e-01 3.828941650220069604e-01
2.471880589764140490e-01 3.486114686799565709e-02 4.621655846566084525e-01 2.557852094989819247e-01
2.100728812325622641e-01 2.707164296612317791e-02 5.099194448920248979e-01 2.529360309092896775e-01
2.405103244352229386e-01 6.566698918617709657e-02 4.102214701137613106e-01 2.836012162648385848e-01
2.311112025535282111e-01 2.426318380153877699e-02 4.688564484134410404e-01 2.757691652314919750e-01
2.646584466338839925e-01 2.038760113871645671e-02 4.501659297611195210e-01 2.647880224662801929e-01
2.496269593826826172e-01 2.151998238820099912e-02 4.602908142562013305e-01 2.685622439729150601e-01
2.400111788298485427e-01 3.048283564164549694e-02 4.844448897684668909e-01 2.450610957600389828e-01
1.852766553885487333e-01 2.835180192942099789e-02 4.491040021967435125e-01 3.372675404852868430e-01
2.492298225072374085e-01 1.664198914241449626e-02 4.747778633145889882e-01 2.593503250357591661e-01
2.356833260866063318e-01 2.417844363235748667e-02 4.411971884840544256e-01 2.989410417969817213e-01
2.419040843288278175e-01 4.496561600241062023e-02 4.043429055582438147e-01 3.087873941105177544e-01
1.821269986491083626e-01 1.953114383094936915e-02 4.988774322228632374e-01 2.994644252970790066e-01
2.401338954794306479e-01 3.259287338734959127e-02 4.815176517861742833e-01 2.457555793470455052e-01
1.904712212029776586e-01 2.318245548193987107e-02 4.585183785289242975e-01 3.278279447861581763e-01
2.263583327097246911e-01 4.923174623367047864e-02 4.718878188337847779e-01 2.525221022228200107e-01
2.412215609394809113e-01 3.287991950730478202e-02 4.307287257894605870e-01 2.951697937637537961e-01
2.201184103327475383e-01 6.472148373194232251e-02 4.779969254157452885e-01 2.371631805195650033e-01
2.383806817258545818e-01 2.728766745722020423e-02 4.294298841254184929e-01 3.049017666915065372e-01
1.696623090863947358e-01 3.930108700923762993e-02 4.814172536775671585e-01 3.096193502268004827e-01
2.195384863551358978e-01 3.093434629956832646e-02 4.386443581671613523e-01 3.108828091781344893e-01
2.335503514676524617e-01 3.088566330204958743e-02 4.228065946420478949e-01 3.127573905882500838e-01
2.460956884603843486e-01 1.624101257979771590e-02 4.275663625606084262e-01 3.100969363992094330e-01
2.679206548748204186e-01 4.074481972553349596e-02 3.972295895917083985e-01 2.941049358079376730e-01
2.087346097418959490e-01 4.917238841413523048e-02 4.480579063787367700e-01 2.940350954652318771e-01
3.028686444188006810e-01 1.618395360123319610e-02 3.979572107712556761e-01 2.829901912087105509e-01
2.030519158786159573e-01 4.405353197955950983e-02 4.670427418503336758e-01 2.858518102914908710e-01
2.373793354767430586e-01 5.023374815631669044e-02 3.843301353933318842e-01 3.280567809736082419e-01
2.350767155426702060e-01 4.094256437128272752e-02 4.373011873847296727e-01 2.866795327013173522e-01
2.399115996191208966e-01 5.802025301579056410e-02 3.848711881336678298e-01 3.171969592314206610e-01
2.169768807797770871e-01 2.760561363264591936e-02 4.635959282787555091e-01 2.918215773088215226e-01
2.280487835554919351e-01 4.453903754579092295e-02 4.301984344717772468e-01 2.972137444269399853e-01
2.233153262924889304e-01 6.396249190951132368e-02 4.851181305264623544e-01 2.276040512715374053e-01
2.096659515836892251e-01 4.302720920174198799e-02 4.740302814364273920e-01 2.732765577781414157e-01
2.441699365356010398e-01 4.059591272194981032e-02 4.138326225384595936e-01 3.014015282039895216e-01
2.302174841987859322e-01 3.433079760327922142e-02 4.605614846427061870e-01 2.748902335552286802e-01
2.425845928400687523e-01 2.760600872351408330e-02 4.410322147451439245e-01 2.887771836912733092e-01
2.524441238556315859e-01 4.334542725482938563e-02 4.337424457188788773e-01 2.704680031706602206e-01
2.429242512705615531e-01 3.537903335177549485e-02 4.239287179176825515e-01 2.977679974599804491e-01
2.322483071270976807e-01 5.446258170251643688e-02 4.308377758049470874e-01 2.824513353654387604e-01
2.380003305473593622e-01 1.486877482930526635e-02 4.171611006819094802e-01 3.299697939414260039e-01
2.110930476492638430e-01 5.348325741348201184e-02 4.816261556227225404e-01 2.537975393145315284e-01
1.744960936709443744e-01 1.812190270286882787e-02 4.707185582230967169e-01 3.366634454030901225e-01
2.617336973498278208e-01 3.553538372296002196e-02 4.357121794200865539e-01 2.670187395071256242e-01
1.794321967929848882e-01 5.461046327678210216e-02 4.701827654947439705e-01 2.957745744354891571e-01
2.143400723193714108e-01 3.170246740392447526e-02 4.419861326708350302e-01 3.119713276058690421e-01
1.804087801926038404e-01 4.320542711181150908e-02 4.691960731648543437e-01 3.071897195307302653e-01
2.175097189054072122e-01 4.764891448967440574e-02 4.093729445852941073e-01 3.254684220196242816e-01
2.874172894730062655e-01 3.713212971742286400e-02 3.732198919801289483e-01 3.022306888294418736e-01
2.133701132107283793e-01 3.980247235849121434e-02 4.731102286478757191e-01 2.737171857829046595e-01
2.069422389291936948e-01 2.193962220679926411e-02 4.354514047950963085e-01 3.356667340689107881e-01
2.096288984774102304e-01 3.865260419929959779e-02 4.500086633340660280e-01 3.017098339892241854e-01
1.987634173457076825e-01 1.761302649776859061e-02 4.852845360037577604e-01 2.983390201527658103e-01
2.091310426776583353e-01 4.404676282962476097e-02 4.095768437616386093e-01 3.372453507310783638e-01
2.384278714492026330e-01 2.675598329865665898e-02 4.485411904439362551e-01 2.862749548082043627e-01
2.677575123454226103e-01 3.036222256655007543e-02 4.189668305880170363e-01 2.829134345000102191e-01
2.040242833575391379e-01 2.170186399030269928e-02 4.699311455856900466e-01 3.043427070664680434e-01
2.121871366155796412e-01 1.797393088358019420e-02 3.929909060259193510e-01 3.768480264749208830e-01
1.796560317448034905e-01 2.285850199554921580e-02 4.563809847083848403e-01 3.411044815512624395e-01
2.509543474568141086e-01 3.304175515404658009e-02 3.886512485103222336e-01 3.273526488788170985e-01
1.935610173336487494e-01 5.296091888207310472e-02 4.676351365375913116e-01 2.858429272466868620e-01
2.380200484509937542e-01 3.674538350074848386e-02 4.112529218390781338e-01 3.139816462091796767e-01
2.126409485265899346e-01 3.841519242753947683e-02 3.978711410024917683e-01 3.510727180433786399e-01
1.962349273710191355e-01 5.038848305202341116e-02 4.132379707754215148e-01 3.401386188015358969e-01
2.404122008578369885e-01 4.786208093399558355e-02 3.796784189104206453e-01 3.320472992977466786e-01
2.208998107076799999e-01 3.624109665082187598e-02 4.499190528511320397e-01 2.929400397903661468e-01
1.841256708137410381e-01 2.383677330608442724e-02 4.836164463272300540e-01 3.084211095529444946e-01
2.449210210007900235e-01 2.997085383288687621e-02 4.379410397464532090e-01 2.871670854198697942e-01
2.002769301988816808e-01 2.771581532878206883e-02 4.410702330331554011e-01 3.309370214391810228e-01
2.275904458744537617e-01 2.435571403994389247e-02 4.795373428996226872e-01 2.685164971859796967e-01
2.177244081148302091e-01 4.905489763950043186e-02 4.929435169078816847e-01 2.402771773377876674e-01
2.266243334171105794e-01 3.353968405717994150e-02 4.433424538553260019e-01 2.964935286703835882e-01
1.897961266268718139e-01 3.110348593014197402e-02 4.425256342499953588e-01 3.365747531929907943e-01
2.474582186922799631e-01 1.601543747018282712e-02 4.611571476599694019e-01 2.753691961775677211e-01
2.282905528389657934e-01 2.249478902737910013e-02 4.298172460689978491e-01 3.193974120646572712e-01
1.936791237040159097e-01 4.350217140673294514e-02 4.789902742687044968e-01 2.838284306205466345e-01
1.971273918339061515e-01 3.245928686426284571e-02 4.596684578664849141e-01 3.107448634353461303e-01
2.281172806612679627e-01 1.910913582210214956e-02 4.511674603599840072e-01 3.016061231566459222e-01
2.315964380676958090e-01 3.049295730621649075e-02 4.159082547180760758e-01 3.220023499080116314e-01
2.448069242075853746e-01 2.679592868721341822e-02 4.480871049080028534e-01 2.803100421971985168e-01
2.085239878215860709e-01 2.260489537852254302e-02 4.346690778706232550e-01 3.342020389292681415e-01
1.805780245596422529e-01 3.463730889601534385e-02 4.628457888829001221e-01 3.219388776614424130e-01
2.276803839571162058e-01 2.961393027651568893e-02 3.823742118054953565e-01 3.603314739608727280e-01
2.180516390989815922e-01 2.708962034482462547e-02 4.221893435167875519e-01 3.326693970394061783e-01
2.334915841578778795e-01 2.558186869712867489e-02 4.368914953125674350e-01 3.040350518324260731e-01
1.881401008231840810e-01 4.159235083676331851e-02 4.290262250837357239e-01 3.412413232563170085e-01
2.467923024200870952e-01 1.736061351447238874e-02 4.601446603689218207e-01 2.757024236965186503e-01
2.414311291435406737e-01 5.246596982262453912e-02 3.730825594819759949e-01 3.330203415518588894e-01
2.139934046331140871e-01 5.268284376548150461e-02 4.328342415973496227e-01 3.004895100040547162e-01
1.969465542076974385e-01 4.369247840578208142e-02 4.453668539678242722e-01 3.139941134186961524e-01
2.427963629502508935e-01 2.820520960867390139e-02 4.057100805073125538e-01 3.232883469337626825e-01
2.167654755688469548e-01 2.342645375858421267e-02 3.961058948408621716e-01 3.637021758317065534e-01
2.434494298600348161e-01 1.458354987458943333e-02 4.372464743920912444e-01 3.047205458732844541e-01
2.804110087708792109e-01 1.808054345062823018e-02 4.152433567538867387e-01 2.862650910246058444e-01
2.278548115578261091e-01 1.550069393115987952e-02 4.409523872464220506e-01 3.156921072645919590e-01
2.373963560648336690e-01 3.921157711225484871e-02 4.351315340830994027e-01 2.882605327398119477e-01
2.338982401757191687e-01 3.718069139977066284e-02 4.261158667408077583e-01 3.028052016837023963e-01
2.543635909134498996e-01 3.759846499199795411e-02 3.973763306839436793e-01 3.106616134106083282e-01
2.218641396746473538e-01 4.853211058828697105e-02 3.813747303544103850e-01 3.482290193826553804e-01
2.170995711924580962e-01 2.879121903895251119e-02 4.409524111504033450e-01 3.131567986181859609e-01
2.322477392390017714e-01 3.875391571589987399e-02 5.051417111115968916e-01 2.238566339335014976e-01
2.093782718789762853e-01 4.160875287125245792e-02 5.093158808296757156e-01 2.396970944200955134e-01
2.169049572250733582e-01 2.433658468725615961e-02 4.256927885056581151e-01 3.330656695820123359e-01
2.002479474823374295e-01 3.435906342296512345e-02 4.343557203576811077e-01 3.310372687370162215e-01
2.154759630512922131e-01 6.454994959212208283e-02 3.737220067249865108e-01 3.462520806315991795e-01
2.013096006399001936e-01 6.599144165283719887e-02 4.710028689026443116e-01 2.616960888046182543e-01
2.071157104709171748e-01 2.686067727080320919e-02 4.823048496677562191e-01 2.837187625905235322e-01
2.162567808805818947e-01 2.937526413468711378e-02 4.784026353866215886e-01 2.759653195981093265e-01
2.538973311862106064e-01 4.313359552216271264e-02 3.867604324253010040e-01 3.162086408663257187e-01
2.829267791241852348e-01 4.371181621033454895e-02 3.925338132275073000e-01 2.808275914379729787e-01
2.625736112091133778e-01 3.205927719854231167e-02 3.673522445188885377e-01 3.380148670734556826e-01
2.352044239638143297e-01 2.050775983115470102e-02 4.503416057268812001e-01 2.939462104781497831e-01
2.366994935021896063e-01 2.958032298728467679e-02 4.640703155443832717e-01 2.696498679661424314e-01
2.221956484586838643e-01 3.424874580255301421e-02 4.687147318521643902e-01 2.748408738865987244e-01
2.268565232168238965e-01 3.669461010350558161e-02 3.952240565823503249e-01 3.412248100973201970e-01
2.376074746427997153e-01 2.034060082329927632e-02 4.593348691694830177e-01 2.827170553644179907e-01
2.214705793795088140e-01 2.594103447514639615e-02 4.632601275804478225e-01 2.893282585648970784e-01
2.084684798895599378e-01 3.405997343585576848e-02 4.354932198409646182e-01 3.219783268336195436e-01
2.327951194832116599e-01 3.700629837370603137e-02 4.394588590579063814e-01 2.907397230851759273e-01
1.849196743506038854e-01 4.575399135245666882e-02 4.196167958742050841e-01 3.497095384227342230e-01
2.509098846946369310e-01 2.790414300553387475e-02 4.189076133826826753e-01 3.022783589171463281e-01
2.028718214874014880e-01 2.405269275805631962e-02 4.459708649476445408e-01 3.271046208068976724e-01
2.048975230584892948e-01 3.569244694219742692e-02 4.504653128516575289e-01 3.089447171476558118e-01
2.213646182697793507e-01 3.470201609081011163e-02 5.130011314373369435e-01 2.309322342020735386e-01
1.846736900412564442e-01 1.614017207523597147e-02 5.119860894254836259e-01 2.872000484580241597e-01
2.182190731403377548e-01 3.859873414721302909e-02 3.870037678281533777e-01 3.561784248842956857e-01
2.114304688835227930e-01 4.800607526494197336e-02 4.755268529401678324e-01 2.650366029113674915e-01
2.247817253099197443e-01 4.563206653393640788e-02 4.249770841628366935e-01 3.046091239933070849e-01
2.326958867204053649e-01 4.257793215776238538e-02 4.562168039384314477e-01 2.685093771834006215e-01
2.250542460505625120e-01 5.361238890066886975e-02 4.331481113737521982e-01 2.881852536750164617e-01
2.460752423524665555e-01 1.927647493055533942e-02 4.324401411760664393e-01 3.022081415409118010e-01
2.051916992643258442e-01 5.438109738062521514e-02 4.571062459559708246e-01 2.833209573990779773e-01
2.523396391629064706e-01 2.268503551482538988e-02 4.364948548170364817e-01 2.884804705052316787e-01
2.026749294429683601e-01 3.860236179188285960e-02 4.950955738690334673e-01 2.636271348961153338e-01
2.218202628657502395e-01 2.141803823645315255e-02 4.384202693957177654e-01 3.183414295020789986e-01
2.596211625364427400e-01 4.340378158914107859e-02 4.482029717030723281e-01 2.487720841713439157e-01
2.515352172402184339e-01 3.237841742241191062e-02 4.140385145754242879e-01 3.020478507619453468e-01
1.805185092268597746e-01 2.635967152770281666e-02 4.749790286032538056e-01 3.181427906421835372e-01
2.705668152170060403e-01 2.700572030885701677e-02 4.718183763012132603e-01 2.306090881729236375e-01
2.456055445371269630e-01 3.351097919979387219e-02 4.246664935196394763e-01 2.962169827434396607e-01
3.196302511213397479e-01 1.944323480314390923e-02 3.670134770047979167e-01 2.939130370707184192e-01
2.366101864445142589e-01 2.257082406934575111e-02 4.796826423999062672e-01 2.611363470862338998e-01
2.674088357031638719e-01 3.343105100156195525e-02 4.135957313967463245e-01 2.855643818985278415e-01
2.697231176783639328e-01 3.303856328144622739e-02 4.367247489299598273e-01 2.605135701102300194e-01
2.300946344239937214e-01 4.029422930177177509e-02 4.644512054298296500e-01 2.651599308444048120e-01
2.156629309568449671e-01 2.436477853668626153e-02 4.386457181146516393e-01 3.213265723918170558e-01
2.050790447990069598e-01 3.410903279122050324e-02 4.885462251199840789e-01 2.722656972897883887e-01
2.205268900248741337e-01 5.236660003797807134e-02 4.403552327625499530e-01 2.867512771745980293e-01
2.453804030939940317e-01 2.443957651805664724e-02 4.693565958104639613e-01 2.608234245774853632e-01
1.946153151307209173e-01 3.363806644306528010e-02 4.267940752830575724e-01 3.449525431431562095e-01
2.524275771287187164e-01 6.702699897721260680e-02 4.103675739417416146e-01 2.701778499523271870e-01
2.336475012086810521e-01 4.394523463201624458e-02 4.638058940544285691e-01 2.586013701048742175e-01
2.218472812432299712e-01 3.748738295722410518e-02 4.088657652366206596e-01 3.317995705629252501e-01
2.314573039045094149e-01 1.844900489035555813e-02 4.578353226564995659e-01 2.922583685486355165e-01
2.199633565004669167e-01 2.698812854035084058e-02 4.878372491094093433e-01 2.652112658497730036e-01
2.534162119243733025e-01 4.226621933102862883e-02 3.937091608179268953e-01 3.106084079266710485e-01
2.379804986327240524e-01 4.494046274753892706e-02 4.275844524361153698e-01 2.894945861836215606e-01
2.323233818697172937e-01 3.192094959441160035e-02 4.270677573457222764e-01 3.086879111901488781e-01
2.212784937776397787e-01 5.744433514524397572e-02 4.481718081761386085e-01 2.731053629009776440e-01
1.798009673551596577e-01 4.211401502424112070e-02 4.544206814042006659e-01 3.236643362163986737e-01
2.216948236745947265e-01 2.355484481515183678e-02 4.681576974803148827e-01 2.865926340299386754e-01
2.106938064680566325e-01 2.388509465732507539e-02 4.387155926929928729e-01 3.267055061816254158e-01
2.064626568186386513e-01 2.717226791179951084e-02 4.470152580117176533e-01 3.193498172578439487e-01
1.884813513970152177e-01 4.510738599279875971e-02 4.389749866036701809e-01 3.274362760065159250e-01
2.287281153843515602e-01 3.390145515620992395e-02 3.934214165488769122e-01 3.439490129105617355e-01
2.178526937206365088e-01 4.028928838984435767e-02 4.468985464576760158e-01 2.949594714318431454e-01
2.128988360625911902e-01 3.559318745580571791e-02 4.255926940833313354e-01 3.259152823982717218e-01
2.589587304459368688e-01 2.029144609894369816e-02 4.270448941348066185e-01 2.937049293203127243e-01
2.189034700664091726e-01 3.301601578420214345e-02 4.459287828163565059e-01 3.021517313330321364e-01
2.313546571993347067e-01 5.221192137229890146e-02 3.985279142659304830e-01 3.179055071624359852e-01
2.420351598657568271e-01 2.634715858673029876e-02 4.038121539828633533e-01 3.278055275646496458e-01
2.255268337400756773e-01 2.674390992531934866e-02 4.330001734363624899e-01 3.147290828982424182e-01
2.051229313045725977e-01 2.938815376896015616e-02 4.901030321161912728e-01 2.753858828102759837e-01
2.380854026800151291e-01 3.577691141412396580e-02 4.301029944946107020e-01 2.960346914112503280e-01
1.748458091918538293e-01 3.266596722799666730e-02 4.637920460042695425e-01 3.286961775758799331e-01
2.429447029130964442e-01 2.937021568681480801e-02 4.414877403139858547e-01 2.861973410861028966e-01
2.262485372511547632e-01 1.510969051089864831e-02 4.375517142855913089e-01 3.210900579523552345e-01
2.504872992010384603e-01 2.562270208405012170e-02 3.946296846958207150e-01 3.292603140190906719e-01
2.050072412202686156e-01 2.466673714094450021e-02 4.578409314712184597e-01 3.124850901675684245e-01
2.539186044997735481e-01 1.879648189230974029e-02 4.430976595733243650e-01 2.841872540345924403e-01
2.561318129758091144e-01 2.150213267407144468e-02 4.667142848529099441e-01 2.556517694972093580e-01
1.829673293605141304e-01 3.246547618936700130e-02 4.827899285089834458e-01 3.017772659411353531e-01
1.965123678293300424e-01 5.734945183868126600e-02 4.099632203282117526e-01 3.361749600037769459e-01
2.211542758568600942e-01 3.982559755971962906e-02 4.522931397140732002e-01 2.867269868693470558e-01
2.311023844443979569e-01 2.780175126997947929e-02 4.427106911933461619e-01 2.983851730922763013e-01
2.826904232916706561e-01 2.767151712376542116e-02 4.244339622035828707e-01 2.652040973809810520e-01
2.209689418062808774e-01 3.430259237909318720e-02 4.471000366788670521e-01 2.976284291357588763e-01
2.412730715362774725e-01 2.648614406192059678e-02 4.091387072571830430e-01 3.231020771446188600e-01
2.164492566938117368e-01 4.783092227249770290e-02 4.109068809587045901e-01 3.248129400749860118e-01
2.225653058741006440e-01 4.417911479983681333e-02 4.060173553805954128e-01 3.272382239454671438e-01
1.872186293224156750e-01 4.081597547960814920e-02 4.630025905548940113e-01 3.089628046430821784e-01
2.587640948878846547e-01 1.516660065408792155e-02 4.438725966063303829e-01 2.821967078516969818e-01
2.434620431230720694e-01 4.231375135862491810e-02 3.651439079652704089e-01 3.490802975530326036e-01
2.020290507245967315e-01 5.793219246031578590e-02 4.383284263253795499e-01 3.017103304897079674e-01
1.818889126319569727e-01 4.998898642715694784e-02 4.242401177091593700e-01 3.438819832317266956e-01
2.787537911630196263e-01 3.605811838689986643e-02 4.126259590189999549e-01 2.725621314310804899e-01
2.455187977492530316e-01 4.928650405649153549e-02 4.106818016440937358e-01 2.945128965501618290e-01
2.051930114084906109e-01 3.737416250754191371e-02 4.595484927114586449e-01 2.978843333725088582e-01
2.016002697302631541e-01 4.035252184592975910e-02 4.613411994853193199e-01 2.967060089384878085e-01
2.456002744104631985e-01 4.105303491696418727e-02 4.175372944531575703e-01 2.958093962194150994e-01
2.226681836750076526e-01 2.392515982147660689e-02 4.151606226994011828e-01 3.382460338041146097e-01
1.543743282674069073e-01 2.563685974454961783e-02 4.366061133743290856e-01 3.833826986137144899e-01
2.408150872578029289e-01 3.356643095866997800e-02 4.473489291259964418e-01 2.782695526575305611e-01
2.460061130408356389e-01 2.488707589776607138e-02 4.671424094725389886e-01 2.619644015888593636e-01
2.265408835674849741e-01 3.033195537001710795e-02 4.511384124791443240e-01 2.919887485833534968e-01
2.287084084254543959e-01 3.147889237098134424e-02 4.641941748229844733e-01 2.756185243805797658e-01
1.968504542996593887e-01 2.172649778512439345e-02 4.747889821518584963e-01 3.066340657633576106e-01
2.084200498181588979e-01 4.378559034920265214e-02 4.177006647461908861e-01 3.300936950864474806e-01
2.433217327311155143e-01 3.222436061470708435e-02 4.033999819038447399e-01 3.210539247503327309e-01
2.246040481766384822e-01 2.577343456142545258e-02 4.571181613049615233e-01 2.925043559569746598e-01
2.355998036945092522e-01 3.455669255059667933e-02 4.184317645993614887e-01 3.114117391555324965e-01
2.645408852480996553e-01 2.179203121187268596e-02 3.931947905958708689e-01 3.204722929441568557e-01
2.194743981441857061e-01 4.135956497898625461e-02 4.353835185840029820e-01 3.037825182928249323e-01
2.118520317364755989e-01 4.666385667146598359e-02 4.168964068751161989e-01 3.245877047169423157e-01
2.230816715768831338e-01 2.735150789784850447e-02 4.516730803727413979e-01 2.978937401525269535e-01
2.318563033041692589e-01 3.667165456718698285e-02 4.519348577711872483e-01 2.795371843574563919e-01
2.142676783473962399e-01 2.254107043078799541e-02 4.406721634368115370e-01 3.225190877850043214e-01
2.298295784794913976e-01 2.879668684163235945e-02 4.406802842773805962e-01 3.006934504014954768e-01
2.718074708321869815e-01 2.443849585154511325e-02 4.414795802017660309e-01 2.622744531145018709e-01
2.309072092989205294e-01 1.294350742160988062e-02 4.116841170524729865e-01 3.444651662269967440e-01
2.127637179653488753e-01 2.138435774754643415e-02 4.337010839670523143e-01 3.321508403200523207e-01
2.374441901514539321e-01 5.631777581982487513e-02 4.282356517022292142e-01 2.780023823264919924e-01
2.246633804436134474e-01 2.123666904434373323e-02 4.095272461119052743e-01 3.445727044001373751e-01
2.004008328897691205e-01 3.872968553996251201e-02 4.372416662294241751e-01 3.236278153408441161e-01
2.029345929676486526e-01 2.844825193664089757e-02 4.409326753229944607e-01 3.276844797727159198e-01
2.348361165843774190e-01 3.583333746491365601e-02 4.417620378859438146e-01 2.875685080647650826e-01
1.980126409680447730e-01 2.884838789847636240e-02 4.741230910074495375e-01 2.990158801260293653e-01
2.330357724543858089e-01 3.690625550323673593e-02 4.430668930543765205e-01 2.869910789880010249e-01
2.364515987656756191e-01 2.609182558092815532e-02 4.238266777578060807e-01 3.136298978955902594e-01
2.426136482774353398e-01 3.394527096242103137e-02 3.930157775379280460e-01 3.304253032222155828e-01
2.340587619859138546e-01 2.765757539289509861e-02 4.321658643365435815e-01 3.061177982846475243e-01
2.174517706636606429e-01 2.537484955679735268e-02 4.863706204121285848e-01 2.708027593674134370e-01
1.885744282783779202e-01 2.931045463495562248e-02 4.395365489595290942e-01 3.425785681271374394e-01
1.778067900297170267e-01 1.285934063650520480e-02 4.320238749442928405e-01 3.773099943894848152e-01
2.759988590527248098e-01 2.510766768877106467e-02 4.206542629036533754e-01 2.782392103548506079e-01
2.723841960305595222e-01 3.298690443554846974e-02 4.145422585890545797e-01 2.800866409448375394e-01
2.429393363542923234e-01 2.614903249971064006e-02 4.935457132769697774e-01 2.373659178690272209e-01
2.094111976703081912e-01 5.372116546908854012e-02 4.327103811621231255e-01 3.041572556984801223e-01
1.968364046471216267e-01 2.123386872650281920e-02 4.109784313602898864e-01 3.709512952660856677e-01
1.960282245648150568e-01 2.730209015095509673e-02 4.859288000169521560e-01 2.907408852672776489e-01
2.381300904780800642e-01 9.327707269344552923e-03 4.177131614840290386e-01 3.348290407685461934e-01
2.481078072292993431e-01 2.885409840355663072e-02 4.449694659798434371e-01 2.780686283873005094e-01
2.399537787540278744e-01 4.062942744518073523e-02 4.027607345876067502e-01 3.166560592131845708e-01
2.426647116083016087e-01 2.407937304288963049e-02 4.481332457298263239e-01 2.851226696189823606e-01
2.188441960588540514e-01 2.068276721239772561e-02 4.151958817898263043e-01 3.452771549389219152e-01
2.170393238049264928e-01 1.470645504945709142e-02 4.755062716737539219e-01 2.927479494718623343e-01
2.122356878753829668e-01 1.729270181919024749e-02 4.462680236840135817e-01 3.242035866214130757e-01
2.215097358283998341e-01 2.411462559080484666e-02 4.409765104593855733e-01 3.133991281214097979e-01
2.307450129141048467e-01 2.667191543007629839e-02 4.707206553776304148e-01 2.718624162781885234e-01
2.123870231854816382e-01 5.550295612482529506e-02 4.576250286391059796e-01 2.744849920505871843e-01
2.121599485927357642e-01 3.496605342152175194e-02 4.422002968102862197e-01 3.106737011754563405e-01
2.090290168302153251e-01 3.397942397228258943e-02 4.173629395988958102e-01 3.396286195986061296e-01
2.606089438607354092e-01 3.197145652223350176e-02 4.191181145685989318e-01 2.883014850484321157e-01
2.111464863505190526e-01 4.240021535352569981e-02 4.046180832122379112e-01 3.418352150837173364e-01
2.112834831317443873e-01 5.734554136926864332e-02 4.240623843449775610e-01 3.073085911540094362e-01
2.018503536195555559e-01 2.405743373440946686e-02 4.294357303309099261e-01 3.446564823151250789e-01
2.187484551185252812e-01 3.865097306069901345e-02 4.419562624087103875e-01 3.006443094120653248e-01
1.990066235742501410e-01 5.920245600012059850e-02 4.521414658631304762e-01 2.896494545624987427e-01
2.125234057976288227e-01 4.254790983883856986e-02 4.787865191477012616e-01 2.661421652158313389e-01
2.250324736208946519e-01 5.996771932297100677e-02 4.068471098867902924e-01 3.081526971693439587e-01
2.410160578028774647e-01 3.643869993030263155e-02 4.355938725664071365e-01 2.869513697004126840e-01
1.788906261814056098e-01 2.089643998349922233e-02 4.571474976629412157e-01 3.430654361721540702e-01
2.288558115613594790e-01 4.571758430306915866e-02 4.307330142759401292e-01 2.946935898596313441e-01
2.197214068037121604e-01 3.302267524001564758e-02 4.362417962053666831e-01 3.110141217509054812e-01
1.949186301135080179e-01 2.449103463570691600e-02 4.902095955696378349e-01 2.903807396811471930e-01
2.325995231014071074e-01 3.563747332127961687e-02 4.135633682534710642e-01 3.181996353238421005e-01
2.391352137331738403e-01 3.179245104839972108e-02 3.864970740561292639e-01 3.425752611622971955e-01
2.242653913615905714e-01 4.222221017105005914e-02 4.622421956918728037e-01 2.712702027754866352e-01
1.984739367805470611e-01 4.579482839636506847e-02 4.492693983480314235e-01 3.064618364750565371e-01
2.445734404896689751e-01 2.647369678340078664e-02 4.170482868933739762e-01 3.119045758335562413e-01
2.592430510785820319e-01 3.917259416243247527e-02 4.229706929157202588e-01 2.786136618432651924e-01
2.282385904269538801e-01 4.705682612019477379e-02 4.280605373422453619e-01 2.966440461106060189e-01
2.324001632930179084e-01 3.407586343931814921e-02 4.199342617432400560e-01 3.135897115244238309e-01
2.062550489698786460e-01 2.539662977296744742e-02 4.556958812428657524e-01 3.126524400142881577e-01
1.949165486908394640e-01 2.641815631383398130e-02 4.616106696708527912e-01 3.170546253244737045e-01
2.231289923412959897e-01 3.029261011748317009e-02 4.282614620603747424e-01 3.183169354808461082e-01
2.106696478701272912e-01 2.482016530715512592e-02 4.923956270561908322e-01 2.721145597665266536e-01
2.288851685228539545e-01 3.551970225287150867e-02 4.847284769221890666e-01 2.508666523020855466e-01
2.229573988465524959e-01 3.839490413520013634e-02 4.579952338448106119e-01 2.806524631734367281e-01
2.721835889909621775e-01 4.252144779837356559e-02 3.901733255807601219e-01 2.951216376299041211e-01
2.425375971434538536e-01 3.112213167443341963e-02 4.394597122931814814e-01 2.868805588889311586e-01
1.763112271429450595e-01 3.758268497950784798e-02 4.669510082733891454e-01 3.191550796041578986e-01
2.475165276937915104e-01 3.938495163303450119e-02 4.350926894733244676e-01 2.780058311998495069e-01
2.193269230147582571e-01 2.131913968395984099e-02 4.704620509889874125e-01 2.888918863122945102e-01
