6.107906611449517298e-01 1.635955837945988478e-01 1.588012590263665202e-01 6.681249603408292992e-02
5.860920374039184644e-01 1.950376468708395761e-01 1.725947041797443182e-01 4.627561154549779399e-02
6.321743106454947858e-01 1.492935518760070135e-01 1.770553642513524595e-01 4.147677322714574122e-02
6.065707341203068204e-01 1.600631315746069427e-01 1.989687760663806093e-01 3.439735823870567616e-02
5.592880833736846302e-01 1.565452452742650269e-01 2.152645517464875924e-01 6.890211960556270887e-02
5.669773596504091850e-01 1.426296112368578006e-01 2.363450604978442893e-01 5.404796861488867649e-02
5.153304627459733833e-01 1.795972761777397675e-01 2.389901519212629666e-01 6.608210915502368832e-02
6.153946410113169119e-01 1.494961944291101630e-01 2.001405118334885214e-01 3.496865272608429970e-02
6.032953806502229233e-01 1.416520470988259228e-01 2.084994349881471032e-01 4.655313726280408543e-02
6.012352688006723511e-01 1.223669153594920400e-01 2.297781748712184324e-01 4.661964096861707235e-02
5.631428911897006229e-01 1.644203931195495072e-01 1.884211657639289217e-01 8.401554992682117029e-02
6.214577535809957531e-01 1.243908245946181435e-01 2.131063953433204039e-01 4.104502648106583135e-02
5.862831907995598169e-01 1.638569024632759441e-01 1.966297686071963313e-01 5.323013812996808813e-02
6.097392752357185808e-01 1.457565486296976132e-01 2.011098137505256123e-01 4.339436238405818685e-02
5.751831630245515248e-01 1.741392071391509866e-01 2.197630274969232800e-01 3.091460233937420865e-02
6.195213033820616833e-01 1.685807819294383447e-01 1.850298369875181259e-01 2.686807770098182876e-02
5.910670012395593531e-01 1.350663098675453921e-01 2.039684291553917894e-01 6.989825973750350696e-02
5.957048805627543908e-01 1.411903347129331576e-01 1.701173667453625693e-01 9.298741797894993777e-02
6.376749587901053840e-01 1.554201336336364370e-01 1.662393612812302079e-01 4.066554629502781154e-02
6.249209898135487107e-01 1.421954032858493422e-01 1.846260268526419834e-01 4.825758004796001227e-02
6.213571898935695836e-01 1.218542717976934253e-01 1.884457757520130727e-01 6.834276255672376565e-02
5.849323281371932026e-01 1.473153925563011613e-01 1.969131790693911255e-01 7.083910023711453841e-02
6.181901362535265898e-01 1.258071506190093780e-01 2.031780620233861190e-01 5.282465110407780912e-02
5.880911047440222639e-01 1.988428808792149505e-01 1.446405486954743247e-01 6.842546568128853035e-02
6.669579121009294731e-01 1.331949341130351516e-01 1.530067078108859058e-01 4.684044597514949032e-02
6.225480726038516988e-01 1.394962643081656684e-01 1.827001698142970976e-01 5.525549327368557001e-02
6.210559049966865031e-01 1.625180439713162783e-01 1.722718149530896026e-01 4.415423607890758828e-02
5.940823844850566804e-01 1.533775175076978470e-01 2.006928235944215877e-01 5.184727441282391963e-02
6.264493051691726322e-01 1.553750530515017325e-01 1.886118661358599513e-01 2.956377564346561806e-02
5.730996660220211147e-01 1.565807293090756003e-01 1.876249863950541219e-01 8.269461827384927410e-02
6.231158753230108260e-01 1.062231532216135338e-01 2.119805683610391511e-01 5.868040309433657925e-02
5.550769078438474446e-01 1.773377031130100312e-01 2.129168642284879898e-01 5.466852481465437480e-02
6.207284947733506808e-01 1.029170519401150508e-01 2.105856669583470175e-01 6.576878632818718151e-02
6.394011490385922425e-01 1.176079652595317243e-01 1.993566738605853372e-01 4.363421184129084862e-02
5.739780150792253011e-01 1.678601208602711614e-01 1.647510050152371508e-01 9.341085904526644224e-02
6.272353352166019080e-01 1.576681924366740706e-01 1.748383924249694854e-01 4.025807992175454986e-02
5.918248476391699819e-01 1.658600820895833883e-01 1.851047256706471744e-01 5.721034460059942067e-02
6.642098523641821739e-01 1.355314151894793373e-01 1.600985616031927739e-01 4.016017084314581209e-02
5.997601109745139825e-01 1.829336672731995406e-01 1.535285735779595706e-01 6.377764817432696187e-02
6.427434511931318095e-01 1.490508512703405120e-01 1.542301239086439901e-01 5.397557362788386187e-02
5.903968343894644422e-01 1.819718337891629012e-01 1.799699499287819859e-01 4.766138189259054581e-02
6.212173834426759633e-01 1.262124409758304255e-01 1.991252852780812654e-01 5.344489030341222774e-02
5.733683351428903174e-01 1.467985910820656104e-01 1.994030963549347779e-01 8.042997742010943307e-02
6.484582586671833182e-01 1.634557397351342756e-01 1.521888643526186913e-01 3.589713724506375658e-02
7.099205371370137518e-01 1.320455154466729231e-01 1.240019480257191914e-01 3.403199939059403656e-02
6.089943676087371527e-01 1.395948253753666324e-01 2.232521681602486485e-01 2.815863885564745886e-02
5.631294126036558989e-01 2.039905974548698042e-01 1.766668439392054257e-01 5.621314600226888503e-02
6.004123340245668405e-01 1.723731615367349590e-01 1.537725945945234429e-01 7.344190984417470203e-02
6.246347345315662603e-01 1.296132519603852840e-01 2.079150453681913591e-01 3.783696813985706203e-02
6.654078157601107657e-01 1.800183669159379496e-01 1.131713176696232670e-01 4.140249965432795526e-02
6.024822162902381262e-01 1.816927110927910316e-01 1.765744816827882757e-01 3.925059093418251099e-02
6.349850004132244763e-01 1.449918488952323392e-01 1.641395009914311254e-01 5.588364970011206606e-02
5.329248676932121231e-01 1.788484557887664583e-01 2.276533784366570057e-01 6.057329808136435734e-02
6.379713259157147043e-01 1.467656881320728579e-01 1.626832005447614304e-01 5.257978540745102125e-02
5.550268963153943691e-01 1.515134403721630774e-01 2.268113483086103832e-01 6.664831500383207319e-02
5.529004442734979374e-01 1.901507101553211454e-01 2.108006212806803337e-01 4.614822429050062513e-02
6.331411469879292264e-01 1.247327875048936524e-01 1.956536593031908411e-01 4.647240620398629396e-02
6.055771823429407785e-01 1.577018147314125374e-01 1.939447338510374708e-01 4.277626907460914396e-02
6.092133082886151962e-01 1.628396595689756421e-01 1.707283379833224313e-01 5.721869415908677897e-02
5.690087266067522798e-01 1.398996124407333175e-01 2.356041622704328764e-01 5.548749868208149860e-02
5.801265387735198287e-01 1.698223697299513224e-01 2.211066756635384212e-01 2.894441583299050755e-02
5.946019923059880918e-01 1.903015545486914095e-01 1.575897872449385229e-01 5.750666590038201048e-02
5.763606540663823719e-01 9.911909328634760374e-02 2.455970589369576296e-01 7.892319371031254749e-02
6.075393316328041582e-01 1.465484037280355978e-01 2.121593159703295817e-01 3.375294866883057215e-02
5.996579960513573893e-01 1.556200430954968739e-01 1.975600424093966467e-01 4.716191844374899300e-02
6.206129448156393336e-01 1.276547518110850987e-01 1.775555215698985112e-01 7.417678180337705651e-02
6.248680138257158845e-01 1.297010877211745572e-01 2.159926904024782324e-01 2.943820805063157575e-02
6.155951674380278904e-01 1.725449863859159216e-01 1.527858392348767080e-01 5.907400694117950768e-02
6.133646953786762168e-01 1.697215523630861422e-01 1.502197527477986960e-01 6.669399951043894492e-02
5.885031826945985589e-01 1.790349804221954277e-01 1.785855775306400273e-01 5.387625935256592363e-02
6.108817455043489275e-01 1.911709496999554614e-01 1.558641266663275127e-01 4.208317812936802210e-02
5.900416321019774646e-01 1.932653233502846235e-01 1.802215368265493722e-01 3.647150772118871315e-02
6.682678999137431353e-01 1.360002631533221984e-01 1.506476308023440569e-01 4.508420613059071352e-02
5.737398924249694776e-01 1.749171865876892051e-01 1.979726328113411982e-01 5.337028817600032726e-02
6.310705824798727992e-01 1.301712379658091223e-01 2.008387224840973706e-01 3.791945707022075646e-02
6.203441849465183289e-01 1.433649036785010211e-01 1.786337909419710712e-01 5.765712043300959960e-02
5.894162895271988223e-01 1.680340008485710357e-01 2.100619360061728724e-01 3.248777361805747083e-02
5.799644592096975249e-01 1.625567350591883564e-01 2.222134064156950362e-01 3.526539931541913808e-02
6.149818147279413338e-01 1.292471087547513442e-01 1.735240919591981845e-01 8.224698455810923459e-02
5.806529029672871101e-01 1.745452523881294848e-01 2.049660344277679513e-01 3.983581021681543294e-02
5.943540932272114441e-01 2.048924898307565579e-01 1.508809148810632272e-01 4.987250206096877081e-02
5.831119298392577477e-01 1.661729433457516947e-01 1.894649363900090533e-01 6.125019042498158067e-02
5.885802946537251890e-01 1.697655617242240789e-01 1.783070426957726329e-01 6.334710092627822420e-02
5.947718108247262991e-01 1.279889433725724668e-01 2.441483049699094410e-01 3.309094083279175147e-02
6.346453022557242418e-01 1.845738264738134293e-01 1.469660421734904354e-01 3.381482909697185180e-02
5.956931838889532038e-01 1.731797252088133343e-01 1.651016556628956411e-01 6.602543523933761260e-02
6.038493375451995382e-01 1.824112429880412889e-01 1.553106828005907381e-01 5.842873666616859446e-02
6.420484786254786469e-01 1.462604933225930270e-01 1.807464855114647440e-01 3.094454254046358557e-02
5.927615863649345895e-01 1.579767221733404670e-01 2.087778667300997926e-01 4.048382473162513012e-02
5.510114957575741323e-01 1.811295326660093685e-01 2.197722372815283653e-01 4.808673429488824480e-02
5.786222710362628474e-01 1.557488797572630923e-01 2.119242666347360970e-01 5.370458257173805344e-02
6.063253349889466959e-01 1.688785339354478832e-01 1.798842548292099996e-01 4.491187624639522008e-02
5.730585651769792843e-01 1.398163101593063451e-01 2.404672274170948088e-01 4.665789724661938837e-02
5.875501962638554065e-01 1.434620133507521211e-01 1.985847325440436018e-01 7.040305784134893996e-02
5.740870207913814083e-01 1.714908352916369727e-01 1.961629101311331558e-01 5.825923378584860896e-02
5.702575053430445351e-01 1.983974952655750967e-01 1.757440004970297898e-01 5.560099889435049514e-02
6.355135741184704257e-01 1.402748261685294873e-01 1.656220829860422794e-01 5.858951672695781460e-02
5.563302640452673087e-01 1.697554025823807267e-01 1.874362034328345972e-01 8.647812993951738136e-02
5.677117183946422951e-01 1.388683461984413225e-01 2.482154483793713173e-01 4.520448702754502335e-02
6.213727000273591150e-01 1.672243137767626397e-01 1.773724013482765871e-01 3.403058484760174141e-02
5.903304159057053413e-01 1.794148737610204714e-01 1.689656471485952993e-01 6.128906318467890885e-02
5.863774917606241477e-01 1.971576328536485956e-01 1.353021788546772131e-01 8.116269653105000204e-02
6.218661675158506652e-01 1.465402498092613637e-01 1.689068211457119273e-01 6.268676152917600219e-02
6.228945414082391885e-01 1.972401806578139294e-01 1.405214857674239037e-01 3.934379216652276329e-02
6.229303041494549387e-01 1.467953470299590002e-01 1.836338909777930350e-01 4.664045784279310936e-02
6.116104191551429148e-01 1.324093967022247076e-01 2.009589162838278376e-01 5.502126785880439436e-02
5.891298271135311238e-01 1.511639513160848158e-01 2.267142462312770335e-01 3.299197533910701308e-02
6.427222031694865834e-01 1.560586170348426394e-01 1.755293972464622154e-01 2.568978254920865206e-02
6.055912655367966524e-01 1.522632120880030859e-01 2.013520505658742688e-01 4.079347180932588190e-02
6.439391507570348949e-01 1.273939605730873836e-01 1.823662464454319232e-01 4.630064222444589539e-02
5.417509827674725775e-01 1.854688795462207385e-01 2.291798205065090077e-01 4.360031717979779425e-02
5.365832379822061959e-01 1.812285006566148882e-01 2.232444273273514190e-01 5.894383403382754544e-02
5.513699220041745619e-01 1.635993663365598039e-01 2.460083352532710377e-01 3.902237640599467289e-02
6.697322904330730298e-01 1.285096252891238244e-01 1.564842005764122135e-01 4.527388370139102253e-02
6.110283363144116686e-01 1.837697723965911467e-01 1.705503817475086947e-01 3.465150954148852463e-02
5.771693494253707923e-01 1.236259051936912517e-01 2.444464044923194412e-01 5.475834088861863264e-02
6.216785775058455421e-01 1.368682241706192793e-01 1.761042873314974111e-01 6.534891099203779530e-02
6.148797814323768707e-01 1.523900990534770850e-01 1.830293210928138070e-01 4.970079842133207776e-02
6.240099769673541630e-01 1.498663585458594183e-01 1.862904089125575757e-01 3.983325557422894014e-02
7.401906302973791929e-01 1.349493921406458852e-01 9.699698215682905911e-02 2.786299540514596343e-02
6.250015348492170553e-01 1.381824445520146161e-01 1.751485822189455532e-01 6.166743837982269216e-02
6.551993180661355165e-01 1.362178558554107133e-01 1.618622068612864673e-01 4.672061921716729599e-02
5.870890206454693061e-01 1.564886884318568983e-01 2.194138535651305177e-01 3.700843735754320851e-02
6.080713707906285626e-01 1.383192637410705639e-01 1.771890390824980566e-01 7.642032638580284476e-02
6.174065070023713186e-01 1.429479061184817379e-01 1.889268203897517262e-01 5.071876648939516868e-02
6.425729213760258407e-01 1.479249151327328149e-01 1.593592782937027219e-01 5.014288519753850454e-02
6.318763165199920984e-01 1.417515997831176877e-01 1.798812433947422351e-01 4.649084030214796492e-02
5.889897739839827784e-01 1.431905595499290418e-01 1.884286850926300549e-01 7.939098137345813877e-02
6.175261499368474016e-01 1.884701278990163487e-01 1.388170363670808150e-01 5.518668579705545557e-02
6.076310661780726097e-01 1.422416611480429582e-01 2.198245878408025267e-01 3.030268483308191235e-02
6.538571538113603365e-01 1.287479416749376937e-01 1.643627504316372001e-01 5.303215408206469333e-02
5.991979650229820598e-01 1.460212400418462175e-01 2.031402486122785012e-01 5.164054632289324237e-02
6.229045215366024735e-01 1.754016984435571580e-01 1.662169821950542359e-01 3.547679782478616040e-02
5.898921164608599277e-01 1.458137402591196119e-01 2.156862665841821625e-01 4.860787669583829795e-02
6.053348338033893716e-01 1.600911321073282267e-01 1.904388405677392704e-01 4.413519352154296471e-02
6.882489162001447225e-01 1.215625712276003773e-01 1.647095775058776967e-01 2.547893506637724861e-02
6.288853542817693931e-01 1.621652883709883142e-01 1.818418698524068289e-01 2.710748749483556444e-02
6.153802957294791653e-01 1.306569570239373423e-01 1.985809957729252617e-01 5.538175147365830692e-02
6.076696684596939457e-01 1.705100129320137325e-01 1.971505576008169836e-01 2.466976100747521328e-02
5.973059985753276235e-01 1.299831588237237989e-01 2.105670115986819635e-01 6.214383100226660711e-02
6.435636784647661424e-01 1.515148185899108935e-01 1.599303815021151931e-01 4.499112144320780576e-02
6.227187347975410292e-01 1.574486019309462859e-01 1.836805532341007074e-01 3.615211003741203993e-02
6.314181531308824535e-01 1.398507992162754399e-01 2.015315315919078698e-01 2.719951606093436863e-02
6.349171610241476360e-01 1.746627747696478661e-01 1.620530863013280309e-01 2.836697790487641146e-02
6.089389432183817119e-01 1.559503208592958601e-01 1.764495711843426240e-01 5.866116473797978320e-02
5.689400253571971211e-01 1.985750003207775449e-01 1.861652385598772941e-01 4.631973576214809540e-02
5.724702118390011529e-01 1.653769586317334062e-01 2.128028661608934724e-01 4.934996336837186443e-02
6.352578371316768280e-01 1.349365326043814317e-01 1.939772418551613808e-01 3.582838840878036640e-02
5.580401085092884239e-01 1.297976750389665812e-01 2.724290848473667204e-01 3.973313160437812880e-02
6.008479769756186473e-01 1.530919605072118272e-01 1.949106101044070505e-01 5.114945241276241950e-02
6.002900308319045752e-01 1.659971048238073899e-01 1.796917022971281086e-01 5.402116204715978059e-02
5.950923822554502474e-01 1.513655069297854816e-01 1.889693936817130882e-01 6.457271713305121064e-02
6.119378204342000860e-01 1.395507269599095268e-01 1.827628012503876020e-01 6.574865135550279904e-02
6.423012909483317712e-01 1.314025806997801693e-01 1.833743565424914013e-01 4.292177180939667908e-02
6.410689140204396397e-01 1.261205530179190515e-01 1.849933517931136862e-01 4.781718116852765044e-02
6.157228494003579300e-01 1.796866659983289427e-01 1.783870304884343228e-01 2.620345411287869353e-02
6.333474577902675762e-01 1.855820053511504364e-01 1.563655082198725232e-01 2.470502863870956134e-02
5.662347681435905278e-01 1.824928958182185923e-01 2.141366934654365395e-01 3.713564257275441677e-02
5.977472276380049188e-01 1.581184677301363251e-01 2.016773603331931397e-01 4.245694429866551933e-02
6.129464967382404206e-01 1.529606597590753014e-01 1.912285894114593987e-01 4.286425409122491398e-02
6.335408779487942121e-01 1.213849872895852305e-01 1.949079051310162458e-01 5.016622963060433232e-02
6.271462433418667493e-01 1.493424807706338897e-01 1.937819828844117853e-01 2.972929300308746470e-02
6.098035774361945105e-01 1.609101735420962465e-01 1.941364172708570091e-01 3.514983175085219236e-02
6.367427878480984571e-01 1.566469563201590975e-01 1.698756825581224372e-01 3.673457327362002200e-02
6.365533573041557425e-01 1.087052685162084864e-01 2.178414357454539763e-01 3.689993843418169772e-02
6.189516109879382721e-01 2.102690799743891226e-01 1.327845155103553609e-01 3.799479352731720272e-02
6.006167221444311810e-01 1.514778142218580204e-01 2.129749670388738081e-01 3.493049659483683095e-02
6.383085642069015186e-01 1.559204175475595311e-01 1.874009969858393132e-01 1.837002125969960237e-02
6.119150622768303460e-01 1.180972547526169258e-01 2.131332332638908311e-01 5.685444970666185538e-02
5.887109013684518333e-01 1.951967046040602172e-01 1.929217677431616373e-01 2.317062628432630528e-02
5.885533616003912893e-01 1.920851398517705033e-01 1.813469950979055278e-01 3.801450344993269337e-02
5.297826491741827182e-01 1.994610952101642243e-01 2.203879547028213259e-01 5.036830091283181488e-02
5.948927023833630034e-01 1.500739229066688496e-01 2.089990841380648112e-01 4.603429057190330798e-02
5.948997547680070497e-01 1.775840430476835485e-01 2.034424828672720953e-01 2.407371931703718854e-02
6.002940749716753066e-01 1.462543944958114572e-01 2.244012132125698666e-01 2.905031731994333136e-02
5.822249933599424887e-01 2.026367987355186251e-01 1.801004668933774144e-01 3.503774101116149259e-02
6.367426797222607293e-01 1.424904041062188542e-01 1.769472322870325187e-01 4.381968388448795326e-02
5.882385868325409328e-01 1.557539103098406486e-01 2.248309897555359205e-01 3.117651310208245999e-02
6.232036797326196975e-01 1.909881140054692505e-01 1.351247882692887259e-01 5.068341799262240932e-02
5.636237449804812893e-01 2.008685236888640979e-01 1.769695271610236542e-01 5.853820416963093076e-02
6.103367339236341893e-01 1.321397235085591260e-01 2.040339816644932414e-01 5.348956090331332541e-02
5.396207009294895496e-01 1.650787247647326761e-01 2.017249768867973581e-01 9.357559741898044403e-02
6.369095774222157669e-01 1.316721938143823045e-01 1.902066365385027269e-01 4.121159222489921559e-02
6.101314411619688238e-01 1.816664542664594983e-01 1.428753335555736914e-01 6.532677101599802805e-02
6.007754205452050522e-01 1.799721597183069344e-01 1.777426818674632536e-01 4.150973786902477369e-02
5.595820854525186405e-01 1.897867339192837455e-01 1.823428858127826013e-01 6.828829481541510982e-02
6.558363078478810504e-01 1.724356819364656346e-01 1.382677430699776611e-01 3.346026714567570254e-02
6.142086891077727095e-01 1.546380198146823093e-01 1.865077156070059361e-01 4.464557547053914915e-02
6.591843247225004365e-01 1.174588110565053939e-01 1.587369842791573615e-01 6.461987994183686357e-02
5.704580737414494118e-01 1.701412779643327600e-01 2.244771916657439526e-01 3.492345662847388954e-02
6.383187899717654989e-01 1.631986503559399726e-01 1.615843562270399547e-01 3.689820344525449047e-02
6.125973212942263935e-01 1.289546433738875952e-01 1.998030371228869118e-01 5.864499820899922444e-02
6.038429270252623215e-01 1.230078404979002699e-01 2.216370264270704771e-01 5.151220604976677192e-02
5.926919391731256814e-01 1.613591370618729370e-01 1.916178862349912360e-01 5.433103753001014558e-02
6.034194321482071466e-01 1.326646047288745356e-01 2.028008495487267915e-01 6.111511357419160961e-02
6.035155915137068172e-01 1.452459872721063860e-01 1.967155255613425024e-01 5.452289565284430123e-02
6.089832348041276378e-01 1.301650320540043981e-01 2.205201653826426578e-01 4.033156775922554921e-02
5.918214277372843002e-01 2.003076809294743466e-01 1.838379076114578792e-01 2.403298372178329714e-02
6.721050479625426677e-01 1.112565828052616973e-01 1.759566499098871306e-01 4.068171932230853910e-02
5.992834326450602322e-01 1.680962171801390626e-01 1.799238399900709440e-01 5.269651018472994858e-02
6.543042451672117510e-01 1.322003960935218547e-01 1.805653103607356147e-01 3.293004837853083511e-02
6.886713611238653998e-01 1.242431457148015367e-01 1.619877395092154948e-01 2.509775365211763115e-02
6.659502219219645136e-01 1.315541973610025173e-01 1.655944030425507418e-01 3.690117767448235914e-02
5.579712328425961987e-01 1.565664238275403797e-01 2.434825989719817396e-01 4.197974435788166814e-02
5.875807397977592661e-01 1.296720864404846962e-01 2.307482273042196774e-01 5.199894645753634637e-02
6.310366235051785289e-01 1.061847296491745390e-01 2.189197055446273077e-01 4.385894130101961053e-02
6.110634584221279475e-01 1.701036343435144982e-01 1.724018929849432669e-01 4.643101424941431521e-02
6.135781106633569904e-01 1.663747232685364730e-01 1.870293473717126453e-01 3.301781869639371786e-02
5.979350738369672014e-01 1.972227455825590059e-01 1.496138504151041659e-01 5.522833016536966844e-02
5.523032519829857989e-01 1.637111222494590512e-01 2.170841276143080367e-01 6.690149815324722415e-02
6.483116280867026182e-01 9.399566294206508632e-02 1.854803674479918452e-01 7.221234152324035316e-02
6.302330581017470124e-01 1.766561102353269297e-01 1.635449377615081634e-01 2.956589390141785290e-02
6.498173780992972937e-01 1.395144295884554186e-01 1.579959113955779204e-01 5.267228091666952688e-02
5.519608642569576729e-01 1.490841080888530290e-01 2.488093166948799617e-01 5.014571095930919070e-02
6.203623331703459476e-01 1.432663254223231486e-01 1.641333832616533039e-01 7.223795814567759987e-02
5.470982885002350082e-01 1.792708157843675154e-01 2.120880219530654198e-01 6.154287376233208429e-02
5.958870972177071623e-01 1.638661987348646043e-01 1.955799989586111121e-01 4.466670508881696866e-02
6.325600574389399489e-01 1.375484185944108040e-01 1.957556633092975285e-01 3.413586065735155911e-02
5.857240625627052610e-01 1.722261726324797459e-01 1.920593255494253693e-01 4.999043925538947802e-02
6.065157051069272054e-01 1.691602459444507267e-01 1.794800740798281058e-01 4.484397486879394129e-02
5.969645310517953662e-01 1.590438420654370633e-01 1.696574956237587029e-01 7.433413125900883989e-02
6.177389366735913656e-01 1.223833280851998884e-01 2.001168477187057204e-01 5.976088752250310887e-02
5.720292534215891678e-01 1.492859430765775819e-01 2.009412281397668087e-01 7.774357536206639996e-02
6.342796940795305538e-01 1.586251748298410091e-01 1.561892340792574996e-01 5.090589701137081952e-02
6.618736354171278480e-01 1.435626044838556326e-01 1.369936574471053992e-01 5.757010265191113418e-02
6.301874090691771402e-01 1.583620826556577099e-01 1.687484299259056908e-01 4.270207834925942442e-02
5.713815898759707634e-01 1.454297799818569659e-01 2.349665668633041660e-01 4.822206327886809779e-02
6.178505038244647141e-01 1.354885572242020830e-01 1.724101154347657816e-01 7.425082351656751845e-02
6.355169300973774194e-01 1.351240011063384872e-01 1.855039388622113372e-01 4.385512993407270077e-02
6.316887173648596532e-01 1.685407910784711971e-01 1.575299179385512283e-01 4.224057361811790756e-02
6.043073365112492379e-01 1.655166919992762387e-01 1.903876185079438899e-01 3.978835298153083483e-02
5.901832954348996685e-01 1.640028616603277922e-01 1.903469553286215865e-01 5.546688757615091808e-02
6.440379360981511869e-01 1.574802475255788481e-01 1.642450080239650501e-01 3.423680835230502595e-02
5.704328190839088597e-01 1.747164397647147649e-01 1.948279903469728735e-01 6.002275080440369615e-02
5.722349001831419368e-01 1.957484328580912369e-01 1.872132733212653888e-01 4.480339363750145826e-02
6.635112338884817662e-01 1.589185390523696617e-01 1.553995229163999958e-01 2.217070414274857973e-02
5.706066542648216000e-01 1.541148573354657603e-01 2.086981956156017393e-01 6.658029278411088658e-02
5.901268698729880136e-01 1.463079740772249004e-01 1.863614079140895052e-01 7.720374813569755301e-02
6.439946609161024682e-01 1.360428936560624802e-01 1.692063198615958441e-01 5.075612556623926297e-02
6.050477474828338531e-01 1.217968258279329558e-01 2.408361133228933415e-01 3.231931336633996066e-02
6.661012838062636554e-01 1.412833235334861604e-01 1.503953618813590742e-01 4.222003077889097816e-02
5.878725391652137588e-01 1.590084729029992427e-01 1.984966107225810683e-01 5.462237720920593703e-02
5.550259083735796795e-01 1.713104764987496420e-01 2.018904013838547784e-01 7.177321374381591401e-02
5.956924437863838628e-01 1.501105974067112880e-01 2.150906568065581725e-01 3.910630200034680842e-02
6.040732917276221414e-01 1.717151404842291174e-01 1.923565769248784252e-01 3.185499086327017032e-02
5.818131099013499341e-01 1.289741747988085718e-01 2.143525090247949960e-01 7.486020627504642866e-02
6.022203691338184894e-01 1.601614811317564613e-01 1.916821047519636501e-01 4.593604498246148249e-02
6.012051507824838215e-01 1.965546142328349066e-01 1.739345385959480128e-01 2.830569638873327992e-02
5.964349018818339010e-01 1.732161616313018238e-01 1.844067492431564481e-01 4.594218724370765367e-02
6.224735814227010389e-01 1.351239676811968049e-01 1.835057591497156193e-01 5.889669174638635651e-02
5.809430285691948859e-01 1.384003089345988702e-01 2.180023346938082252e-01 6.265432780239808819e-02
5.797249067770684494e-01 1.805570546033987422e-01 1.927903942102860979e-01 4.692764440924661329e-02
6.058673520015995795e-01 1.495767574648356746e-01 1.892683661802295747e-01 5.528752435333506715e-02
5.708815435522641701e-01 1.795235030152916855e-01 1.812672283325835465e-01 6.832772509986048681e-02
6.566210892027275481e-01 1.440255110577826625e-01 1.646531483539424578e-01 3.470025138554719973e-02
6.529677867923522339e-01 1.164183781885280988e-01 1.694618680111558140e-01 6.115196700796370760e-02
6.173568498881608635e-01 1.644883547266590140e-01 1.942604084631276984e-01 2.389438692205239287e-02
6.143404569185689779e-01 1.725365099161203508e-01 1.688515240024167363e-01 4.427150916289387256e-02
5.925024418124953396e-01 1.843308848677803202e-01 1.812175676084707143e-01 4.194910571125364668e-02
6.235649165768056834e-01 1.529532043553541443e-01 1.775084901851596286e-01 4.597338888268043267e-02
6.157600663640063754e-01 1.167089398946906942e-01 2.041926382109124360e-01 6.333835553039050825e-02
6.222883598733633947e-01 1.431723574548318667e-01 2.008447827948413311e-01 3.369449987696356702e-02
6.190516658668212546e-01 1.373367948224118174e-01 1.897461675841749240e-01 5.386537172659219136e-02
6.367308603686627766e-01 1.464603015821890897e-01 1.871912957711830694e-01 2.961754227796505046e-02
6.312226683891759560e-01 1.353887997485571371e-01 1.972473161489213811e-01 3.614121571334540095e-02
6.548001219235601855e-01 1.417027688394725815e-01 1.770759474996881078e-01 2.642116173727910786e-02
5.656810216997704144e-01 1.916361892520245247e-01 1.979187543648804615e-01 4.476403468332458557e-02
5.279830916074594871e-01 2.202697588095077763e-01 1.947679691298337679e-01 5.697918045319887159e-02
6.184943904134594383e-01 1.093885347020372850e-01 2.212213804115940319e-01 5.089569447290931414e-02
6.121111846553877189e-01 1.312077700449052475e-01 1.988964575747058927e-01 5.778458772500123797e-02
5.982130495459768715e-01 1.574825562960557035e-01 1.956605513705153565e-01 4.864384278745214479e-02
6.153329242002595345e-01 1.828488544446098818e-01 1.572269881105963496e-01 4.459123324453430348e-02
6.031691104096749134e-01 1.536050727466071186e-01 2.099785726905278871e-01 3.324724415319010862e-02
5.695479226151808350e-01 1.432226780492689699e-01 2.516822025557531317e-01 3.554719677979712583e-02
6.257645183017719326e-01 1.773811614834234773e-01 1.438705337806129858e-01 5.298378643419146550e-02
6.098154325264460995e-01 1.581782287696134326e-01 1.870432770051227156e-01 4.496306169881784248e-02
6.034442178120399403e-01 1.259333468611564255e-01 2.442543800181510294e-01 2.636805530865261177e-02
6.408452189923820042e-01 1.449249609083096690e-01 1.670256957966688438e-01 4.720412430263937198e-02
6.259544577944861077e-01 1.272159750430264802e-01 1.911512048232748562e-01 5.567836233921270861e-02
6.013262746228745792e-01 1.687659583885036119e-01 1.778218890216373693e-01 5.208587796698441880e-02
6.207847380902424828e-01 1.863603710652445566e-01 1.610864321310448710e-01 3.176845871346809652e-02
6.207938642305426136e-01 1.261555586432902831e-01 2.058472684282597054e-01 4.720330869790746037e-02
6.653714514630235666e-01 1.497131640669988051e-01 1.488599677524805320e-01 3.605541671749711019e-02
5.962735529726799211e-01 1.582979107607515035e-01 1.996209040255439437e-01 4.580763224102443743e-02
6.234723660316202620e-01 1.563126523983176253e-01 1.762699417759321929e-01 4.394503979413014877e-02
6.268539772121285436e-01 1.266020599854570661e-01 2.142806189894800595e-01 3.226334381293422676e-02
6.035743998678687605e-01 1.451669985598495749e-01 2.030709158772545098e-01 4.818768569502720339e-02
6.049708804974254228e-01 1.549072129802810394e-01 1.943983994645177293e-01 4.572350705777571828e-02
6.191347713091874816e-01 1.442807126463791501e-01 1.977725257013530358e-01 3.881199034308031176e-02
6.307053314759474283e-01 1.334793539039259846e-01 1.799315610945581012e-01 5.588375352556868708e-02
6.503582349888977765e-01 1.375289038072278203e-01 1.700686706475456333e-01 4.204419055632884622e-02
6.536439124468937933e-01 1.121876576407752069e-01 1.928099039743448595e-01 4.135852593798596682e-02
6.498257269321242591e-01 1.009452357445382725e-01 1.893540486044486271e-01 5.987498871888878582e-02
6.299800425963709705e-01 1.514986205007189390e-01 1.655308415180991588e-01 5.299049538481093169e-02
6.774778785064300424e-01 9.885851313178270483e-02 1.917127504434045504e-01 3.195085791838274403e-02
6.068547255917143834e-01 1.351004714942701523e-01 2.150818525478896404e-01 4.296295036612578222e-02
6.155371373879303665e-01 1.664087498789889041e-01 1.640868144640821868e-01 5.396729826899844540e-02
6.195348084776329811e-01 1.440319165969715653e-01 1.985824944634159428e-01 3.785078046197963564e-02
6.644981802061911136e-01 1.567737907227523542e-01 1.571583101928711868e-01 2.156971887818517550e-02
5.968364309643606758e-01 1.804301979552452584e-01 1.682566377841361871e-01 5.447673329625784405e-02
5.980062661213442210e-01 1.643083101839845905e-01 1.882401049290426398e-01 4.944531876562852091e-02
6.462605563973438105e-01 1.460917865054588427e-01 1.495196213422290143e-01 5.812803575496849201e-02
6.217841776707078161e-01 1.461847320709094011e-01 1.769355283200667039e-01 5.509556193831621762e-02
5.920760656333937666e-01 1.494255722613790083e-01 2.043188410739581462e-01 5.417952103126916913e-02
6.631335942953581197e-01 1.432531798881740981e-01 1.775593964127213098e-01 1.605382940374645503e-02
6.349750659343081916e-01 1.272358997926496538e-01 2.015153813927614002e-01 3.627365288028076146e-02
6.143884025243923075e-01 1.403872417460881872e-01 1.993002706064945784e-01 4.592408512302481594e-02
6.333704067719906350e-01 1.638867222818166103e-01 1.618994297563345064e-01 4.084344118985834549e-02
6.626100431810071356e-01 1.130841325922972290e-01 1.804491188481211483e-01 4.385670537857452173e-02
6.392639110617203135e-01 1.779999375309372911e-01 1.414820141800427755e-01 4.125413722729949495e-02
5.902619005373355154e-01 1.710823142994869206e-01 2.018763074940976843e-01 3.677947766908001154e-02
6.306604247639411298e-01 1.473837817947402651e-01 1.642635317687174690e-01 5.769226167260108062e-02
6.297915292959945788e-01 1.591828254140437993e-01 1.530523793543768774e-01 5.797326593558473073e-02
6.056554845805047771e-01 1.587889637960415434e-01 1.827826499701165341e-01 5.277290165333713839e-02
6.366426102820951227e-01 1.510781659425091406e-01 1.640755312116083386e-01 4.820369256378737033e-02
5.991929357876965012e-01 1.431898941385773005e-01 2.242873264921860788e-01 3.332984358154024440e-02
5.821224987736171030e-01 1.744682611170307596e-01 1.892658417312590713e-01 5.414339837809296896e-02
6.120458232509323748e-01 1.362496135509701778e-01 2.095319761722503060e-01 4.217258702584727320e-02
5.982312776950827748e-01 1.599296255022353563e-01 1.826232780658759713e-01 5.921581873680605707e-02
6.487639018402582280e-01 1.509316964273989814e-01 1.428851178094379393e-01 5.741928392290490679e-02
6.119231883381660575e-01 1.484965661738091580e-01 1.867657447349954092e-01 5.281450075302942387e-02
6.078766307554895887e-01 1.360471137148966947e-01 1.900272002992970111e-01 6.604905523031676107e-02
5.857412048308912045e-01 1.539031893379492477e-01 2.118190535446526634e-01 4.853655228650691905e-02
5.795776233662393029e-01 1.313528310211941608e-01 2.222157264576886948e-01 6.685381915487793869e-02
5.788250422476280965e-01 1.640373421517199171e-01 2.109086998670915702e-01 4.622891573356024963e-02
5.477787374672326015e-01 1.640394332979193681e-01 2.264588281060516961e-01 6.172300112879654937e-02
6.486896057628593892e-01 1.466952394877048538e-01 1.711140740006368566e-01 3.350108074879889347e-02
6.140698677889812052e-01 1.616725559691627179e-01 1.637952129786126310e-01 6.046236326324359173e-02
6.503527450563070245e-01 1.345134393410661877e-01 1.670282941553024869e-01 4.810552144732414132e-02
6.137842358180474189e-01 1.707224824584999689e-01 1.524292620296403555e-01 6.306401969381227046e-02
6.460264173857165337e-01 1.643478369039021725e-01 1.424443431234095891e-01 4.718140258697160055e-02
6.613182021133391375e-01 1.312205705692700564e-01 1.711134911357351518e-01 3.634773618165572373e-02
6.691610773635010556e-01 1.280565760410322385e-01 1.778531536780699751e-01 2.492919291739669613e-02
6.065799892383971770e-01 1.532385093074070115e-01 1.955406325521016897e-01 4.464086890209420511e-02
5.838771101114935691e-01 1.741019894269384138e-01 2.069287089986687755e-01 3.509219146289939417e-02
6.274939218373901673e-01 1.323609429676048388e-01 2.037528271602336294e-01 3.639230803477145476e-02
6.146980062474945994e-01 1.298005794719259975e-01 1.988274774301811987e-01 5.667393685039799622e-02
6.248646822077866814e-01 1.434721613953054420e-01 1.936830726967741778e-01 3.798008370013376822e-02
6.375510560398195414e-01 1.455105354840486309e-01 1.794025732865778544e-01 3.753583518955370263e-02
6.192272836534252756e-01 1.285769767873756186e-01 2.149662618951174997e-01 3.722947766408161996e-02
5.702354749908141729e-01 1.777170786279369807e-01 1.975527650094458798e-01 5.449468137180285554e-02
6.273719585250868702e-01 1.404454374895666435e-01 1.796068943503648652e-01 5.257570963498154476e-02
5.951633045684128209e-01 1.865401305917222252e-01 1.794733496411124174e-01 3.882321519875271687e-02
6.246489852089895933e-01 1.557637806288641735e-01 1.852278487270653251e-01 3.435938543508075538e-02
5.938595874153786980e-01 1.483682827859059972e-01 2.059875957554239134e-01 5.178453404329124571e-02
6.432183353838445417e-01 1.724474373877714628e-01 1.566942779062531210e-01 2.763994932213093003e-02
6.506799946465700035e-01 1.422723503787239052e-01 1.720191822808050663e-01 3.502847269390106655e-02
5.967924488175949671e-01 1.803007305655751347e-01 1.778920267489645379e-01 4.501479386786540887e-02
6.125464846685508835e-01 1.550643798737656176e-01 1.827367318789723249e-01 4.965240357871104210e-02
6.304225377924063123e-01 1.382544193257670972e-01 1.827129137318070917e-01 4.861012915001935997e-02
6.430777088328117896e-01 1.395875435501702511e-01 1.757805887328532934e-01 4.155415888416469361e-02
6.425458658807758905e-01 1.544778265552861907e-01 1.748033018535815886e-01 2.817300571035641008e-02
6.326566214132680610e-01 1.889572246081621110e-01 1.463810679277887106e-01 3.200508605078116603e-02
6.294627603883464761e-01 1.453587356926631102e-01 1.783251238098017277e-01 4.685338010918854018e-02
6.174995671272319742e-01 1.460083267979729593e-01 1.855212651722012440e-01 5.097084090259381556e-02
6.233697712448914574e-01 1.488053375328284300e-01 1.769061271090746901e-01 5.091876411320547802e-02
5.938825232850905023e-01 2.121623321226581982e-01 1.673777100668318585e-01 2.657743452541954515e-02
5.355148144967212254e-01 1.816595898633430739e-01 2.157298004239484035e-01 6.709579521598736662e-02
6.410308731526437320e-01 1.344103120434693988e-01 1.812427985480828674e-01 4.331601625580410592e-02
6.667880551975881032e-01 1.086715356680965083e-01 1.881600892112248735e-01 3.638031992309028601e-02
5.628326217149436372e-01 1.835894631680568823e-01 1.898364841082286480e-01 6.374143100877074919e-02
6.021459984108996633e-01 1.765149647557802404e-01 1.867643221291231670e-01 3.457471470419697102e-02
6.298165506928358193e-01 1.360525677620277318e-01 1.874882301245666960e-01 4.664265142056990554e-02
6.380639286903856400e-01 1.526810303779374545e-01 1.804922253002305965e-01 2.876281563144628475e-02
5.743823391096959385e-01 1.670330548134337512e-01 2.097248293412923847e-01 4.885977673557798107e-02
6.420987501786245000e-01 1.199805252038923936e-01 1.941380623939588657e-01 4.378266222352421994e-02
5.981725137785194324e-01 1.913725035424970466e-01 1.547404774316934184e-01 5.571450524729019277e-02
6.071838757577854295e-01 1.827094565470417653e-01 1.856616788569554199e-01 2.444498883821729501e-02
5.824974490164850360e-01 1.835077672900693457e-01 1.948850403830672540e-01 3.910974331037836427e-02
5.635057157874445721e-01 2.033369647909345490e-01 1.872768829917438593e-01 4.588043642987699872e-02
6.599308555453007319e-01 1.257170234489136396e-01 1.697924088623258276e-01 4.455971214345998133e-02
6.335577402553861370e-01 1.485777592540557801e-01 1.765738519710448040e-01 4.129064851951332049e-02
6.285360260323803461e-01 1.492163268299109558e-01 1.914914833812002559e-01 3.075616375650845960e-02
5.898302531847279262e-01 1.619294823551802598e-01 1.892518876663031313e-01 5.898837679378862026e-02
6.100027688917938340e-01 1.759716062849037976e-01 1.730030539599071160e-01 4.102257086339537034e-02
5.921342901716846185e-01 1.848803266981697835e-01 1.861954536610663236e-01 3.678992946907921197e-02
6.174226529824767828e-01 1.307382620168890397e-01 1.818607905657257107e-01 6.997829443490834189e-02
6.244499888123927756e-01 1.620151066074285162e-01 1.682665343874696628e-01 4.526837019270906620e-02
6.060596923510342959e-01 1.541078461661598287e-01 2.081589431712247418e-01 3.167351831158118913e-02
6.287822147874377876e-01 1.534800907553393046e-01 1.753751087252614360e-01 4.236258573196143018e-02
5.624469964155133228e-01 1.501005661811406489e-01 2.506141634135559126e-01 3.683827398979001855e-02
6.050221841989494864e-01 1.534950794272190999e-01 1.818199071547967893e-01 5.966282921903475617e-02
6.128445856646144163e-01 1.577448284945403567e-01 1.780187337739563280e-01 5.139185206688892671e-02
5.837486721853503147e-01 1.660916536070599636e-01 2.099693421471773291e-01 4.019033206041231626e-02
6.119258923340766820e-01 1.266641010023395741e-01 2.084585819482363822e-01 5.295142471534755590e-02
6.675116538339782579e-01 1.217946619501319577e-01 1.677389349948599229e-01 4.295474922102973658e-02
6.853117365699640251e-01 1.296003346952556146e-01 1.368389651609145385e-01 4.824896357386562751e-02
6.474266267589059431e-01 1.350955115880568269e-01 1.730401037776257422e-01 4.443775787541145300e-02
5.608367615753186985e-01 1.773462416477522285e-01 2.177268181329450603e-01 4.409017864398401265e-02
6.446093628647961982e-01 1.408290821746213395e-01 1.761855539234546408e-01 3.837600103712803662e-02
5.939619478931134067e-01 1.595135683213639854e-01 1.827149910434867075e-01 6.380949274203583099e-02
5.983756564213940088e-01 1.602138850417127725e-01 1.923207513915775047e-01 4.908970714531571411e-02
5.943587556835000507e-01 1.584885434324086184e-01 1.871084460337910371e-01 6.004425485030023130e-02
6.575445854384424083e-01 1.335638864075719134e-01 1.550132865688883255e-01 5.387824158509729733e-02
6.046471064770685411e-01 1.416502061485648001e-01 2.022855107011181375e-01 5.141717667324868096e-02
5.873476758108233664e-01 1.659978399187640175e-01 1.975588448188592139e-01 4.909563945155339532e-02
5.849955790158548607e-01 1.665166559638299459e-01 1.966269092934322671e-01 5.186085572688289846e-02
6.389189329704126896e-01 1.151629728849419831e-01 1.832497371243426154e-01 6.266835702030271182e-02
5.919159784585046324e-01 2.034807674741864747e-01 1.720941444374007590e-01 3.250910962990806452e-02
6.739725072362590108e-01 1.261520761337798779e-01 1.530170388745455690e-01 4.685837775541557698e-02
