1.365795638768618758e-01 1.312741654758891041e-01 3.315418837797010632e-01 4.006043868675478459e-01
1.696722517371022920e-01 9.074259305291666744e-02 2.741933642250387604e-01 4.653917909849423218e-01
1.602321375945672810e-01 7.368851653663850698e-02 2.803277177284117516e-01 4.857516281403824743e-01
1.630879555837711214e-01 1.354940454003424055e-01 2.711651766467619296e-01 4.302528223691247100e-01
1.208179655225043447e-01 8.969417931710524372e-02 3.001167106418757280e-01 4.893711445185146558e-01
1.266197278540891480e-01 1.375022274043773973e-01 3.123765162249186877e-01 4.235015285166148225e-01
2.098149668637076526e-01 9.918820274628252498e-02 3.093609074909558498e-01 3.816359228990540142e-01
1.614520226507595302e-01 1.164253934277811459e-01 2.788723752727891858e-01 4.432502086486701520e-01
1.435467546901427471e-01 1.013817362642569081e-01 2.883917458200951911e-01 4.666797632255050288e-01
1.497864364599095222e-01 1.299746420151346449e-01 2.896263329103128670e-01 4.306125886146429660e-01
1.768436719768459175e-01 9.345422273701266269e-02 2.595577006599631420e-01 4.701444046261782916e-01
1.584063398826353053e-01 1.235565842701130401e-01 2.635407451182975591e-01 4.544963307289541232e-01
1.531087844899864103e-01 7.901903249964412068e-02 3.387771430423250907e-01 4.290950399680443228e-01
1.834470944133547166e-01 9.440660797454276942e-02 3.066479483705507048e-01 4.154983492415516566e-01
1.545031359844262209e-01 1.126947529033295869e-01 2.717676156838111923e-01 4.610344954284329999e-01
1.723857167626736964e-01 1.042682786820350593e-01 2.347771796564307734e-01 4.885688248988604432e-01
1.976510939549836199e-01 8.352599834480749219e-02 3.288760352901198836e-01 3.899468724100891293e-01
1.715421865400792167e-01 8.401099365039933764e-02 2.866309743034502477e-01 4.578158455060711840e-01
1.285239526315074821e-01 1.069139516443147891e-01 3.260790008696300424e-01 4.384830948545476725e-01
1.562244354866671459e-01 1.308052736612675404e-01 2.637313202486153418e-01 4.492389706034500274e-01
1.828596531963108673e-01 1.302250918059277285e-01 2.549668884433654026e-01 4.319483665543961126e-01
1.440553474454730754e-01 9.706617283208382463e-02 3.058502149366912892e-01 4.530282647857517553e-01
1.253194730895625109e-01 1.214184068871705935e-01 2.562032161057086754e-01 4.970589039175583035e-01
1.076144486229138192e-01 1.127425544723006240e-01 2.683727109625499985e-01 5.112702859422354473e-01
1.579350284801483983e-01 1.309362119058758989e-01 2.731344349357073265e-01 4.379943246782684318e-01
1.295439441110406709e-01 1.509079458479550273e-01 2.831314402711204714e-01 4.364166697698837472e-01
1.692049260980946490e-01 1.071104490921088170e-01 2.325823652228360683e-01 4.911022595869604102e-01
1.610199326303143053e-01 9.213720546953181600e-02 2.751934070113373765e-01 4.716494548888164884e-01
1.421561692218324957e-01 8.826097923266700007e-02 2.458684816460326161e-01 5.237143698994679575e-01
1.406726287951396148e-01 1.614936567859518723e-01 2.571229429332405614e-01 4.407107714856678959e-01
1.730514735287502492e-01 8.502567939550111087e-02 3.092702283094715399e-01 4.326526187662770306e-01
1.799877819722636441e-01 9.595294222230579817e-02 2.368699957124666133e-01 4.871892800929639167e-01
1.808248830259173157e-01 7.522682914459159764e-02 2.798281639297398038e-01 4.641201238997512135e-01
1.708097299742435959e-01 1.226357402484566789e-01 2.827867987858743715e-01 4.237677309914253954e-01
1.191174489857568380e-01 1.009199757487158206e-01 2.841676483624735461e-01 4.957949269030538231e-01
1.274707226779807356e-01 1.346689550274434433e-01 2.729105591216083315e-01 4.649497631729674341e-01
1.238916541979791924e-01 9.608398524344989589e-02 2.880002163088318801e-01 4.920241442497390039e-01
1.778805154549289447e-01 8.293070658953297092e-02 2.732327552612150989e-01 4.659560226943229022e-01
1.610885195187910512e-01 1.232747482079227519e-01 2.514256746527310238e-01 4.642110576205553119e-01
1.665926853038559585e-01 6.072972656540968905e-02 2.327460860475891458e-01 5.399315020831452205e-01
1.653485638679855763e-01 1.072774401669900485e-01 2.588943692106135397e-01 4.684796267544109605e-01
1.509733745837368579e-01 1.363826519438563478e-01 2.287366635969848849e-01 4.839073098754218538e-01
1.451847334522463340e-01 1.008458022694023182e-01 2.864869017825382724e-01 4.674825624958130477e-01
1.653415419119764196e-01 1.152037364305044248e-01 2.525893387725799411e-01 4.668653828849392284e-01
1.206247636497720099e-01 1.219328332824966277e-01 3.020576832998533301e-01 4.553847197678779768e-01
1.371993368633984689e-01 1.076287292408680263e-01 2.727523534654239801e-01 4.824195804303094692e-01
1.709995902332359374e-01 1.123227302657471283e-01 2.530601584129056336e-01 4.636175210881112729e-01
1.970248080640221444e-01 8.118659941054207074e-02 2.570558107346081478e-01 4.647327817908275538e-01
1.646826292166458372e-01 1.337513693126320402e-01 2.700916518294109170e-01 4.314743496413112611e-01
1.366075161455360953e-01 1.422632055848967181e-01 2.925667269522675418e-01 4.285625513172997003e-01
1.477378648288274754e-01 1.051926455746312467e-01 2.563916069218105109e-01 4.906778826747308364e-01
1.732472764266264065e-01 8.143307483641896993e-02 3.154482255476545038e-01 4.298714231893001059e-01
1.615762287040539702e-01 1.404970805514444976e-01 2.592422267923894519e-01 4.386844639521120248e-01
1.443588184595066548e-01 1.156901928636178134e-01 2.574432071622252960e-01 4.825077815146502913e-01
2.209305818495040930e-01 6.936221535934439242e-02 2.835323963086661125e-01 4.261748064824854021e-01
1.816106113406294742e-01 1.226410233523108073e-01 2.666277350847142125e-01 4.291206302223455338e-01
1.803995491924609562e-01 1.335486882426502875e-01 2.648831789194801556e-01 4.211685836454086562e-01
1.704972907599046628e-01 1.008900711615047657e-01 2.883089018343877319e-01 4.403037362442028257e-01
1.960939916355445289e-01 9.096194601674832680e-02 2.290454273937529983e-01 4.838986349539540766e-01
1.723122190200040427e-01 1.155175062140723630e-01 2.790433472748239940e-01 4.331269274910996558e-01
1.058535150754973814e-01 9.971938242246813910e-02 3.028196422242943053e-01 4.916074602777401048e-01
1.381507660270142324e-01 8.483496656600551800e-02 2.954653918991801964e-01 4.815488755078000671e-01
1.869218174840661939e-01 1.373136664141643426e-01 2.388837075770753327e-01 4.368808085246941308e-01
1.635605028170439845e-01 1.152795094017428079e-01 2.953366746506478902e-01 4.258233131305653729e-01
1.445877107024610142e-01 1.548328073502933944e-01 2.353396848803753216e-01 4.652397970668704086e-01
1.510004594354646124e-01 1.217670882437703883e-01 2.295435079965969793e-01 4.976889443241680477e-01
1.947532037148209938e-01 1.173878835789298747e-01 2.779622680051341832e-01 4.098966447011150316e-01
1.443897290725992821e-01 1.285725032396279333e-01 2.634274624042317048e-01 4.636103052835411908e-01
1.451787652917967131e-01 1.478525317907427583e-01 2.714474907982198926e-01 4.355212121192405528e-01
1.510668548810664147e-01 9.209403860857512392e-02 2.698044751514152018e-01 4.870346313589431486e-01
1.216177575171785430e-01 1.171315138592459032e-01 2.917962379621749092e-01 4.694544906614007695e-01
1.558640215220835346e-01 1.346236828839733612e-01 2.307689925180355650e-01 4.787433030759076225e-01
1.836539899089581207e-01 9.569469440386446646e-02 2.366678091479909873e-01 4.839835065391863145e-01
1.598365475013066306e-01 1.451095552887158857e-01 2.177968990834982244e-01 4.772569981264794259e-01
1.210675965082428779e-01 9.418596431237651057e-02 2.786745755932619750e-01 5.060718635861185533e-01
1.401780839318538530e-01 1.112638746736284573e-01 3.014645370625089749e-01 4.470935043320087843e-01
1.921544561124619577e-01 9.721938503787444508e-02 2.906922125023244097e-01 4.199339463473391598e-01
1.451012051364080346e-01 1.142107758068721668e-01 2.789251092450470426e-01 4.617629098116726172e-01
1.937098192751458281e-01 9.887566157987250082e-02 2.377345572327790868e-01 4.696799619122025704e-01
1.453886191512503701e-01 9.014109618596448381e-02 3.279542615774579950e-01 4.365160230853271095e-01
1.285923265197381760e-01 9.285848742869085015e-02 2.689096796739300910e-01 5.096395063776408829e-01
2.003731633422437819e-01 5.458580940623457278e-02 3.057638851906007149e-01 4.392771420609209443e-01
1.365016157607962244e-01 1.096407827369081517e-01 2.598067295572195068e-01 4.940508719450760755e-01
1.459908473378512539e-01 1.195952362668453312e-01 3.283976698222169643e-01 4.060162465730864367e-01
1.737652836779728927e-01 9.148373753623827154e-02 2.976990659342269585e-01 4.370519128515617524e-01
1.801327895980517624e-01 9.209885371238647755e-02 2.406971942264538589e-01 4.870711624631077763e-01
1.478948579176091738e-01 8.458200191409304125e-02 2.490264228527469537e-01 5.184967173155508036e-01
1.671436915267656698e-01 8.131318358300120008e-02 2.543018449721726748e-01 4.972412799180604415e-01
1.439668068087681663e-01 8.981945790501512372e-02 2.580949774096587546e-01 5.081187578765580248e-01
1.512118007341586579e-01 1.185017626380053812e-01 2.533845790618973748e-01 4.769018575659384473e-01
1.532645634628854447e-01 1.027873424997701041e-01 2.498171561376010541e-01 4.941309378997434387e-01
1.745166815518934544e-01 8.167335739683975748e-02 2.551092096195036740e-01 4.887007514317632251e-01
1.265110171865521937e-01 9.952561262952396015e-02 2.070241035396207796e-01 5.669392666443031636e-01
1.140828941582037875e-01 7.770037652192028632e-02 2.839802517339988230e-01 5.242364775858769921e-01
1.553060438110759889e-01 9.017025989612187375e-02 3.282053398004758371e-01 4.263183564923264668e-01
1.190536914816158753e-01 1.049845427953201571e-01 2.571294643098722688e-01 5.188323014131915878e-01
1.372686584203612892e-01 9.138373283499413857e-02 2.388779070868619347e-01 5.324697016577825126e-01
1.510502108579198088e-01 1.643933692976179417e-01 2.538188125114761440e-01 4.307376073329861055e-01
1.276852945561202379e-01 1.116032237915346031e-01 3.254072447561686121e-01 4.353042368961765329e-01
1.975168045363477620e-01 1.132729368544329734e-01 2.301473328743230962e-01 4.590629257348960435e-01
1.276158252154953876e-01 1.189953606898859900e-01 2.628396969073834577e-01 4.905491171872350398e-01
1.605459456017185593e-01 1.135353939526940747e-01 2.321246658661582640e-01 4.937939945794291852e-01
9.158381841206995888e-02 1.208321284279325475e-01 3.410341286316700415e-01 4.465499245283274798e-01
1.689426838926504915e-01 1.010381411764019050e-01 2.960236367243499478e-01 4.339955382065976974e-01
1.770088511994984959e-01 9.382709871400166102e-02 2.505046920341982286e-01 4.786593580523015867e-01
1.931076652948613137e-01 1.222825421935600093e-01 2.313211536495159704e-01 4.532886388620627760e-01
1.270130085196939651e-01 1.182093512072371067e-01 2.660626273281815335e-01 4.887150129448873392e-01
1.703504201977660282e-01 8.419468436137990397e-02 2.661575814324886324e-01 4.792973140083655048e-01
1.405849784842674033e-01 1.155313359885573599e-01 2.793968037544804495e-01 4.644868817726948151e-01
1.268749114777609766e-01 1.391923130335813719e-01 2.841125243635611586e-01 4.498202511250965485e-01
1.203659489397755911e-01 1.036977454498928947e-01 2.792124568434185550e-01 4.967238487669130564e-01
1.402454857007836009e-01 1.291630407813712522e-01 2.374908558272486037e-01 4.931006176905967098e-01
1.443028824962680479e-01 1.407093162161339450e-01 2.753324492054556871e-01 4.396553520821424033e-01
1.638370660786008792e-01 1.063827154440237927e-01 2.440096577499825392e-01 4.857705607273927750e-01
1.513547748797434700e-01 9.307888617901559358e-02 2.835359729235774062e-01 4.720303660176636273e-01
1.167347434416580176e-01 7.938918881961018470e-02 2.170607764831114506e-01 5.868152912556203749e-01
1.285099865130925889e-01 8.246092079811724596e-02 2.948863618911591877e-01 4.941427307976310468e-01
2.319070899130577790e-01 9.104545197940971946e-02 2.266525850955309895e-01 4.503948730120014288e-01
1.610338285021557514e-01 1.256960609556488084e-01 2.650989226670407706e-01 4.481711878751547529e-01
1.416434377475061790e-01 1.563716758547824270e-01 2.723358053746137708e-01 4.296490810230975121e-01
1.282036905408564520e-01 9.408695904071269489e-02 2.970610559925057070e-01 4.806482944259251044e-01
1.333658279648541334e-01 9.437104033815373050e-02 3.298792853549672999e-01 4.423838463420248224e-01
1.567126457302938924e-01 1.031573046190430859e-01 2.346672222083703574e-01 5.054628274422927614e-01
1.613278601507972809e-01 1.366292009125821549e-01 2.874448830211848160e-01 4.145980559154357481e-01
1.981809893271198886e-01 9.809752365208596059e-02 2.738361306165770226e-01 4.298853564042172115e-01
1.679401877109549523e-01 1.186083005155505049e-01 2.451489616222762846e-01 4.683025501512182442e-01
1.520587362852858782e-01 9.056702369930462460e-02 2.589810564870902443e-01 4.983931835283192391e-01
1.377752611961068629e-01 1.164344841060351715e-01 2.812085399281716303e-01 4.645817147696861826e-01
1.522795897320201042e-01 1.210879809212725700e-01 2.551583477183227977e-01 4.714740816283844449e-01
1.726075060257661886e-01 1.195213996671945916e-01 2.291231511959480882e-01 4.787479431110910344e-01
1.238431981605000731e-01 1.200287163997848655e-01 2.473997991254046069e-01 5.087282863143104406e-01
1.605889053074316952e-01 9.812395205846681512e-02 3.086992869274139961e-01 4.325878557066875074e-01
1.551462577855730052e-01 1.139880717390079762e-01 2.601927353212835636e-01 4.706729351541353856e-01
1.744421506616782858e-01 1.157447216221685615e-01 2.803948544918273278e-01 4.294182732243259082e-01
1.743297414545889323e-01 8.779106114798543303e-02 2.394528825745323719e-01 4.984263148228932350e-01
1.564764417964921717e-01 1.484583173337116480e-01 2.352501642223361888e-01 4.598150766474600748e-01
1.455429533915347240e-01 1.212011778170584420e-01 2.674117826407507170e-01 4.658440861506560338e-01
1.420156063328356644e-01 9.624928748734633277e-02 3.208615588449700851e-01 4.408735473348477929e-01
1.782103693661770960e-01 6.976545246583323867e-02 2.512433470727739593e-01 5.007808310952157616e-01
1.517669144380186519e-01 1.174685645632115027e-01 2.865657943653450723e-01 4.441987266334248563e-01
1.939031931375743978e-01 1.152306956553721951e-01 2.655318634384271625e-01 4.253342477686262724e-01
1.661917981766344310e-01 1.060366023824910742e-01 3.024685038124370617e-01 4.253030956284375441e-01
1.417869772172981879e-01 1.336821936797369381e-01 3.365591766691145015e-01 3.879716524338504002e-01
1.277843811701497301e-01 1.033330914493639507e-01 2.675848600971479363e-01 5.012976672833385772e-01
1.127033747357661098e-01 1.181274175312601177e-01 3.069240621095677413e-01 4.622451456234060174e-01
1.327578696484725818e-01 1.366910908584204887e-01 2.680438425042118156e-01 4.625071969888951973e-01
1.817586253288207832e-01 8.719004708757555067e-02 2.526724965753051610e-01 4.783788310082985884e-01
1.704222515067157495e-01 1.234534997605582496e-01 2.554441463412892577e-01 4.506801023914367987e-01
1.804847700231158314e-01 1.050342619146234641e-01 2.785732144758105155e-01 4.359077535864501751e-01
1.540110861093710870e-01 6.782081001922982133e-02 2.779230660414067078e-01 5.002450378299924116e-01
1.209592592438149261e-01 8.038135771364472715e-02 2.558500257072933159e-01 5.428093573352471557e-01
1.396277771938934098e-01 1.009593890436784325e-01 3.062839611721422384e-01 4.531288725902860026e-01
1.692725609631447192e-01 9.720833177191259833e-02 2.596186784199343567e-01 4.739004288450083813e-01
1.498359786417664263e-01 8.275731372332893743e-02 2.503162986580188543e-01 5.170904089768856293e-01
1.238686991607987897e-01 1.482638066860774984e-01 2.729420991709675670e-01 4.549253949821560616e-01
1.147785602969444707e-01 1.001918600884983274e-01 3.299997671632062257e-01 4.550298124513509901e-01
1.464610018161671690e-01 1.036587407556419232e-01 2.763307087950891971e-01 4.735495486331017800e-01
1.664704183652847558e-01 1.048054193992319916e-01 2.826359997268547142e-01 4.460881625086285385e-01
1.206778789294218474e-01 1.415723721316131389e-01 2.746337944031239653e-01 4.631159545358409790e-01
1.621854657651583542e-01 7.108385591136691384e-02 3.085224699173325091e-01 4.582082084061423477e-01
1.565508389383654941e-01 1.116339654251000679e-01 2.740332067314618092e-01 4.577819889050725455e-01
1.531973978871241093e-01 1.497740378697350605e-01 2.288610439463073243e-01 4.681675202968335059e-01
1.276788584619970579e-01 1.335077321485526047e-01 2.751407664039920431e-01 4.636726429854581277e-01
1.619388165275717772e-01 1.242575325527972702e-01 2.377317602280187292e-01 4.760718906916122650e-01
1.393512883405484959e-01 8.244979753748582496e-02 3.023023487973686141e-01 4.758965653245970651e-01
1.622030895030491804e-01 1.107174678586738542e-01 2.823665265620800557e-01 4.447129160761968958e-01
1.346206490172410786e-01 1.222289940015852672e-01 2.628040579486575767e-01 4.803462990325160220e-01
1.603887905194724128e-01 9.972026179998354223e-02 2.803248453537158791e-01 4.595661023268280410e-01
1.725262564600305581e-01 1.225160994822101085e-01 2.941888729416407000e-01 4.107687711161186472e-01
1.326090918301037480e-01 9.993486381903352034e-02 2.620189595363179857e-01 5.054370848145448569e-01
1.418022142820726250e-01 1.052086022853071789e-01 3.511212005509714018e-01 4.018679828816488775e-01
1.441028861031524444e-01 9.603537877850405746e-02 2.451880410548812339e-01 5.146736940634620838e-01
1.701632627654005858e-01 1.253755583675253971e-01 2.138231326551785771e-01 4.906380462118954400e-01
1.607008929336255498e-01 1.009726246793332671e-01 2.782741751862018997e-01 4.600523072008393388e-01
1.367392063923936751e-01 9.706594831322144790e-02 3.146744809450990887e-01 4.515203643492856633e-01
1.688622911196523968e-01 1.102893298566084979e-01 2.313242611436837348e-01 4.895241178800552873e-01
1.476353720615198040e-01 9.739786050060436629e-02 2.405245284447682930e-01 5.144422389931074813e-01
1.474620039148579198e-01 1.042803625649033339e-01 2.790339002699818161e-01 4.692237332502570690e-01
1.320025991366698959e-01 1.066266091492829859e-01 2.698345525722449789e-01 4.915362391418022225e-01
1.596772780624946819e-01 1.017528020856649645e-01 2.552680632311617459e-01 4.833018566206785382e-01
1.802920005313022045e-01 9.978653772943379963e-02 2.957759994429627337e-01 4.241454622963012344e-01
1.511589798787459082e-01 1.356228508529015442e-01 2.679068292630045200e-01 4.453113400053479443e-01
1.441044725286853012e-01 1.611197100620165024e-01 2.226039638928146436e-01 4.721718535164835528e-01
1.453386714535315205e-01 9.853707964180945245e-02 2.209043580979148380e-01 5.352198908067441474e-01
1.111474303725120405e-01 8.417693348568565381e-02 2.809835907781311204e-01 5.236920453636710882e-01
1.635557823972091929e-01 1.007995387702563805e-01 2.461796391459518951e-01 4.894650396865824482e-01
1.992661182145104293e-01 9.781127039627787734e-02 2.672249422890257131e-01 4.356976691001860358e-01
1.375832348115131054e-01 9.610845799343493978e-02 3.056108084288325366e-01 4.606974987662194598e-01
1.296816622043201472e-01 1.113216379268679446e-01 2.633305052776004906e-01 4.956661945912113620e-01
1.604135554126735475e-01 1.272503511415147559e-01 2.795090276420051367e-01 4.328270658038064211e-01
1.849903068143379514e-01 1.014002076213577769e-01 2.350623061424226834e-01 4.785471794218814634e-01
1.348921628881896706e-01 1.527098879299751133e-01 2.463475106711768559e-01 4.660504385106585268e-01
1.589621507105877796e-01 1.048039733885639396e-01 2.458552601269262394e-01 4.903786157739221108e-01
1.845825035850165441e-01 1.171669344740015051e-01 2.150569713235572777e-01 4.831935906174248396e-01
1.932015444122465730e-01 7.962776639346828833e-02 2.755125765080279066e-01 4.516581126862573292e-01
1.581031375333256939e-01 1.049246021185101241e-01 2.542666740105274381e-01 4.827055863376367162e-01
1.355936764704316067e-01 1.107860444273047335e-01 2.216661630266265615e-01 5.319541160756371401e-01
1.252221817125321046e-01 1.013607354839984459e-01 2.681882263725199889e-01 5.052288564309493912e-01
1.346988498127776601e-01 1.074491080056428766e-01 2.510697270287313154e-01 5.067823151528479952e-01
1.640619573468818648e-01 1.040238597960840700e-01 2.423633107399003062e-01 4.895508721171336619e-01
1.229231582237283599e-01 1.085253497627768765e-01 2.741233840023055701e-01 4.944281080111892490e-01
1.830260191818857685e-01 9.005305058968940402e-02 2.807821535495781951e-01 4.461387766788466602e-01
1.613394986389578289e-01 1.213080949839398792e-01 3.042167334228384479e-01 4.131356729542636219e-01
1.389138419892321230e-01 1.059657388473140699e-01 2.749184559992668975e-01 4.802019631641868402e-01
1.314871077151338330e-01 1.065047729997510989e-01 2.914440613916716161e-01 4.705640578934434104e-01
1.437807697346360214e-01 6.565074749240487617e-02 2.736311329290075922e-01 5.169373498439515657e-01
1.494923401728505685e-01 7.161996991173717741e-02 2.932086908291257621e-01 4.856789990862865891e-01
1.688816399689198333e-01 8.757177513398410607e-02 2.769753722052278877e-01 4.665712126918680203e-01
1.530056045738473480e-01 1.002712102616094558e-01 2.605780682018540850e-01 4.861451169626890834e-01
1.171154081583788698e-01 1.290450838890158103e-01 3.170992471131008905e-01 4.367402608395042352e-01
2.121088461319235730e-01 1.047253410666093704e-01 2.337962962762815400e-01 4.493695165251855306e-01
1.544173584822710332e-01 1.040946012494954886e-01 2.836814762916533561e-01 4.578065639765800943e-01
1.478872270174573511e-01 1.008754996511293384e-01 3.248551417235239214e-01 4.263821316078894030e-01
1.198497265060136791e-01 6.157558338990719998e-02 3.065101881354728164e-01 5.120645019686064225e-01
1.381084426425583933e-01 9.175565429897472591e-02 2.965434652385025571e-01 4.735924378199644069e-01
1.979562425813452264e-01 1.015131755386566720e-01 2.374575559080710219e-01 4.630730259719269548e-01
1.617778034127430320e-01 9.750728457574493746e-02 2.758817793353273706e-01 4.648331326761847571e-01
1.055535094276310176e-01 1.015274436598279928e-01 2.793212637578696977e-01 5.135977831546711947e-01
1.655818286636484005e-01 7.095807624888325615e-02 3.278429295982822622e-01 4.356171654891861089e-01
1.360826493126884307e-01 9.019501298545004597e-02 2.604084373137925956e-01 5.133139003880689000e-01
1.374572723195466306e-01 1.063809892233388704e-01 2.527351118279870246e-01 5.034266266291274050e-01
1.473319895577836491e-01 9.412359151122175194e-02 3.088792688719653734e-01 4.496651500590292394e-01
1.625535680986491260e-01 9.261031773908372233e-02 2.636798597367814856e-01 4.811562544254857632e-01
1.488558382528009372e-01 1.448408388239030287e-01 2.384073922660388256e-01 4.678959306572572641e-01
1.470280063178648067e-01 1.066017515980747649e-01 2.705489967332808665e-01 4.758212453507795203e-01
1.809389680644419851e-01 9.533511120185682308e-02 2.806817480284352073e-01 4.430441727052659151e-01
1.636087195272016015e-01 9.309335966679738172e-02 2.620720942145328136e-01 4.812258265914682309e-01
1.402224306205816229e-01 1.403479145609829448e-01 2.632355030253210049e-01 4.561941517931143442e-01
1.467741125950842163e-01 9.039633805466791572e-02 2.453465347222065773e-01 5.174830146280411380e-01
1.478835399088129499e-01 1.331881710204834146e-01 2.338532675800961969e-01 4.850750214906073277e-01
1.642570942692783142e-01 8.962501844163281439e-02 2.737937140432053496e-01 4.723241732458835496e-01
1.412393768329511246e-01 8.032631783955716809e-02 3.126014860274472507e-01 4.658328193000444983e-01
1.615576681428488037e-01 1.375858931503460558e-01 2.485146614791065578e-01 4.523417772276985827e-01
1.717679567508695326e-01 1.027868180707160878e-01 2.097422506973606604e-01 5.157029744810537331e-01
1.874327078749679354e-01 8.703411310865986905e-02 3.139382715212533093e-01 4.115949074951189002e-01
1.715347453109161424e-01 9.880002589366659871e-02 2.304676747790759817e-01 4.991975540163413050e-01
1.597777911533518891e-01 9.943361069648103123e-02 2.745425422236009161e-01 4.662460559265662052e-01
1.632293099348909038e-01 8.018527518338029736e-02 2.448215853458972635e-01 5.117638295358316602e-01
1.160426897290962323e-01 1.126007924321365122e-01 2.788382018376065474e-01 4.925183160011608052e-01
1.416931625046206344e-01 9.406110741821673005e-02 2.794842151693088805e-01 4.847615149078538521e-01
1.745234939704276289e-01 8.629722656178012707e-02 2.932456570462033119e-01 4.459336224215890154e-01
1.900846827268138084e-01 8.994768799057996367e-02 2.896408477835372697e-01 4.303267814990689999e-01
1.180949446020937155e-01 1.051142195157541148e-01 2.926930355086588276e-01 4.840978003734933699e-01
1.426800941077300267e-01 1.209218490420427838e-01 2.630547090389275255e-01 4.733433478112997750e-01
1.497344233063975238e-01 8.855243447624928932e-02 2.664586457965967825e-01 4.952544964207564182e-01
1.461205453084102046e-01 8.155715992901618749e-02 3.058350237786872650e-01 4.664872709838863707e-01
1.391827713276121981e-01 9.812055652097938230e-02 2.985683054208558840e-01 4.641283667305526328e-01
1.668718030084738735e-01 7.507209735084550972e-02 2.429475842861761048e-01 5.151085153545045259e-01
1.570784538002699127e-01 1.208126736612835789e-01 2.204639111893247905e-01 5.016449613491218429e-01
1.838742667804907083e-01 7.904172360151325016e-02 2.803683292070333066e-01 4.567156804109626655e-01
1.475694223261299898e-01 9.657892361144262972e-02 3.040189550469784563e-01 4.518326990154488132e-01
1.419862290405506655e-01 7.997350450506725272e-02 2.568715204666074947e-01 5.211687459877746287e-01
1.642408936418615906e-01 1.133416596080335098e-01 2.798735885163777803e-01 4.425438582337269944e-01
1.421822634505026939e-01 8.841284480132316492e-02 2.436780985460731130e-01 5.257267932021011392e-01
1.577150205282900342e-01 9.812527356695290026e-02 2.342739053717638464e-01 5.098858005329933718e-01
1.372234945562462172e-01 6.045059654506526603e-02 2.363574087306211102e-01 5.659685001680673233e-01
1.438818548361764649e-01 9.770310736750591196e-02 2.246902813343578387e-01 5.337247564619597151e-01
1.604895132827982296e-01 1.059102768132864497e-01 2.780193512253511523e-01 4.555808586785641268e-01
1.265730568104435905e-01 5.988070853066635585e-02 3.081061206925678753e-01 5.054401139663223796e-01
1.659171956817956928e-01 1.006267086262443156e-01 2.412844373113013086e-01 4.921716583806585166e-01
1.423410552084639902e-01 1.179734062105913805e-01 2.874248784411629898e-01 4.522606601397816117e-01
1.648801086901750812e-01 9.791639753520836598e-02 2.415222691525115706e-01 4.956812246221051210e-01
1.416670205026840101e-01 6.356384971123316130e-02 3.299159105050052943e-01 4.648532192810775343e-01
1.228775644850252508e-01 1.298087243588544326e-01 2.692269225421967116e-01 4.780867886139236744e-01
1.856787671063503953e-01 9.897797853374706856e-02 2.277189224014826985e-01 4.876243319584198654e-01
1.409420272575231670e-01 7.116682702008454708e-02 2.554617615863111757e-01 5.324293841360809854e-01
1.414425490188185031e-01 8.498587801227522331e-02 2.778355179196378977e-01 4.957360550492684315e-01
1.149764634027009569e-01 8.317691596000928445e-02 3.347897106252311628e-01 4.670569100120586237e-01
1.878835934083347703e-01 7.946276831779702787e-02 3.019482287355929051e-01 4.307054095382752412e-01
1.335300279960362213e-01 1.064680274616881389e-01 2.586467646771536955e-01 5.013551798651221247e-01
1.762133947948431867e-01 9.907747374712744248e-02 2.255265176707638985e-01 4.991826137872654723e-01
1.396981154292140925e-01 1.112451260931606595e-01 2.802761593593410261e-01 4.687805991182843468e-01
1.423106895205631661e-01 7.980136871992618564e-02 2.581205605380296753e-01 5.197673812214810285e-01
1.497477199726927055e-01 1.000034222517429267e-01 3.051112250557849181e-01 4.451376327197796301e-01
1.594696546091103617e-01 6.994225814788052054e-02 2.844365686522959402e-01 4.861515185907133163e-01
1.538382190261733395e-01 1.050363320784679227e-01 2.761921468725002660e-01 4.649333020228585411e-01
1.306362152832039047e-01 8.482043334631332587e-02 2.613904510467706110e-01 5.231529003237122000e-01
1.401624313784125275e-01 8.506477817926715035e-02 2.922003246446632230e-01 4.825724657976569465e-01
1.646731407344307618e-01 9.891823577472343143e-02 2.381000899889630651e-01 4.983085335018826445e-01
1.450950743142066512e-01 1.255265093670531185e-01 2.696533864499797151e-01 4.597250298687606263e-01
1.725350084202118828e-01 1.046093313460623175e-01 2.770733529077368251e-01 4.457823073259890578e-01
1.604149619989574949e-01 1.084073831810331984e-01 2.155077545528218397e-01 5.156699002671873977e-01
9.926958773087161958e-02 1.256259429818332440e-01 2.647063186367842325e-01 5.103981506505107513e-01
2.086943723574028187e-01 6.416022497772502775e-02 2.506595702086343858e-01 4.764858324562378233e-01
1.690445724047591747e-01 1.029178556753710116e-01 2.471886955684210740e-01 4.808488763514486841e-01
1.189933780529899426e-01 1.251568722736900174e-01 2.502849952239074582e-01 5.055647544494126233e-01
1.657858696715035496e-01 8.224918598100385003e-02 2.628578576470469441e-01 4.891070867004456146e-01
1.721966784338207213e-01 7.842457686693397878e-02 3.065667054034045269e-01 4.428120392958407314e-01
1.503216548149247933e-01 8.912870979859517651e-02 2.268464509897331338e-01 5.337031843967469102e-01
1.546631035566344015e-01 1.398200221058693848e-01 2.310187479271223754e-01 4.744981264103738106e-01
1.769989802212953711e-01 9.943068668191383519e-02 2.267711756432931602e-01 4.967991574534976196e-01
1.274443599754005174e-01 1.489515236208680260e-01 2.463959491124806112e-01 4.772081672912508177e-01
1.402773295217301652e-01 1.059332915662096891e-01 2.747471389911558259e-01 4.790422399209041671e-01
1.435109686891150593e-01 7.662408828798204785e-02 2.926686775154129228e-01 4.871962655074899007e-01
1.087618735867379172e-01 1.171011263061277202e-01 2.756557290354135770e-01 4.984812710717206885e-01
1.188456745943374249e-01 1.040844883506861496e-01 2.945923845575985078e-01 4.824774524973780565e-01
1.471794033980689531e-01 1.052774506133828114e-01 2.853379238018509123e-01 4.622052221866973509e-01
1.345265139178963010e-01 1.146293061095939175e-01 2.597966468254782613e-01 4.910475331470315896e-01
1.396202116102993607e-01 1.240137957595115331e-01 2.670646412500756184e-01 4.693013513801135850e-01
1.481260495551716128e-01 1.021599826823774010e-01 2.673947029231412142e-01 4.823192648393098136e-01
1.764299692120618601e-01 1.070889152334744410e-01 2.905669064925323064e-01 4.259142090619313925e-01
1.860665011590815487e-01 1.121792814896286350e-01 2.470334483209430942e-01 4.547207690303467498e-01
1.211322471216476487e-01 1.061355751402558029e-01 2.728043173974420421e-01 4.999278603406544508e-01
1.507036652449622594e-01 9.713185579126754066e-02 2.672267175074611312e-01 4.849377614563091243e-01
1.274214693911498164e-01 9.949391105611329889e-02 2.820753653498623836e-01 4.910092542028745566e-01
1.757642690578285760e-01 8.836738102588048704e-02 2.585985248192781971e-01 4.772698250970128786e-01
1.304375267475169908e-01 9.816504346020310523e-02 2.549623462177017519e-01 5.164350835745781243e-01
1.641939584056054391e-01 1.052651914278622119e-01 2.597841360957003354e-01 4.707567140708319164e-01
1.317914673497403433e-01 8.396882208181107032e-02 2.335071951653389100e-01 5.507325154031095238e-01
1.397552553271469156e-01 1.258312355553991846e-01 2.804520028038397506e-01 4.539615063136142603e-01
1.497510993351903741e-01 9.517017274353446743e-02 2.887833764643652490e-01 4.662953514569100344e-01
1.659793487821191738e-01 1.027035955400571188e-01 2.417426991429353911e-01 4.895743565348885662e-01
1.922242111690676269e-01 1.145827596955085875e-01 2.578606651067051891e-01 4.353323640287186103e-01
1.736804697371439610e-01 1.270392387084799402e-01 2.391795897601039500e-01 4.601007017942722044e-01
1.655841809726994462e-01 1.073677270010208323e-01 2.069061849145057419e-01 5.201419071117739934e-01
1.984213141256068458e-01 1.340932768100356609e-01 2.370845388714342694e-01 4.304008701929231684e-01
1.205776677017411508e-01 1.066424178718354820e-01 2.798326061638323758e-01 4.929473082625910885e-01
1.485520572006880091e-01 9.004295865119192610e-02 2.651256424495840314e-01 4.962793416985359918e-01
1.510564024725239429e-01 7.911250700612336428e-02 2.341491329941612354e-01 5.356819575271914990e-01
1.608153287371923701e-01 1.126516510732261112e-01 2.346251879134275409e-01 4.919078322761540334e-01
1.981886286234818828e-01 1.065065351545860795e-01 2.789128106210492231e-01 4.163920256008827314e-01
1.668860581394364662e-01 9.002601031144487342e-02 2.817951581761043989e-01 4.612927733730143309e-01
1.327181093272365719e-01 8.966762199870466354e-02 2.425146453284476589e-01 5.350996233456111195e-01
1.533479586386931048e-01 1.023440010050130911e-01 2.565878000348293386e-01 4.877202403214644377e-01
1.619523520424017149e-01 8.404800007280764651e-02 2.659984775681761837e-01 4.880011703166144965e-01
1.645035040279520522e-01 7.591838071888293293e-02 2.634903848861495090e-01 4.960877303670154781e-01
1.623518156459574091e-01 1.027220316765315861e-01 2.817755561358181726e-01 4.531505965416927073e-01
1.617890366171448324e-01 9.282511639731881592e-02 2.828236504864608536e-01 4.625621964990755952e-01
1.656508531484560398e-01 1.330644962758959771e-01 2.529792803182451810e-01 4.483053702574025801e-01
2.016293108395886269e-01 1.086028319453083146e-01 2.445386562728222579e-01 4.452292009422806895e-01
1.382706616841198333e-01 8.729083167911617924e-02 2.365663794366809902e-01 5.378721272000830389e-01
1.261166437184284561e-01 1.025072001326764320e-01 2.941976618401722088e-01 4.771784943087227782e-01
1.442635325046473238e-01 1.090598041304768617e-01 2.983703575234334937e-01 4.483063058414423763e-01
1.341047573521299274e-01 1.059115545671784481e-01 2.938071588529781453e-01 4.661765292277134098e-01
1.528802217879897396e-01 1.014885301376329124e-01 2.965094893246362773e-01 4.491217587497411401e-01
1.794941856143588421e-01 1.031170035800499096e-01 2.346964190227675551e-01 4.826923917828237487e-01
1.573399544543526152e-01 9.215696015851793099e-02 2.509024218399918404e-01 4.996006635471377244e-01
1.255968208333977099e-01 9.778826165312654028e-02 2.649725495875352999e-01 5.116423679259404222e-01
1.493492753767647341e-01 1.089237971072307132e-01 2.942238369974656820e-01 4.475030905185388153e-01
1.935886175291117450e-01 1.087137772113002110e-01 2.350282205677944325e-01 4.626693846917935837e-01
1.105774163564647444e-01 8.534583445782845113e-02 2.660759585291274654e-01 5.380007906565792419e-01
1.524172838644717587e-01 1.564211702527232850e-01 2.404850180520837488e-01 4.506765278307210409e-01
1.326481458295513116e-01 1.493488271781433507e-01 2.139724865567232126e-01 5.040305404355821528e-01
1.676489805290419244e-01 9.908035891043583121e-02 2.483716233989859690e-01 4.848990371615362616e-01
1.621987824261124089e-01 8.572776294393548435e-02 2.513320152600996837e-01 5.007414393698524924e-01
1.391998231001974340e-01 8.297371774901707298e-02 2.993983715876297746e-01 4.784280875631556906e-01
1.551274765387571364e-01 1.061671749956037691e-01 2.593491797176291636e-01 4.793561687480100142e-01
1.410237299281196788e-01 1.265843156705008243e-01 2.207797379950352246e-01 5.116122164063442446e-01
1.688382542829553745e-01 8.717684161277507171e-02 1.884440677825469923e-01 5.555408363217224643e-01
1.421282770269748641e-01 1.113879030112521623e-01 2.482900724222552313e-01 4.981937475395179504e-01
1.573136589439468325e-01 1.035618166653531624e-01 2.797379471756210600e-01 4.593865772150790283e-01
1.441389855642746243e-01 9.161983165774696680e-02 2.728861676087091515e-01 4.913550151692692713e-01
1.668624097732790967e-01 1.072686590642890347e-01 2.328890805155494348e-01 4.929798506468824892e-01
1.057584405770449903e-01 1.149898043266883718e-01 2.762831208047226705e-01 5.029686342915440367e-01
1.671549759918434241e-01 8.259228918481546777e-02 2.410599176073455197e-01 5.091928172159957411e-01
1.736795660080489578e-01 9.510449932351745794e-02 2.746576210717005528e-01 4.565583135967330453e-01
1.878175347770708603e-01 8.515012218389776677e-02 2.619208784829595293e-01 4.651114645560718852e-01
1.499399322289853842e-01 9.341170253404471047e-02 2.832907911213288776e-01 4.733575741156410555e-01
1.401668114934276899e-01 8.680160611221215960e-02 2.953202002028881279e-01 4.777113821914720226e-01
1.204682009627293521e-01 1.061664218129657056e-01 2.766537649580975700e-01 4.967116122662074140e-01
1.164313264837609913e-01 9.496958866380875164e-02 2.783586690675810549e-01 5.102404157848491328e-01
1.451953738488226398e-01 9.486774784753196355e-02 2.859451893153926449e-01 4.739916889882526685e-01
1.035052015337712961e-01 1.236713008960608345e-01 2.724836987021098667e-01 5.003397988680577946e-01
1.484854229588138952e-01 8.504174997565792926e-02 3.072426926176066164e-01 4.592301344479214897e-01
1.764947299058634289e-01 1.199340061876643937e-01 2.630136191384113697e-01 4.405576447680606966e-01
1.683173649323221055e-01 9.940806112943725847e-02 2.687519351165305603e-01 4.635226388217099647e-01
1.903296866873483151e-01 1.080364122689679157e-01 2.734759489095011653e-01 4.281579521341826733e-01
1.345921618448754353e-01 1.215500089992992278e-01 2.946057649806648748e-01 4.492520641751603927e-01
1.448214386602062476e-01 1.284910511277439216e-01 2.560692799965496591e-01 4.706182302155001440e-01
1.740971189584207546e-01 9.272012055890412052e-02 2.429643056325094252e-01 4.902184548501657413e-01
1.241160758205385045e-01 1.003009054924954013e-01 2.905116809848137804e-01 4.850713377021524386e-01
1.679949643138570203e-01 1.385906742170613659e-01 2.435330478129150156e-01 4.498813136561666259e-01
1.660405681035557468e-01 1.111207593136289695e-01 2.591587176876537502e-01 4.636799548951616168e-01
1.535122367843785030e-01 6.723957522286461153e-02 3.142899113189505655e-01 4.649582766738062922e-01
1.451304675769461150e-01 1.073050651411694562e-01 2.862532312655355349e-01 4.613112360163488801e-01
2.122917602626109013e-01 8.256913601591199525e-02 2.360366646380031574e-01 4.691024390834738766e-01
1.208030266943645875e-01 8.991163635371454688e-02 3.050766125255509054e-01 4.842087244263698631e-01
1.669384443018302744e-01 1.010933621062970050e-01 2.983231231639553727e-01 4.336450704279172785e-01
1.901321113648504202e-01 8.437506622798648936e-02 2.405235352138975768e-01 4.849692871932655969e-01
1.262472352546017973e-01 1.129249735223348677e-01 2.424929386246387208e-01 5.183348525984246002e-01
1.726343758560391073e-01 9.770028480448784969e-02 2.567336212498767534e-01 4.729317180895962203e-01
1.527169814170609707e-01 1.228611002435671257e-01 2.685055390618272253e-01 4.559163792775445256e-01
1.364416508976427911e-01 1.288334911523059956e-01 2.555206828670570918e-01 4.792041750829940661e-01
1.496509056184725517e-01 1.253211584707370485e-01 2.471962903307706183e-01 4.778316455800198925e-01
1.672085397073665991e-01 1.338431644313173852e-01 2.921294047839552710e-01 4.068188910773608558e-01
1.026257681318384074e-01 7.423073460439583160e-02 3.014831130597763753e-01 5.216603842039893024e-01
1.295327682480885145e-01 1.231169237460145727e-01 2.831838938930374416e-01 4.641664141128594157e-01
1.581658806797702210e-01 1.155784591337794404e-01 2.662174642865002827e-01 4.600381958999500420e-01
1.462979877481274116e-01 1.101226192589559866e-01 2.472214150557289214e-01 4.963579779371877221e-01
1.574692987689101376e-01 1.276382897701585362e-01 2.464496677257309032e-01 4.684427437352005619e-01
1.315957946628781017e-01 1.222992245311359111e-01 2.421187185635456374e-01 5.039862622424405858e-01
1.685095393714877154e-01 9.225264896504571654e-02 3.009790656272119391e-01 4.382587460362545317e-01
1.295994932018324497e-01 1.196462465149383397e-01 2.805503227233009378e-01 4.702039375599282311e-01
1.477447436093462518e-01 8.687535846746587131e-02 2.731732951574262214e-01 4.922066027657616138e-01
1.521824886772762675e-01 8.610699503348417938e-02 2.511561654213191885e-01 5.105543508679204479e-01
1.373105017633912961e-01 9.350038091721261935e-02 2.716041871250761686e-01 4.975849301943199854e-01
1.327150258627541879e-01 9.900510980744772760e-02 2.631278997942030351e-01 5.051519645355949661e-01
1.177930172057451291e-01 1.120448631200666040e-01 2.879619731875645572e-01 4.822001464866236264e-01
1.437390350361698876e-01 8.513403325114206333e-02 2.362684081312500239e-01 5.348585235814381500e-01
1.624963183512642406e-01 1.139820371234840507e-01 2.386151066913410890e-01 4.849065378339104671e-01
