4.813575350504489259e-01 1.009668880174345584e-01 2.292926048950649776e-01 1.883829720370515382e-01
5.707209564346297226e-01 8.550573998023085209e-02 1.955608498138950435e-01 1.482124537712445900e-01
5.699317657231341983e-01 1.056442495602424314e-01 1.427256862117364522e-01 1.816982985048869181e-01
5.815579920230544708e-01 8.821661911277967061e-02 1.562599656529556902e-01 1.739654232112101129e-01
5.157958217714455618e-01 8.953234079870966977e-02 2.011068830454329770e-01 1.935649543844119025e-01
4.980424851782935813e-01 7.603727209439302415e-02 2.163291474211643528e-01 2.095910953061491389e-01
5.190439953685940244e-01 1.179083539017234672e-01 1.495503501606541830e-01 2.134973005690283254e-01
5.986075531856204224e-01 8.102591799152239482e-02 1.398844756004635204e-01 1.804820532223936902e-01
5.664224422748164178e-01 9.972257679364487926e-02 1.831968477940227602e-01 1.506581331375159982e-01
6.028433242629939182e-01 6.112083411864898536e-02 1.828268230863530075e-01 1.532090185320039710e-01
5.851762457665581341e-01 9.001431032949558375e-02 1.776404254362267121e-01 1.471690184677195978e-01
5.596959947623745268e-01 7.093230541422851365e-02 1.672846775920954765e-01 2.020870222313014275e-01
5.355176097040185157e-01 8.598075187775143513e-02 1.835018000934021676e-01 1.949998383248279232e-01
5.672186747644984983e-01 1.012041924311310181e-01 1.681797315689140260e-01 1.633974012354565131e-01
5.149754955655571065e-01 1.042160866373750688e-01 1.943698118116665430e-01 1.864386059854011568e-01
5.463539883838257616e-01 1.306158630181120939e-01 1.803249523457987613e-01 1.427051962522633000e-01
6.004544295947799037e-01 9.637767172551962858e-02 1.498774428143448967e-01 1.532904558653556404e-01
5.404012884174262954e-01 9.690479864573724178e-02 2.069629699245739973e-01 1.557309430122623684e-01
5.977436725731249956e-01 8.172103228795724039e-02 1.540040707438088963e-01 1.665312243951089233e-01
5.043593948437323782e-01 1.123876554617939671e-01 2.025449898927458858e-01 1.807079598017276856e-01
5.441414095008049179e-01 7.617002988199879365e-02 1.727180090291169090e-01 2.069705515880796154e-01
5.464043523221415732e-01 7.567639919564837780e-02 2.256206800361658937e-01 1.522985684460442524e-01
5.423387989112757879e-01 1.132294819288512805e-01 2.027441997319803513e-01 1.416875194278924555e-01
5.775319098257383210e-01 1.292392834437560978e-01 1.632730119548009562e-01 1.299557947757047638e-01
5.166836619748571557e-01 8.302526176059192575e-02 2.392557135719826922e-01 1.610353626925683235e-01
5.386503223807699303e-01 8.501337117251034359e-02 2.020425378998872978e-01 1.742937685468326225e-01
5.290081902636175615e-01 1.201207885606001002e-01 1.681665530383938678e-01 1.827044681373886648e-01
5.047292614663300148e-01 5.945767930439879723e-02 2.071339034153842906e-01 2.286791558138867586e-01
5.260179419870855133e-01 1.376859170267946686e-01 1.960769656409392381e-01 1.402191753451804412e-01
5.087324566477914312e-01 7.758999489737526678e-02 1.829090563615551890e-01 2.307684920932782102e-01
5.229133930294532773e-01 8.414113139240199379e-02 1.953534939746386923e-01 1.975919816035060506e-01
5.555457713681146714e-01 9.395999266242385795e-02 1.941819892519932034e-01 1.563122467174685171e-01
5.801619514971073643e-01 1.258850067850403043e-01 1.422862001423560452e-01 1.516668415754962862e-01
5.259801256016897186e-01 1.110503208909075085e-01 1.799076464913836604e-01 1.830619070160190431e-01
5.572494954688371749e-01 1.252574983159730204e-01 1.575076558406425520e-01 1.599853503745471694e-01
5.943639112773088096e-01 9.340951496093495565e-02 1.389234086873601115e-01 1.733031650743961094e-01
4.948759954584585063e-01 1.239290351178576194e-01 2.086218183927724679e-01 1.725731510309114758e-01
5.617017965728402507e-01 1.160525795005690058e-01 1.884174398840810782e-01 1.338281840425095959e-01
5.344712873028859557e-01 8.765981624261731664e-02 2.025280302976070479e-01 1.753408661568897353e-01
5.985012075608414639e-01 9.317606468225875238e-02 1.793418351728450488e-01 1.289808925840548459e-01
5.597259488120729376e-01 1.170020761348459643e-01 1.756946248585693482e-01 1.475773501945116806e-01
6.291054107829118225e-01 8.577344675744774660e-02 1.436558367865534980e-01 1.414653056730869607e-01
5.327164483655814076e-01 1.311449306454842423e-01 1.550950765255778852e-01 1.810435444633564372e-01
4.834147748395634103e-01 1.324729085785435467e-01 1.923905557345430006e-01 1.917217608473500146e-01
4.690745705105375807e-01 1.304007674278321871e-01 1.967190951760872386e-01 2.038055668855430491e-01
4.561970342097697584e-01 1.736911323907789351e-01 1.799103305774630290e-01 1.902015028219881942e-01
5.569680310338337437e-01 9.238455281472210401e-02 2.092105434798221253e-01 1.414368726716220825e-01
5.895689454818805464e-01 1.135865671906223368e-01 1.510378049506891640e-01 1.458066823768078002e-01
5.326765918765140606e-01 9.477062422140714038e-02 1.996550813327418461e-01 1.728977025693370917e-01
4.956441177730590564e-01 8.503516730799853818e-02 2.186717296922033871e-01 2.006489852267389906e-01
5.037167272678981789e-01 1.261771075530214170e-01 2.043704036743157204e-01 1.657357615047647670e-01
5.565887366563337935e-01 9.327600441807748499e-02 1.758099995484904698e-01 1.743252593770981962e-01
5.172688515308322410e-01 8.560108044534467386e-02 2.244768957471111048e-01 1.726531722767119803e-01
5.178811155529015053e-01 7.228972548070888848e-02 1.948620716607775694e-01 2.149670873056119536e-01
5.480181897370675070e-01 7.426241753752897690e-02 2.231272203141574928e-01 1.545921724112459816e-01
5.362073050294171583e-01 9.604169758510816557e-02 1.775022498324214382e-01 1.902487475530533489e-01
5.477629051578717378e-01 9.681641206763740015e-02 2.042946878125390109e-01 1.511259949619518650e-01
5.399973217685967164e-01 1.123475985376425623e-01 1.699030903842053686e-01 1.777519893095554082e-01
5.209551848074306379e-01 6.204137605899068958e-02 2.127425023862502540e-01 2.042609367473283699e-01
5.815846274913467617e-01 6.640156103662513132e-02 1.970287481409009611e-01 1.549850633311270487e-01
5.507344066365976731e-01 1.172122523383438281e-01 1.572262748102313812e-01 1.748270662148269927e-01
5.011218582737618776e-01 8.487131791646428114e-02 2.307142217962736275e-01 1.832926020135000889e-01
5.095083535186464285e-01 1.179327272453061792e-01 1.763918368035290174e-01 1.961670824325184859e-01
5.255304923548731466e-01 9.850944237848201224e-02 1.961701848445280838e-01 1.797898804221168267e-01
5.747670457783512488e-01 1.114661005299500962e-01 1.533507420339756955e-01 1.604161116577230151e-01
5.968551210138750562e-01 8.177694938584460782e-02 1.806344318796380133e-01 1.407334977206422533e-01
4.953028365334792849e-01 9.495995857352150515e-02 2.071466259436525736e-01 2.025905789493465947e-01
5.335236531248566116e-01 1.176731341724156221e-01 1.732971282462845153e-01 1.755060844564432232e-01
4.876725808581008348e-01 7.940374330056888807e-02 2.136249371395779195e-01 2.192987387017523992e-01
5.581729701780284714e-01 1.212449732627737392e-01 1.704660233144886239e-01 1.501160332447092349e-01
5.890524904814333773e-01 8.379738543689294050e-02 1.705315225056651951e-01 1.566186015760084593e-01
5.494702076473366725e-01 9.388777174380837087e-02 1.950534522321389075e-01 1.615885683767160075e-01
5.177632036133965610e-01 1.046490975678038421e-01 1.659580313490859327e-01 2.116296674697137337e-01
5.455529621129532325e-01 7.814687807764574001e-02 1.995302021892115529e-01 1.767699576201893497e-01
5.134208680947555115e-01 1.022475732131310905e-01 2.023004642660071739e-01 1.820310944261061270e-01
5.025314674586570662e-01 1.283757946238686110e-01 2.010185444687337397e-01 1.680741934487406941e-01
5.833849405761256657e-01 5.794693007427154097e-02 1.794042955334184120e-01 1.792638338161841871e-01
4.907913159286380056e-01 1.150274731724262450e-01 2.208191882955033714e-01 1.733620226034321421e-01
5.297941643606501883e-01 9.753278736621175116e-02 1.954437592735241980e-01 1.772292889996138210e-01
5.163082501395206414e-01 1.250878863396263918e-01 1.566481410844192956e-01 2.019557224364338377e-01
5.084738947449095603e-01 1.157825490353870668e-01 1.773456426640132866e-01 1.983979135556900864e-01
5.609920941456706389e-01 1.101852921839290012e-01 1.798692217980107366e-01 1.489533918723894845e-01
5.436985995565903895e-01 1.117641106817742758e-01 1.546581676717529996e-01 1.898791220898824739e-01
5.395883896463070650e-01 9.479747546502201305e-02 2.042176216135146438e-01 1.613965132751563336e-01
4.808050519098652775e-01 1.128296486305266771e-01 2.209718294278498196e-01 1.853934700317582118e-01
5.522856575826415870e-01 8.171599872872099823e-02 2.249001466691441242e-01 1.410981970194933321e-01
5.238506720329916266e-01 1.105246822551737285e-01 2.101363902531686589e-01 1.554882554586660137e-01
5.756681996902152099e-01 9.762476576018935814e-02 1.676606992822066711e-01 1.590463352673887054e-01
5.095589212392315215e-01 1.122728550210031762e-01 2.050629864788879875e-01 1.731052372608771761e-01
5.540624096470969651e-01 8.392953299792070554e-02 1.955468709468825284e-01 1.664611864080999815e-01
5.812843063689271395e-01 9.224461594131419528e-02 1.546098470476323095e-01 1.718612306421263280e-01
5.487936619530806581e-01 1.005687309247958600e-01 1.558348414302138107e-01 1.948027656919097128e-01
5.670349931767134644e-01 9.009398637462630310e-02 1.813903005534048540e-01 1.614807198952554201e-01
5.715927273153067478e-01 9.169818219543378335e-02 1.501317007417685978e-01 1.865773897474907739e-01
5.865930769667929701e-01 9.346993600886409348e-02 1.650415895838370506e-01 1.548953974405059553e-01
5.400407534435152090e-01 8.570964958877844153e-02 1.542608447536412408e-01 2.199887522140651641e-01
5.631379595882987088e-01 7.143686020425756011e-02 1.913667587407852644e-01 1.740584214666585083e-01
5.652091674669316168e-01 9.344930317986555046e-02 1.692134905837239522e-01 1.721280387694789082e-01
5.223861952057771152e-01 1.001333941668972327e-01 1.956693994977461437e-01 1.818110111295793974e-01
5.964807308332307212e-01 8.320854509748541739e-02 1.372618620933996614e-01 1.830488619758842139e-01
4.985575030642305783e-01 1.120130761475975484e-01 2.116471450066377546e-01 1.777822757815341881e-01
5.364795962522850292e-01 9.281776308065289860e-02 1.842860763454293449e-01 1.864165643216328105e-01
5.754711246944559377e-01 1.011600663074613965e-01 1.713679867458120787e-01 1.520008222522707120e-01
5.538775883744606610e-01 1.110268859417614107e-01 1.548080280125647135e-01 1.802874976712131871e-01
6.657913869399748608e-01 8.662026528538542547e-02 1.461385708647791326e-01 1.014497769098606228e-01
4.787565768885325701e-01 6.017148843921735213e-02 2.124487701423828090e-01 2.486231645298673798e-01
5.240615634927593414e-01 1.077324951230959615e-01 1.900732448752742998e-01 1.781326965088704251e-01
5.722310560148903269e-01 1.090015932705628299e-01 1.445265762225301787e-01 1.742407744920167478e-01
5.674756814079205958e-01 5.637999504004016088e-02 1.976147534354915358e-01 1.785295701165478255e-01
5.476115749575496405e-01 8.128965406071474165e-02 1.495005738250129446e-01 2.215981971567226871e-01
5.361523829383293416e-01 1.133304027637342393e-01 1.900636998014356704e-01 1.604535144965007765e-01
5.410880600898166914e-01 7.848237007568165113e-02 2.082939219983206136e-01 1.721356478361808495e-01
6.075964752728183482e-01 6.960497113355319787e-02 1.819622715621118936e-01 1.408362820315165742e-01
5.117734056446306967e-01 1.139924557032268998e-01 1.888877908965589936e-01 1.853463477555832573e-01
5.947560758194343489e-01 7.508839434581947303e-02 1.886691936655399970e-01 1.414863361692062504e-01
5.548846107165384955e-01 9.238293494473291678e-02 1.763625550597539560e-01 1.763698992789747844e-01
5.828885967720743855e-01 9.119195786589359698e-02 1.545704540606984145e-01 1.713489913013334365e-01
5.183466426027175666e-01 9.456985933273377720e-02 1.965964684774330062e-01 1.904870295871157193e-01
5.478621837156144592e-01 1.071455265990507583e-01 2.166030953157626615e-01 1.283891943695722182e-01
4.971987396247958269e-01 9.290020646383302660e-02 1.736540832907941256e-01 2.362469706205769238e-01
5.696636443774072411e-01 8.108997829517110290e-02 2.015222392964385600e-01 1.477241380309830265e-01
4.770273558103710343e-01 9.193547033425134019e-02 2.035444183801161100e-01 2.274927554752613768e-01
5.238084323141536380e-01 1.039654719675704025e-01 2.111995685213155782e-01 1.610265271969603673e-01
5.244439758400574192e-01 1.017906642060092265e-01 1.871421660120551334e-01 1.866231939418782071e-01
5.610768397273876440e-01 7.458913300717090467e-02 1.622502476260067050e-01 2.020837796394346353e-01
5.061069216600820875e-01 9.109393092794693114e-02 2.034709849803547077e-01 1.993281624316162182e-01
5.942249428468443506e-01 7.427595106030648875e-02 1.958328741988129562e-01 1.356662318940360379e-01
5.858243326391555650e-01 7.798850034451396129e-02 1.757747031648760894e-01 1.604124638514544121e-01
5.188271131243942236e-01 1.002264626707503326e-01 1.957112615560469004e-01 1.852351626488086267e-01
5.160827133887235796e-01 9.629828529271154680e-02 2.051776222959139362e-01 1.824413790226509513e-01
4.839686995391235258e-01 1.145774823377970902e-01 1.843893718998018405e-01 2.170644462232776406e-01
5.311272714204290368e-01 1.197841482875030839e-01 1.805592155485185035e-01 1.685293647435494868e-01
5.666416374481313412e-01 1.053617745487599178e-01 1.425410137339697125e-01 1.854555742691389730e-01
5.089372577860806768e-01 1.265019895425769647e-01 1.853235092088722225e-01 1.792372434624699695e-01
5.635737202700277226e-01 1.099564333343272526e-01 1.742718164307195117e-01 1.521980299649255408e-01
4.989640148766358307e-01 1.385920374579192871e-01 1.735573220764626279e-01 1.888866255889823931e-01
5.575033480248515749e-01 9.157397230205868710e-02 1.956725671371810638e-01 1.552501125359087852e-01
4.897847577598742896e-01 1.598377303380124625e-01 1.476987929504126051e-01 2.026787189517008092e-01
5.899980113442226948e-01 6.158159494873233220e-02 1.554423714089539499e-01 1.929780222980910231e-01
6.052669580177215680e-01 1.158869348504781294e-01 1.660852801434427595e-01 1.127608269883576403e-01
5.239130962172543482e-01 9.776388691172556433e-02 1.731942647089649567e-01 2.051287521620552279e-01
5.575210160068652110e-01 7.588972728707961413e-02 1.802441072598180982e-01 1.863451494462371461e-01
5.311727791337397253e-01 1.079395004363921245e-01 1.969727723369036343e-01 1.639149480929645297e-01
5.272544277194349815e-01 9.469909336860918292e-02 1.502984458639893828e-01 2.277480330479664528e-01
5.867250831239501085e-01 1.098232696279872744e-01 1.693034613476399608e-01 1.341481859004224619e-01
5.423573105430672392e-01 8.882334459670344906e-02 1.847999069026863006e-01 1.840194379575429140e-01
5.665662319544534364e-01 1.013692990642794250e-01 1.645362301905137770e-01 1.675282387907532922e-01
5.000751961420542013e-01 1.052921279587175629e-01 1.795308095997892595e-01 2.151018662994390040e-01
5.671346894729375476e-01 9.344576974662818780e-02 1.913436227961389513e-01 1.480759179842951467e-01
5.226347285013586141e-01 1.197808054856517868e-01 1.719465367474795614e-01 1.856379292655100377e-01
5.225530949531139724e-01 9.304462398270250956e-02 1.918619318825343367e-01 1.925403491816491675e-01
5.790811491291820712e-01 5.962069739471796692e-02 1.748562312247067263e-01 1.864419222513932772e-01
5.886247780730297086e-01 7.819330057029755254e-02 2.042470357847021301e-01 1.289348855719705533e-01
5.885421764571862058e-01 8.642211627219750780e-02 1.554448087766541475e-01 1.695908984939621389e-01
5.042257239099615651e-01 8.526945603462190992e-02 2.230803974951912905e-01 1.874244225602254843e-01
6.538797895069139443e-01 7.255145760837272695e-02 1.047070883021308657e-01 1.688616645825825324e-01
5.043835276639462295e-01 7.993512543156117145e-02 2.308861875012102050e-01 1.847951594032822553e-01
5.728690057493144305e-01 1.182205884371262672e-01 1.522428136916180175e-01 1.566675921219414236e-01
6.249006033343877942e-01 6.584686911923799679e-02 1.758155472501962691e-01 1.334369802961778706e-01
5.960459606789748621e-01 6.333883504064442838e-02 2.029958669601777677e-01 1.376193373202029835e-01
5.963643507503670893e-01 1.190686144756013393e-01 1.633778848378460713e-01 1.211891499361856667e-01
5.386368117678669298e-01 8.405093242336739157e-02 1.662304896340635885e-01 2.110817661747021456e-01
4.851096929938121805e-01 1.249082962920972234e-01 1.767391104944421309e-01 2.132429002196484791e-01
5.480492362993812927e-01 5.989511765087527501e-02 2.344208167487740746e-01 1.576348293009693646e-01
5.465399158284420800e-01 1.043185163409417054e-01 1.997089871797935734e-01 1.494325806508225718e-01
5.060485464763122554e-01 9.421844768772934253e-02 1.744360938663584160e-01 2.252969119696000277e-01
5.612056889194125819e-01 6.580010197179869680e-02 1.888707527631778571e-01 1.841234563456107809e-01
5.317801067017565719e-01 7.716509938415827552e-02 1.939588425910059033e-01 1.970959513230791105e-01
5.644019995132480982e-01 8.680893529480318560e-02 2.166370161095385050e-01 1.321520490824100447e-01
4.959751565397561013e-01 9.023786492677389470e-02 1.962097638507401542e-01 2.175772146827298636e-01
4.624347054843010452e-01 9.972989888108986511e-02 2.014026797888024412e-01 2.364327158458068012e-01
5.825845905573056038e-01 7.994847093780267644e-02 1.643426430834894758e-01 1.731242954214022300e-01
5.123889264133846266e-01 9.171139862638090501e-02 1.961770715696405376e-01 1.997226033905938614e-01
5.279123816824131676e-01 7.653276831108335454e-02 2.102345165121681514e-01 1.853203334943353264e-01
5.239738131045496017e-01 7.622951951861034470e-02 2.123355728297637024e-01 1.874610945470763235e-01
5.496710620612904608e-01 1.313165392813876176e-01 1.869806440663626390e-01 1.320317545909593104e-01
5.670269134899594832e-01 8.164957369522961306e-02 1.786716952062982755e-01 1.726518176085124756e-01
5.215862783475804232e-01 9.362662204117419562e-02 1.605476335430328916e-01 2.242394660682124341e-01
5.466004904231281936e-01 1.204417045770109634e-01 1.948033131744720259e-01 1.381544918253889143e-01
5.838697484470436461e-01 7.517801955625903754e-02 1.649845387612244307e-01 1.759676932354728440e-01
5.449657322557335259e-01 1.028189453397751196e-01 1.819978938902274135e-01 1.702174285142640242e-01
5.288395911698450247e-01 1.034221168526784779e-01 1.805899191096677625e-01 1.871483728678088598e-01
5.338751033746613750e-01 6.137765818049716049e-02 1.873039432968450491e-01 2.174432951479962628e-01
5.133864914361508935e-01 1.067701582006899130e-01 2.192772956386488392e-01 1.605660547245103820e-01
6.013301403961315295e-01 9.920439689368323877e-02 1.537992147479519678e-01 1.456662479622332085e-01
5.615554277399114058e-01 8.876899234781887582e-02 1.652086972118900488e-01 1.844668827003796141e-01
5.625709783900019190e-01 8.866364861222790494e-02 1.628773507869497039e-01 1.858880222108204860e-01
4.987899723806857311e-01 1.172431533803621473e-01 2.038551859945460787e-01 1.801116882444059042e-01
6.259572013664060908e-01 5.562904066883421483e-02 1.775374343087339768e-01 1.408763236560258425e-01
5.482368046099791448e-01 7.594914296726872072e-02 1.674284527139784373e-01 2.083855997087735723e-01
4.922892382870996397e-01 1.069382984003616754e-01 2.221105695515657175e-01 1.786618937609729674e-01
5.689240873996520564e-01 8.947086192880410183e-02 2.042698006716883452e-01 1.373352499998555243e-01
4.973449582716305550e-01 1.484122613125438972e-01 2.022423488654318813e-01 1.520004315503936387e-01
5.544250298506336883e-01 5.699049953336748908e-02 2.274765714975494901e-01 1.611078991184492493e-01
4.892759947209749938e-01 1.436556704776863203e-01 1.851125720155145093e-01 1.819557627858241489e-01
5.198856482333892304e-01 9.622590911734019148e-02 1.949698102382570464e-01 1.889186324110134485e-01
5.170056852858605501e-01 1.110200622985276636e-01 1.972504410715285594e-01 1.747238113440831853e-01
5.599817756743499242e-01 9.590669102278337466e-02 1.879060060266512511e-01 1.562055272762154501e-01
6.028758789765061854e-01 6.971690086160026167e-02 1.353193635089886826e-01 1.920878566529048426e-01
5.418264768649279084e-01 4.528215196060703107e-02 2.209649844731110535e-01 1.919263867013540348e-01
5.394179204756073265e-01 8.444131328069534592e-02 2.010842274401240526e-01 1.750565388035732473e-01
5.592440762552419731e-01 7.719243888524683628e-02 1.950844816492904865e-01 1.684790032102207735e-01
5.364672355806885395e-01 9.145502952149782427e-02 1.942544094049668546e-01 1.778233254928467122e-01
5.169750461668560781e-01 9.999478278905482576e-02 1.998312868227769545e-01 1.831988842213121416e-01
5.659311988259221327e-01 8.578302640034489446e-02 1.990342954503640238e-01 1.492514793233690185e-01
6.052311399511413059e-01 1.113374339499272891e-01 1.358019000999735604e-01 1.476295259989578723e-01
5.157434505697461313e-01 7.721641275154374207e-02 1.955838190223190831e-01 2.114563176563909741e-01
5.660596901647245716e-01 1.216452328359535345e-01 1.584874961858592224e-01 1.538075808134627132e-01
5.439724821347121653e-01 9.780121429041471748e-02 1.634348225040948011e-01 1.947914810707782607e-01
5.659148091801727842e-01 8.059453762211099548e-02 1.867813782082578811e-01 1.667092749894584225e-01
5.666372253634466283e-01 8.287494002603396082e-02 1.753158935475596647e-01 1.751719410629598017e-01
5.994444801442494475e-01 5.837448847705446753e-02 1.791069126536264655e-01 1.630741187250695778e-01
5.817406918140359817e-01 1.463315931581303520e-01 1.300064459152318608e-01 1.419212691126019166e-01
5.352607889201644875e-01 8.934737859543873117e-02 1.901685148358903121e-01 1.852233176485062749e-01
6.147944823097224454e-01 9.882700431444969846e-02 1.447564153642757756e-01 1.416220980115519834e-01
5.379238893872820837e-01 1.045519291296762854e-01 1.852374126604330595e-01 1.722867688226083493e-01
5.856676348204153948e-01 8.592035535754047326e-02 1.535252547752284091e-01 1.748867550468156951e-01
5.571220651325902162e-01 8.480096035095392726e-02 1.885538852851054437e-01 1.695230892313504545e-01
5.921497776935634727e-01 8.180559158659921060e-02 1.564155814903828712e-01 1.696290492294545149e-01
4.690353717357645391e-01 9.255867955557335602e-02 1.902115936344267177e-01 2.481943550742354287e-01
4.848545469005486330e-01 1.418480120271282674e-01 1.803151483797248156e-01 1.929822926925984783e-01
5.656962664153841747e-01 8.744152168724833585e-02 1.911667157088727809e-01 1.556954961884947364e-01
5.734223440615169309e-01 9.286133394398365937e-02 1.750507268257214255e-01 1.586655951687781507e-01
5.312200844368881736e-01 1.217587284747016219e-01 1.931390825056923666e-01 1.538821045827178657e-01
5.470047258494533660e-01 8.324653909532928053e-02 1.870457331832537928e-01 1.827030018719636995e-01
5.399331378810233728e-01 1.094835412528800261e-01 2.050569421021440075e-01 1.455263787639526629e-01
5.291346694766623227e-01 1.283024053458692026e-01 1.394362254723662820e-01 2.031266997051023870e-01
5.958661712972296298e-01 6.285114210720718630e-02 1.900156972681332213e-01 1.512669893274301014e-01
5.222127506613937209e-01 1.126281781652311714e-01 1.764041362568439797e-01 1.887549349165311419e-01
5.332998184714347056e-01 9.943832847418664078e-02 1.966843326826235583e-01 1.705775203717549982e-01
5.908985179690219303e-01 9.712997904176144670e-02 1.691735533417494663e-01 1.427979496474672261e-01
5.479833058763879938e-01 6.612883328021018636e-02 2.214359412776157610e-01 1.644519195657860866e-01
5.521609024742419880e-01 1.139469324215004881e-01 1.743215457324477913e-01 1.595706193718096910e-01
5.983928172224213249e-01 7.671172377326403169e-02 1.762513314996189684e-01 1.486441275046957444e-01
5.982249372112733443e-01 7.914234967385937181e-02 1.773272801786193731e-01 1.453054329362479247e-01
5.631298599734814170e-01 8.101228153807615850e-02 1.812056294564702297e-01 1.746522290319721393e-01
5.460033738460232655e-01 7.674354042321501757e-02 1.974924195620006151e-01 1.797606661687611018e-01
5.655622841372015541e-01 9.436837606079657992e-02 1.712121373046606720e-01 1.688572024973410968e-01
4.508189169592699552e-01 1.238486302509435033e-01 2.648449911746554308e-01 1.604874616151310551e-01
5.432610749628034030e-01 7.283126093592390271e-02 2.200693715441113529e-01 1.638382925571613413e-01
6.067833509247512191e-01 6.629595713948403801e-02 1.795782818374043743e-01 1.473424100983603269e-01
5.557782874291877784e-01 7.483452990846393982e-02 1.850455002588606290e-01 1.843416824034876111e-01
5.662107637405897620e-01 8.407143104682311685e-02 1.957692148002617705e-01 1.539485904123252258e-01
6.070849503880940690e-01 5.223033592032296640e-02 1.799533246101134576e-01 1.607313890814694446e-01
5.237863254960425374e-01 7.637280020843766060e-02 2.139960219222090676e-01 1.858448523733107483e-01
5.185768129455200492e-01 1.033779996349605546e-01 1.679042797890940020e-01 2.101409076304254497e-01
5.479734129289366429e-01 9.439033685088779602e-02 1.924101868226111289e-01 1.652260633975644877e-01
5.713132086578398550e-01 7.950862458728868987e-02 1.628710807230926427e-01 1.863070860317789790e-01
5.456613108965997494e-01 9.407097034060216134e-02 1.861412158177161436e-01 1.741265029450819457e-01
5.641412750742359483e-01 8.147144835691197406e-02 1.588668145517095065e-01 1.955204620171425711e-01
5.306637401512487306e-01 1.067452632487384118e-01 2.005554176093879981e-01 1.620355789906249844e-01
5.476818882146783363e-01 1.159805953762093195e-01 1.535304865131560392e-01 1.828070298959563744e-01
5.040598169590350119e-01 1.127082266699677843e-01 1.731409950085384120e-01 2.100909613624586392e-01
5.454314182213055862e-01 8.981563991384265699e-02 2.069076639061059042e-01 1.578452779587459220e-01
5.702511279364259611e-01 8.500633028115636702e-02 1.719915853602743405e-01 1.727509564221433314e-01
5.730733665249031494e-01 8.261989923732010466e-02 1.912219958386477403e-01 1.530847383991289778e-01
6.011959490532560180e-01 6.557453027342070861e-02 2.123461018609238415e-01 1.208834188123995290e-01
5.412172479744402631e-01 7.110170284603482826e-02 1.856631815082601111e-01 2.020178676712646171e-01
5.309526987350493554e-01 1.283462348056862712e-01 1.757585417242866488e-01 1.649425247349777246e-01
5.324719160492856762e-01 7.694778711022971784e-02 2.110922933318852002e-01 1.794880035085993641e-01
5.600381412762239774e-01 1.012743517844240937e-01 1.779334247988891282e-01 1.607540821404627451e-01
5.106384944283335336e-01 1.060503976500034584e-01 1.843726608228234420e-01 1.989384470988394549e-01
5.236517764598486169e-01 1.278736422949757756e-01 1.791303859576527102e-01 1.693441952875229528e-01
5.018885454137084201e-01 9.673388791224379890e-02 2.072492357871916491e-01 1.941283308868561874e-01
5.582964136764128060e-01 9.002335797142137219e-02 1.706606701588121444e-01 1.810195581933538855e-01
5.744027651718270899e-01 1.051471987731951163e-01 1.563540172856082433e-01 1.640960187693694949e-01
5.330845228173057837e-01 1.323191845456943294e-01 1.711213000918195004e-01 1.634749925451804142e-01
5.439533271191051567e-01 8.324377751579226103e-02 1.904613706902389125e-01 1.823415246748636975e-01
5.429357236663820974e-01 1.075581965278659402e-01 1.604733569718340691e-01 1.890327228339179211e-01
5.295467069253084746e-01 9.731699469427067262e-02 1.653182026273828653e-01 2.078180957530380291e-01
5.540507803684899812e-01 1.009186999850153477e-01 1.663882246630866979e-01 1.786422949834078067e-01
5.919287631200512712e-01 7.068316873246198451e-02 1.996025136723209858e-01 1.377855544751657446e-01
4.854120560802693274e-01 7.322405841897645928e-02 2.319321966089578357e-01 2.094316888917963915e-01
5.521143146507402344e-01 9.253733871414733525e-02 2.054761242567149648e-01 1.498722223783975349e-01
5.161062932780614565e-01 9.390998842682528325e-02 2.224626963790315992e-01 1.675210219160814806e-01
5.399120821215299681e-01 8.918214256799809891e-02 2.077690139925503221e-01 1.631367613179216802e-01
5.237316699611618276e-01 7.608466017780739221e-02 2.277220509961235539e-01 1.724616188649071569e-01
5.113011118961977575e-01 1.160966074488387761e-01 1.534245729313754025e-01 2.191777077235880777e-01
5.716266984863861422e-01 9.171054391616220713e-02 1.656195609155635129e-01 1.710431966818880822e-01
5.570848212082791795e-01 9.516287687484072111e-02 1.898952248416587441e-01 1.578570770752213415e-01
5.800666428247179818e-01 1.185761063758448280e-01 1.804810798140868700e-01 1.208761709853503202e-01
5.633024882961149560e-01 1.020333977615386911e-01 1.874129101222574978e-01 1.472512038200889106e-01
5.913685346206255522e-01 7.299246977377625567e-02 1.651465247286838522e-01 1.704924708769142983e-01
5.648164622548467184e-01 6.265266844002000124e-02 1.987596184580252834e-01 1.737712508471080941e-01
5.851458017715773785e-01 8.809655711977372461e-02 1.617718104749463759e-01 1.649858306337025904e-01
5.841805819196650429e-01 1.120563431140913779e-01 1.570581702848864170e-01 1.467049046813571900e-01
5.622445336743561173e-01 1.417163248692791255e-01 1.319092421103867652e-01 1.641298993459778810e-01
5.737127395894200399e-01 7.043512486703727704e-02 1.927842129211006228e-01 1.630679226224419631e-01
5.838833548008971475e-01 6.129627727140038451e-02 2.027411624939715606e-01 1.520792054337309351e-01
5.671050132928245890e-01 7.728749170937601609e-02 2.039913557525132592e-01 1.516161392452862189e-01
5.648499066577350458e-01 7.469550672255949320e-02 1.843831404907411986e-01 1.760714461289642208e-01
5.329072695495056244e-01 8.891361693118124410e-02 1.861772013931468073e-01 1.920019121261662964e-01
5.750285327899864463e-01 7.668433869144096471e-02 1.574129938442476728e-01 1.908741346743248746e-01
5.644155380494719765e-01 8.387162092875598274e-02 1.857787916503671199e-01 1.659340493714050180e-01
5.488164442374555696e-01 9.557218282582249924e-02 1.548867922139013364e-01 2.007245807228205947e-01
4.998854609211805800e-01 1.112150608627817533e-01 1.756520939578907758e-01 2.132473842581469048e-01
5.204917239045593336e-01 7.405113242299839194e-02 2.227943116367548382e-01 1.826628320356874779e-01
5.753861965821439606e-01 1.288918161696832598e-01 1.469395509126759369e-01 1.487824363354967871e-01
5.837297176268957388e-01 1.192672248024917864e-01 1.786631289013304313e-01 1.183399286692820018e-01
5.713170695063256588e-01 8.597653112112768614e-02 1.708406179488919097e-01 1.718657814236545789e-01
4.999648715095133533e-01 1.020215089817716331e-01 2.216124275862383641e-01 1.764011919224767189e-01
6.215601675368088719e-01 9.372468875275512257e-02 1.456462221706254223e-01 1.390689215398105416e-01
5.442209577731735859e-01 9.524685668228226321e-02 2.180366376556283348e-01 1.424955478889158300e-01
5.887084499721768616e-01 9.376421423622822993e-02 1.610416421656148678e-01 1.564856936259800546e-01
5.751792135999164168e-01 8.749331021329348479e-02 1.607444157525572681e-01 1.765830604342328025e-01
5.370349477341409550e-01 1.152764404040172996e-01 2.026408684847253450e-01 1.450477433771162616e-01
5.011011940193060843e-01 9.952416513803188924e-02 1.958410353441078500e-01 2.035336054985540655e-01
5.954454153645378778e-01 8.019960858245875346e-02 1.367286425498524527e-01 1.876263335031508328e-01
5.138709112497661380e-01 8.787516436612875792e-02 2.035280146527366774e-01 1.947259097313683296e-01
5.528597566669540830e-01 1.149966399865792882e-01 1.417781300529956656e-01 1.903654732934708937e-01
5.713166407942498193e-01 8.349062386431321814e-02 1.850998474967932017e-01 1.600928878446436221e-01
5.368340833106176602e-01 8.777735117869642223e-02 1.973071760330814273e-01 1.780813894776045458e-01
5.777616328209665975e-01 9.063067619185229129e-02 1.643188039660577471e-01 1.672888870211234613e-01
5.524079197759712567e-01 9.574873818569393236e-02 1.488019266678268226e-01 2.030414153705079328e-01
5.303262931529416635e-01 9.397991524879378833e-02 1.882378821778171452e-01 1.874559094204474863e-01
5.624813074474391827e-01 7.671124764568165721e-02 1.842079904452450234e-01 1.765994544616343587e-01
6.176119952450195294e-01 6.525207862560591932e-02 1.558168217779787312e-01 1.613191043513956813e-01
5.394393605341781806e-01 7.849689772308972302e-02 2.311966542077202869e-01 1.508670875350119900e-01
5.736213224935771127e-01 8.003538621987259238e-02 1.573793701546142287e-01 1.889639211319360801e-01
6.118254081212611828e-01 7.919229316502328364e-02 1.458591215265443164e-01 1.631231771871711478e-01
5.772611412083893390e-01 8.018739765142741949e-02 1.552807690152791242e-01 1.872706921249041589e-01
5.178107432335705695e-01 9.351450233427269221e-02 2.011678598267938323e-01 1.875068946053629060e-01
5.924958152334797168e-01 8.535364232892893310e-02 1.655850829798033441e-01 1.565654594577879921e-01
5.586727650897800324e-01 9.082903649687790182e-02 1.787395259793307378e-01 1.717586724340111892e-01
6.010698604021913471e-01 5.692468935053811296e-02 1.638679482326317050e-01 1.781375020146388211e-01
5.578635271954992536e-01 7.278134779492186068e-02 1.545809852561854381e-01 2.147741397533935725e-01
5.491354851630875222e-01 9.949850240736836382e-02 1.839565064857654197e-01 1.674095059437787081e-01
6.254579857225611716e-01 9.448773872852195277e-02 1.470468050141346406e-01 1.330074705347824293e-01
5.686543569250555041e-01 8.272505869121662969e-02 2.036182682854196513e-01 1.450023160983082982e-01
5.542066709954817094e-01 1.215524227335532531e-01 1.804818916923245087e-01 1.437590145786406259e-01
5.474210833522612507e-01 9.583579993355825777e-02 1.532895821951414383e-01 2.034535345190391642e-01
5.492347019836971711e-01 7.463882589915173116e-02 1.835990880137627623e-01 1.925273841033883215e-01
5.583692093593605188e-01 8.330410244679947729e-02 1.868946462041453926e-01 1.714320419896944447e-01
6.057688041821254199e-01 9.394343046917449924e-02 1.422442568850594558e-01 1.580435084636405974e-01
5.438483920977209563e-01 9.389083733536794651e-02 1.758566554942121440e-01 1.864041150726989393e-01
5.526642323264531198e-01 9.586258269312920854e-02 1.868956740041106679e-01 1.645775109763069621e-01
5.321235581966556882e-01 7.130874023157561525e-02 2.342160087178432049e-01 1.623516928539255888e-01
5.539846922889216652e-01 9.796706992582560058e-02 2.007678873969257483e-01 1.472803503883270415e-01
5.810302520616639210e-01 1.160269606238731321e-01 1.799899675607848082e-01 1.229528197536779860e-01
5.541671374216823320e-01 8.265413421109447933e-02 2.115519863731628314e-01 1.516267419940603711e-01
5.786064138342669194e-01 9.298198365046221603e-02 1.639704033480528511e-01 1.644411991672179718e-01
5.190581458502546708e-01 8.328888919484654652e-02 1.969561796902108974e-01 2.006967852646878714e-01
5.118937242869283644e-01 7.753560430226558164e-02 2.151045653673203106e-01 1.954661060434855768e-01
5.917542585469903749e-01 8.804406047136228985e-02 1.733968319944434733e-01 1.468048489872039453e-01
5.864438352903755813e-01 1.070056587787802937e-01 1.617138842561966494e-01 1.448366216746476420e-01
5.261680202194062295e-01 6.717519497935975359e-02 2.582147109003352092e-01 1.484420739008990853e-01
5.409070222551872753e-01 6.854540986809973258e-02 2.141083170718716677e-01 1.764392508048411579e-01
5.829486670605508181e-01 7.991012944417227870e-02 1.694264026066426843e-01 1.677148008886343578e-01
6.224990543680549715e-01 8.084365793463006711e-02 1.650971632616820284e-01 1.315601244356328359e-01
5.111880726974795675e-01 7.738500999451534967e-02 1.995323898716825639e-01 2.118945274363225051e-01
5.364403117722561509e-01 1.264492433398898552e-01 1.804474745352840359e-01 1.566629703525698469e-01
5.849380002156484570e-01 8.151034565978476643e-02 1.799922870963551746e-01 1.535593670282117129e-01
5.369578684397354751e-01 8.863792797330667661e-02 2.144420100724029332e-01 1.599621935145549845e-01
6.196615756470321701e-01 6.973238937338085974e-02 1.326884200617605702e-01 1.779176149178265387e-01
5.555116703350758689e-01 8.739191171113915024e-02 1.701100364273971655e-01 1.869863815263878848e-01
5.682859832028911429e-01 7.997587818585798203e-02 1.586184546719069388e-01 1.931196839393439779e-01
6.233415989540712632e-01 8.202116405728998583e-02 1.615515534129602915e-01 1.330856835756783485e-01
5.491830222524494154e-01 1.165703553359527245e-01 2.008765205271059173e-01 1.333701018844919151e-01
5.497519264171968345e-01 1.164523701508625858e-01 1.885394911568298859e-01 1.452562122751106521e-01
5.823412331811620435e-01 6.507386579088682288e-02 1.759256516469554776e-01 1.766592493809958919e-01
5.550765892883604558e-01 1.052656596188930732e-01 1.695080360782989515e-01 1.701497150144474779e-01
5.413261615717626096e-01 8.653373100316542887e-02 1.382813093873566657e-01 2.338587980377151987e-01
5.593604068217539194e-01 9.549002138412256147e-02 1.565060011801944484e-01 1.886435706139290847e-01
5.406675869440451532e-01 8.011657254607063017e-02 2.047544176415110051e-01 1.744614228683730450e-01
5.408677974615783146e-01 8.826648078713186796e-02 1.756027814987433100e-01 1.952629402525464242e-01
5.915930868563400447e-01 7.248336393399673616e-02 1.790322591480507652e-01 1.568912900616124817e-01
5.468637424171157724e-01 8.117856311912065304e-02 1.707514360319433988e-01 2.012062584318201064e-01
5.834979307276104699e-01 8.750865686803792343e-02 1.320021693966674237e-01 1.969912430076841414e-01
5.972729610054079430e-01 7.401293032487663015e-02 1.765303805516505176e-01 1.521837281180649371e-01
5.373203952317612275e-01 9.395766521769462198e-02 1.726580286902889283e-01 1.960639108602551250e-01
5.145641277495210941e-01 1.197097869084117194e-01 2.154083169223201255e-01 1.503177684197471164e-01
5.428276559032355619e-01 9.035394729185008966e-02 2.232177054842841846e-01 1.436006913206301638e-01
5.072495079787724404e-01 1.432007620271329995e-01 1.707015124499899061e-01 1.788482175441046540e-01
5.341844254832022187e-01 1.095199665199406286e-01 2.056349359789135800e-01 1.506606720179435865e-01
5.424970463447009728e-01 9.868601928111064847e-02 1.832172517133680567e-01 1.755996826608202943e-01
5.466562445084540700e-01 1.006034276660614651e-01 1.973487895998109753e-01 1.553915382256734756e-01
5.098363915588524087e-01 1.065667564308322851e-01 1.796234492802177285e-01 2.039734027300977859e-01
5.350697851415044948e-01 9.473220799578657703e-02 1.952557119143068509e-01 1.749422949484021050e-01
5.587583863526021100e-01 7.118679673657821172e-02 2.057197904768604535e-01 1.643350264339593358e-01
5.331282552279957843e-01 9.836119414041576137e-02 1.774753696193121510e-01 1.910351810122764837e-01
5.182874199802035564e-01 1.259171347505963767e-01 1.755469788100052497e-01 1.802484664591948726e-01
5.392030643893572783e-01 7.044797767266405830e-02 2.021428829160440144e-01 1.882060750219345935e-01
5.709567720620432052e-01 5.912859148807748932e-02 1.653738124557542488e-01 2.045408239941250983e-01
5.116719725112124362e-01 1.036170783849023058e-01 2.140004868141642536e-01 1.707104622897210044e-01
5.322743100883651213e-01 8.978945629290858987e-02 2.076788989288157472e-01 1.702573346899106388e-01
5.642660112937181172e-01 1.078731665643727494e-01 1.902961488756162167e-01 1.375646732662929306e-01
5.058761681732452109e-01 1.380089880726554086e-01 1.746023578610856886e-01 1.815124858930135532e-01
5.946776262175055283e-01 8.925654459401008434e-02 1.694618039153970857e-01 1.466040252730872739e-01
6.210932306679318726e-01 6.455931549188617669e-02 1.574678050027374376e-01 1.568796488374445963e-01
5.187377429677885177e-01 9.618650467896608380e-02 2.022140489068378344e-01 1.828617034464075086e-01
5.467754843463574765e-01 9.254759787605913723e-02 1.631616984123183123e-01 1.975152193652650878e-01
5.036042830122099412e-01 7.948340988076096902e-02 2.140354001907041892e-01 2.028769069163249839e-01
5.781591919393120893e-01 8.480039137309626496e-02 1.643301420657176382e-01 1.727102746218741602e-01
5.927392356545760910e-01 9.602354876708042719e-02 1.555675752004385404e-01 1.556696403779049276e-01
5.364353472189486993e-01 8.271897646475036281e-02 1.862697847141078222e-01 1.945758916021929352e-01
5.115197646124252095e-01 1.357285653043191209e-01 1.803539232181453900e-01 1.723977468651103906e-01
5.614624266020048493e-01 9.689043201229602387e-02 1.788464531111313982e-01 1.628006882745678396e-01
5.698628346225396157e-01 7.706332102275777196e-02 1.728422499482636654e-01 1.802315944064390718e-01
5.916285430004806223e-01 9.519131778255876530e-02 1.541285865775986474e-01 1.590515526393618817e-01
5.565449451714928886e-01 8.939648812528225297e-02 1.789196679064258555e-01 1.751388987967990307e-01
