1.856242472443191682e-01 8.678664783138675953e-02 1.282309971151542327e-01 5.993581078091398950e-01
1.684653915885043762e-01 7.457903363871075386e-02 9.703204079791151460e-02 6.599235339748732443e-01
1.953990037253058032e-01 5.915955646475243995e-02 9.086067538480481487e-02 6.545807644251370183e-01
2.180510547379863329e-01 8.243976996204781249e-02 8.640055215903075236e-02 6.131086231409351717e-01
1.890585946880138923e-01 9.568074130143253142e-02 7.230093394825781727e-02 6.429597300622957867e-01
1.882950569931622353e-01 5.617636025119768922e-02 1.156561664619840252e-01 6.398724162936559878e-01
1.869629586429215340e-01 5.985136442324912043e-02 1.196368719606659414e-01 6.335488049731633486e-01
1.905369693451244295e-01 1.022811289663428935e-01 1.021524923376996019e-01 6.050294093508330473e-01
1.675625371818534048e-01 6.353164482706223637e-02 7.393012847177678204e-02 6.949756895193075490e-01
1.955228421042503884e-01 7.361029859771299477e-02 9.791787876465954388e-02 6.329489805333770036e-01
1.677436053245055514e-01 8.038496667488007064e-02 1.252306368217155075e-01 6.266407911788988150e-01
2.208254212336678013e-01 6.523092908856353844e-02 9.797260982529613915e-02 6.159710398524724795e-01
1.710457548898915159e-01 6.498846280193082414e-02 1.102211667187531913e-01 6.537446155894243160e-01
2.110441597347290366e-01 7.777805857071967699e-02 9.172282948627959176e-02 6.194549522082717363e-01
2.137773557691534931e-01 7.336082369785458523e-02 8.809581569540224366e-02 6.247660048375898167e-01
1.569752090745256123e-01 7.457451149587297767e-02 6.902916885339122066e-02 6.994211105762102587e-01
2.152324588776692582e-01 8.370670369153268564e-02 9.756213700241542219e-02 6.034987004283824952e-01
1.679134403319397784e-01 8.529691751857475246e-02 1.392997426444371467e-01 6.074898995050482808e-01
1.610597884409158964e-01 8.898305669617466440e-02 1.068407679908804780e-01 6.431163868720288779e-01
1.631645414934458083e-01 5.252425294051722704e-02 1.095935382731434010e-01 6.747176672928935082e-01
1.644391301632188995e-01 6.410118348291986290e-02 9.489000151508053538e-02 6.765696848387807716e-01
1.949580043023371179e-01 6.396731260718921397e-02 1.124513733743104926e-01 6.286233097161630923e-01
1.945440311897886909e-01 9.962292601903333100e-02 7.638838977344153403e-02 6.294446530177364441e-01
2.410187245981838811e-01 7.500305690213451837e-02 1.001936994080816490e-01 5.837845190915997851e-01
1.641967561614028071e-01 6.173040173291406696e-02 1.070793420319367251e-01 6.669935000737463593e-01
1.808896844534684523e-01 7.536082448631611919e-02 9.765256127277747999e-02 6.460969297874380457e-01
1.982386500425341591e-01 7.961722126870658667e-02 9.344931811098640406e-02 6.286948105777727669e-01
2.216701170259544329e-01 4.648573494081695984e-02 1.271274151823177101e-01 6.047167328509108764e-01
2.221648838593686948e-01 5.665176453009865276e-02 8.010689283272276473e-02 6.410764587778098322e-01
1.649933796610454084e-01 9.371467030894509165e-02 1.203957098263731818e-01 6.208962402036364292e-01
2.124864320770264436e-01 1.209944550317347822e-01 9.932235282837889589e-02 5.671967600628600170e-01
1.634149830088399702e-01 8.126704574964555006e-02 8.158950850512097785e-02 6.737284627363936407e-01
1.955281962161277698e-01 1.037707167508062356e-01 7.944058659883988793e-02 6.212605004342260928e-01
2.027449259404862925e-01 6.610823860988522538e-02 1.123833816597314544e-01 6.187634537898971665e-01
1.689334352508497505e-01 9.022832901190933064e-02 1.278501915325004346e-01 6.129880442047406230e-01
1.733869927583152060e-01 8.267785713098418920e-02 5.909968999793335787e-02 6.848354601127673025e-01
1.870247663929000825e-01 9.747974737728225259e-02 9.629561693865719418e-02 6.191998692911604429e-01
2.187819477333956542e-01 1.071896835031801304e-01 1.059147976102527977e-01 5.681135711531714039e-01
1.344323478288523832e-01 6.629115419570734413e-02 6.926194822461019529e-02 7.300145497508300219e-01
1.978220380688242297e-01 7.406998064782643887e-02 9.511882114100207730e-02 6.329891601423471847e-01
2.081676847277591780e-01 7.953143061192122221e-02 1.336916752519534679e-01 5.786092094083661319e-01
2.172656576808210671e-01 5.642699171244405787e-02 8.258748705087150255e-02 6.437198635558633031e-01
1.570674282056144788e-01 9.379357669179425039e-02 9.573787879698097969e-02 6.534011163056103744e-01
1.684603488791363568e-01 4.389660354878551635e-02 1.228337725851820772e-01 6.648092749868960150e-01
1.453177563152480700e-01 6.900289530145989336e-02 1.784090439904292558e-01 6.072703043928627809e-01
1.555458935914865448e-01 7.413503126708632929e-02 1.001782984839520718e-01 6.701407766574750680e-01
1.837258929019287002e-01 8.703076033849968529e-02 6.999723949696255720e-02 6.592461072626091267e-01
1.342196614698404344e-01 1.171532720218789458e-01 7.434706235918001060e-02 6.742800041491006091e-01
1.725932218064197832e-01 6.773264607476878196e-02 1.141604661370162893e-01 6.455136659817952705e-01
2.331580436344601048e-01 6.085053564813960175e-02 1.075692279160022496e-01 5.984221928013980785e-01
1.934392878179291286e-01 6.842140253066386624e-02 8.078796928757146778e-02 6.573513403638356900e-01
1.844664996008061331e-01 8.957707424808493413e-02 1.012187635931716539e-01 6.247376625579372789e-01
1.650558461563828294e-01 1.240428488498483695e-01 9.673085108347505290e-02 6.141704539102936788e-01
2.207450677205482492e-01 7.311682846312161921e-02 7.964454380515603726e-02 6.264935600111740666e-01
1.570258011816468569e-01 7.979581995568915675e-02 1.192057017408197639e-01 6.439726771218442503e-01
1.650890965053877779e-01 5.499437070284581702e-02 1.409174791186492692e-01 6.389990536731171566e-01
2.009166774159474311e-01 7.531300275938093702e-02 6.731046844867090428e-02 6.564598513760007137e-01
1.970719078340053831e-01 8.621840488959713056e-02 1.138173491944372145e-01 6.028923380819602995e-01
2.097709774389124870e-01 9.633528130084376140e-02 1.221959898499859476e-01 5.716977514102576929e-01
2.192692157403830222e-01 1.041548346172956330e-01 9.641277667941498819e-02 5.801631729629063150e-01
1.832792901299852284e-01 7.002915842220680531e-02 9.230122551367729578e-02 6.543903259341307121e-01
1.819882681433850902e-01 9.656336592323644386e-02 9.525878768016597664e-02 6.261895782532124199e-01
1.884454894493534649e-01 7.246709364717980606e-02 9.219374297609458924e-02 6.468936739273720704e-01
1.941076310718197473e-01 8.863594020863997669e-02 6.125582836378716534e-02 6.560006003557531384e-01
2.437459053787179308e-01 5.290358560203925475e-02 1.452044447421393381e-01 5.581460642771035596e-01
1.480207939330620559e-01 7.339169133696540892e-02 9.272765444159904169e-02 6.858598602883735351e-01
1.723696571438810832e-01 6.945874220091156903e-02 7.219096279775272240e-02 6.859806378574545560e-01
1.786043934044268811e-01 5.896149280586066022e-02 9.895494609659696850e-02 6.634791676931155457e-01
2.397280855991026638e-01 6.449587874518977748e-02 8.274032893836734404e-02 6.130357067173402008e-01
1.374078957756394992e-01 5.256609508331183678e-02 1.191735236247643132e-01 6.908524855162845313e-01
1.809503800316219213e-01 7.408004675940148276e-02 7.598831373324115013e-02 6.689812594757355013e-01
2.101410409283566705e-01 8.198860499017754377e-02 9.201884050433098428e-02 6.158515135771347460e-01
2.322928148847595575e-01 7.563732357054873956e-02 9.218407973715751769e-02 5.998857818075340465e-01
1.697025356686854836e-01 7.143604894374121217e-02 1.156685571867062390e-01 6.431928582008670237e-01
2.073121570644203548e-01 9.148298438351848416e-02 1.084317528666211283e-01 5.927731056854401714e-01
2.441060509240936816e-01 4.680303501149749718e-02 6.036855389265843863e-02 6.487223601717502230e-01
1.329146253710593306e-01 7.634187406783103647e-02 1.059839771569836969e-01 6.847595234041259360e-01
2.339600882119281799e-01 6.432362632331270480e-02 7.367845786167982747e-02 6.280378276030792462e-01
2.054210352105275694e-01 7.002742212398740951e-02 1.103134263705764506e-01 6.142381162949085427e-01
2.057641048444586729e-01 7.851818100058102767e-02 1.049053810791954894e-01 6.108123330757648795e-01
2.155806126441805193e-01 4.645797910733030084e-02 1.051919391437274864e-01 6.327694691047618392e-01
1.531774375567340474e-01 7.417172260366998449e-02 1.073309316022467708e-01 6.653199082373489892e-01
1.769007551204329898e-01 5.989244819508452583e-02 1.188926725794654110e-01 6.443141241050169832e-01
1.316747822297094639e-01 6.699836852612850446e-02 1.301925350857368602e-01 6.711343141584250604e-01
2.023930474685820269e-01 1.028757225313776807e-01 1.004569913921477126e-01 5.942742386078925243e-01
2.115669649255740026e-01 7.121405513680603705e-02 8.184567044776841493e-02 6.353733094898514899e-01
2.027513388513662584e-01 1.030012166990113831e-01 1.027505302232637335e-01 5.914969142263585278e-01
1.483677599721862639e-01 5.887124254455344818e-02 1.115280164392736112e-01 6.812329810439866629e-01
2.039220000490216955e-01 3.164978788970899265e-02 1.010839087969146177e-01 6.633443032643547843e-01
1.842104362580159471e-01 8.510687211852320522e-02 6.419199862046641447e-02 6.664906930029943499e-01
2.262409016965356845e-01 5.759452811208540940e-02 9.723315333606276367e-02 6.189314168553160522e-01
1.575932127013415507e-01 1.133257406695386549e-01 1.102239587867975129e-01 6.188570878423222954e-01
2.216543612708734845e-01 7.503431639127364217e-02 7.979511358695841328e-02 6.235162087508945294e-01
2.581579877858504735e-01 5.514732882408781428e-02 1.497788207382888814e-01 5.369158626517728239e-01
1.860903994565679120e-01 6.415109181920046477e-02 9.881274820906574274e-02 6.509457605151658388e-01
2.194772709042215053e-01 8.327625273670516415e-02 1.049655711974895739e-01 5.922809051615838261e-01
2.119430863655702713e-01 6.456367708242018166e-02 1.110736080086220517e-01 6.124196285433874953e-01
1.077510351443496106e-01 9.420775967633106263e-02 6.846539244338160912e-02 7.295758127359377454e-01
2.265874470639742955e-01 5.275055630687067870e-02 9.809723793287303262e-02 6.225647586962820279e-01
1.967850596808913000e-01 9.985055756885286016e-02 1.039989944800215615e-01 5.993653882702342228e-01
2.329869978279558163e-01 6.834325267211519006e-02 1.474347212509365124e-01 5.512350282489926201e-01
1.812928204114647446e-01 7.355777494724212440e-02 8.208816340424794633e-02 6.630612412370451292e-01
2.251641155809983585e-01 9.428155166661525421e-02 6.522248022473087214e-02 6.153318525276555429e-01
1.918659590315773267e-01 5.243595494400912771e-02 1.128576574365557916e-01 6.428404285878578373e-01
1.906635884929037961e-01 6.848982385129880057e-02 1.064741250123052013e-01 6.343724626434922298e-01
1.863685746507283414e-01 8.888270721711119537e-02 9.654155935999592097e-02 6.282071587721643757e-01
2.232619972487737692e-01 7.696027710826505719e-02 9.348407795723999436e-02 6.062936476857212487e-01
1.852227365972820838e-01 8.467592946959939804e-02 1.023374748164128656e-01 6.277638591167057358e-01
1.361986992940653063e-01 1.005920716870376264e-01 1.183813831514266141e-01 6.448278458674705504e-01
1.556620474368258233e-01 5.916087426526128040e-02 1.360982318763970800e-01 6.490788464215159204e-01
1.519089167710540589e-01 8.347741888453974468e-02 1.136035958337113655e-01 6.510100685106948726e-01
2.007238057295659961e-01 8.686068555127259005e-02 1.289358820236042313e-01 5.834796266955570854e-01
1.992156737665078392e-01 9.023596465731741068e-02 1.181387404046737588e-01 5.924096211715009774e-01
1.910771210916417939e-01 7.524870782620721177e-02 1.030630347710297240e-01 6.306111363111213119e-01
1.896723824252993795e-01 5.012273171127654831e-02 8.752288771936461709e-02 6.726819981440596008e-01
1.919841404608914337e-01 6.951929397922559928e-02 1.185132011348487002e-01 6.199833644250343223e-01
2.388787839453548612e-01 6.918875941021006282e-02 1.248840397838865690e-01 5.670484168605485209e-01
1.906096581385085809e-01 6.057602395324968719e-02 1.053743777991455050e-01 6.434399401090961090e-01
1.916176377969354139e-01 5.960811995719930700e-02 8.720133315085139281e-02 6.615729090950138724e-01
2.203895364601710094e-01 5.488170928449809249e-02 1.228933608856951631e-01 6.018353933696357627e-01
2.052964610869348894e-01 6.710803684196051111e-02 8.482823942081496593e-02 6.427672626502897169e-01
1.649626417462980998e-01 7.449913627664343785e-02 7.621615061039983818e-02 6.843220713666585686e-01
1.629433418606805462e-01 7.717556266231347106e-02 1.113961323785407909e-01 6.484849630984651503e-01
2.120680845473584542e-01 7.196125075887110922e-02 8.451418611285131666e-02 6.314564785809190228e-01
2.309406713168799530e-01 8.140883845339172420e-02 7.364848867337293881e-02 6.140020015563552036e-01
1.683944433801367879e-01 9.925639718924332555e-02 7.655629807985703250e-02 6.557928613507627569e-01
2.393901219078021503e-01 6.612703245054131485e-02 9.345318262555030175e-02 6.010296630161061637e-01
2.183087956329357870e-01 8.016888971918803564e-02 1.235549112345756678e-01 5.779674034133004401e-01
1.933995960209156373e-01 1.069989489622281409e-01 8.123948378628988165e-02 6.183619712305663541e-01
2.329391548047124727e-01 6.202893839301669432e-02 8.378611324310880626e-02 6.212457935591620961e-01
1.965100990587493324e-01 5.595237923912606270e-02 8.770396367424380946e-02 6.598335580278809065e-01
1.803112268715658106e-01 5.961083405154610215e-02 1.038148650826176272e-01 6.562630739942705294e-01
1.932598069878556646e-01 6.127512967856017789e-02 8.462565203414459947e-02 6.608394112994394609e-01
1.869444711066819143e-01 6.138080490539243872e-02 1.104506465817274297e-01 6.412240774061981341e-01
2.262504982490314842e-01 6.480502074132017676e-02 9.380228087271212656e-02 6.151422001369362125e-01
2.236628868817647775e-01 8.785461694425782120e-02 9.543734934250425184e-02 5.930451468314731356e-01
1.895361920927525756e-01 5.086522175004031671e-02 1.176662449592792148e-01 6.419323411979279692e-01
1.559743043401743134e-01 8.103878011824817984e-02 8.969837254482254663e-02 6.732885429967550017e-01
1.878565054918601984e-01 6.778108960937641314e-02 8.228157653937619165e-02 6.620808283593871968e-01
1.653245783377635114e-01 4.901049665107997527e-02 1.412333171946410781e-01 6.444316078165154282e-01
1.454438929946400560e-01 4.362073568319399519e-02 7.753770004761756374e-02 7.333976712745483573e-01
1.639395838652910609e-01 7.296014042118630083e-02 1.135215336105459827e-01 6.495787421029766140e-01
1.889387690451221902e-01 6.826526613471305127e-02 1.009947282591905637e-01 6.418012365609743197e-01
1.442130588228634491e-01 4.920799402881243650e-02 9.025449378401015355e-02 7.163244533643138290e-01
1.982548473474179951e-01 8.814372342120652126e-02 9.979908227960453126e-02 6.138023469517709385e-01
1.748280872162160937e-01 8.075748936386296928e-02 1.059794899651125416e-01 6.384349334548083954e-01
1.686711647212786047e-01 5.166021795887169171e-02 1.236079989449547500e-01 6.560606183748950437e-01
1.882470315945122263e-01 8.013688031444157756e-02 9.971059426173790874e-02 6.319054938293082735e-01
1.940773680239850085e-01 6.490564961305785030e-02 1.185913479652571795e-01 6.224256343976998229e-01
1.354538619831714419e-01 4.991091759429899799e-02 1.317264030168572853e-01 6.829088174056723304e-01
2.440591395433162891e-01 4.776058106190842617e-02 8.320166381904346709e-02 6.249786155757317552e-01
2.507116269062177327e-01 4.788980413096172173e-02 9.388425126114936792e-02 6.075143177016711915e-01
1.565883063594957214e-01 8.413782244500107865e-02 1.039417735442610125e-01 6.553320976512422291e-01
1.798026999030440110e-01 7.231714900596393492e-02 1.026710895788878752e-01 6.452090615121041095e-01
1.552829480274192375e-01 6.821164194181258966e-02 8.361285926480953312e-02 6.928925507659586813e-01
1.903475596592440477e-01 1.040108839139290003e-01 1.017066053866192005e-01 6.039349510402076682e-01
1.660832326877135223e-01 5.994510548274543937e-02 9.150054668380215583e-02 6.824711151457387714e-01
1.861840617183831426e-01 9.381331455544625331e-02 1.234508812276217393e-01 5.965517424985488093e-01
1.515056947453426450e-01 6.655942076047559330e-02 8.592019544731202552e-02 6.960146890468698055e-01
1.647650216437658299e-01 6.649321861073873019e-02 1.247601697919017844e-01 6.439815899535935584e-01
2.074720590405509379e-01 8.046907243443252034e-02 6.843017813932171511e-02 6.436286903856949237e-01
2.296788827376557707e-01 7.507875556763589364e-02 8.845519016432520920e-02 6.067871715303830848e-01
1.855818328376211135e-01 4.558269617228073028e-02 1.012795642283831343e-01 6.675559067617151676e-01
1.639110381636446068e-01 7.217547148228888043e-02 1.234812617000750207e-01 6.404322286539914089e-01
1.818365274673598431e-01 8.723463494456580591e-02 5.937715941900784111e-02 6.715516781690663572e-01
2.379402116919530352e-01 9.005174221278784696e-02 8.607700738789925143e-02 5.859310387073597415e-01
1.882316653434020493e-01 9.016123105980652919e-02 1.195157169104818645e-01 6.020913866863095709e-01
1.814569527274389193e-01 1.103387517507748994e-01 7.354598389354580212e-02 6.346583116282404902e-01
1.674819385588971754e-01 8.314465275478227779e-02 6.275397614221707443e-02 6.866194325441034030e-01
2.034833924133750138e-01 7.398491922656715014e-02 8.838723398151009103e-02 6.341444543785477173e-01
1.633149888454102083e-01 7.059032595546621547e-02 1.212189987904308819e-01 6.448756864086926388e-01
2.346877799437787071e-01 6.081747440354581813e-02 9.939746698221126053e-02 6.050972786704642559e-01
1.684241659936516200e-01 1.110782399446029189e-01 6.487814385423668062e-02 6.556194502075088915e-01
1.840386821358930558e-01 8.425331623377435575e-02 8.106515676220006628e-02 6.506428448681325083e-01
2.261417359860867782e-01 6.395045488930317656e-02 1.363296669105687753e-01 5.735781422140412422e-01
1.416197134718966966e-01 6.207209891926154105e-02 9.790080616931044755e-02 6.984073814395312940e-01
1.143230858875214223e-01 6.610694046935648716e-02 1.101103436586829826e-01 7.094596299844391218e-01
1.607099313954834241e-01 8.246014516169383746e-02 1.011720699934610668e-01 6.556578534493616717e-01
1.938515177362218622e-01 4.263774788410395339e-02 1.263408957245541475e-01 6.371698386551200022e-01
1.593368056576664193e-01 6.929244487129912478e-02 8.545928365253775694e-02 6.859114658184967128e-01
1.448233759683849875e-01 5.939778475148293352e-02 1.084835242461616028e-01 6.872953150339705664e-01
1.984840860691546860e-01 9.254372503712052223e-02 6.618221892455229682e-02 6.427899699691725921e-01
1.746729521683124953e-01 3.347866144257993781e-02 1.033212817347310963e-01 6.885271046543763873e-01
1.721596480504931637e-01 9.055190592148279483e-02 7.505502122446204571e-02 6.622334248035620652e-01
1.958454221082150670e-01 6.223606024633964590e-02 9.675526104615626843e-02 6.451632565992889701e-01
2.145059951601257231e-01 8.977551169354990035e-02 9.347229316752390937e-02 6.022461999788004672e-01
2.233213713274621315e-01 7.796794736208018106e-02 8.518344032694269430e-02 6.135272409835149654e-01
1.594087241471099092e-01 6.984124092295901365e-02 9.976460626702912671e-02 6.709854286629020059e-01
1.544804810397839012e-01 7.645711741002744755e-02 1.137408391607382108e-01 6.553215623894504960e-01
2.309600700184428479e-01 9.540575520128520559e-02 9.151229931472477930e-02 5.821218754655472782e-01
1.877895535992745724e-01 8.408098635008855182e-02 9.183832452262007118e-02 6.362911355280169712e-01
2.022409845953636043e-01 7.746751689740577484e-02 7.466055799239147694e-02 6.456309405148391578e-01
1.526109727974835351e-01 7.717985678236918834e-02 1.166399134850181069e-01 6.535692569351292391e-01
1.723164030399052526e-01 8.658149304257423129e-02 1.095262555437624824e-01 6.315758483737581308e-01
2.126531951027892386e-01 9.744129860233162466e-02 1.083948200908862458e-01 5.815106862039929325e-01
2.066016318254319806e-01 8.076949017153860211e-02 8.341003401312734045e-02 6.292188439899021324e-01
2.566119756959010512e-01 6.761809069232774250e-02 7.636582158656123054e-02 5.994041120252099342e-01
2.097715200955384274e-01 8.558521599581360439e-02 7.528171939292936654e-02 6.293615445157186850e-01
2.081301196633112693e-01 4.766288533517747811e-02 1.376955583884726941e-01 6.065114366130385237e-01
2.143561464405161765e-01 1.124054581023740812e-01 9.719745811755330089e-02 5.760409373395564137e-01
1.946732873182350776e-01 8.559324033200292614e-02 1.079864388809995274e-01 6.117470334687624689e-01
1.769964031833375084e-01 8.616854433168100180e-02 9.773112310175688378e-02 6.391039293832245782e-01
1.919490674279712983e-01 6.408601774515672311e-02 6.960457988126660112e-02 6.743603349456054330e-01
1.596896454662664611e-01 6.329084936219944724e-02 9.213601744177347952e-02 6.848834877297605983e-01
1.859167146371505930e-01 7.842151028364086063e-02 9.902883425653111193e-02 6.366329408226774067e-01
1.960704964164860786e-01 1.005816167166165426e-01 7.520974896602300452e-02 6.281381379008742494e-01
1.563188499440003876e-01 9.065754522800414938e-02 9.168883985734031794e-02 6.613347649706550202e-01
2.278243539027748066e-01 8.820141956845720110e-02 9.784962704011029855e-02 5.861245994886576938e-01
1.703209436782862074e-01 7.027964579206216755e-02 1.099719537582033585e-01 6.494274567714480861e-01
1.880084087149811178e-01 5.280252094497927401e-02 1.086973905059262502e-01 6.504916798341134898e-01
1.879039126531699133e-01 7.906285991968434179e-02 9.925462559437182863e-02 6.337786018327740134e-01
1.690642746806500507e-01 8.624378592980552760e-02 1.089561651949323418e-01 6.357357741946121354e-01
1.667713714100167721e-01 6.138992983288520805e-02 1.467069884234447064e-01 6.251317103336534453e-01
1.448985194254710507e-01 6.858726330276011807e-02 7.596488720344191092e-02 7.105493300683268787e-01
1.639529945592793636e-01 8.379587060893331496e-02 1.194294389429717551e-01 6.328216958888155386e-01
1.915800461673773381e-01 6.342034208209097745e-02 7.303238464434042010e-02 6.719672271061912783e-01
1.671425063130347333e-01 5.511494036639440208e-02 1.078891621835623149e-01 6.698533911370085914e-01
2.085426690254152393e-01 7.982919375065666845e-02 8.277667888506705374e-02 6.288514583388610246e-01
1.944047837625711150e-01 6.663073387849778595e-02 1.107087029614966661e-01 6.282557793974345994e-01
1.591415744267568322e-01 7.306846278339405865e-02 1.147690607050814993e-01 6.530209020847675960e-01
1.722191434254222164e-01 8.118007007002681075e-02 9.888958273138655219e-02 6.477112037731644900e-01
1.904547751242632314e-01 8.257977574416716648e-02 1.049123678527093678e-01 6.220530812788600539e-01
2.091690548251969317e-01 4.248385186537242952e-02 1.011391485283448244e-01 6.472079447810856756e-01
1.836942848103309267e-01 6.051444453974406251e-02 1.023423769013139945e-01 6.534488937486109261e-01
1.645403583999433261e-01 6.958073400582046042e-02 1.058711236539809225e-01 6.600077839402551660e-01
1.709290741986294049e-01 4.352641464234418417e-02 8.693355919667597465e-02 6.986109519623504571e-01
1.810097783542827243e-01 7.063323170570383336e-02 1.433647246920972951e-01 6.049922652479162721e-01
1.935192742610226946e-01 6.402038527392069078e-02 8.951942220990202759e-02 6.529409182551544344e-01
2.004605815118450651e-01 1.229689462675544048e-01 8.356379433469161844e-02 5.930066778859089949e-01
1.857950620704191536e-01 6.880852060221998023e-02 1.249806125980573585e-01 6.204158047293034661e-01
1.593725386281140688e-01 6.463782723040110978e-02 9.760482187223465389e-02 6.783848122692500704e-01
1.756539711566116879e-01 5.811417949008453043e-02 1.151488931146815026e-01 6.510829562386223346e-01
2.040335204879687170e-01 6.885243343618240031e-02 8.685041474390031713e-02 6.402636313319486350e-01
1.939625839139829111e-01 7.005015467053798961e-02 1.129955009538364391e-01 6.229917604616427296e-01
2.005786559303859573e-01 6.282013410613045135e-02 7.801880186458641508e-02 6.585824080988971208e-01
1.583047965422260117e-01 7.594348365605467499e-02 1.184663599718394772e-01 6.472853598298800026e-01
1.956688863412645862e-01 5.929409408190752795e-02 9.189413518908938483e-02 6.531428843877384871e-01
1.997525703727483781e-01 8.441102234731599763e-02 7.168559795464737872e-02 6.441508093252883427e-01
1.746653068786725438e-01 6.297727780614136017e-02 1.027412834070293435e-01 6.596161319081565999e-01
2.094803827236237648e-01 6.188476599383002652e-02 1.014419803719351920e-01 6.271928709106110444e-01
1.579185799495423925e-01 4.973658488485601520e-02 8.346418877766438593e-02 7.088806463879372410e-01
1.744177540115589564e-01 6.077113733955572666e-02 8.103141215190459712e-02 6.837796964969805602e-01
1.645793254855004994e-01 1.118668848747450539e-01 8.461978759788635340e-02 6.389340020418682320e-01
1.508417947331544551e-01 6.807252745460840027e-02 1.076110730436937862e-01 6.734746047685433723e-01
1.519778357073496566e-01 7.079205791443050899e-02 1.096004793142729694e-01 6.676296270639467956e-01
1.823560446097966803e-01 7.711844256757693916e-02 9.917573872617338471e-02 6.413497740964531069e-01
1.755922822571434339e-01 1.063995093176507561e-01 1.047017987891842167e-01 6.133064096360215656e-01
1.381471832261408350e-01 9.504702241986283384e-02 1.074020270228417812e-01 6.594037673311545777e-01
2.147807768774382120e-01 6.139952250140784384e-02 6.740745312302748316e-02 6.564122474981264332e-01
2.099713976467331711e-01 7.160895348117686521e-02 9.992571041683437350e-02 6.184939384552555763e-01
1.669773707279085806e-01 6.272586336588069356e-02 1.072320759056732825e-01 6.630646900005373601e-01
1.796872419273005672e-01 4.683516535243489876e-02 9.407873116590992346e-02 6.793988615543545828e-01
1.788967483256659330e-01 8.939858931768929207e-02 7.642651615668984155e-02 6.552781461999550583e-01
2.216081115163884563e-01 7.158007551335644758e-02 9.301256774789008752e-02 6.137992452223650641e-01
2.082696803613202363e-01 7.727065258910031931e-02 8.375205091736549756e-02 6.307076161322140440e-01
2.275670055599909314e-01 8.198167763675701103e-02 6.616831588063955272e-02 6.242830009226124632e-01
2.281276734878933121e-01 1.083087702707758587e-01 1.152256409904885565e-01 5.483379152508423005e-01
1.841333808962724028e-01 5.822323469935666157e-02 1.354020464989305339e-01 6.222413379054404503e-01
1.680363890082155476e-01 7.269928509684918383e-02 9.952920672694141879e-02 6.597351191679938776e-01
2.005733322246222305e-01 7.779680810613889830e-02 9.544602991912898293e-02 6.261838297501101103e-01
1.873284096717036662e-01 7.574416639041942068e-02 1.113656624005397999e-01 6.255617615373371132e-01
1.806970804030582634e-01 9.364329025177754728e-02 8.203374961701699608e-02 6.436258797281471100e-01
2.037060624951854415e-01 5.942515323321424098e-02 8.885052132751718179e-02 6.480182629440831565e-01
1.867584402608021277e-01 5.716759886262666457e-02 1.203856415659915607e-01 6.356883193105797858e-01
1.558313026486164987e-01 1.123907112657369228e-01 8.634880064864026983e-02 6.454291854370064474e-01
2.309088007976536350e-01 5.666271640717693986e-02 9.053123831171129565e-02 6.218972444834581781e-01
2.103816859075968992e-01 8.449327670083013608e-02 8.836035670342660964e-02 6.167646806881464938e-01
1.995871597578286194e-01 5.924741840033078549e-02 1.069701884077072090e-01 6.341952334341333097e-01
2.384075664379058102e-01 9.058323631861668612e-02 8.666019005042686907e-02 5.843490071930507179e-01
1.874865352319367851e-01 8.350334840624171195e-02 8.692717085320206261e-02 6.420829455086194404e-01
1.461538851510771064e-01 9.888059801225490553e-02 1.173568566814184588e-01 6.376086601552496402e-01
1.961152943281054550e-01 5.546032023791417492e-02 8.289755343775721819e-02 6.655268319962229784e-01
1.933415931119257247e-01 6.422060814481196644e-02 9.198458834339869050e-02 6.504532103998635906e-01
1.990453384794650671e-01 7.871245548556669858e-02 6.701231015827104065e-02 6.552298958766972214e-01
1.923506385750519132e-01 4.371680367593526462e-02 7.432229311131201277e-02 6.896102646377008094e-01
1.629326439148527095e-01 1.042152925794441881e-01 7.373471445535638435e-02 6.591173490503466903e-01
1.875166959499827979e-01 7.727794987442027086e-02 9.438682383015065125e-02 6.408185303454463355e-01
2.037653700631684717e-01 5.494712828933738524e-02 1.061503379320682255e-01 6.351371637154257233e-01
1.652739782729877871e-01 7.771035194843360638e-02 1.003065206292109435e-01 6.567091491493677324e-01
1.897876070397233050e-01 1.098102251072074070e-01 7.120865340714446767e-02 6.291935144459248619e-01
1.615262893854468862e-01 8.668344447271968123e-02 9.636307960077475365e-02 6.554271865410586928e-01
1.698820116413910508e-01 8.426482220122388789e-02 8.368968719909343490e-02 6.621634789582915293e-01
1.613463554360911600e-01 5.604612490477570846e-02 1.321520713923640955e-01 6.504554482667692650e-01
1.613974435757446479e-01 9.144464051180226094e-02 1.145391020490193895e-01 6.326188138634336600e-01
1.937899194354046062e-01 7.751352789922986986e-02 1.284493985095844226e-01 6.002471541557811152e-01
2.211677752656997786e-01 8.333841988240155152e-02 1.049566360023100053e-01 5.905371688495885119e-01
1.593942870027897640e-01 7.733995180918358525e-02 1.673881922712478487e-01 5.958775689167787881e-01
1.843254296058241259e-01 7.316290504579658904e-02 9.274132690479566787e-02 6.497703384435836726e-01
1.814805487007352391e-01 8.427587286946573719e-02 1.195951614416164016e-01 6.146484169881825110e-01
2.005737331702740489e-01 7.817919687988481026e-02 6.502177493331741387e-02 6.562252950165237131e-01
1.408878568129314779e-01 7.993725397010581490e-02 1.147792954231063728e-01 6.643955937938563761e-01
2.436099849882139567e-01 7.505826252905388463e-02 1.106222972316489861e-01 5.707094552510831864e-01
1.697982453675473125e-01 7.061100094368284730e-02 7.762916058637292505e-02 6.819615931023969013e-01
2.366429539183002306e-01 6.589659089183266816e-02 1.094472380333721545e-01 5.880132171564949051e-01
1.965421358928253204e-01 9.183932801102774601e-02 1.201304367049416122e-01 5.914880993912055018e-01
2.333066144635716765e-01 5.202134028925092107e-02 9.765869699007236060e-02 6.170133482571049655e-01
1.616500746798409383e-01 7.248243151879377177e-02 9.216907625799118653e-02 6.736984175433741173e-01
1.928193613672996853e-01 7.455161494557585589e-02 9.863898554081119985e-02 6.339900381463132728e-01
1.814476955404489555e-01 6.253056904456218146e-02 1.187691628502150903e-01 6.372525725647736339e-01
1.698226741034015719e-01 6.904504038188566395e-02 1.190609065485180029e-01 6.420713789661947057e-01
1.515709084240927096e-01 7.013091459712801623e-02 8.639069590578954405e-02 6.919074810729897163e-01
2.047186069918114637e-01 8.164291774780110811e-02 7.026469238415829210e-02 6.433737828762290389e-01
1.654988235888093517e-01 8.735619640904114525e-02 9.864355009285029341e-02 6.485014299092993761e-01
1.695159643934034399e-01 7.266259162786398162e-02 1.025615105785778747e-01 6.552599334001547593e-01
1.941365248802381094e-01 6.904574291239540251e-02 9.686854209783647696e-02 6.399491901095299973e-01
1.817424755668117231e-01 8.601762962834268167e-02 8.728611390535551129e-02 6.449537808994901811e-01
1.564098271727838441e-01 8.664117937777982004e-02 1.036353039054950520e-01 6.533136895439413117e-01
1.678743235643275489e-01 5.284286192451437270e-02 1.039327951920827608e-01 6.753500193190753453e-01
1.825268657422631224e-01 6.873959276609588331e-02 1.012295812463418210e-01 6.475039602452992149e-01
1.806779150887686258e-01 8.265068260608568473e-02 7.782158320063577162e-02 6.588498191045099039e-01
2.206993500746541326e-01 7.809160711533147392e-02 1.037463222479214353e-01 5.974627205620929304e-01
2.511192359584569767e-01 8.235132665406963426e-02 1.092086282752776777e-01 5.573208091121956143e-01
2.270292353355833070e-01 5.020434165939745980e-02 1.074262016477663673e-01 6.153402213572528590e-01
2.052184182507733323e-01 7.505479954767588224e-02 8.101041378254021652e-02 6.387163684190106938e-01
1.248543448683416268e-01 6.266973319729007841e-02 9.323810345687839896e-02 7.192378184774900207e-01
2.295816521171475388e-01 6.660252611492942232e-02 1.092588256954836190e-01 5.945569960724393921e-01
1.844715416694115984e-01 6.758374344440781778e-02 7.759176002404800931e-02 6.703529548621325329e-01
1.690399296221207492e-01 7.704486235569656116e-02 1.285010312025586521e-01 6.254141768196240792e-01
2.100938478261722697e-01 7.852645168177062318e-02 9.104863197775167616e-02 6.203310685143055281e-01
2.339400598735484615e-01 7.507420349375992785e-02 9.145045891682299088e-02 5.995352777158686752e-01
1.703135796902996990e-01 6.664303813524434517e-02 1.108407134807138927e-01 6.522026686937419937e-01
2.361309579548667714e-01 5.422426972978864473e-02 9.903462422862663317e-02 6.106101480867179854e-01
1.962340619119219143e-01 7.941582017521349457e-02 7.642105040284184747e-02 6.479290675100227714e-01
1.516815383694601616e-01 8.767923874008376472e-02 1.036120331085937790e-01 6.570271897818624751e-01
1.873728047792212748e-01 9.264958546777928017e-02 1.188561606262698578e-01 6.011214491267297122e-01
1.356567863776906857e-01 7.604646319392704967e-02 9.531399461341980017e-02 6.929827558149626032e-01
2.017245913837417415e-01 6.251543090197651809e-02 9.245750248028833385e-02 6.433024752339934205e-01
1.441412332584681988e-01 7.473338168091712974e-02 1.113604213278962668e-01 6.697649637327184324e-01
1.695175699268887115e-01 9.761204210342383503e-02 1.124495308870750027e-01 6.204208570826122982e-01
1.993988365654463524e-01 9.959399159024737158e-02 1.532170410512189440e-01 5.477901307930872488e-01
1.765838543013308892e-01 9.966952887479911538e-02 9.467734210811715179e-02 6.290692747157528020e-01
1.815898349910640974e-01 7.145494364192528369e-02 1.050920097174540546e-01 6.418632116495563977e-01
1.691310792652220563e-01 5.696251238651337673e-02 1.145201133794012949e-01 6.593862949688633623e-01
1.746994097589875949e-01 6.781016591032655583e-02 9.908134370109374089e-02 6.584090806295922471e-01
1.967753737735696562e-01 5.264043198843041532e-02 9.305254816629289494e-02 6.575316460717069988e-01
2.206526096293535411e-01 8.901412488536097900e-02 9.614321119824111028e-02 5.941900542870444113e-01
1.975594403775540742e-01 8.988507413480302521e-02 9.281639508725407495e-02 6.197390904003889922e-01
1.862562877269513528e-01 7.235669873459846246e-02 1.030344614053853997e-01 6.383525521330647434e-01
1.941694241793779641e-01 7.180002675734060980e-02 7.793417167520690081e-02 6.560963773880745808e-01
1.788348801464149374e-01 8.820782332267626535e-02 1.100004808334171663e-01 6.229568156974916171e-01
1.606330742895864527e-01 9.181259483032126745e-02 1.275598106412369481e-01 6.199945202388552623e-01
1.385976385491747565e-01 6.165639312803396915e-02 9.265668468438617578e-02 7.070892836384051749e-01
2.230892669087290170e-01 5.000485415628810881e-02 8.566587593262572908e-02 6.412400030023572839e-01
1.799902282442560342e-01 6.832818242817348398e-02 7.887669820468709569e-02 6.728048911228834417e-01
1.855354229924719989e-01 9.141481544604253273e-02 9.792220984104725579e-02 6.251275517204381016e-01
2.009829224194043806e-01 5.753299978956981364e-02 1.085520086520666283e-01 6.329320691389591635e-01
2.012769256351257530e-01 9.912659896243397606e-02 1.009928319766493776e-01 5.986036434257909766e-01
2.064164767040326809e-01 9.581086030432538203e-02 7.752239913805283877e-02 6.202502638535890567e-01
2.041241853322786626e-01 6.672237671008877935e-02 8.656236440526557385e-02 6.425910735523669981e-01
1.594522933861644565e-01 6.782411104331230456e-02 9.173430503117194212e-02 6.809892905393513107e-01
1.517415220315051216e-01 6.792416652955524103e-02 1.078171209121079749e-01 6.725171905268315653e-01
1.687501539694681030e-01 5.629085328627914803e-02 1.001304338824593049e-01 6.748285588617933817e-01
1.596000962422683966e-01 5.250427646241589280e-02 8.974372902802309204e-02 6.981518982672925144e-01
1.832008544098475689e-01 7.483966818292900336e-02 1.093631285508124135e-01 6.325963488564109172e-01
1.970603672885554436e-01 9.082836965539196894e-02 1.137261703720412326e-01 5.983850926840112994e-01
2.074095147548244145e-01 7.308124818729874739e-02 1.078044491203411365e-01 6.117047879375357988e-01
1.498315860858709381e-01 1.011229893060020119e-01 1.148007917219884683e-01 6.342446328861386373e-01
1.632445828076172223e-01 9.371199986531368598e-02 1.193807353073399469e-01 6.236626820197291865e-01
1.695075000431807977e-01 1.012339773177249880e-01 8.068272918693811246e-02 6.485757934521562129e-01
1.635249120034780179e-01 6.586964393539075646e-02 9.269169819111497399e-02 6.779137458700161822e-01
2.041455332470455131e-01 4.531905639781649148e-02 1.044238572301322554e-01 6.461115531250056776e-01
1.597900860100409659e-01 8.615703812631592129e-02 7.948888921602881297e-02 6.745639866476141888e-01
1.504038637506602827e-01 6.220085097418873860e-02 1.053763036478898851e-01 6.820189816272610450e-01
1.826034271687968780e-01 5.876872948406949154e-02 9.938498070400650364e-02 6.592428626431270366e-01
2.068346320711584307e-01 9.041095855316284846e-02 1.093223333229974698e-01 5.934320760526813343e-01
1.781187797756297042e-01 6.909307456499121092e-02 1.059033785964054730e-01 6.468847670629734870e-01
1.816942926896803201e-01 8.087648438415465102e-02 9.511709016288032170e-02 6.423121327632848043e-01
1.948603719094227082e-01 7.341437456753202584e-02 8.212272942862068603e-02 6.496025240944245382e-01
2.259919769110536880e-01 7.214845997598222371e-02 1.087700678645007746e-01 5.930894952484633276e-01
1.529023941367144424e-01 7.572839593082894560e-02 7.075794287438968988e-02 7.006112670580669777e-01
1.766086955004233239e-01 5.908190745935688881e-02 7.168673839708948614e-02 6.926226586431303289e-01
2.125636037508120413e-01 9.200755706612294416e-02 9.420089677164128483e-02 6.012279424114237436e-01
1.822235097913232627e-01 7.786241486780923204e-02 9.356488562122353136e-02 6.463491897196439462e-01
1.721191064376745294e-01 9.386739187608081347e-02 1.030734919562288632e-01 6.309400097300158494e-01
1.959763273672846251e-01 4.921338022541791452e-02 1.362496368192910867e-01 6.185606555880063251e-01
1.720244755049738783e-01 4.755805556529644346e-02 1.009725008792633216e-01 6.794449680504662803e-01
2.353816967460841125e-01 3.756730641765436418e-02 6.376439665442806826e-02 6.632866001818334967e-01
1.517397128546559559e-01 6.407941869087338538e-02 9.233392302828132003e-02 6.918469454261894080e-01
1.828075735048969308e-01 5.861296586542014825e-02 1.049748067583056860e-01 6.536046538713773391e-01
2.163754288377056634e-01 5.141636630418257303e-02 7.807075527176830787e-02 6.541374495863434557e-01
1.650339195232403411e-01 9.085366943314217292e-02 8.968428128206076821e-02 6.544281297615567317e-01
1.618322959532351446e-01 5.231033953886634474e-02 7.017544588556522134e-02 7.156819186223333240e-01
1.839191476512824219e-01 7.036889524085300496e-02 1.335460686370978922e-01 6.121658884707668058e-01
1.717718383165463270e-01 7.796664543127271307e-02 1.019078647085547296e-01 6.483536515436262304e-01
1.721630537889579649e-01 9.799677753416133341e-02 9.765508600651544302e-02 6.321850826703653281e-01
1.593064618663629362e-01 5.982315167030823055e-02 1.081708281428750695e-01 6.726995583204538054e-01
1.970551630303247204e-01 6.601226803855352043e-02 8.197245814951316378e-02 6.549601107816086509e-01
1.797898039238202683e-01 5.766868784253957603e-02 7.661541130020162182e-02 6.859260969334385338e-01
2.193842289735726536e-01 7.418193883347354300e-02 1.104896946202096469e-01 5.959441375727441148e-01
2.146404724762858707e-01 5.745617595202019007e-02 8.153228830670043725e-02 6.463710632649936061e-01
2.015153866606818334e-01 8.062307988300233819e-02 7.973489317927599795e-02 6.381266402770398027e-01
1.693463035824447627e-01 7.644964519662365843e-02 9.345654433032138386e-02 6.607475068906101257e-01
2.062033176263925183e-01 6.427929193639905781e-02 8.188907120795192729e-02 6.476283192292564550e-01
1.687393123274407158e-01 6.841623843698667329e-02 1.054063704977018789e-01 6.574380787378705238e-01
2.149072323210474977e-01 5.647865955169466962e-02 1.066218259929866408e-01 6.219922821342711572e-01
1.778195981705197048e-01 6.839624792354162541e-02 9.951276753696169930e-02 6.542713863689769704e-01
1.914809443680223211e-01 4.805756443289592450e-02 1.059578295540830328e-01 6.545036616449986244e-01
1.566308157574381743e-01 8.895233228866551711e-02 8.726775386813345747e-02 6.671490980857627262e-01
1.625265783871968628e-01 6.115869668025047251e-02 1.373546552526722919e-01 6.389600696798803936e-01
1.867125676773646048e-01 4.311011147644810276e-02 1.268283720325191766e-01 6.433489488136679979e-01
