3.644375454396804881e-01 2.122381463046204772e-02 2.926386660614064272e-01 3.216999738684510612e-01
3.714306283796379726e-01 1.527160552604588974e-02 2.965827234029605464e-01 3.167150426913555861e-01
3.295467226761175650e-01 3.304316896507102780e-02 2.486227365595961858e-01 3.887873717992153533e-01
3.245771493438056599e-01 2.770264851174033399e-02 3.017588167529293153e-01 3.459613853915246562e-01
3.623725384593909915e-01 3.188004944788041389e-02 2.991780236818686323e-01 3.065693884108600664e-01
3.101557995079071151e-01 2.068958209915984850e-02 2.963448105048513415e-01 3.728098078880816568e-01
3.705880084709744504e-01 3.666508207989389173e-02 2.440660868435296227e-01 3.486808226056020699e-01
3.981176732632568105e-01 1.196552527333170565e-02 2.805122541070262376e-01 3.094045473563853954e-01
3.509191364303825278e-01 2.246165097596233493e-02 2.810260206606055022e-01 3.455931919330496038e-01
3.650973397911406737e-01 2.297707213322406836e-02 2.169602489888428354e-01 3.949653390867924885e-01
3.823245591128617282e-01 1.821235102581729090e-02 2.833897619247546795e-01 3.160733279365664505e-01
3.546947124221787040e-01 2.818427461016567367e-02 2.646262767747277755e-01 3.524947361929278156e-01
3.581058852025241213e-01 1.571986379627614283e-02 3.373160921830714032e-01 2.888581588181283744e-01
3.431389968073589869e-01 2.025361971949207751e-02 2.807278024063121769e-01 3.558795810668367032e-01
3.615483496374558570e-01 1.868785017070110493e-02 3.151255470870346076e-01 3.046382531048085207e-01
4.070746613060076680e-01 5.404303840525672559e-02 2.105012305634321179e-01 3.283810697253035649e-01
2.858315898843859504e-01 4.238029589967114152e-02 3.419225697342863080e-01 3.298655444816567250e-01
3.970886170669091775e-01 3.348468851927572515e-02 2.769139933125404074e-01 2.925127011012747524e-01
3.542596274481633611e-01 3.926923005110006387e-02 3.071263622446961383e-01 2.993447802560403326e-01
2.793584297204235178e-01 3.709137799366134247e-02 3.060703723852441493e-01 3.774798199006710320e-01
3.312472510230759504e-01 3.278316704100827511e-02 2.421711132264966204e-01 3.937984687094190361e-01
3.119243566317918548e-01 2.768581228483537118e-02 3.268106948702440562e-01 3.335791362131287907e-01
3.473462384939414727e-01 4.004620807854832737e-02 2.569407346029541905e-01 3.556668188245560858e-01
2.910286264818701674e-01 6.307436339816932525e-02 2.891560043768727772e-01 3.567410057430877024e-01
3.474960627211675090e-01 5.891602428175794770e-02 3.082517311108868285e-01 2.853361818861878119e-01
2.875734599023292426e-01 2.587054561663965427e-02 3.030243035331541823e-01 3.835316909478769243e-01
3.483833121395588095e-01 3.178487104178145256e-02 2.881220234005322789e-01 3.317097934181274521e-01
3.288313572810053209e-01 1.729173713032036014e-02 3.053632828294968182e-01 3.485136227591775215e-01
3.377486621901016339e-01 2.451548211900645910e-02 3.262618675109065225e-01 3.114739881799855059e-01
3.283432589401343304e-01 3.551856252844352857e-02 2.835864194605591804e-01 3.525517590708628357e-01
3.671866609853052799e-01 3.252195252814440996e-02 2.935547824676922879e-01 3.067366040188579390e-01
3.288045104455450396e-01 1.439215834441039468e-02 3.138083621638652621e-01 3.429949690461792100e-01
4.043644878446732704e-01 4.693716901980107825e-02 2.323909185179781622e-01 3.163074246175476278e-01
3.600265868852075557e-01 2.548129617505518613e-02 2.393855538500009039e-01 3.751065630897362224e-01
3.285343104266342795e-01 3.809833931828611464e-02 2.934916018733750853e-01 3.398757483817044234e-01
3.625684274973425270e-01 2.952733293347421795e-02 3.207282650732978801e-01 2.871759744958853333e-01
3.414860579826429210e-01 2.086922838478459316e-02 3.004874086381474907e-01 3.371573049944249778e-01
2.888077820043077337e-01 2.054223562870560044e-02 2.812382781404585419e-01 4.094117042265281725e-01
3.156852212357776910e-01 3.656545810359507903e-02 3.455964746065807724e-01 3.021528460540465200e-01
3.147541533525843871e-01 3.708743544595403951e-02 3.154406276298323264e-01 3.327177835716293997e-01
3.661976690993939965e-01 3.587270663155901068e-02 2.469781205279513725e-01 3.509515037410956828e-01
3.734097480884310261e-01 3.262339675142795353e-02 2.869711554756658178e-01 3.069956996844750985e-01
3.215902603658559733e-01 2.872587710939117356e-02 3.035844078004689695e-01 3.460994547242837172e-01
4.061464627944225692e-01 2.238318233143195626e-02 2.513179317335852425e-01 3.201524231405601939e-01
4.467750721274063030e-01 1.829534354671126170e-02 2.505954518498901273e-01 2.843341324759922628e-01
3.746180778729539251e-01 1.248395491246977011e-02 2.813737211215550649e-01 3.315242460930212243e-01
3.342481221183479234e-01 2.566270767450333154e-02 3.098468523321339929e-01 3.302423178750147903e-01
3.329581774011440287e-01 2.782983188277126860e-02 2.815409237475463566e-01 3.576710669685383981e-01
3.461320535047562319e-01 2.246764590214938781e-02 3.220791346826748502e-01 3.093211659104196931e-01
3.787144538714995456e-01 2.567128383128910313e-02 2.543584019516993977e-01 3.412558603455119188e-01
3.564224274556229144e-01 3.065152806415713874e-02 2.551163270166182384e-01 3.578097174636016842e-01
4.134400741746281915e-01 1.245799439617832627e-02 2.419919152203366675e-01 3.321100162088568841e-01
3.209670050877385106e-01 2.345161242595289464e-02 3.069914651586044263e-01 3.485899173277042240e-01
4.020934535998206827e-01 1.034544428362198058e-02 2.493064116467236802e-01 3.382546904698337520e-01
3.658977814506720327e-01 2.275253907437076520e-02 2.863124944736056277e-01 3.250371850013517028e-01
3.863459372735005282e-01 2.332340928611418424e-02 2.826336362803866242e-01 3.076970171599986426e-01
2.993337976990770866e-01 6.541948913788650510e-02 2.946691385452449574e-01 3.405775746177914232e-01
3.861663006071460180e-01 2.690640997338172857e-02 2.467246974719373709e-01 3.402025919475349380e-01
3.899420363788416721e-01 2.872204935267983275e-02 2.636173764627061655e-01 3.177185378057722498e-01
3.755496363471675925e-01 3.214473323812541694e-02 2.746725186650950667e-01 3.176331117496120626e-01
3.550294819263762336e-01 2.971909212123265490e-02 2.781553544037598247e-01 3.370960715486314152e-01
3.437455096445240499e-01 2.946428615823422706e-02 2.837176544960378632e-01 3.430725497012038216e-01
3.560492793637253794e-01 3.081484786638668052e-02 2.786975227036589953e-01 3.344383500662288511e-01
3.733485846504110972e-01 3.536838332356748160e-02 2.822366524372841856e-01 3.090463795887372078e-01
3.360227782573094735e-01 2.260514918493592568e-02 2.762376345601798566e-01 3.651344379975748899e-01
3.809344961195986201e-01 3.204950660505269389e-02 2.887598909454744400e-01 2.982561063298743154e-01
3.405305303246216053e-01 1.613853906425321075e-02 2.667926912577596177e-01 3.765382393533655003e-01
3.313707635343422497e-01 4.201697960878523347e-02 2.718903028859560589e-01 3.547219539709165481e-01
3.223886211889240849e-01 2.743877015712253495e-02 3.174082016427400288e-01 3.327644070112134034e-01
3.063820187903093517e-01 4.150726366556485580e-02 3.282966163565392836e-01 3.238141011875865227e-01
3.416271572351251007e-01 4.293005553622684933e-02 2.907968143189375576e-01 3.246459729097103120e-01
4.006540398138184189e-01 2.853923021980121072e-02 2.692541976917258162e-01 3.015525322746545056e-01
3.868175999006777666e-01 2.265583948716131876e-02 2.558768497385564555e-01 3.346497108736044002e-01
4.128194551498337583e-01 2.571269538497515314e-02 2.455188913075377621e-01 3.159489581576533923e-01
3.457327721879033255e-01 4.065712190616171257e-02 2.782361904129700969e-01 3.353739154929649136e-01
3.865280405435206346e-01 2.998734535747914903e-02 2.428995011622862299e-01 3.405851129367138963e-01
3.865178185999955107e-01 1.935879758167130538e-02 2.934134257320041295e-01 3.007099580863291099e-01
3.181094773643910467e-01 6.876399296042277551e-03 2.953473747421668794e-01 3.796667485973999057e-01
3.238944952076250883e-01 4.002270628742930769e-02 2.574692932891634589e-01 3.786135052157821312e-01
3.063386992915040907e-01 3.848129729384978936e-02 2.925118752213649587e-01 3.626681281932812584e-01
2.871031583521069241e-01 2.439015481614538808e-02 3.105165883706449970e-01 3.779900984611028747e-01
3.815019007666899387e-01 4.849655668230840044e-02 2.777502576486675645e-01 2.922512849023340964e-01
3.839615600010609642e-01 2.184257418190414454e-02 2.881243812365180679e-01 3.060714845805166950e-01
3.474762861721551466e-01 2.398753918702027643e-02 2.988808380377165896e-01 3.296553366031080845e-01
3.420472378252762402e-01 3.110873943015512316e-02 2.379268032432827473e-01 3.889172195012856603e-01
3.661102177869264840e-01 1.819920623617710814e-02 2.917361725397837890e-01 3.239544034371126258e-01
3.650408300662534855e-01 3.109996899010981225e-02 2.940017948283545901e-01 3.098574061152821746e-01
4.172848223137394785e-01 3.439243588440218935e-02 2.114539237089453627e-01 3.368688180929129139e-01
3.734233389037941442e-01 1.877709379717448085e-02 2.916031334466264724e-01 3.161964338524047013e-01
3.545290081440966024e-01 3.362797961915393180e-02 2.683286109156346466e-01 3.435144013211149372e-01
4.248636674836001603e-01 1.915266601637364424e-02 2.425293992253667874e-01 3.134542672746593595e-01
3.560689004632462962e-01 1.299379136180716862e-02 3.096990296657803898e-01 3.212382785091660864e-01
2.928946380812614270e-01 5.722535237859018020e-02 3.162957657356453844e-01 3.335842438045030778e-01
4.030715435435470173e-01 3.056328070243166661e-02 2.382196999324771303e-01 3.281454758215441303e-01
3.778967588657426435e-01 1.238064639296389789e-02 2.798959999580676872e-01 3.298265947832257905e-01
3.220953520246226942e-01 3.841695526724763637e-02 2.779631893469280968e-01 3.615245033612015657e-01
3.754071896853334867e-01 2.287536687874609093e-02 3.093923963034675428e-01 2.923250471324527755e-01
3.808524555493116304e-01 3.873730517167007364e-02 2.388298112236215687e-01 3.415804280553965677e-01
3.694553673206417699e-01 2.086691362619062795e-02 3.025353948046138886e-01 3.071423242485537553e-01
3.764272602146785385e-01 1.752632010226130507e-02 2.412237141498901061e-01 3.648227055331701996e-01
3.537932072667294703e-01 2.381457714259606340e-02 3.011491403832869396e-01 3.212430752073873186e-01
3.304465615094984154e-01 4.019164141070110524e-02 3.126558862939360917e-01 3.167059107858643530e-01
3.109989050338432537e-01 3.079616836901065066e-02 3.164704118453670056e-01 3.417345147517790727e-01
3.390944607252185383e-01 1.404415850999849238e-02 3.041583106349379784e-01 3.427030701298449666e-01
3.360960351219472453e-01 1.498384893187712681e-02 2.514324109359873938e-01 3.974877050101882636e-01
3.454016804195751966e-01 2.275637094060124418e-02 2.649972536550658786e-01 3.668446949847577465e-01
3.874921737482950879e-01 2.167410125040400079e-02 2.993846952686736729e-01 2.914490297326273738e-01
3.310393469432109104e-01 4.126489524726351804e-02 2.645116064441257464e-01 3.631841513653996656e-01
3.456003817166944381e-01 3.825460819809314850e-02 2.658338880440027641e-01 3.503111220412096771e-01
3.482858754185341743e-01 3.659892455721350940e-02 2.942906844359628460e-01 3.208245155882895605e-01
3.475681585026846876e-01 4.631899050659684519e-02 2.474438254421718331e-01 3.586690255485464052e-01
3.160308281475501802e-01 1.778367654530336323e-02 2.625270521190045669e-01 4.036584431881418689e-01
3.243264344038838121e-01 2.666581492297628517e-02 2.830707000107242632e-01 3.659370506624157193e-01
3.535275610020790493e-01 2.589844182806029516e-02 2.616681771294505632e-01 3.589058200404102172e-01
3.382079955095656509e-01 4.066127103932726944e-02 3.061517359988891185e-01 3.149789974522179126e-01
3.693297394811731471e-01 2.713432884725665989e-02 2.945842813970733221e-01 3.089516502744968918e-01
3.020748316585973869e-01 3.683184327568234800e-02 2.918191915360311417e-01 3.692741335296890748e-01
3.242751476657244614e-01 1.409427062163557537e-02 2.509459556458212837e-01 4.106846260668187143e-01
4.386608668358230601e-01 2.932608372752707609e-02 2.797911129504763728e-01 2.522219364861736368e-01
3.398212838715681250e-01 2.769461624658871995e-02 2.838097513865224242e-01 3.486743484953207517e-01
3.121977317506021699e-01 2.150239789693111567e-02 2.870370273257987770e-01 3.792628430266680728e-01
3.695921939230373821e-01 2.665387968105547775e-02 2.659407562895724775e-01 3.378131701063346037e-01
3.356020441500364715e-01 3.472398750912986803e-02 3.360654294974758649e-01 2.936085388433577470e-01
3.463624028540810418e-01 3.514076735236648652e-02 3.425240468495482915e-01 2.759727829440041247e-01
3.660609032063931734e-01 4.024737382937387808e-02 2.747402749828410373e-01 3.189514479813919112e-01
3.600207964821595663e-01 2.201936451347908871e-02 2.450987912729037377e-01 3.728610477314575622e-01
3.405272374106209088e-01 5.821827526697247179e-02 2.537989350486433149e-01 3.474555522737633462e-01
3.552067075941691687e-01 2.764180802302696957e-02 2.742764845306517318e-01 3.428749998521520848e-01
2.927409653715338789e-01 4.311197960087446990e-02 3.094866442264463391e-01 3.546604108011452983e-01
3.858955208753976351e-01 2.343736359862473584e-02 2.929631445631790121e-01 2.977039709627986031e-01
3.261661367951304569e-01 2.354799051741404345e-02 2.954168631164474923e-01 3.548690095710080317e-01
3.571316276473733287e-01 4.293266199490795160e-02 2.497228318585310303e-01 3.502128784991878074e-01
3.938906012317762162e-01 3.096914623676200184e-02 2.891427846353576414e-01 2.859974678961041961e-01
3.377569702095309379e-01 3.356528286846631459e-02 2.914018914340547051e-01 3.372758554879479731e-01
3.900060590560859297e-01 3.311454534334288408e-02 3.047007350114450674e-01 2.721786605891263755e-01
3.146241458455747986e-01 4.147540979008734752e-02 3.305197473878141445e-01 3.133806969765238204e-01
2.793901778522546731e-01 2.759551920899613181e-02 3.134633233451863954e-01 3.795509795935627650e-01
3.060654050996536313e-01 1.501509510363045231e-02 2.849378608532029955e-01 3.939816389435128463e-01
3.870443232449333193e-01 2.137401991433845322e-02 2.175218375581551844e-01 3.740598192825728696e-01
3.718883597207390812e-01 1.410213126436498689e-02 3.126165036567051247e-01 3.013930053581907464e-01
3.050594596082450982e-01 2.211000670564107137e-02 3.087695149408336004e-01 3.640610187452802959e-01
3.713638321079418825e-01 1.711563456860738797e-02 2.948595680549814246e-01 3.166609652684694298e-01
3.440518049988829929e-01 2.052046720477331346e-02 3.072107096443562058e-01 3.282170181519876162e-01
3.824825300504525183e-01 2.172217938956485378e-02 2.285746490655665153e-01 3.672206414944159669e-01
3.566004452539838221e-01 1.247608336901081215e-02 3.356810731294174732e-01 2.952423982475880226e-01
4.149168192459761206e-01 2.968231353097222983e-02 2.356598763110666905e-01 3.197409909119851013e-01
3.655431411154291266e-01 4.758073964660157473e-02 2.608408899948706505e-01 3.260352292430988563e-01
3.193003005966068009e-01 2.242689586279924055e-02 2.674292782637536225e-01 3.908435252768402424e-01
3.798505163453641531e-01 6.476681343489920639e-02 2.847223048318842098e-01 2.706603653878524307e-01
3.926303906801524857e-01 3.433538454106317001e-02 2.409045296457325014e-01 3.321296951330517944e-01
3.550378304781667826e-01 1.004451725517515465e-02 3.040926769517748873e-01 3.308249753148831407e-01
3.964594973708257530e-01 1.722049546970121081e-02 2.820998302694067150e-01 3.042201768900662517e-01
3.386282191222521609e-01 3.576636548027981033e-02 2.454114209882150566e-01 3.801939944092529444e-01
4.104001799107272475e-01 1.962027165562282849e-02 2.716523722142186736e-01 2.983271762194312227e-01
3.807791053528377101e-01 3.069030969822870297e-02 2.468290147851905925e-01 3.417015701637430847e-01
3.472797542228583390e-01 2.829432442512653731e-02 2.744208299462074230e-01 3.500050914058077112e-01
3.059754256785702786e-01 3.505195715094495262e-02 3.003451577028296016e-01 3.586274594676551741e-01
3.605171829422661456e-01 4.302106627963336177e-02 2.630564846342849927e-01 3.334052661438156040e-01
3.855492100257899568e-01 2.680889419996144649e-02 2.563202845856074052e-01 3.313216111886412296e-01
3.943633005412746084e-01 1.576625120432399718e-02 2.932310944963888999e-01 2.966393537580124806e-01
3.278090734939808626e-01 2.562331352906508861e-02 2.599550660949880299e-01 3.866125468819660571e-01
2.877823201317150636e-01 2.161989559563911797e-02 3.384739075205418501e-01 3.521238767521038815e-01
3.285608653721853734e-01 3.709869416787051760e-02 3.206036003064997586e-01 3.137368401534444962e-01
3.671200249366186052e-01 3.196017983423565106e-02 2.675796218237435076e-01 3.333401734054022292e-01
3.705603234015031888e-01 5.549765380389241887e-02 2.189489754553204381e-01 3.549930473392839403e-01
3.418766467759198902e-01 3.764145171900913633e-02 2.395561795782513714e-01 3.809257219268195049e-01
3.440223061205232580e-01 1.899429008809330049e-02 2.836966345139040890e-01 3.532867692774792623e-01
4.331981526452787779e-01 1.239968756963213091e-02 2.521775327773583264e-01 3.022246270077308949e-01
3.568151971819660817e-01 2.141025012421576487e-02 2.945070374829025783e-01 3.272675152109154606e-01
2.849259932260945205e-01 1.788154083659002080e-02 3.490987469831249301e-01 3.480937189541903898e-01
3.442669334330180630e-01 3.363788877312313963e-02 2.343445708065096389e-01 3.877506069873490335e-01
3.386782516909492280e-01 1.667035237205052867e-02 3.115188070878257554e-01 3.331325888491744602e-01
3.096644945852159436e-01 2.183583234516179097e-02 2.402640385603573292e-01 4.282356345092649952e-01
4.383088263928401340e-01 2.194536238570925571e-02 2.247531884882786879e-01 3.149926227331717454e-01
3.821850378326777098e-01 4.673404883465649695e-02 2.326785562176954258e-01 3.384023571149702425e-01
3.794192794386013201e-01 3.506984441928685803e-02 2.690394743026574553e-01 3.164714018394543804e-01
3.684891288992632741e-01 3.236686443782009481e-02 2.703924334117382422e-01 3.287515732511782640e-01
4.263974192769701688e-01 1.895801214746583793e-02 2.529434417513980460e-01 3.017011268241659439e-01
3.778163637899613625e-01 2.978261970825254318e-02 2.416248487382577914e-01 3.507761677635282682e-01
3.725652199922552810e-01 2.743209983173437033e-02 3.042682965466266265e-01 2.957343836293836459e-01
3.532404458557015792e-01 3.525167999281137582e-02 2.785456395784015049e-01 3.329622345730856026e-01
3.201953789821154750e-01 1.094772334655596570e-02 3.271333419101488671e-01 3.417235557611795205e-01
3.438845542407608646e-01 2.086906047499971495e-02 2.501919386230225806e-01 3.850544466612169092e-01
3.853859975511551017e-01 2.039882324802699473e-02 2.571316329595489392e-01 3.370835462412688499e-01
3.500549179007215739e-01 3.566138906303111672e-02 2.815975301892144622e-01 3.326861628470328958e-01
3.124494497644890734e-01 2.573471729042933406e-02 3.207357105694186306e-01 3.410801223756628198e-01
4.263275421799948006e-01 2.157969842211764772e-02 2.513085818424155571e-01 3.007841775554719876e-01
3.373262515447356669e-01 2.945239204357753826e-02 2.979225915602232155e-01 3.352987648514634822e-01
3.654441186407437758e-01 3.822773518687819921e-02 2.681776732202137414e-01 3.281504729521641517e-01
3.292575703498361039e-01 3.675324317646518069e-02 2.920062223317466121e-01 3.419829641419520616e-01
3.279992875388388907e-01 1.929175703177727838e-02 2.373544752312861661e-01 4.153544801980976753e-01
2.990957178511208236e-01 6.752158402585936581e-02 2.723027906959746836e-01 3.610799074270450992e-01
3.515866557510116119e-01 4.175304486785379882e-02 2.931769302612676209e-01 3.134833691198670724e-01
3.608997068526944574e-01 3.242658159449723909e-02 2.515093274965379821e-01 3.551643840562703214e-01
3.364016939002270612e-01 4.380020638325508864e-02 2.671889646043800748e-01 3.526091351121378170e-01
3.569938489873215048e-01 1.703997225266429966e-02 2.570312654310362710e-01 3.689349133289778759e-01
3.468574332773611268e-01 5.045902692100329157e-02 2.821836341129719261e-01 3.204999056886636555e-01
3.353625135303204829e-01 3.117643521608491272e-02 2.704966970990336783e-01 3.629643541545610197e-01
3.174234363035299822e-01 1.661390078564924447e-02 3.255003611185540158e-01 3.404623017922668304e-01
3.255846953719163106e-01 2.937682385381790856e-02 2.811852892790346892e-01 3.638531914952310986e-01
3.479627680730620898e-01 2.671129689819939923e-02 2.533635182575511569e-01 3.719624167711874652e-01
3.360878110800141205e-01 1.302718486664010064e-02 3.248714214073733508e-01 3.260135826459722996e-01
3.343616182650736013e-01 1.651541320727658094e-02 3.056030311747579553e-01 3.435199373528918798e-01
3.672482497866542683e-01 4.036557046793640136e-02 2.658379822055589314e-01 3.265481975398504821e-01
3.690400469875881329e-01 1.417523321016833475e-02 2.720972805277855344e-01 3.446874392744580518e-01
3.432024617320157400e-01 4.545547658700924837e-02 2.922314917395366085e-01 3.191105699414384933e-01
3.989179584368890419e-01 2.984158666085618208e-02 2.572531595371922997e-01 3.139872953650623688e-01
3.172417527138524096e-01 3.933111464151277381e-02 2.895951837963791631e-01 3.538319488482557507e-01
2.882686939421332806e-01 1.661847680340324332e-02 3.449666797759886605e-01 3.501461494784748885e-01
3.364709690257310926e-01 2.307404315203640324e-02 2.750361498916256697e-01 3.654188379306066992e-01
4.189436641138220008e-01 2.425884931990679449e-02 2.385145743222325254e-01 3.182829122440385961e-01
3.078248626212002348e-01 4.901082696827368385e-02 2.854915804675185464e-01 3.576727299430075280e-01
3.701977171763032315e-01 1.948700240653958651e-02 2.247753080084178012e-01 3.855399724087393287e-01
3.482461383369989116e-01 2.835151184232566693e-02 2.774724277232471503e-01 3.459299220974282885e-01
3.088370049087330038e-01 5.707480390384062074e-02 3.042934983833057716e-01 3.297946928041206038e-01
3.761049239299097402e-01 2.520450484165184801e-02 2.668808769060740937e-01 3.318096943223642903e-01
4.080222774437544664e-01 3.855129129627237611e-02 2.454914073723870604e-01 3.079350238875861456e-01
2.955517653524334931e-01 3.401392355488638136e-02 2.930290303122362605e-01 3.774052807804438858e-01
3.711432054522821877e-01 3.125516918931100369e-02 3.079301296443456848e-01 2.896714957140610336e-01
3.353129365932948081e-01 3.270888152751464523e-02 3.202199840407803366e-01 3.117581978384103558e-01
3.908980286133693638e-01 1.921361839678707370e-02 2.821649313785901669e-01 3.077234216112533227e-01
3.774233313581531468e-01 2.244468694659357277e-02 2.533274232429595929e-01 3.468045584522934655e-01
3.947886069316145496e-01 2.933913990141803069e-02 2.414680525854876469e-01 3.344042005814797935e-01
3.228772249626616908e-01 3.133663109022659377e-02 3.204388528681926251e-01 3.253472910789189654e-01
3.614431854744854511e-01 1.085716101505526839e-02 2.444068923041348984e-01 3.832927612063243838e-01
3.032774043960369537e-01 3.129194059560570784e-02 2.981263956891459510e-01 3.673042593192112903e-01
4.408870267242037677e-01 2.787980231613096729e-02 2.238621737714412696e-01 3.073709971882240266e-01
3.496052422888930589e-01 1.540814550759829135e-02 2.922244170332687907e-01 3.427621951702398140e-01
3.236033040588957577e-01 4.407432429609550034e-02 2.517271477133750657e-01 3.805952239316337526e-01
3.742363316074574509e-01 4.673097630901214966e-02 2.589661350740172230e-01 3.200665570095131418e-01
3.383602022632101747e-01 2.501410103979152810e-02 2.543171025605801550e-01 3.823085941364180451e-01
3.607146541751323210e-01 3.936389697679796434e-02 3.007544292146797082e-01 2.991670196333898746e-01
2.966288698842319826e-01 4.670496471099537528e-02 2.956672227879902914e-01 3.609989426167823923e-01
3.169949446208620847e-01 2.977052278357643356e-02 2.852082222237765086e-01 3.680263103717849593e-01
3.413066071830171411e-01 3.342438465191493319e-02 2.914551538830055244e-01 3.338138542820622834e-01
3.425024394838803166e-01 1.533207313434100348e-02 3.032191666808744523e-01 3.389463207009043577e-01
3.180816941007663656e-01 5.010482590336409053e-02 3.034095908039651790e-01 3.284038891919043857e-01
3.532725607294395775e-01 1.778860226098696526e-02 2.618849588254406613e-01 3.670538781841326537e-01
3.900567911152608147e-01 2.478127907083722478e-02 2.796233384433603475e-01 3.055385913705417344e-01
3.458910835760051206e-01 1.766269976709080453e-02 3.158547350485642613e-01 3.205914816083400010e-01
3.416673065757677152e-01 2.671073284265361794e-02 2.551409115644759362e-01 3.764810490171027202e-01
3.576164404715208023e-01 2.931801722823853748e-02 2.613327001885337175e-01 3.517328421117068560e-01
3.992711003085562260e-01 4.017910837153645942e-02 2.680148029782538632e-01 2.925349883416534791e-01
2.892214035871031874e-01 2.520015474689869112e-02 2.713406165751081067e-01 4.142378250908900217e-01
3.325206363560332390e-01 2.539829567830599599e-02 3.148398451151375177e-01 3.272412228505232612e-01
2.940444099700668668e-01 1.791247254115636844e-02 2.947913153225519278e-01 3.932518021662249064e-01
3.374165563567492754e-01 2.565339984196220169e-02 2.663689148767186543e-01 3.705611289245698270e-01
4.051514895915789838e-01 3.602877221197620800e-02 2.716317000757129674e-01 2.871880381207318478e-01
2.873629507513316139e-01 2.228668258769028396e-02 3.316397914666777136e-01 3.587105751943003296e-01
3.513901890408395179e-01 2.476807841986079090e-02 2.404065001578417349e-01 3.834352323814579355e-01
3.943304492428823527e-01 2.563935221567650163e-02 2.459033543236316677e-01 3.341268442178093045e-01
3.537233692919481975e-01 1.173818691256822352e-02 2.732662908684401759e-01 3.612721529270433996e-01
3.626222726533140928e-01 4.795150273378834954e-02 2.258213428313918802e-01 3.636048817815057954e-01
3.499808382425494968e-01 2.932292022047267369e-02 3.063733610762624515e-01 3.143228804607154370e-01
4.315744629325178883e-01 1.810990979612269250e-02 2.536843067878770119e-01 2.966313204834825634e-01
3.293760678186837265e-01 2.809921939325990894e-02 3.172227535702932810e-01 3.253019592177631147e-01
3.419269592438506367e-01 2.843699943048487444e-02 2.928066317440715660e-01 3.368294095815930200e-01
3.643463142016453160e-01 1.982876962889594183e-02 3.184913327170762476e-01 2.973335834523824217e-01
3.874149977245409660e-01 1.893540790038571522e-02 2.678970504095730676e-01 3.257525439655003519e-01
3.459078304364498480e-01 4.190146772456135316e-02 2.886170321224891810e-01 3.235736697164997011e-01
3.615299638380097269e-01 2.335038933448205234e-02 2.642354354085127421e-01 3.508842114189956174e-01
3.435151751560074906e-01 2.442718449476925097e-02 3.177699085744180030e-01 3.142877317748051791e-01
3.604955047250370526e-01 2.066706927869950070e-02 3.092457211034483899e-01 3.095917048928150672e-01
3.165012628552633656e-01 4.596633630741706750e-02 3.152131042807724826e-01 3.223192965565471191e-01
3.533012668077044061e-01 2.799032189390172204e-02 2.546305936912630075e-01 3.640778176071308714e-01
3.096354938522233313e-01 3.385987447224299979e-02 3.221536943209893922e-01 3.343509373545442975e-01
2.970354649542718550e-01 2.766732402224166693e-02 3.033448577807268398e-01 3.719523532427596035e-01
4.020730790019901302e-01 2.812180006989146303e-02 2.854335996964165179e-01 2.843715212317020069e-01
3.119847624352610205e-01 2.756459695556601544e-02 3.138741069854938393e-01 3.465765336236791283e-01
2.962424293309152690e-01 1.856931563215253461e-02 3.448146500597073505e-01 3.403736049772249084e-01
3.621786773006158144e-01 3.416715250413376176e-02 3.098944252239087538e-01 2.937597449713417186e-01
3.354934377310329063e-01 2.633006098093783678e-02 3.255733771403126475e-01 3.126031241477167377e-01
3.614502101857378635e-01 3.944572872385979090e-02 2.733052079995793582e-01 3.257988530908228486e-01
3.905503521501194064e-01 4.589688504697612276e-02 2.617663056387496967e-01 3.017864571641547533e-01
3.893948104445767999e-01 2.755349195063742582e-02 2.409823849469124035e-01 3.420693126578732146e-01
3.597004181442953752e-01 2.556020800684358218e-02 3.068403013261272183e-01 3.078990725227338521e-01
3.927162986055073302e-01 1.816746004012272792e-02 3.016116039076245925e-01 2.875046374467453703e-01
3.235576674778011252e-01 2.254554653841688364e-02 2.901821418114732820e-01 3.637146441723086987e-01
3.824738671939705292e-01 4.000963080537785904e-02 2.355441879281433004e-01 3.419723140725081656e-01
3.640353978675752167e-01 3.826473446107378495e-02 2.308586222008792710e-01 3.668412454704716996e-01
3.790171564897325540e-01 1.581031002135097757e-02 2.496475045291478845e-01 3.555250289597686186e-01
3.781242891055295874e-01 2.553774037365772603e-02 2.824444076072065157e-01 3.138935629136061500e-01
3.955921542495964283e-01 2.225975339775723011e-02 2.586491216314366071e-01 3.234989707212097554e-01
3.597209448671266352e-01 2.521368759653493108e-02 2.710133581348612153e-01 3.440520094014771768e-01
3.367659249851776004e-01 3.347138744210088890e-02 2.748338366283432088e-01 3.549288509443784267e-01
4.011042569433150851e-01 1.522944166902616067e-02 2.657105053851479548e-01 3.179557960025108931e-01
3.807819517399729792e-01 3.582715264075284067e-02 2.717496241717061167e-01 3.116412714475679802e-01
3.806849970794816129e-01 8.105534990167492446e-03 2.358490930953898446e-01 3.753603748349611524e-01
3.726568760898412713e-01 2.967561897609717961e-02 2.875618499273126516e-01 3.101056550067488038e-01
3.689714770539779254e-01 3.375919517696421290e-02 2.503650380508019024e-01 3.469042897182558760e-01
3.128109082661979512e-01 4.799148280571306768e-02 2.861303243976560662e-01 3.530672845304329011e-01
4.065778231219756567e-01 1.939595563821761362e-02 2.964307708155133336e-01 2.775954504242932885e-01
3.558948090705157385e-01 2.382122693994516774e-02 2.430394768828044449e-01 3.772444871067348049e-01
3.611059605955418417e-01 3.113987826737353928e-02 2.759413193504589579e-01 3.318128417866257895e-01
3.538714264247346253e-01 2.381053809180846276e-02 2.530710578615048001e-01 3.692469776219522437e-01
4.060314646850954334e-01 1.397189790508922974e-02 2.446994718547991776e-01 3.352971655550161523e-01
3.118451968851188583e-01 1.967474970309584723e-02 3.231605995744545878e-01 3.453194538373307032e-01
2.985447210076933033e-01 2.844159507752887575e-02 2.873137187660776415e-01 3.856999651487001968e-01
3.745871776218571148e-01 2.914373754871661323e-02 2.903548724229157441e-01 3.059142124065106771e-01
3.576509783000902387e-01 2.505136347480613201e-02 2.530863863745729248e-01 3.642112718505307600e-01
3.386765678022872761e-01 1.774781129429102086e-02 2.473135067631216100e-01 3.962621141402999925e-01
3.538825374324577888e-01 1.842108974680862002e-02 2.918004796563193892e-01 3.358958931644140944e-01
2.987150454065489180e-01 5.278110069754076566e-02 2.984830342423601679e-01 3.500208196535501970e-01
3.554799764614161584e-01 2.569821851238142385e-02 2.504008491194607000e-01 3.684209559067417317e-01
3.887426307940270442e-01 2.167953684240292098e-02 2.343906595539379245e-01 3.551871728096319680e-01
3.957544166027159305e-01 2.087400039672229757e-02 2.318935922673797390e-01 3.514779907331820330e-01
2.936715595139658963e-01 3.412047352913443604e-02 2.868492560647378231e-01 3.853587108921617821e-01
3.309964106065854117e-01 5.325172315790493993e-02 2.735391742514961533e-01 3.422126919840134396e-01
2.963925549393501835e-01 5.074367967914113903e-02 2.713941865270044773e-01 3.814695788545042765e-01
3.243763353851645825e-01 2.650121597595187992e-02 2.411860836291075949e-01 4.079363650097759253e-01
3.784431588751552833e-01 3.016458662346041195e-02 2.452328652008087528e-01 3.461593893005756040e-01
3.881282465661468617e-01 4.414553010330703881e-02 2.746204989644902561e-01 2.931057243660558087e-01
3.575273124371179945e-01 3.076067554844751431e-02 2.906056922895079997e-01 3.211063197249266477e-01
3.262564734490611684e-01 3.127707596064401019e-02 3.262911222971668357e-01 3.161753282931279996e-01
3.790564560153766860e-01 9.712639262720422148e-03 3.133491694839941610e-01 2.978817352379087846e-01
3.904853081757752031e-01 2.064170672451997104e-02 2.660582973353116110e-01 3.228146877643932044e-01
3.455346288907452101e-01 3.538380822420072319e-02 2.982848926525341615e-01 3.207966702325198427e-01
3.110550105176617675e-01 3.144795041720249706e-02 2.777882602060840478e-01 3.797087788590515767e-01
3.851255056042148794e-01 1.644382189265343810e-02 2.598913551201297301e-01 3.385393173830020253e-01
3.272365068615787909e-01 3.934363799571018866e-02 3.177323617948574763e-01 3.156874933478535095e-01
3.911827888455421953e-01 2.611617744907758498e-02 2.387569816785306831e-01 3.439440520268495227e-01
3.751651067487624669e-01 3.276033942883985889e-02 2.541626045311738968e-01 3.379119492912237566e-01
3.475033747848523813e-01 3.039656273494133545e-02 2.526942980998111987e-01 3.694057643803951851e-01
3.303909678509582837e-01 3.291697912342979315e-02 2.765608155887274155e-01 3.601312374368845770e-01
4.162827874042124288e-01 1.679172700947976007e-02 2.647141440934135392e-01 3.022113414928942476e-01
3.594968088028296926e-01 2.569164650278118328e-02 2.683346366040953446e-01 3.464769080902937448e-01
3.213705388972626920e-01 3.415460185974956986e-02 2.950680858628605407e-01 3.494067733801271558e-01
3.260538231087888872e-01 3.547169222973026864e-02 2.651816379625695497e-01 3.732928466989112182e-01
4.059259436142269029e-01 3.281532028965525316e-02 2.714597934230746912e-01 2.897989426730430695e-01
3.643531584454761663e-01 1.356230756703605961e-02 2.840939513156689467e-01 3.379905826718189177e-01
3.916875598740900410e-01 1.967157080854397763e-02 2.879609746738310827e-01 3.006798946435346731e-01
3.825991868527366391e-01 2.270998857497081094e-02 2.738552727012615873e-01 3.208355518710310217e-01
3.609527838842775949e-01 3.024620534604082270e-02 2.670694359104270332e-01 3.417315748592545943e-01
4.241648575946775912e-01 1.876108601839592341e-02 2.326118540459689854e-01 3.244622023409575728e-01
3.231048229221724633e-01 2.631393576187058755e-02 2.690364521618348048e-01 3.815447891541220438e-01
3.772567796723110267e-01 1.934500543452814456e-02 2.488236989563665513e-01 3.545745159367942878e-01
3.913736725361290913e-01 1.923236592295478331e-02 2.572062180535632514e-01 3.321877434873528601e-01
3.199258326249864171e-01 2.671496226805502444e-02 2.850269668661629119e-01 3.683322382407955842e-01
3.116964818772993140e-01 2.151868491307466075e-02 3.075004213429069488e-01 3.592844118667190556e-01
3.389442934847765598e-01 4.812248009324992387e-02 2.678025239225009790e-01 3.451307024994725303e-01
3.779241130866295428e-01 3.742552894356826476e-02 2.694014267376114158e-01 3.152489312321907211e-01
3.339028932996653265e-01 2.746170577009478600e-02 2.502235821821339190e-01 3.884118187481059858e-01
3.401100860644433732e-01 1.866810002751562517e-02 2.891658760694869601e-01 3.520559378385540450e-01
3.565503551887387323e-01 2.716417558276644495e-02 2.900343357686189782e-01 3.262511334598757196e-01
3.902374638091009040e-01 1.768662302152543969e-02 3.093944945309111683e-01 2.826814186384625782e-01
3.888446859581283777e-01 1.877761811111394036e-02 2.633596010594829173e-01 3.290180948712748688e-01
3.122185709418456856e-01 1.469320656189956019e-02 3.019320872928167310e-01 3.711561352034379313e-01
3.346736369356902441e-01 2.386497205218601411e-02 3.053504207494870948e-01 3.361109702626365880e-01
3.477405688348925716e-01 1.468022933697533082e-02 2.923154385079499984e-01 3.452637633201821599e-01
3.488784727734888791e-01 2.086210781446729695e-02 2.729997982021321046e-01 3.572596212099117263e-01
3.579991205757931394e-01 1.408158094212318134e-02 2.989835851118595178e-01 3.289357133702241476e-01
3.373536281696947192e-01 3.009562937703055829e-02 3.015372202897440013e-01 3.310135221635308600e-01
4.034315873056098511e-01 1.621222145105424145e-02 2.829332649235263841e-01 2.974229263198095441e-01
3.678820570208887197e-01 2.944373323412481647e-02 2.628511828761576630e-01 3.398230268688287037e-01
3.169270489582030614e-01 2.604294716977494442e-02 2.630583661576946231e-01 3.939716377143273607e-01
3.306824167804160997e-01 3.539551465914261841e-02 2.941987519430762643e-01 3.397233166173649899e-01
3.409426961390929489e-01 2.443552839808315821e-02 2.680998451466491406e-01 3.665219303161749154e-01
3.316200664848286128e-01 2.213523648341593486e-02 2.991132187318323865e-01 3.471314782999230242e-01
3.337595514937006236e-01 3.925250643928242245e-02 2.991830674984189420e-01 3.278048745685979704e-01
3.675271617571126415e-01 3.282536779704314095e-02 2.603036551320223047e-01 3.393438153138219615e-01
3.995072306741397350e-01 1.767326509521738309e-02 2.665488882139481208e-01 3.162706160166946501e-01
3.641085147727533000e-01 1.432382354588412031e-02 2.435005687701590205e-01 3.780670929112034950e-01
3.279362165317924460e-01 1.713448853817907749e-02 2.752205095141619928e-01 3.797087854158663900e-01
3.433455531332363919e-01 3.219525305102897972e-02 2.624602023782055538e-01 3.619989914375290607e-01
2.888573888586740135e-01 4.544147368746074417e-02 2.838219170707441674e-01 3.818792203831210541e-01
3.545947708564408107e-01 2.754675656588536845e-02 2.881725450199125182e-01 3.296859275577612713e-01
3.274471483346279577e-01 2.919056721655407735e-02 2.635402304081546077e-01 3.798220540406632706e-01
3.821758128737158255e-01 3.738418177398655784e-02 2.667824278500732227e-01 3.136575775022243939e-01
3.478193785971606666e-01 3.428353033726319610e-02 2.775469008991551245e-01 3.403501901664210405e-01
3.467669993761913760e-01 3.663254377079128848e-02 2.961630328515925670e-01 3.204374240014246089e-01
3.491886226118137704e-01 4.282731366587516630e-02 2.859248452581066302e-01 3.220592184642043776e-01
2.983376330526328335e-01 3.190378458059597855e-02 3.016348982023543956e-01 3.681236841644168756e-01
3.361733676312431696e-01 2.176297725507535946e-02 3.005989490974402267e-01 3.414647060162411263e-01
3.273988837848931799e-01 4.963612588263777853e-02 2.848794355068499651e-01 3.380855548256190279e-01
3.546643738879489693e-01 1.976769244024964220e-02 2.853520695079667657e-01 3.402158641638346470e-01
3.671280687248556496e-01 2.746678822372717460e-02 2.595886120591019974e-01 3.458165309923152408e-01
3.543238414971616734e-01 2.208882338769084866e-02 2.614977733004104632e-01 3.620895618147369488e-01
3.854041305337503887e-01 2.282431318323436403e-02 2.736800359088529255e-01 3.180915203741623287e-01
3.381841507439101724e-01 3.145926998589999163e-02 2.998298030347374410e-01 3.305267762354522909e-01
3.512235889527554056e-01 2.680864331867134631e-02 2.812297878909487681e-01 3.407379798376245494e-01
3.742428621811750844e-01 2.240730642969862921e-02 2.906385905819074966e-01 3.127112408072188487e-01
3.501003393554058540e-01 2.334313260678902088e-02 2.923320677009539348e-01 3.342244603368512701e-01
3.961112784664315156e-01 2.214922444837886042e-02 2.879138774274520030e-01 2.938256196577376800e-01
3.546443169404921436e-01 3.454611846056046542e-02 2.700791842268480680e-01 3.407303803720991286e-01
3.543163063616119324e-01 2.610553021928744069e-02 2.847503638509976676e-01 3.348277995681029906e-01
3.592605702335863183e-01 3.836989210500502817e-02 2.512337942033610605e-01 3.511357434580476000e-01
4.119338112756823489e-01 2.082385410912209259e-02 2.402925895693963643e-01 3.269497450457992116e-01
3.679589392378753709e-01 1.997568361161131470e-02 2.586442016032898250e-01 3.534211755472234651e-01
3.417854685465437914e-01 2.671496514526043239e-02 2.682538278091919359e-01 3.632457384990038229e-01
3.606637492003768597e-01 2.243301576029103211e-02 3.076395845304031318e-01 3.092636505089291221e-01
3.194580214125962714e-01 3.991487072173802858e-02 3.191957251025051567e-01 3.214313827631605225e-01
4.111523058477311032e-01 2.490763510566692748e-02 2.345038898830391072e-01 3.294361691635629419e-01
3.615104819772117506e-01 1.772852431008259746e-02 2.701015735501246517e-01 3.506594201625809482e-01
3.868694408608271407e-01 3.543030401458792389e-02 2.826728460472900384e-01 2.950274090772949109e-01
3.334437531188492176e-01 2.949858767794903344e-02 2.943556916502693133e-01 3.427019675529325293e-01
3.906517742204267951e-01 1.804911502344661370e-02 2.770447160377159657e-01 3.142543947184105457e-01
3.175012265307431969e-01 1.949129334318877929e-02 2.749460732561972987e-01 3.880614068698707286e-01
3.194062561702944447e-01 2.592209480089303908e-02 2.822237310688896494e-01 3.724479179599229361e-01
3.046266922102233154e-01 2.921129574162415962e-02 2.230407745048552381e-01 4.431212375432972972e-01
3.796984291171672798e-01 1.682873073779871803e-02 2.704974549674303841e-01 3.329753851776034446e-01
