2.174830129803600742e-01 3.089086228797261469e-01 4.594905228857154578e-01 1.411784125419830206e-02
2.566913193159752193e-01 2.738478798115719370e-01 4.446969201078594391e-01 2.476388076459323448e-02
2.007984215188282628e-01 3.623263389359988595e-01 4.087747112795703797e-01 2.810052826560250142e-02
2.192584369552339763e-01 3.334688897253089701e-01 3.977495675067210801e-01 4.952310581273610540e-02
2.014535140874140484e-01 3.510563203798335863e-01 3.952211305600664137e-01 5.226903497268586829e-02
1.796319987265969642e-01 3.598688050174705388e-01 4.366199508606951607e-01 2.387924539523734319e-02
2.220517944642174946e-01 3.358261570047100797e-01 4.027268205387175004e-01 3.939522799235484207e-02
1.860387816288120166e-01 3.452829536254256593e-01 4.335241308197821941e-01 3.515413392598010917e-02
1.991554444101416299e-01 3.241935537111336196e-01 4.244476099182381557e-01 5.220339196048660174e-02
1.963764378250351939e-01 3.282385338803789909e-01 4.593311234962209610e-01 1.605390479836488887e-02
2.173249138666479563e-01 3.109879982250214336e-01 4.451736434765423134e-01 2.651344443178830709e-02
2.325143409565132435e-01 3.466427445680932418e-01 4.007972846698454883e-01 2.004562980554819990e-02
2.151218781798727719e-01 3.470743650524455437e-01 4.283577626196712340e-01 9.445994148010488506e-03
2.029853693991697516e-01 3.577791839795518847e-01 4.152441475687114747e-01 2.399129905256690287e-02
2.068394217505008514e-01 3.232697144558650537e-01 4.525082102845530141e-01 1.738265350908101484e-02
2.111073127218490442e-01 3.856811344845737510e-01 3.769733839271680598e-01 2.623816886640931850e-02
2.642635233425300600e-01 3.168145126132640432e-01 3.998332464670722453e-01 1.908871757713386311e-02
2.445518917755258037e-01 2.916449870897779850e-01 4.222638034101244831e-01 4.153931772457165883e-02
1.848343390430130240e-01 3.899295103320832845e-01 3.974252550125673689e-01 2.781089561233642329e-02
2.125402558111319229e-01 3.399869063748404141e-01 4.078411701839203540e-01 3.963166763010721877e-02
2.140456298996203377e-01 2.904967472995755307e-01 4.727783817917380893e-01 2.267924100906593826e-02
2.319155309023933353e-01 3.146441532310652600e-01 4.261348491371751424e-01 2.730546672936614780e-02
1.922935671187657736e-01 3.330234739970295288e-01 4.461634464672070144e-01 2.851951241699762774e-02
2.269705817240835755e-01 3.329673501152559667e-01 4.205149260644151510e-01 1.954714209624544563e-02
2.603762427517151146e-01 2.921331646559945927e-01 4.197751053851179748e-01 2.771548720717236652e-02
2.118818922262513393e-01 3.130104048750457779e-01 4.456055617743989727e-01 2.950214112430394817e-02
2.290760840187602010e-01 3.409231876036331599e-01 3.992895901917141166e-01 3.071113818589251906e-02
1.868735174815052968e-01 3.310100670099772047e-01 4.610969799324745599e-01 2.101943557604301488e-02
2.603317307638842171e-01 3.441860848516544169e-01 3.637583449305561989e-01 3.172383945390528509e-02
2.502027799059507451e-01 3.741883452881027972e-01 3.647247437330826125e-01 1.088413107286379661e-02
2.096385135883100936e-01 3.031159817533612411e-01 4.798910618784438253e-01 7.354442779884787923e-03
2.709195584756755038e-01 3.251932818034651285e-01 3.811212751198907456e-01 2.276588460096859098e-02
1.743290894965161542e-01 4.032675202819238081e-01 3.933824551087996557e-01 2.902093511276040982e-02
2.292994451460129701e-01 2.857886712132829965e-01 4.389829663914251445e-01 4.592891724927884722e-02
2.309341653335131028e-01 3.260462403207597393e-01 4.178133637363754538e-01 2.520623060935158269e-02
2.249618718562477471e-01 3.196325272772045367e-01 4.271317362676422258e-01 2.827386459890551471e-02
2.036660837156921422e-01 3.271598654921233917e-01 4.535835920677382394e-01 1.559045872444637069e-02
2.448601330444272195e-01 3.496194686609547242e-01 3.955251635198164806e-01 9.995234774801700639e-03
2.143481042920156177e-01 3.337256899051269654e-01 4.348721150713490413e-01 1.705409073150842073e-02
2.370280067760723586e-01 3.314603709556562805e-01 4.024428462245366322e-01 2.906877604373454133e-02
2.643838165422268682e-01 3.785661885297575968e-01 3.318363667002821038e-01 2.521362822773333748e-02
2.014569406521240780e-01 2.913444572579948488e-01 4.680682141430678733e-01 3.913038794681326926e-02
2.255853731414391994e-01 3.176301581098922022e-01 4.349710355958962826e-01 2.181343315277224984e-02
2.659954557901095251e-01 3.537634145883141179e-01 3.436975384108109099e-01 3.654359121076537764e-02
2.334677054131406304e-01 2.846636354365555399e-01 4.468172742929733543e-01 3.505138485733048231e-02
2.393866427042461442e-01 3.304949543893694885e-01 3.934667943495079867e-01 3.665160855687641522e-02
2.527795760264461844e-01 3.311855039277435964e-01 3.910104216248756481e-01 2.502449842093455376e-02
2.406472063220632118e-01 3.751561793608815254e-01 3.660282066254306188e-01 1.816840769162456071e-02
2.677368884283758965e-01 3.050064088433744880e-01 4.151093979666822253e-01 1.214730476156728606e-02
2.070952713121013422e-01 3.253490416702616295e-01 4.461578563180074730e-01 2.139783069962968715e-02
1.696715421916729916e-01 3.690848301043908597e-01 4.453013875722990345e-01 1.594224013163713857e-02
2.793849291365809728e-01 3.209711569248108742e-01 3.822259794407227296e-01 1.741793449788538173e-02
2.254329842458499822e-01 3.528467691949024876e-01 4.127597594678321657e-01 8.960487091415322847e-03
2.351590546323682751e-01 3.373813743355533190e-01 4.086447542819132694e-01 1.881481675016513991e-02
2.360766361065341490e-01 3.543435157403768687e-01 3.823461270751805641e-01 2.723372107790838353e-02
2.442470764989543297e-01 3.018973427838302914e-01 4.189171546749183572e-01 3.493842604229691756e-02
2.056495279525694941e-01 3.385807022107059638e-01 4.415401120293420689e-01 1.422965780738248698e-02
2.744896889827134756e-01 3.393822974914148527e-01 3.693072549704743412e-01 1.682075855539734086e-02
2.095489436992687138e-01 3.426696410378608504e-01 4.136888484142189348e-01 3.409256684865146630e-02
2.464715418561916616e-01 3.611671815211618397e-01 3.646537648450474123e-01 2.770751177759901013e-02
1.963368080973864893e-01 3.477636254912321867e-01 4.113736555004637863e-01 4.452591091091762793e-02
2.516671608402694105e-01 3.214691284252901848e-01 3.834879677732828673e-01 4.337574296115761369e-02
2.039483323650855551e-01 3.894692136516016978e-01 3.766534998387471300e-01 2.992895414456553729e-02
2.038571495452297377e-01 2.917253332516929198e-01 4.678475821117716316e-01 3.656993509130573167e-02
2.383144367820264342e-01 3.100654986460112394e-01 4.272107496061604004e-01 2.440931496580189472e-02
2.440069694109755494e-01 3.746383163062315669e-01 3.646853618758669202e-01 1.666935240692601211e-02
2.367406980430697971e-01 3.833547215534143793e-01 3.470440812654240204e-01 3.286049913809181711e-02
1.892114161122044891e-01 4.203474028461732792e-01 3.631724334046100289e-01 2.726874763701216467e-02
2.409181830646708600e-01 3.472067956117155241e-01 3.991515673319261936e-01 1.272345399168754720e-02
2.338401863569167516e-01 3.114807223590360663e-01 4.221960669920393761e-01 3.248302429200797953e-02
2.200973198438667677e-01 3.755102180182317007e-01 3.897723539333487475e-01 1.462010820455271649e-02
2.134454401168924265e-01 3.172833631758671391e-01 4.371367218552318357e-01 3.213447485200867509e-02
2.217241131407358956e-01 3.289460954739385490e-01 4.156924365530660914e-01 3.363735483225942929e-02
2.113377258577218420e-01 3.042648762568349041e-01 4.574767573561911438e-01 2.692064052925212045e-02
1.948038234761356735e-01 3.490407818544990493e-01 4.384783534470070854e-01 1.767704122235815023e-02
2.359812216811981445e-01 3.079971725405201699e-01 4.164900273802225605e-01 3.953157839805926388e-02
2.252303460817293435e-01 2.792910766743365580e-01 4.745787912943697506e-01 2.089978594956434441e-02
1.933249307626681013e-01 3.256015075873594511e-01 4.439906132476018064e-01 3.708294840237064127e-02
2.445599049954201853e-01 3.350679632680890196e-01 3.909348491099880474e-01 2.943728262650273375e-02
2.365682325923174067e-01 3.162618710966499935e-01 4.402296546856477866e-01 6.940241625384772385e-03
2.052809545208528208e-01 2.937913585700280827e-01 4.771965301818972272e-01 2.373115672722183114e-02
2.051324200716371504e-01 3.556772031620251129e-01 4.203607208447049381e-01 1.882965592163285407e-02
2.567873333607276765e-01 3.571730380202310928e-01 3.728084654695876243e-01 1.323116314945367404e-02
2.003726898409717017e-01 3.677234551390343720e-01 3.973683079492266734e-01 3.453554707076717661e-02
2.203977542775271137e-01 3.707988255900759866e-01 3.779608467109090708e-01 3.084257342148787398e-02
2.004545450218576663e-01 3.440744588817005734e-01 4.263980525746279837e-01 2.907294352181376620e-02
2.258561378073402626e-01 3.329660630041652025e-01 4.204355500333140094e-01 2.074224915518040752e-02
1.903268764011888103e-01 3.245895507378501188e-01 4.554646708705062386e-01 2.961890199045475250e-02
2.283195573740620654e-01 3.389127541416356859e-01 4.015224600186383386e-01 3.124522846566411480e-02
2.263020636242776273e-01 3.815161974780089116e-01 3.642671896304207624e-01 2.791454926729279584e-02
2.614066157296426884e-01 2.861946963436496905e-01 4.321444475911250804e-01 2.025424033558254414e-02
2.447188760709150535e-01 3.046157409460722998e-01 4.125286026145109086e-01 3.813678036850157854e-02
1.904218249601111190e-01 3.437565758064972110e-01 4.506571989913892295e-01 1.516440024200259133e-02
2.036465581357674859e-01 3.261784679686015598e-01 4.242954017215978535e-01 4.587957217403302451e-02
1.959496096189191905e-01 3.247846889682431959e-01 4.603237238621153971e-01 1.894197755072219921e-02
1.868997666141540559e-01 3.702254503184264633e-01 4.172570982399413375e-01 2.561768482747826467e-02
2.713965415271450410e-01 3.077631736346777003e-01 3.773580885343938429e-01 4.348219630378360318e-02
2.528603102440618589e-01 3.270928712878928835e-01 3.862122734702274074e-01 3.383454499781783642e-02
2.520828989278114940e-01 3.356056731898363621e-01 3.866851273796222954e-01 2.562630050272985197e-02
2.341558940864444105e-01 3.582285682674210547e-01 4.016669361192413135e-01 5.948601526893331458e-03
2.202943400168956845e-01 3.754056643881760746e-01 3.967897805399849820e-01 7.510215054943182589e-03
2.321095082732861081e-01 3.621761323858847526e-01 3.500264354482981455e-01 5.568792389253104935e-02
2.467905199534164984e-01 3.219438391854803072e-01 3.932862423690612896e-01 3.797939849204182844e-02
1.981821726941938588e-01 3.358187360593431481e-01 4.322886788594097474e-01 3.371041238705329429e-02
1.779668368342615381e-01 3.708016607713578994e-01 4.262183163784620255e-01 2.501318601591843646e-02
2.422512359262417037e-01 3.433605745934831810e-01 3.851747651351877244e-01 2.921342434508729380e-02
2.164839798850353991e-01 3.751062209861569241e-01 3.643604190213198812e-01 4.404938010748762206e-02
2.091216897358481874e-01 3.187851406545913480e-01 4.482115556024280911e-01 2.388161400713238736e-02
2.025442298140470165e-01 3.450179072960778970e-01 4.322883462432204338e-01 2.014951664665468739e-02
2.197206522053537225e-01 2.920111717495208481e-01 4.493454410366721774e-01 3.892273500845330053e-02
2.466429274706189723e-01 3.311690823882021961e-01 3.920836855654667996e-01 3.010430457571185506e-02
2.408679262026846568e-01 3.676805726326184964e-01 3.581763984319257244e-01 3.327510273277108077e-02
2.356399380483514272e-01 2.997059348226073783e-01 4.453036808687572123e-01 1.935044626028397871e-02
2.134091240843844772e-01 2.774769051657242080e-01 4.716171513575495022e-01 3.749681939234178474e-02
2.253580957342086466e-01 3.162169305756597493e-01 4.411972266241587226e-01 1.722774706597297173e-02
2.251505280715684065e-01 3.628711605335019352e-01 3.835048214704128156e-01 2.847348992451680452e-02
2.707518400820347892e-01 2.776098714606262674e-01 3.937061125682537188e-01 5.793217588908503024e-02
2.632139050023828974e-01 3.135063420234278642e-01 3.919097016350878704e-01 3.137005133910133331e-02
2.603355179548261789e-01 3.073476911051689076e-01 4.207187928895837481e-01 1.159799805042115509e-02
2.439745268559482538e-01 3.217606181762535100e-01 4.044420134824845414e-01 2.982284148531379533e-02
2.928850351920690986e-01 3.216581637612261901e-01 3.784219869245807888e-01 7.034814122124005698e-03
2.164718103844717467e-01 3.595339724264886017e-01 3.886161336861216897e-01 3.537808350291792719e-02
2.515093752684943174e-01 3.226880014108830519e-01 4.037722380397673061e-01 2.203038528085541486e-02
1.841006376897503793e-01 3.242759659444406362e-01 4.419490582393770794e-01 4.967433812643185648e-02
2.574934111002006309e-01 3.246639853439318157e-01 3.890581422741508644e-01 2.878446128171655016e-02
1.903263513446926125e-01 3.181925207310348225e-01 4.464576292938851054e-01 4.502349863038753591e-02
2.242292432364876575e-01 3.231861739344567552e-01 4.365168430774402641e-01 1.606773975161517737e-02
2.788680133283572560e-01 2.806706187722780022e-01 4.023025818448127122e-01 3.815878605455214068e-02
1.993516038094826359e-01 3.326290614569615833e-01 4.284404344645126872e-01 3.957890026904302416e-02
2.109983885975720841e-01 3.377768927727816672e-01 4.264531611849600168e-01 2.477155744468612433e-02
2.121013741590853374e-01 3.602496938338830557e-01 4.091909459892906220e-01 1.845798601774098144e-02
2.587583245889496508e-01 3.305082961069595315e-01 3.958458612619783490e-01 1.488751804211254151e-02
2.470409600734325140e-01 2.652193973725582854e-01 4.598206595980796063e-01 2.791898295592954229e-02
2.424562944896563321e-01 3.117858428932170911e-01 4.051418674894750604e-01 4.061599512765151632e-02
2.187459789714353842e-01 3.301833268275032318e-01 4.180447453201792118e-01 3.302594888088208891e-02
2.863558538822552069e-01 2.897330156486677688e-01 4.016023481135337359e-01 2.230878235554346889e-02
2.318611073484683205e-01 3.039476255524044546e-01 4.425417951268627581e-01 2.164947197226446338e-02
1.943201054168916531e-01 3.189175304264668664e-01 4.568354529632142058e-01 2.992691119342719142e-02
2.101132388955304908e-01 3.488360818734972391e-01 4.131392510649071204e-01 2.791142816606511506e-02
2.489750885496197219e-01 2.935635713399493696e-01 4.149259032091636157e-01 4.253543690126716792e-02
2.235540281387555228e-01 3.233550525282654076e-01 4.444030932733236128e-01 8.687826059655344088e-03
2.343835144737829446e-01 3.321608259110930272e-01 4.082218019998939407e-01 2.523385761523019855e-02
2.159719795211021420e-01 3.376371713559519483e-01 4.240211993602557849e-01 2.236964976269011432e-02
1.756535386918822439e-01 3.656504610357875773e-01 4.389584287607891655e-01 1.973757151154107228e-02
2.301790795385671995e-01 3.692541277291002677e-01 3.740196837702728372e-01 2.654710896205975112e-02
1.952716593441271853e-01 3.554813680798541986e-01 3.919784065666533923e-01 5.726856600936518910e-02
2.086337965628868585e-01 3.352117704828256883e-01 4.226583145463118640e-01 3.349611840797555445e-02
2.242378187137169243e-01 3.144238070853202505e-01 4.363041862714321373e-01 2.503418792953060121e-02
2.454482390606719522e-01 3.188735679027457359e-01 3.977809103001206936e-01 3.789728273646158357e-02
2.491976699807172124e-01 3.333690194099041548e-01 3.952468848149031100e-01 2.218642579447550542e-02
1.891651988728979272e-01 3.363646580679511833e-01 4.432175057595302281e-01 3.125263729962075854e-02
2.308041879459074575e-01 3.543151640421241533e-01 3.952011034787962784e-01 1.967954453317215593e-02
2.400108541004755958e-01 3.206893789549341567e-01 4.009512213884874332e-01 3.834854555610282822e-02
2.201744904082243437e-01 3.009328495185200625e-01 4.222409900538575678e-01 5.665167001939805380e-02
2.796377391914477428e-01 3.112815917955857326e-01 3.890539128232779476e-01 2.002675618968869850e-02
2.551499219156451170e-01 3.309473153540564705e-01 3.866726166486726401e-01 2.723014608162590763e-02
2.323437550387056072e-01 3.150754420561301394e-01 4.113234767519839963e-01 4.125732615318024321e-02
2.090009571955173395e-01 3.742412357298077197e-01 3.967687180753151077e-01 1.998908899935985389e-02
2.072130528929890247e-01 3.725618782587947764e-01 4.043713124284765703e-01 1.585375641973975000e-02
2.368476173467700951e-01 2.926202776117049487e-01 4.566689630586582838e-01 1.386314198286676611e-02
1.856872594876987359e-01 3.455518613591376242e-01 4.439202354826614072e-01 2.484064367050215980e-02
1.927239966096616353e-01 3.391040302380232130e-01 4.482992632386972875e-01 1.987270991361799258e-02
1.357526399978290776e-01 4.006993998782327759e-01 4.448506744369901678e-01 1.869728568694808274e-02
2.438057844089793758e-01 3.639767424615107383e-01 3.809613588470383561e-01 1.125611428247158541e-02
1.797979134541582147e-01 3.056021774238287247e-01 4.789887827925560226e-01 3.561112632945691303e-02
2.305348147508149148e-01 3.173891660534916004e-01 4.191239600552386091e-01 3.295205914045480633e-02
2.279540987396331819e-01 3.201196949021709037e-01 4.276730556563693164e-01 2.425315070182672630e-02
2.073791433055673650e-01 3.111796201008046880e-01 4.514799488588467913e-01 2.996128773478114182e-02
2.634160062150538439e-01 3.388792694215498891e-01 3.716657583024409739e-01 2.603896606095523064e-02
2.356240923235993212e-01 3.037377662876336037e-01 4.285010420228121952e-01 3.213709936595470634e-02
2.363042050871028976e-01 3.711519042418147118e-01 3.712899312376465311e-01 2.125395943343577621e-02
2.892379575319703466e-01 2.443476929070405312e-01 4.318144437063737295e-01 3.459990585461539259e-02
1.970637371882685285e-01 2.990966455500700949e-01 4.534100243254035600e-01 5.042959293625801781e-02
2.060259501968057239e-01 2.827156726621311011e-01 4.769817446901692404e-01 3.427663245089385829e-02
2.243360414598881691e-01 3.458079162206827983e-01 4.162991773436343079e-01 1.355686497579475062e-02
2.067865128097148841e-01 2.945545492957273304e-01 4.810638900313100597e-01 1.759504786324766687e-02
2.421922883528362103e-01 3.053978373208929287e-01 4.251928381096987120e-01 2.721703621657204503e-02
2.149323686645939480e-01 3.556338080826928483e-01 4.102599285350555514e-01 1.917389471765777037e-02
2.179534310383463291e-01 3.800273581382884736e-01 3.828747735449544165e-01 1.914443727841069753e-02
2.214610533688841920e-01 2.868678119994135245e-01 4.634599528245806899e-01 2.821118180712166995e-02
2.367703666954782959e-01 2.971955092356634021e-01 4.462651419429291000e-01 1.976898212592922283e-02
2.258703704967083281e-01 3.361569159759216219e-01 4.141530301806805037e-01 2.381968334668964349e-02
2.575370346334681648e-01 3.129313916065546985e-01 4.071457409610521605e-01 2.238583279892517736e-02
2.298525944898237583e-01 3.440262838923909272e-01 4.035936986404651816e-01 2.252742297731997329e-02
2.164318323347164952e-01 3.890928628946156986e-01 3.730996002302292003e-01 2.137570454043846366e-02
2.096292646348918431e-01 3.286264279574093727e-01 4.238616328601151895e-01 3.788267454758367098e-02
2.769197343742220707e-01 2.894964906559148732e-01 4.096913564112943940e-01 2.389241855856865521e-02
2.167273013327484787e-01 3.191367646798456970e-01 4.468325508517373978e-01 1.730338313566829461e-02
2.293765178685097106e-01 3.303269495312693427e-01 4.269994661876995723e-01 1.329706641252141434e-02
2.135340046688255500e-01 3.365555277435455794e-01 4.343012426794730096e-01 1.560922490815586615e-02
1.957233925227572779e-01 3.396141575094773213e-01 4.404959083330467484e-01 2.416654163471854827e-02
2.246251018455023285e-01 3.562428586849941681e-01 3.698001225417784088e-01 4.933191692772510156e-02
2.012761275691188345e-01 3.566498713022250855e-01 4.206520204052531797e-01 2.142198072340291415e-02
2.334187190523655808e-01 3.239660851862976587e-01 4.255834092908766242e-01 1.703178647046012240e-02
2.086484025502734763e-01 3.363088853699018888e-01 4.343209166883931216e-01 2.072179539143154808e-02
2.319776045903108319e-01 2.806542053465680975e-01 4.616717115966068596e-01 2.569647846651429077e-02
1.905320956577462310e-01 3.847900214213627046e-01 3.999559385811317647e-01 2.472194433975948361e-02
2.189792551790714914e-01 3.497282130347906803e-01 4.190818408563929953e-01 1.221069092974490927e-02
1.676801836774751142e-01 3.821813401044437120e-01 4.271159892305808059e-01 2.302248698750042344e-02
2.462953310142642349e-01 3.352733655921721900e-01 4.016691666047720877e-01 1.676213678879147351e-02
1.949416490380983524e-01 3.748954405838787474e-01 4.103471325402081593e-01 1.981577783781466109e-02
2.407905735609490450e-01 3.699818658499589019e-01 3.672785672301525084e-01 2.194899335893966269e-02
1.768427934113710742e-01 3.060657506428122732e-01 4.819965446249550589e-01 3.509491132086164228e-02
1.937267083848617233e-01 2.720028599686994952e-01 5.065658936742181151e-01 2.770453797222071149e-02
2.718963328420983538e-01 3.018418548249870437e-01 4.056627711221448829e-01 2.059904121076956696e-02
2.119741096930553292e-01 3.510765341785501148e-01 4.151450956558490057e-01 2.180426047254544267e-02
2.414752980208036692e-01 3.263828493545876119e-01 4.001415620190663658e-01 3.200029060554226978e-02
2.048917362353645799e-01 3.311749423091625011e-01 4.560841714453436890e-01 7.849150010129177929e-03
2.100141159115148370e-01 3.717932337569168633e-01 3.950406293179467010e-01 2.315202101362158829e-02
2.075289959879184631e-01 3.068151489418921019e-01 4.626052758348859761e-01 2.305057923530339295e-02
2.227829624487177029e-01 3.191827921709118887e-01 4.377577854537902935e-01 2.027645992658012181e-02
2.166821079588696630e-01 2.795510087020118273e-01 4.824846131909357738e-01 2.128227014818274976e-02
2.358288493019332632e-01 3.322933846848931672e-01 4.232533577033915639e-01 8.624408309782047310e-03
2.656609998590977462e-01 3.106783429333360713e-01 4.043589358390889399e-01 1.930172136847723915e-02
2.543440521381477026e-01 3.495105869065999737e-01 3.726711106459660861e-01 2.347425030928603981e-02
2.217941001983408378e-01 3.177192170189876985e-01 4.246321282149476128e-01 3.585455456772387861e-02
2.316824153994049840e-01 3.727734431131287107e-01 3.788269930221144222e-01 1.671714846535202539e-02
2.139283610881353159e-01 3.145199082489232856e-01 4.458859729446224551e-01 2.566575771831887051e-02
2.212436184362067404e-01 3.178809382202597011e-01 4.301978677712010590e-01 3.067757557233245780e-02
1.892719891623469985e-01 3.182400671945116999e-01 4.830854969368960083e-01 9.402446706245334851e-03
2.305661153329684188e-01 2.798498571986781092e-01 4.637384247095284184e-01 2.584560275882485936e-02
1.850718088838024522e-01 3.260638455537042679e-01 4.760413746925409306e-01 1.282297086995247068e-02
1.851488922191429076e-01 3.798894125543326727e-01 4.019918245259954115e-01 3.296987070052902896e-02
2.299552073724081547e-01 3.150924352926604000e-01 4.195776963228600720e-01 3.537466101207145663e-02
2.210931895347303111e-01 3.299595240049946199e-01 4.358910993903047926e-01 1.305618706997023135e-02
1.681519767491515827e-01 3.218269339795170048e-01 4.881775283732738835e-01 2.184356089805734522e-02
1.891591784995702852e-01 3.049578032500817604e-01 4.728153919349277201e-01 3.306762631542019965e-02
1.909084574268178902e-01 3.643840160306243692e-01 3.874850781895023411e-01 5.722244835305553140e-02
2.545790384322413891e-01 3.556165081315895704e-01 3.408338487621446755e-01 4.897060467402432338e-02
2.060550888337389364e-01 2.975177983815386340e-01 4.474817492833933485e-01 4.894536350132915742e-02
2.393085606443840219e-01 3.302063404612952113e-01 4.048752297260975186e-01 2.560986916822330720e-02
1.999159631155476013e-01 3.282835765347493773e-01 4.543996932456116911e-01 1.740076710409119154e-02
1.922060441567851885e-01 3.559376764017160855e-01 4.287118756105564588e-01 2.314440383094214584e-02
1.987875079663042888e-01 3.575637202675609472e-01 4.293656246619728667e-01 1.428314710416190084e-02
1.907231540131667236e-01 3.417159353914047126e-01 4.536379387898517579e-01 1.392297180557680418e-02
2.478553027040256151e-01 3.305983569932448574e-01 4.031097392620866526e-01 1.843660104064296160e-02
2.127372002406025531e-01 3.360000881477051560e-01 4.064292759683805212e-01 4.483343564331167957e-02
2.105540725049290518e-01 3.256129382631538505e-01 4.340696597931873457e-01 2.976332943872980752e-02
2.425668506823678572e-01 3.020743384811909182e-01 4.193298234746559716e-01 3.602898736178517664e-02
2.511000502611291374e-01 3.070069193641907779e-01 4.105819166381240448e-01 3.131111373655601215e-02
2.313648014922778384e-01 3.333509669021175181e-01 3.924916311492167020e-01 4.279260045638789978e-02
2.127420768611456292e-01 3.553987112928790326e-01 3.967346284750488117e-01 3.512458337092648486e-02
2.779356041460798732e-01 2.991414723944551546e-01 4.049783919283326261e-01 1.794453153113217264e-02
2.336808757655492452e-01 2.905582794668672975e-01 4.633596044739938247e-01 1.240124029358969857e-02
2.152338082875565606e-01 3.253498455930932676e-01 4.407983452937002111e-01 1.861800082564998848e-02
2.379080223194506294e-01 2.878389126887739291e-01 4.518851726816934811e-01 2.236789231008206799e-02
2.239957294627072382e-01 3.625826148138501237e-01 3.925663076778416194e-01 2.085534804560089037e-02
2.014875420076579216e-01 3.561031157872703856e-01 4.244702472422335893e-01 1.793909496283803764e-02
2.256655495421736879e-01 3.284748579594397588e-01 4.217813875648112054e-01 2.407820493357532357e-02
2.097401099011930448e-01 3.471784490216295871e-01 4.105768018621814286e-01 3.250463921499601588e-02
2.513791573066556095e-01 2.957578039674750303e-01 4.222332072107664591e-01 3.062983151510293919e-02
2.595354890546064386e-01 3.093523828602760539e-01 4.124781726856441844e-01 1.863395539947333007e-02
2.308223695295017475e-01 3.621345709805661173e-01 3.899457016164624701e-01 1.709735787346967212e-02
2.093990876284146374e-01 3.450772139406649286e-01 4.099242359104841027e-01 3.559946252043617171e-02
1.614816106618720826e-01 3.561563150631401053e-01 4.583023620428647305e-01 2.405971223212294632e-02
2.936616353824957892e-01 3.184009281568348504e-01 3.674830207418571804e-01 2.045441571881220430e-02
1.989692566204988300e-01 3.648624030458766376e-01 4.070016797772111894e-01 2.916666055641350952e-02
1.928345311183526922e-01 3.253586702011944110e-01 4.305281571529461226e-01 5.127864152750659377e-02
2.448776064040392442e-01 3.131597226266819578e-01 4.105017977468570778e-01 3.146087322242173412e-02
2.316714354009587196e-01 3.131390765391047215e-01 4.151139891026230377e-01 4.007549895731343792e-02
2.216822727851058827e-01 3.259765906219342368e-01 4.216457190497318597e-01 3.069541754322790625e-02
2.418976522318251610e-01 3.053039052929829023e-01 4.278989745183530702e-01 2.489946795683870354e-02
2.028223564510055477e-01 3.128144957575751395e-01 4.641577971942426051e-01 2.020535059717662452e-02
2.284086005967491118e-01 3.253679644637142987e-01 4.096791781276577504e-01 3.654425681187888769e-02
2.187388853697334046e-01 4.067756521436347028e-01 3.613301020035823985e-01 1.315536048304949759e-02
2.248320830305136631e-01 3.232895394005019796e-01 4.119124737928885338e-01 3.996590377609580969e-02
2.507053202254723168e-01 3.655385473170703614e-01 3.665676574008142619e-01 1.718847505664302180e-02
2.268460216015640851e-01 3.508930912078484510e-01 4.011121862092675849e-01 2.114870098131998305e-02
2.321184720807135116e-01 3.535479158087844187e-01 3.995439478297372893e-01 1.478966428076471280e-02
1.835886340986289111e-01 3.406071868266418723e-01 4.437251871776878298e-01 3.207899189704120635e-02
1.936011895527652571e-01 3.351907753822251368e-01 4.272153595472430454e-01 4.399267551776660234e-02
2.282931094025148766e-01 2.990711761896717724e-01 4.516937238931911791e-01 2.094199051462213718e-02
2.343700055223063294e-01 3.600457650722888037e-01 3.893798612854953989e-01 1.620436811990938822e-02
2.185370328994584999e-01 3.413368341946484419e-01 4.226168173254816751e-01 1.750931558041136926e-02
2.460794564861770450e-01 3.395540178066074333e-01 3.968336879487464608e-01 1.753283775846906783e-02
1.881270747122630871e-01 3.202606245297624499e-01 4.532947355644901810e-01 3.831756519348421958e-02
2.497190441581501330e-01 3.990070987918516998e-01 3.397202038616585207e-01 1.155365318833964303e-02
2.149340074278068558e-01 3.291118488354071170e-01 4.319932868259734327e-01 2.396085691081249053e-02
2.194372414212384381e-01 3.849665127576392676e-01 3.782602912266586626e-01 1.733595459446359358e-02
2.035211049538857009e-01 3.473914701479045020e-01 4.292045712517078560e-01 1.988285364650188569e-02
1.785584511085521187e-01 3.498940902884781212e-01 4.409035995219351967e-01 3.064385908103467449e-02
2.267629677483203321e-01 3.472636467491126977e-01 4.027746218997753647e-01 2.319876360279157779e-02
2.396507727076602756e-01 3.137445365682584586e-01 4.222032825024448766e-01 2.440140822163634760e-02
2.586934183317662894e-01 3.321388518003137169e-01 3.767801873051697670e-01 3.238754256275010873e-02
2.346581649155309590e-01 2.746804211850091271e-01 4.621743928565909543e-01 2.848702104286895964e-02
2.227242125402812689e-01 3.395116673196739709e-01 4.014553111297885502e-01 3.630880901025616836e-02
2.497232656156666564e-01 3.005925711132395040e-01 4.397400559977019951e-01 9.944107273391726565e-03
2.431705263585084709e-01 3.536323375218029530e-01 3.896364538862722715e-01 1.356068223341630810e-02
2.420635576422574264e-01 3.405414887469187524e-01 3.987059844203261205e-01 1.868896919049779781e-02
2.056818588852940832e-01 3.501284246160351610e-01 4.023444250788331678e-01 4.184529141983742151e-02
2.424940355730426655e-01 2.842081922277792105e-01 4.476607569748958237e-01 2.563701522428216487e-02
2.340242657928481296e-01 3.569105943595341501e-01 3.817300249331049833e-01 2.733511491451268843e-02
2.253100992818009851e-01 3.308234673905682821e-01 4.227577112357598366e-01 2.110872209187109397e-02
1.796722016366757435e-01 3.051601414922560651e-01 4.805427554228274278e-01 3.462490144824063171e-02
1.908331395265760178e-01 3.900251087470910649e-01 4.025393010010707706e-01 1.660245072526221610e-02
1.852970503230736699e-01 3.591461207006483303e-01 4.147089577102642255e-01 4.084787126601384377e-02
2.373190864945438627e-01 3.718748801329727627e-01 3.698148470310514968e-01 2.099118634143167655e-02
1.993814766100218405e-01 3.701125658174147515e-01 4.119232077324085362e-01 1.858274984015485451e-02
2.137512665790733957e-01 3.538143977690689779e-01 4.185816135552464234e-01 1.385272209661109720e-02
2.072588236054749844e-01 3.032828688056768418e-01 4.709020772653903508e-01 1.855623032345790624e-02
2.074333089023511767e-01 3.213763487589526013e-01 4.428730042920928645e-01 2.831733804660339568e-02
2.461863984295043217e-01 2.631746074761983079e-01 4.384415940351923946e-01 5.219740005910486480e-02
2.815593533417383165e-01 2.781359722599721085e-01 4.140314394494306605e-01 2.627323494885909147e-02
2.454994346716210807e-01 3.414734175847803921e-01 3.946674331146611259e-01 1.835971462893743605e-02
2.465151738404257886e-01 2.768642265713237016e-01 4.557503897142233806e-01 2.087020987402697647e-02
2.371710842051334978e-01 3.175550761694350688e-01 4.199657398492713800e-01 2.530809977615998754e-02
2.493108685676787839e-01 2.886486837064665134e-01 4.351715625861211634e-01 2.686888513973359829e-02
2.187059125220353339e-01 3.296645702778737697e-01 4.353794254407116759e-01 1.625009175937927250e-02
2.172414284993221534e-01 2.897464274546417973e-01 4.645021358516704946e-01 2.851000819436553049e-02
1.898603284960454218e-01 3.279097707267066286e-01 4.513908941597487567e-01 3.083900661749936628e-02
2.557873316219914650e-01 3.123039759849771668e-01 4.161605963437236544e-01 1.574809604930786991e-02
1.989847367779033205e-01 3.564165855160512653e-01 4.218957113854723273e-01 2.270296632057326736e-02
2.626144018163456550e-01 3.532403008324777605e-01 3.711958838053814880e-01 1.294941354579522835e-02
2.485848079790337894e-01 3.464706623263009155e-01 3.853454794433646136e-01 1.959905025130071962e-02
1.989088785045219077e-01 3.392563587543564463e-01 4.367157786873944736e-01 2.511898405372731125e-02
2.152050209924878110e-01 3.402299615298232105e-01 4.020582009454216066e-01 4.250681653226752454e-02
2.048497726679066322e-01 3.570011203314610859e-01 4.171926579034498372e-01 2.095644909718260424e-02
2.311294682575577852e-01 3.296709510670594034e-01 4.327715600052896572e-01 6.428020670093064805e-03
2.503606667825402643e-01 3.344583858901170048e-01 3.986467594904977707e-01 1.653418783684511631e-02
2.132091637234577730e-01 3.018345154569654909e-01 4.660653147545240071e-01 1.889100606505250690e-02
2.617552413118599541e-01 3.332523719736135703e-01 3.977488734019540839e-01 7.243513312572423708e-03
2.364557562913936761e-01 3.295829088463653744e-01 4.039785369209892840e-01 2.998279794125166195e-02
2.795635213300534105e-01 3.283742110254559421e-01 3.761348116884401516e-01 1.592745595605047151e-02
2.684672827823599839e-01 3.203292093855797940e-01 3.909301321688363751e-01 2.027337566322388526e-02
2.401086393252143125e-01 3.490725110187499758e-01 3.902775359414215606e-01 2.054131371461408173e-02
2.072498157070624680e-01 3.150862968090697436e-01 4.652806099538202567e-01 1.238327753004746755e-02
2.728876166931650249e-01 2.883969228503007742e-01 4.119572774470379728e-01 2.675818300949632522e-02
1.978712173783386818e-01 3.391413745699974336e-01 4.306897277861816975e-01 3.229768026548234666e-02
2.052150943939441419e-01 3.437096406651822811e-01 4.163984092965399286e-01 3.467685564433353740e-02
2.153564772853464038e-01 3.128583257514822025e-01 4.602114133863031697e-01 1.157378357686817891e-02
2.173789970193093224e-01 3.052292207913791522e-01 4.479121612096621519e-01 2.947962097964944989e-02
1.969367710787654491e-01 3.888343697997289072e-01 3.882238813693602020e-01 2.600497775214541049e-02
2.348279597987293077e-01 3.324594630376339621e-01 4.016907216864402663e-01 3.102185547719647427e-02
1.789636773601270547e-01 3.655979319932198268e-01 4.364154467416940242e-01 1.902294390495906304e-02
2.147886693364442767e-01 2.971011653993899659e-01 4.655611131833454208e-01 2.254905208082057591e-02
2.277581577322368711e-01 3.191409864720184397e-01 4.284526777983349022e-01 2.464817799740973495e-02
1.898692727699947957e-01 3.547904106022079507e-01 4.171824416783496137e-01 3.815787494944776481e-02
2.193346608508682516e-01 3.748911737768310104e-01 3.932828940446076449e-01 1.249127132769307057e-02
2.312735811707644085e-01 3.280263768717917028e-01 4.223064539711391396e-01 1.839358798630479422e-02
2.479840496373737768e-01 3.532727399275048530e-01 3.835212988675323342e-01 1.522191156758899606e-02
2.494499331793372243e-01 2.905455078942780767e-01 4.443495056233999208e-01 1.565505330298486847e-02
2.234440690041176736e-01 3.181449266044494850e-01 4.321852078288569987e-01 2.622579656257579758e-02
2.295403455343143218e-01 3.198850919630616962e-01 4.303373400031630935e-01 2.023722249946090235e-02
2.122582036041816556e-01 3.046512810217393286e-01 4.660993787970960645e-01 1.699113657698293062e-02
2.466569485526981520e-01 3.282668214880242741e-01 4.045538254294451797e-01 2.052240452983250876e-02
2.287604365753981850e-01 3.338475044278781945e-01 4.136086757785108481e-01 2.378338321821279328e-02
2.724415783142716263e-01 3.311966027716941596e-01 3.701359907347028799e-01 2.622582817933131333e-02
2.220302649967982600e-01 3.678967502475247175e-01 3.826021620174345772e-01 2.747082273824253892e-02
1.925542207594638788e-01 3.173910344505757597e-01 4.704729793804202642e-01 1.958176540954020481e-02
2.494184810503086991e-01 3.567906949780134673e-01 3.641242292414326731e-01 2.966659473024520557e-02
2.248070431997685747e-01 3.053595008123792809e-01 4.421687828329341485e-01 2.766467315491792645e-02
2.385577337425779099e-01 2.791881425986481036e-01 4.419734985767043711e-01 4.028062508206958076e-02
2.251040835661066719e-01 3.731580714663831899e-01 3.745605698953411999e-01 2.717727507216889660e-02
1.764561080560373696e-01 3.649263935172235573e-01 4.438041190783892920e-01 1.481337934834957987e-02
2.242226142754081553e-01 3.001110308951783212e-01 4.487912093806079583e-01 2.687514544880555828e-02
2.482242737655400711e-01 3.791275225092001766e-01 3.567516593921138957e-01 1.589654433314585669e-02
2.194835283437563678e-01 3.237174794423928748e-01 4.355619251856181484e-01 2.123706702823253273e-02
2.030761724740301477e-01 3.753131551662475252e-01 3.827103236737201541e-01 3.890034868600224238e-02
1.970479662890219641e-01 3.730405456263459762e-01 4.065723589212397182e-01 2.333912916339248023e-02
2.227227965610387161e-01 3.245866937944439368e-01 4.260073659144624214e-01 2.668314373005501935e-02
2.206799978601963474e-01 3.109965003175017006e-01 4.568316316953743295e-01 1.149187012692770571e-02
2.573578447537905878e-01 3.370199390493998082e-01 3.872239805966586901e-01 1.839823560015075091e-02
2.264002851972929109e-01 3.083152065252833807e-01 4.549921502241324744e-01 1.029235805329118542e-02
1.917567919293944045e-01 3.269703699266338082e-01 4.417418615724382769e-01 3.953097657153330224e-02
2.604286074595277833e-01 2.955625066236972076e-01 4.268149031202761456e-01 1.719398279649890504e-02
2.458909906602794737e-01 3.144784595451314835e-01 4.119547288610299618e-01 2.767582093355926490e-02
2.391141717307609937e-01 3.200207835661160183e-01 4.252799430276092418e-01 1.558510167551364206e-02
2.387069801370261535e-01 3.021306964283815844e-01 4.354082254857962742e-01 2.375409794879591169e-02
2.422852998936221858e-01 3.044126640219564361e-01 4.387261977938224367e-01 1.457583829059898826e-02
1.959864839144662141e-01 3.255340971651906057e-01 4.658660809671458791e-01 1.261333795319718142e-02
2.210517332269477941e-01 3.587840584625131002e-01 3.721125342643433198e-01 4.805167404619570259e-02
2.521457993137851128e-01 3.204033430364142121e-01 3.836074513510699391e-01 4.384340629873062500e-02
2.406637198631156604e-01 3.417552038303077744e-01 3.819946414057988626e-01 3.558643490077760541e-02
2.129090662314690741e-01 3.686647275222457720e-01 3.931023619636759836e-01 2.532384428260922929e-02
2.480305706441472136e-01 3.282975816483343356e-01 3.844144249514841460e-01 3.925742275603415904e-02
2.662931042772753165e-01 3.090815058435372187e-01 3.943227442494047219e-01 3.030264562978294413e-02
2.187916634627210255e-01 3.780474112308540580e-01 3.621984830017186963e-01 4.096244230470617170e-02
2.418187993538560843e-01 3.118504126513357289e-01 4.321762324734987892e-01 1.415455552130940285e-02
2.282891381106576800e-01 3.345505426554515327e-01 4.125845197646677565e-01 2.457579946922287470e-02
2.449179779280228064e-01 3.637593339505068024e-01 3.798134325017145652e-01 1.150925561975592488e-02
2.040843916870400676e-01 3.098919104332908403e-01 4.556813321486632429e-01 3.034236573100566881e-02
2.188924240619443684e-01 3.457959637327015501e-01 4.061925831755416882e-01 2.911902902981252858e-02
2.195169044854818896e-01 2.809179850589750838e-01 4.857898935113049155e-01 1.377521694423812157e-02
1.891906632287706225e-01 3.429985775353260324e-01 4.424430371723092059e-01 2.536772206359412529e-02
2.736769176090391165e-01 3.441180447545862942e-01 3.701522802727494899e-01 1.205275736362510300e-02
2.210128938306372970e-01 3.631044033076469280e-01 3.954761657606685188e-01 2.040653710104739851e-02
2.094948947272626538e-01 3.065377305280596043e-01 4.451163119923908229e-01 3.885106275228698142e-02
2.351731494999427796e-01 3.431013233125161377e-01 4.096027727926780382e-01 1.212275439486303064e-02
2.011603110177155040e-01 3.555988109376853057e-01 4.139507245166871852e-01 2.929015352791205368e-02
2.100295215771203483e-01 2.801400029179617612e-01 4.828310433349397579e-01 2.699943216997827133e-02
2.334730707955684770e-01 3.177294208957893162e-01 4.127094749904910431e-01 3.608803331815130938e-02
2.002964079574090228e-01 3.141401161578189494e-01 4.716785567431159842e-01 1.388491914165615113e-02
2.317442738052115092e-01 3.454450991835266160e-01 3.960587562295267428e-01 2.675187078173510077e-02
2.823240030878314544e-01 2.824685803675908713e-01 4.096454415633070112e-01 2.556197498127062498e-02
1.945857156933825660e-01 3.551945204488320962e-01 4.340434814537606489e-01 1.617628240402468193e-02
2.216730330230828050e-01 3.998934411787078425e-01 3.577606734471364680e-01 2.067285235107282210e-02
2.920192896750066769e-01 3.110607789712838134e-01 3.764810626732566501e-01 2.043886868045289781e-02
2.120840752034709731e-01 3.442362318886099115e-01 4.178919014457631032e-01 2.578779146215587695e-02
2.314042720310814094e-01 3.011901757042657057e-01 4.459492459286180654e-01 2.145630633603486451e-02
2.233720535996734369e-01 2.786779866902630576e-01 4.709566307791882567e-01 2.699332893087520724e-02
