3.322597751851107950e-01 1.758402929714308893e-01 1.633567195469801114e-01 3.285432122964780932e-01
3.707939955453403713e-01 1.756389454631166747e-01 2.018628526006854274e-01 2.517042063908576099e-01
3.162166064327817105e-01 1.776966749270235402e-01 2.170895702818116946e-01 2.889971483583830270e-01
3.423344532016063257e-01 1.860264251258173240e-01 1.607053866806396059e-01 3.109337349919367166e-01
3.758842617600120506e-01 1.457136855321812530e-01 1.986045400348150636e-01 2.797975126729917439e-01
3.878467410335633692e-01 1.663666289169061785e-01 1.831072713162739951e-01 2.626793587332564295e-01
3.486430804646525883e-01 2.225237342196193235e-01 1.618286298646147425e-01 2.670045554511135122e-01
3.919965438875748220e-01 1.619307507621443321e-01 2.118985954826265450e-01 2.341741098676543842e-01
3.319164243786029145e-01 1.842938748790675374e-01 2.075527852725571609e-01 2.762369154697724705e-01
3.538394195362200567e-01 1.973071404372680193e-01 1.744381430344655592e-01 2.744152969920464757e-01
3.616647833915784260e-01 1.795765724866488500e-01 2.061740354687349452e-01 2.525846086530376122e-01
3.204385290670608843e-01 1.765723467446531914e-01 2.357754253257780541e-01 2.672136988625077869e-01
3.716586920635620017e-01 1.638298894776132053e-01 2.194468034252290423e-01 2.450646150335957785e-01
3.392172938810747995e-01 1.819742269830086634e-01 1.786175405207362510e-01 3.001909386151802583e-01
3.281449637020483201e-01 1.600727130213434046e-01 2.122985493449425776e-01 2.994837739316658642e-01
3.339343807437783473e-01 1.720609822770240716e-01 2.041049600888631965e-01 2.898996768903344678e-01
3.118609716790196607e-01 2.139158430545313461e-01 2.442166367704972363e-01 2.300065484959517292e-01
3.396488137485360603e-01 1.543145231756185287e-01 2.064781043383134562e-01 2.995585587375320102e-01
3.735378771731678871e-01 1.399673946830796989e-01 2.438125697395167046e-01 2.426821584042357371e-01
4.344703539606311615e-01 1.670991672976939180e-01 1.896665300830585599e-01 2.087639486586163606e-01
4.103072595338253525e-01 1.718758604183792393e-01 2.090039265157047355e-01 2.088129535320906727e-01
3.914137514410592766e-01 1.914245578694674932e-01 2.087776947718235909e-01 2.083839959176495837e-01
3.331827490465892883e-01 1.962199927368371288e-01 1.917700135396920025e-01 2.788272446768815249e-01
3.677509443969175229e-01 2.327468226920557937e-01 2.048274146271822638e-01 1.946748182838444752e-01
3.542431674344826975e-01 1.858625787466060830e-01 2.245992406674788555e-01 2.352950131514321974e-01
3.100204370263126008e-01 1.716135111024088278e-01 3.213117955334677256e-01 1.970542563378109846e-01
3.299923148681020990e-01 1.607423041961307808e-01 2.090565594917747072e-01 3.002088214439923020e-01
3.738535000490365579e-01 1.834887980903527616e-01 1.734193933618597139e-01 2.692383084987509667e-01
3.682510058360862759e-01 1.698325869929090959e-01 1.884817652906934093e-01 2.734346418803110801e-01
3.009402318268301624e-01 1.779039551849190270e-01 2.032484177617066012e-01 3.179073952265443204e-01
3.190985002076230370e-01 2.184766623903124927e-01 1.820228549391466610e-01 2.804019824629178093e-01
3.387036576426918910e-01 1.673468935753081588e-01 2.502843260938534264e-01 2.436651226881465793e-01
3.124333542455933754e-01 1.744870391624980255e-01 2.152574861418403984e-01 2.978221204500682839e-01
3.071877297292263109e-01 1.969196497879593943e-01 2.237349304187981058e-01 2.721576900640162444e-01
3.734359347239883387e-01 1.683403382042436836e-01 1.823325745341023985e-01 2.758911525376654961e-01
3.538739814528447103e-01 1.696944697371511601e-01 2.259177401804638441e-01 2.505138086295402022e-01
3.863091515784571883e-01 1.525229098099240566e-01 1.860590676441187252e-01 2.751088709675000854e-01
3.380736847482241902e-01 1.807718351879090413e-01 2.009828872278209277e-01 2.801715928360459240e-01
3.672095242854139796e-01 1.648705398347557194e-01 1.649435078734529381e-01 3.029764280063773629e-01
3.509902678277744270e-01 2.166838745125893861e-01 1.697137686597915973e-01 2.626120889998446728e-01
3.221882347966973925e-01 1.909004432187796085e-01 2.296146098657817491e-01 2.572967121187413331e-01
3.839326812651641108e-01 1.509375063865817379e-01 1.970728096304386612e-01 2.680570027178153514e-01
3.683634943406244311e-01 1.736029638221897875e-01 2.131147166342358679e-01 2.449188252029498303e-01
3.506987053494742268e-01 1.546330246517387541e-01 1.994528407887465327e-01 2.952154292100404587e-01
3.126601153860853466e-01 1.692047424988528115e-01 2.627807988761470259e-01 2.553543432389147605e-01
3.471694938048414114e-01 1.578798934498140127e-01 2.103946567873831996e-01 2.845559559579614040e-01
3.638184840984281521e-01 1.927896114993698229e-01 1.662821170176323748e-01 2.771097873845696502e-01
3.201996580951427807e-01 1.846558249634908389e-01 2.056231913111488119e-01 2.895213256302175409e-01
4.087309340341197528e-01 1.609871925485479305e-01 1.936845982837168967e-01 2.365972751336154478e-01
4.100781109178163186e-01 1.505005906572533525e-01 1.865827304381029450e-01 2.528385679868273561e-01
3.784489242236039330e-01 1.493877480191192486e-01 2.099452332247606356e-01 2.622180945325162105e-01
3.945520577228435188e-01 1.524768299916671455e-01 1.958404096027201724e-01 2.571307026827691078e-01
3.202160919354763990e-01 1.830462457670644361e-01 1.951573489840119913e-01 3.015803133134472569e-01
3.514673430461720538e-01 1.641878358461834053e-01 2.025424908393504697e-01 2.818023302682942099e-01
3.450589373358984302e-01 2.092182615538095147e-01 1.957749416288279143e-01 2.499478594814643073e-01
3.470529294595141589e-01 1.989131904834918474e-01 2.150753745640296422e-01 2.389585054929645458e-01
3.161038830302559388e-01 1.705060786172280518e-01 2.308039602319802153e-01 2.825860781205358774e-01
3.764907478398453744e-01 1.800957291971743424e-01 2.439379951574620342e-01 1.994755278055183323e-01
3.796811458070048495e-01 2.005836691613663292e-01 1.906505908359901191e-01 2.290845941956387577e-01
3.244181037011082402e-01 1.662623749984829535e-01 2.303527324332339254e-01 2.789667888671749640e-01
3.644106583345165240e-01 1.725128074440199499e-01 2.421969698528311232e-01 2.208795643686322641e-01
3.689865082037946387e-01 1.913315963036081868e-01 2.198684852589217475e-01 2.198134102336754270e-01
3.177544666834834497e-01 1.978510289939174327e-01 1.970182319621185119e-01 2.873762723604806335e-01
3.533651650465051142e-01 2.169465985421576149e-01 1.772729764531546237e-01 2.524152599581827028e-01
3.887263713391441167e-01 1.322564335441034911e-01 2.125420050228708779e-01 2.664751900938814311e-01
3.588221242997513549e-01 1.914898327231706887e-01 2.366675565615027621e-01 2.130204864155752775e-01
3.447262143907069976e-01 1.715402045106407536e-01 1.730570974006980789e-01 3.106764836979541977e-01
3.292871661045509435e-01 1.715385718641619095e-01 1.929304345494483042e-01 3.062438274818388151e-01
3.765021670046758140e-01 1.972056131162900072e-01 1.752737230199687968e-01 2.510184968590652987e-01
3.205840841234475214e-01 1.698548999352863242e-01 2.020509154234931271e-01 3.075101005177729996e-01
3.159953466676892475e-01 1.585754149038700045e-01 1.989653069910942706e-01 3.264639314373464773e-01
3.693904408998250899e-01 1.755723212362436392e-01 2.326681257508995404e-01 2.223691121130317305e-01
3.567762539703310254e-01 2.106691992497550514e-01 2.348260623847713557e-01 1.977284843951426230e-01
3.174993081095836001e-01 2.076680853009253702e-01 2.333321191996921007e-01 2.415004873897987625e-01
3.661263009417831671e-01 1.401595683679381643e-01 2.392089181835732603e-01 2.545052125067054916e-01
3.332197724801834182e-01 1.877247601540565358e-01 2.480178488534610093e-01 2.310376185122991755e-01
3.655818991808922891e-01 1.821477188601172692e-01 2.368845908153571211e-01 2.153857911436331540e-01
4.653273845166424616e-01 1.394095940833755265e-01 1.889849370165243292e-01 2.062780843834575439e-01
3.355917919633993329e-01 1.428791336271812984e-01 2.417446868600806598e-01 2.797843875493387644e-01
4.037390724404625875e-01 1.991959636046007343e-01 1.729355814667634661e-01 2.241293824881730734e-01
3.512002745184940045e-01 1.576065388011473334e-01 2.310537741263486156e-01 2.601394125540099633e-01
3.566109049385450813e-01 1.562854535643113385e-01 2.317942836903333359e-01 2.553093578068102998e-01
3.356607034062439321e-01 1.601653562361351757e-01 2.112615588450245940e-01 2.929123815125962427e-01
3.707803062173347652e-01 2.610152658265403880e-01 1.763163588339830834e-01 1.918880691221418189e-01
3.816148009884928194e-01 1.575481021560895811e-01 1.990509638442783946e-01 2.617861330111392326e-01
3.151012601172956673e-01 1.487440973685673073e-01 2.617955634004787147e-01 2.743590791136583662e-01
3.932100859676128657e-01 1.747454473373493689e-01 1.937210672823208024e-01 2.383233994127169353e-01
3.306799502136484881e-01 1.845737806823620208e-01 2.355932647583240946e-01 2.491530043456653409e-01
4.068969233309048250e-01 1.629204233983537475e-01 1.933893838669542009e-01 2.367932694037871988e-01
4.069556118266812739e-01 1.638205272278945024e-01 1.959392331258072439e-01 2.332846278196169520e-01
3.456475899206913893e-01 2.154596250410401870e-01 1.794584108807462663e-01 2.594343741575222406e-01
3.330899589307380060e-01 2.154325078210025390e-01 1.864183956435173928e-01 2.650591376047421455e-01
3.734352098425547939e-01 1.541173792432555811e-01 1.842941555276700061e-01 2.881532553865195356e-01
4.130087684498893186e-01 1.606277059545520858e-01 1.688031941745963826e-01 2.575603314209621852e-01
3.224303174407597838e-01 1.673512210712191084e-01 1.857936777265764838e-01 3.244247837614447905e-01
3.711807196411988641e-01 1.472351455755960548e-01 2.058308675258979092e-01 2.757532672573072552e-01
3.592401259806140001e-01 1.722827962817266301e-01 1.895631276717440195e-01 2.789139500659151838e-01
3.318842860598021360e-01 1.965498253912271176e-01 2.290460128651466698e-01 2.425198756838241043e-01
3.486129952975550172e-01 1.921340129041682887e-01 1.650486896428370598e-01 2.942043021554395787e-01
3.073663929617378998e-01 1.370732438528928232e-01 2.737532688799209080e-01 2.818070943054483135e-01
3.228825985980958158e-01 1.690688799545070897e-01 2.105952029732362785e-01 2.974533184741607883e-01
3.645472587320393032e-01 2.010937020482378712e-01 1.824238055385484503e-01 2.519352336811744308e-01
3.841498036249170744e-01 1.838192598765513719e-01 1.831931773333475844e-01 2.488377591651838305e-01
3.491342409523559009e-01 1.826892177933160388e-01 2.040617091252530380e-01 2.641148321290749390e-01
3.987312187328966862e-01 1.601958631107585629e-01 1.690008149916733815e-01 2.720721031646713972e-01
3.306856709528805949e-01 1.953990355082688979e-01 2.181327108630721767e-01 2.557825826757784693e-01
3.842937409047474939e-01 2.059331805853363562e-01 1.946890673982981101e-01 2.150840111116182896e-01
3.520345282517926000e-01 2.120519453825741862e-01 1.957623917238744959e-01 2.401511346417586346e-01
4.042443594279680474e-01 1.266112076314722945e-01 1.926901313779474934e-01 2.764543015626121369e-01
3.631604003367135958e-01 1.567018063066939748e-01 2.201231649227953502e-01 2.600146284337969682e-01
3.408034740470218815e-01 1.957243713098102411e-01 2.402450707269667973e-01 2.232270839162008302e-01
3.480202575391149189e-01 2.008902888933739861e-01 2.222285899362323180e-01 2.288608636312788047e-01
3.920842314297947606e-01 1.463254141897089855e-01 2.112292232119883095e-01 2.503611311685078333e-01
4.046610784933793448e-01 1.784006344634329888e-01 1.650382391529776616e-01 2.519000478902099771e-01
3.997484553856952560e-01 1.438323085375958488e-01 1.576224303173543173e-01 2.987968057593544113e-01
4.143210890434378402e-01 1.706721343597209783e-01 1.959153724845011102e-01 2.190914041123401546e-01
3.657765761874400834e-01 1.883997545624165049e-01 1.715899178952118853e-01 2.742337513549313877e-01
2.845325156417330414e-01 2.144115550980967289e-01 2.455187476037919980e-01 2.555371816563782872e-01
3.432323275961410847e-01 1.545448325144458124e-01 1.905595910310226293e-01 3.116632488583905847e-01
3.771487557575157190e-01 1.539297512984633964e-01 2.064777331037902786e-01 2.624437598402306615e-01
3.110949569390047409e-01 2.114576747831646841e-01 2.223825440427967537e-01 2.550648242350337380e-01
3.469474773485924368e-01 1.742783794597950742e-01 1.793466413379878055e-01 2.994275018536247113e-01
3.540421297329160444e-01 1.986596200065871287e-01 2.025766226105283896e-01 2.447216276499685206e-01
3.455146069577884060e-01 1.371019483589902832e-01 2.791032645048550642e-01 2.382801801783662188e-01
3.869736740276719100e-01 1.557882068700812972e-01 1.994593804350106858e-01 2.577787386672361070e-01
3.420335420680883920e-01 2.106675653238102019e-01 2.427296972151778420e-01 2.045691953929234530e-01
3.584890531349224085e-01 1.996090925719158360e-01 1.569246812220941034e-01 2.849771730710676243e-01
3.574506114958500569e-01 2.384577725207581433e-01 1.565858600027596748e-01 2.475057559806322083e-01
3.508650643186521645e-01 1.767586095510417510e-01 2.603630863901225112e-01 2.120132397401834068e-01
3.311291430806918012e-01 1.918469782114118061e-01 1.925672010805041801e-01 2.844566776273921849e-01
3.231984762666109678e-01 2.020679656380134082e-01 2.253552061535148698e-01 2.493783519418607819e-01
3.565767123948987982e-01 2.172963299776110024e-01 2.101548789033940157e-01 2.159720787240960727e-01
4.408236794274356107e-01 1.785515264420876880e-01 1.692753497919632366e-01 2.113494443385135757e-01
3.279766282254688026e-01 2.126584143046473530e-01 1.622678941004298547e-01 2.970970633694539065e-01
3.612361049107279398e-01 1.888395986946674598e-01 2.023021196953724843e-01 2.476221766992320050e-01
3.442973313215448306e-01 1.983438887684844665e-01 2.117724837964748141e-01 2.455862961134957223e-01
2.809620826626057499e-01 2.046297303344813689e-01 2.392160983602648061e-01 2.751920886426479362e-01
3.602775313963417769e-01 1.630954705055505938e-01 1.929395658003342229e-01 2.836874322977732676e-01
3.710428688471407166e-01 1.665982305100113248e-01 2.343011517878885730e-01 2.280577488549593579e-01
3.446208431891143453e-01 2.031039196190813079e-01 1.466537960418409225e-01 3.056214411499634243e-01
3.862552010613794495e-01 1.316055871945424061e-01 2.298367904906920556e-01 2.523024212533861999e-01
2.938926046901663702e-01 2.042445814757412603e-01 2.156454944385231831e-01 2.862173193955691031e-01
3.255644209953866830e-01 1.690999747408250820e-01 2.128544438034819242e-01 2.924811604603061999e-01
3.326358723389760130e-01 1.930176433992779605e-01 2.289224186297628694e-01 2.454240656319831848e-01
3.370315846546482752e-01 1.323064055197741007e-01 2.250829373401129485e-01 3.055790724854647866e-01
3.897319127125165039e-01 1.414341781496400718e-01 1.958910222702754944e-01 2.729428868675679021e-01
3.154811862743940321e-01 1.865022012949453245e-01 2.098738472905092578e-01 2.881427651401514134e-01
3.753627912482555007e-01 1.571326338146792623e-01 1.448199153680728435e-01 3.226846595689925046e-01
3.699380897854388506e-01 1.846027030595646934e-01 2.079072413113482454e-01 2.375519658436481552e-01
3.199003886930710805e-01 2.164075664109905150e-01 1.981451000988037336e-01 2.655469447971346986e-01
3.148822940620992772e-01 1.978946064575403674e-01 2.197230687534520166e-01 2.675000307269083666e-01
3.469978356324187052e-01 1.781053507157219773e-01 1.976064632684545463e-01 2.772903503834047712e-01
3.936547566519735808e-01 1.697008310794088926e-01 2.023576175419741774e-01 2.342867947266433215e-01
3.881831990753500383e-01 1.598978063555564488e-01 2.283663876402222681e-01 2.235526069288710505e-01
3.723310750684125092e-01 2.272438163651760989e-01 1.816012866807259485e-01 2.188238218856853601e-01
3.533950858062255285e-01 1.826122324297237420e-01 2.265614967363018262e-01 2.374311850277489033e-01
3.471916568690144866e-01 1.781143144765035824e-01 2.046831301517224311e-01 2.700108985027594444e-01
2.888074250174336166e-01 2.148142494583303030e-01 2.146214231034723752e-01 2.817569024207637329e-01
3.809725628520824747e-01 1.975996547583102336e-01 1.813241612540514303e-01 2.401036211355558336e-01
3.471136545283150521e-01 1.878909236692664075e-01 1.904734697043761193e-01 2.745219520980424210e-01
3.774716928653653603e-01 1.654390985165148931e-01 2.083376014416696009e-01 2.487516071764500625e-01
3.119313501465735272e-01 2.213532086643549557e-01 2.387616889069302528e-01 2.279537522821412643e-01
3.666782930230649828e-01 1.360450731108314160e-01 2.495102018714284997e-01 2.477664319946750737e-01
2.942637591314217205e-01 1.816590967495081144e-01 2.248975616201658589e-01 2.991795824989041952e-01
3.202975733050471563e-01 1.773208190445010324e-01 2.469548987153002972e-01 2.554267089351514586e-01
3.491085407566534293e-01 1.704971610190699760e-01 1.937930367530718845e-01 2.866012614712046824e-01
3.447770931612046952e-01 1.233517276162848370e-01 2.336195391177121883e-01 2.982516401047982657e-01
3.762851422187139527e-01 1.665631863117964795e-01 2.303902594092903933e-01 2.267614120601989802e-01
3.411267453120474524e-01 1.766668512661437318e-01 2.406235771950004654e-01 2.415828262268084059e-01
3.692682112570367936e-01 1.939559367531568101e-01 1.602943185631294232e-01 2.764815334266769731e-01
3.794700339294930780e-01 1.883634968694146150e-01 1.902812886331714526e-01 2.418851805679206879e-01
3.673282284577061851e-01 2.158281118741126881e-01 1.954352794709941499e-01 2.214083801971870047e-01
3.953499213969259296e-01 2.089013835332287627e-01 1.758455440223749555e-01 2.199031510474704354e-01
3.865933959858353086e-01 1.642965618200873390e-01 2.018845475179329163e-01 2.472254946761445749e-01
3.193815968129578575e-01 1.901314953692919141e-01 2.220812476741343133e-01 2.684056601436158873e-01
3.217793779349461536e-01 1.958805356541567233e-01 2.260316689220485953e-01 2.563084174888486944e-01
3.138696052900137867e-01 1.549180204447847264e-01 2.784263952512284757e-01 2.527859790139730389e-01
4.081342163260195943e-01 1.148495551653389984e-01 1.803045924433043512e-01 2.967116360653370699e-01
3.521601599638864988e-01 1.696614635530111215e-01 2.336729072022813714e-01 2.445054692808210639e-01
3.665070946794096174e-01 1.874172933668789010e-01 2.076884546692978895e-01 2.383871572844136477e-01
3.669693902132789565e-01 2.018340239278767212e-01 2.015617591861184332e-01 2.296348266727260001e-01
3.294718690498398272e-01 1.542152514388102358e-01 2.382768378958198541e-01 2.780360416155301939e-01
3.533220780958170049e-01 1.597193883951466553e-01 2.124212208823920700e-01 2.745373126266442143e-01
3.833813233814865606e-01 2.113069268025223602e-01 1.720670716901789854e-01 2.332446781258121216e-01
3.654081081675343290e-01 1.944015421383737952e-01 1.882103861294927294e-01 2.519799635645991742e-01
3.635324299824939098e-01 1.691078424592467322e-01 2.155958346602434295e-01 2.517638928980160395e-01
3.772405155103376040e-01 1.458107750426990701e-01 2.092585416818385502e-01 2.676901677651247202e-01
3.442314875186566203e-01 1.512254953996866880e-01 2.375517248886318544e-01 2.669912921930248650e-01
4.134274591466205462e-01 1.867464922991844967e-01 1.640327971578725008e-01 2.357932513963225396e-01
3.712615308116044566e-01 1.492491415428176260e-01 1.851939180694457954e-01 2.942954095761320388e-01
3.556560843703091002e-01 1.882106805070654365e-01 2.163623726205739228e-01 2.397708625020516515e-01
3.392687732790358179e-01 2.118945550988329540e-01 2.256229836866293359e-01 2.232136879355020587e-01
2.990437523778606277e-01 1.724932022346077620e-01 2.589360937319508116e-01 2.695269516555807710e-01
3.420361342067658739e-01 1.776713722686520947e-01 2.357602521426026831e-01 2.445322413819792928e-01
3.147441935493851539e-01 2.229250430316421228e-01 2.023208161352998413e-01 2.600099472836728820e-01
3.359465177927533630e-01 1.594292374596658068e-01 1.923701858823326782e-01 3.122540588652482074e-01
3.675944942921319236e-01 2.156974358938633929e-01 1.894857282607082249e-01 2.272223415532965418e-01
3.730634077730163312e-01 1.813912768835084233e-01 1.845661986116914899e-01 2.609791167317838667e-01
3.211570362935916578e-01 1.822390742330676494e-01 2.579395449351268299e-01 2.386643445382137241e-01
3.752406832325683728e-01 2.090561659087804003e-01 1.902115477064894866e-01 2.254916031521618236e-01
3.519504174817631448e-01 2.091943843665468039e-01 2.114879210126255071e-01 2.273672771390645719e-01
3.377951238659030464e-01 1.865864293211917380e-01 2.248683267783980200e-01 2.507501200345071957e-01
3.833374602641750339e-01 1.533523755329241622e-01 2.273772030535007316e-01 2.359329611494000445e-01
3.598080817294902478e-01 1.639764927383007553e-01 2.424891861522484870e-01 2.337262393799604820e-01
3.552121304645706190e-01 1.546526139185047111e-01 2.375241684904721429e-01 2.526110871264524715e-01
3.276546055186208006e-01 1.893249954117064426e-01 2.137025706921837354e-01 2.693178283774889104e-01
3.240405602380143635e-01 1.790108300726512280e-01 2.113288233776194347e-01 2.856197863117150293e-01
3.649460520786866335e-01 1.385645356387662230e-01 2.148712237345693499e-01 2.816181885479776548e-01
3.671436120214516263e-01 1.717003073166042948e-01 2.126479387836215096e-01 2.485081418783226526e-01
3.371807451662475197e-01 1.871783439892269474e-01 1.945556669565161045e-01 2.810852438880094839e-01
3.773352149194406646e-01 1.812060729689805028e-01 1.828950377416798390e-01 2.585636743698989659e-01
3.635288621718596458e-01 1.831285255287324054e-01 1.848355353804701784e-01 2.685070769189377704e-01
3.067786731038747439e-01 2.094299206998451179e-01 1.845790792456618867e-01 2.992123269506182792e-01
3.625643200232591123e-01 2.324325883165084816e-01 1.620884695187087277e-01 2.429146221415237061e-01
3.467220717853837786e-01 2.045883379653684053e-01 1.693938156063368450e-01 2.792957746429110544e-01
3.544742207207927098e-01 1.796862056387905360e-01 1.990923793191535507e-01 2.667471943212631480e-01
3.834866878022055725e-01 1.502606148849796319e-01 1.801484189573365757e-01 2.861042783554782476e-01
3.423693771200331248e-01 1.617423793553520450e-01 2.367907194186021913e-01 2.590975241060125001e-01
3.659861823013175197e-01 1.904440270347922959e-01 1.784932128423756537e-01 2.650765778215146140e-01
2.648809845846706867e-01 1.851179074144601033e-01 2.282019393378421079e-01 3.217991686630269910e-01
3.596126992722871174e-01 2.007637006793725198e-01 2.234487446464750449e-01 2.161748554018652901e-01
3.630145220722162946e-01 1.325879009751158022e-01 2.292972497686679989e-01 2.751003271839999043e-01
4.058672005968834151e-01 1.730326461505882762e-01 2.006784851754355448e-01 2.204216680770928194e-01
3.362155340453250596e-01 1.806501380416133673e-01 1.935071769167552580e-01 2.896271509963062596e-01
3.854372789195746885e-01 1.665332432540509444e-01 1.613338708531950327e-01 2.866956069731793066e-01
3.537359112063319655e-01 1.868806529773671676e-01 1.884612192825436128e-01 2.709222165337571431e-01
3.815924504951155316e-01 1.675600208723226070e-01 1.898683499769320826e-01 2.609791786556296955e-01
3.911646255534091399e-01 1.590520412301890119e-01 2.090709918626375008e-01 2.407123413537644585e-01
3.694143510660345964e-01 1.822098988493918159e-01 2.077830358107012332e-01 2.405927142738723823e-01
4.007508868507924649e-01 2.000208132690212692e-01 1.969857446776129006e-01 2.022425552025732820e-01
3.295379756593818099e-01 1.480168057538699122e-01 2.498931312026984597e-01 2.725520873840497349e-01
3.484217807095787434e-01 1.647503877314877851e-01 1.815843414320026106e-01 3.052434901269309164e-01
3.546595470864370991e-01 1.805926194876776858e-01 2.019814002321040636e-01 2.627664331937811792e-01
3.519271406258840940e-01 1.718255295333229460e-01 2.113971900070828469e-01 2.648501398337100299e-01
3.358931792189212562e-01 1.967348078333211459e-01 2.124250263014089979e-01 2.549469866463486278e-01
3.413837488768901030e-01 1.861516559069855692e-01 2.193084125566467923e-01 2.531561826594775355e-01
3.659572320406210832e-01 1.501686515134564581e-01 1.869729314894228445e-01 2.969011849564995864e-01
3.446144712318100489e-01 2.091136986378318297e-01 1.719659369213107636e-01 2.743058932090474689e-01
3.909525713452745022e-01 2.072897555051336771e-01 1.607028541575047931e-01 2.410548189920871665e-01
3.822858526614110741e-01 1.881467630473128427e-01 2.213737969026779162e-01 2.081935873885980559e-01
3.658526611102831949e-01 1.652540500559961933e-01 2.120386671502935971e-01 2.568546216834270424e-01
3.520378340884620649e-01 1.865003154971862365e-01 2.126593773058113035e-01 2.488024731085405339e-01
2.991071378548187942e-01 1.736993058708787840e-01 2.523663057203129334e-01 2.748272505539893773e-01
3.744712759604990060e-01 1.866462392423911265e-01 1.925086083022790606e-01 2.463738764948308346e-01
4.042555821851773201e-01 1.495819992024971512e-01 1.955809860894095475e-01 2.505814325229159811e-01
3.770852268112998007e-01 1.440965222144574565e-01 2.341614360238464532e-01 2.446568149503962064e-01
3.743946913430208911e-01 1.949805897910383556e-01 2.436696045916494080e-01 1.869551142742912619e-01
3.387414293607766136e-01 1.697892450557282606e-01 2.192364326048737988e-01 2.722328929786211882e-01
3.421686577789277428e-01 1.932686900649618067e-01 2.101660768891599751e-01 2.543965752669505309e-01
3.588329279191881382e-01 1.770525483544181655e-01 1.973322290477441954e-01 2.667822946786494454e-01
3.382512414074678730e-01 1.573952019289026338e-01 2.081074840213036625e-01 2.962460726423257751e-01
3.561588175088590824e-01 2.158354495675664786e-01 1.914147311956038988e-01 2.365910017279705124e-01
3.349841863496038075e-01 1.630061013503603384e-01 2.085642942353128082e-01 2.934454180647230737e-01
3.848054345643974750e-01 1.477943772833955338e-01 2.095634929068928287e-01 2.578366952453142180e-01
3.664348637952621335e-01 1.612013215549799316e-01 1.840161735889774552e-01 2.883476410607804796e-01
3.350259541311685352e-01 1.844049831201355072e-01 2.165149957367482614e-01 2.640540670119476130e-01
3.472340063668948318e-01 1.640488669069756766e-01 1.903866231219889515e-01 2.983305036041404845e-01
3.599156654697727720e-01 1.643733955921569123e-01 2.198250804168404293e-01 2.558858585212298031e-01
3.664579463704386031e-01 1.974186318555729291e-01 1.996957295792480824e-01 2.364276921947404686e-01
3.625900961703230063e-01 1.824011127649984298e-01 1.847730545548542380e-01 2.702357365098243536e-01
3.590907529449671176e-01 1.653017154958300039e-01 1.997222991043638984e-01 2.758852324548389801e-01
3.430239659160648769e-01 1.719904082423752145e-01 2.067565011768311145e-01 2.782291246647287108e-01
3.701813784285010178e-01 1.900447844495781191e-01 2.163936144185229504e-01 2.233802227033978571e-01
3.792546330254426556e-01 1.843107234241291859e-01 1.851436587829244362e-01 2.512909847675036668e-01
3.533072358950395953e-01 1.552370496191129434e-01 2.168557544915610535e-01 2.745999599942864910e-01
3.679410830630786000e-01 1.716633484657713038e-01 2.078121324411969506e-01 2.525834360299532566e-01
3.165408693702342902e-01 1.804393952319016670e-01 2.180408009630764865e-01 2.849789344347877229e-01
3.515170849995316038e-01 1.744725946105629699e-01 2.126702400401076498e-01 2.613400803497978320e-01
3.661103672362556738e-01 1.768093959105146717e-01 1.849513632859925427e-01 2.721288735672370840e-01
3.304836898413053281e-01 1.912864110744974810e-01 1.966533339912175382e-01 2.815765650929797359e-01
3.867481741293764541e-01 1.633716235976105935e-01 1.869443485982377473e-01 2.629358536747752328e-01
3.560359465323842953e-01 1.601703023061915310e-01 1.943241842295739263e-01 2.894695669318501641e-01
3.835505831819981948e-01 1.850245733447042351e-01 1.693477437446163081e-01 2.620770997286812065e-01
3.448624597974912498e-01 1.719882116126376648e-01 2.189755419237315870e-01 2.641737866661395540e-01
3.570321066396616727e-01 2.114754751735705152e-01 2.325347113446517289e-01 1.989577068421160000e-01
2.848725465473003204e-01 1.643594642442501030e-01 2.443134584643473217e-01 3.064545307441022826e-01
3.736720286834062654e-01 1.521852928369782920e-01 2.023194400626244782e-01 2.718232384169909643e-01
3.474657164381742547e-01 2.068062085803170636e-01 2.084952579029566155e-01 2.372328170785520662e-01
3.375218637228633578e-01 2.216594942790131029e-01 2.171650599442586926e-01 2.236535820538647912e-01
3.242740295481700286e-01 1.763881226799906277e-01 2.290548028167658789e-01 2.702830449550733261e-01
3.617885518382230048e-01 1.625950135733738866e-01 2.098142457222534063e-01 2.658021888661498133e-01
3.583532485634443043e-01 1.509068402169523870e-01 2.437866615358978140e-01 2.469532496837054669e-01
3.787458280450113901e-01 1.839896453541260413e-01 2.390304865095665976e-01 1.982340400912959988e-01
2.785796058270177955e-01 1.732529346470237097e-01 2.683508718143709504e-01 2.798165877115875166e-01
3.764053727987243247e-01 1.723156353747782865e-01 2.017689947473781109e-01 2.495099970791191113e-01
3.527978806329331585e-01 1.755813627663420085e-01 2.083697215399836489e-01 2.632510350607410454e-01
3.371727752005969636e-01 1.981146153466238347e-01 2.049370786153359714e-01 2.597755308374432581e-01
3.450190770617989067e-01 1.991392881303151452e-01 1.898288913826532975e-01 2.660127434252325673e-01
3.630822713922983169e-01 1.884117932343907509e-01 2.177903354977558936e-01 2.307155998755548720e-01
3.548273362428640554e-01 1.532115309933223535e-01 2.420093666049426273e-01 2.499517661588709083e-01
3.376295200734719115e-01 1.393139181644760249e-01 2.253549865568748034e-01 2.977015752051773712e-01
3.282319018472861227e-01 1.791028173570113347e-01 2.260991803817994639e-01 2.665661004139031620e-01
3.754969168771728483e-01 1.768716131380444478e-01 1.763223969735453200e-01 2.713090730112374116e-01
2.976253568457143395e-01 2.287372494839793879e-01 2.237162341698883672e-01 2.499211595004177389e-01
4.120937534357396181e-01 1.623156712893788767e-01 1.796743472831812960e-01 2.459162279917000982e-01
3.453821936229317657e-01 1.835780878726176457e-01 2.289314636147592730e-01 2.421082548896913988e-01
3.747246489627847899e-01 1.580899054812894555e-01 2.281535989387900032e-01 2.390318466171357514e-01
3.407247931049598444e-01 1.347778717807814330e-01 2.688360138200676097e-01 2.556613212941910573e-01
2.808893517632069514e-01 1.937557025249950493e-01 2.360806840744066881e-01 2.892742616373912279e-01
3.250880152764507036e-01 1.616374905389702243e-01 2.383093670109866224e-01 2.749651271735923941e-01
3.479687789981171231e-01 1.970742861735785001e-01 1.935489153231658987e-01 2.614080195051384226e-01
3.635213045300708656e-01 1.876933534799285208e-01 2.056061764153752636e-01 2.431791655746253777e-01
3.849833244961967105e-01 1.711410058455771765e-01 2.333385798119896881e-01 2.105370898462365081e-01
3.805671668674580621e-01 1.633060832458071154e-01 2.162445737165120674e-01 2.398821761702227828e-01
3.541535617262918656e-01 1.713202375918058962e-01 2.263323544266523102e-01 2.481938462552498170e-01
3.528215105081103919e-01 1.937063030544159958e-01 1.991762995818462390e-01 2.542958868556273178e-01
3.511445960026695623e-01 1.682783983518690296e-01 2.153999086033334676e-01 2.651770970421281071e-01
3.548268030241859550e-01 2.069622682969867455e-01 1.944668432650557000e-01 2.437440854137715718e-01
3.329038563018408281e-01 1.839592962595217873e-01 2.237473120862931986e-01 2.593895353523441583e-01
4.052688875199599861e-01 1.635921171358689363e-01 1.949349242232747415e-01 2.362040711208963362e-01
3.423416753580482697e-01 1.478310438066757770e-01 2.235141756021575832e-01 2.863131052331183146e-01
3.460200584916751088e-01 1.402962609915567593e-01 2.320204344374911798e-01 2.816632460792769521e-01
3.576121321598499936e-01 1.663379339746302032e-01 2.249904905803573330e-01 2.510594432851624980e-01
3.492432314520831360e-01 1.745354802182344511e-01 2.028935246863882991e-01 2.733277636432939195e-01
3.039584457762679048e-01 2.053298124068120845e-01 2.129956879733403141e-01 2.777160538435797799e-01
3.497685417432158661e-01 1.385087408487291616e-01 1.911935429682997123e-01 3.205291744397554266e-01
4.218827835038591600e-01 1.339694202295880765e-01 1.531216256867368730e-01 2.910261705798158349e-01
3.222766903607928723e-01 1.996925329988877285e-01 1.999508783976461923e-01 2.780798982426731514e-01
3.875222904751673414e-01 1.453801378737711592e-01 2.009484938996485837e-01 2.661490777514128880e-01
3.447137266789865873e-01 2.041421097683484287e-01 1.947750369146312721e-01 2.563691266380338507e-01
3.621391779053361182e-01 1.814601677544654124e-01 1.985788164290252789e-01 2.578218379111732461e-01
3.273167895573526054e-01 1.762244095573129166e-01 2.337374020427399335e-01 2.627213988425945446e-01
3.335585411722505333e-01 1.755533656329986703e-01 2.330981455354081966e-01 2.577899476593427108e-01
4.027637906626314601e-01 1.222682124256478237e-01 2.200914889081961867e-01 2.548765080035244601e-01
3.482846061387806502e-01 1.942914928131636021e-01 2.148808829557488920e-01 2.425430180923068835e-01
3.763980039712669368e-01 1.497663978288021336e-01 2.297555559551814897e-01 2.440800422447494400e-01
3.205966773844136086e-01 1.768813775277287559e-01 2.301441858798898843e-01 2.723777592079676402e-01
3.362892605101358012e-01 2.016936759373948451e-01 2.095661010457854079e-01 2.524509625066839735e-01
3.721262414938836804e-01 1.700971541379577012e-01 1.812871827130001778e-01 2.764894216551584405e-01
3.445742141702181627e-01 1.309482121922425357e-01 2.126334795660787813e-01 3.118440940714606313e-01
3.866528425909064870e-01 1.836133728090085238e-01 1.838652289508384829e-01 2.458685556492465063e-01
3.555125996423974533e-01 1.481099190906986496e-01 2.081970262814324679e-01 2.881804549854714570e-01
3.599407436274681404e-01 1.880534134387251699e-01 1.955546694971888599e-01 2.564511734366178852e-01
3.610166763401753687e-01 1.767775554782939074e-01 2.091302582363052665e-01 2.530755099452254853e-01
3.326461293615668446e-01 1.850565152945555236e-01 1.954655164938404188e-01 2.868318388500372129e-01
4.165350152665368566e-01 1.449662624697101165e-01 1.903597530656484516e-01 2.481389691981046863e-01
3.720030732324496325e-01 1.801880974160800786e-01 1.764681348282952367e-01 2.713406945231751632e-01
3.813802990318882480e-01 1.841985553333496672e-01 2.022719661713695827e-01 2.321491794633925854e-01
3.616865722063271060e-01 1.731470436543016966e-01 1.974333057168960459e-01 2.677330784224751792e-01
3.206962112108719398e-01 1.840046144174859455e-01 2.253192873249574291e-01 2.699798870466847411e-01
3.723887321034594078e-01 1.399813669179386100e-01 2.124607910786812381e-01 2.751691098999208274e-01
3.631224542660583809e-01 1.944084777688811494e-01 2.018373181707629194e-01 2.406317497942975503e-01
3.699531626218839908e-01 1.548548565045624603e-01 2.234955115710058338e-01 2.516964693025474653e-01
3.607093184543554987e-01 1.760847832109383726e-01 1.892661935960114061e-01 2.739397047386947781e-01
3.651694371434138775e-01 1.386530839433772755e-01 2.019648445214692334e-01 2.942126343917396691e-01
3.777836523833368876e-01 1.598848308487992864e-01 2.055536561049138289e-01 2.567778606629499971e-01
3.570760778831017501e-01 1.469955435133308563e-01 2.219471267443481610e-01 2.739812518592192880e-01
3.229324368914383014e-01 1.988811059406947190e-01 2.272503986332982673e-01 2.509360585345687955e-01
3.174937488917952133e-01 1.859525146037641630e-01 2.233117159987567935e-01 2.732420205056838025e-01
3.870122588587366352e-01 1.875845756654168084e-01 2.297544431474042581e-01 1.956487223284423538e-01
3.557383140784073916e-01 1.687847397954753692e-01 2.155638530252736440e-01 2.599130931008437617e-01
3.711178719838095774e-01 1.494485851610869442e-01 1.975110979861061100e-01 2.819224448689972573e-01
3.721140979703189133e-01 1.831202207738516774e-01 2.061539753655553808e-01 2.386117058902741672e-01
3.233516344039931156e-01 1.859800477089684212e-01 1.989370644568824453e-01 2.917312534301562121e-01
3.884991311737378550e-01 1.503939724156417301e-01 1.945345656168908643e-01 2.665723307937297726e-01
3.404385145940881929e-01 2.231502227804488814e-01 2.243837756721710763e-01 2.120274869532917938e-01
2.856829620549467541e-01 1.897372262299625023e-01 2.811205172948000874e-01 2.434592944202906284e-01
3.974456610131658074e-01 1.591241891720531487e-01 1.963658007647216264e-01 2.470643490500594452e-01
3.724541024949974410e-01 1.377600632911845646e-01 2.107351110052582410e-01 2.790507232085599476e-01
3.845950102095747059e-01 1.824638140296726274e-01 1.917109582777084820e-01 2.412302174830443235e-01
3.605533078871617225e-01 1.648481969564030147e-01 1.893951387641474304e-01 2.852033563922879433e-01
4.008419058699894677e-01 1.800895260972232292e-01 1.716982861422711726e-01 2.473702818905160750e-01
3.534611519043479033e-01 1.788429343169213592e-01 2.245311257683762773e-01 2.431647880103544324e-01
3.366414078676825961e-01 1.626113046550507479e-01 2.101094566008375464e-01 2.906378308764293039e-01
3.978200648073891288e-01 1.145707736546484751e-01 2.180470340753707104e-01 2.695621274625917829e-01
3.635795202095235545e-01 1.270516278060721815e-01 2.280147307241450483e-01 2.813541212602593267e-01
3.633670998756128867e-01 1.915197840126990625e-01 1.899005450944440121e-01 2.552125710172441497e-01
3.931830114245267183e-01 1.625900318636221420e-01 1.685480355071178049e-01 2.756789212047334181e-01
3.657364009075474987e-01 1.450254142013216452e-01 2.245576945327326379e-01 2.646804903583983570e-01
3.629232552893040809e-01 1.302567861084871215e-01 2.366840832053374588e-01 2.701358753968714499e-01
2.856661283686477981e-01 1.825551412225581149e-01 2.275618257302263192e-01 3.042169046785678788e-01
4.083456985843801346e-01 1.526440049928010356e-01 2.064064788331544664e-01 2.326038175896642801e-01
3.053681741040560893e-01 2.314436748064901961e-01 2.313303287341740844e-01 2.318578223552797413e-01
3.226198555139311308e-01 1.486105412310445295e-01 2.235099740199183449e-01 3.052596292351059115e-01
3.460782540122719353e-01 2.069756063375459698e-01 2.100556033805422718e-01 2.368905362696397676e-01
3.805614857286988006e-01 1.625320652241477593e-01 1.567553111943476019e-01 3.001511378528058382e-01
3.212494449260588913e-01 1.893820333087083141e-01 2.219856684244438938e-01 2.673828533407889285e-01
3.150101378461205859e-01 2.326376879608846038e-01 2.197811451070035560e-01 2.325710290859913099e-01
3.184590580406941318e-01 1.693676956463424366e-01 2.175088042265841126e-01 2.946644420863793745e-01
3.657850619504760536e-01 1.855464722643741793e-01 2.109873978532510463e-01 2.376810679318985819e-01
3.351045432230143617e-01 1.758305396946611421e-01 2.065945939139584020e-01 2.824703231683662330e-01
3.207864155321744071e-01 1.576796653483275024e-01 2.562896306902076038e-01 2.652442884292904868e-01
3.661671286773609535e-01 1.745703129469248771e-01 1.590776065692066366e-01 3.001849518065075606e-01
3.577565565130659819e-01 1.904475771264013961e-01 2.387708533729524518e-01 2.130250129875801979e-01
3.573823575654649920e-01 2.214312294781455581e-01 1.602018359191441366e-01 2.609845770372452578e-01
3.325052487333884366e-01 1.532363449431619618e-01 2.211787905114406816e-01 2.930796158120088646e-01
3.732244147059855521e-01 1.714623175703618441e-01 2.053261846414299319e-01 2.499870830822227552e-01
3.661596764344124399e-01 2.065171598001218356e-01 2.197467805360173998e-01 2.075763832294483802e-01
3.680914598115312408e-01 1.794551975759026974e-01 1.655088613134523268e-01 2.869444812991138183e-01
3.674885198500092431e-01 1.391380021081967400e-01 2.016347311182462576e-01 2.917387469235478981e-01
3.577031663394903971e-01 1.697317120751423714e-01 1.959727227105551861e-01 2.765923988748121842e-01
3.539802079274854130e-01 2.023520555493692752e-01 2.121961072463238174e-01 2.314716292768216888e-01
3.841898084319578244e-01 1.696165192709356839e-01 2.091811439038844256e-01 2.370125283932221771e-01
3.330905004298299055e-01 1.843813389598036312e-01 2.374383576289076925e-01 2.450898029814587431e-01
3.761528056938133746e-01 1.394671200832468538e-01 2.257033939612840545e-01 2.586766802616558558e-01
3.567436103969544026e-01 1.660522058642766030e-01 2.126020712759726372e-01 2.646021124627963572e-01
3.460725510420638584e-01 1.716251392965251477e-01 1.756205921006464277e-01 3.066817175607645662e-01
3.202086231105081837e-01 1.743217851152128739e-01 1.941590350778684970e-01 3.113105566964105009e-01
3.422931463751585635e-01 1.809244382395727713e-01 2.084047969941653089e-01 2.683776183911034674e-01
3.414028009363943017e-01 1.993437924573909226e-01 2.052650345870985216e-01 2.539883720191161709e-01
