4.018384499194099790e-01 4.679697460326139036e-02 3.114986541569467193e-01 2.398659213203818141e-01
4.122885346905941772e-01 1.644524394285115654e-02 3.225491393618857283e-01 2.487170820046688824e-01
4.377955720013539942e-01 5.952072008699454270e-02 3.617298294949575777e-01 1.409538784166939063e-01
4.068518999034895223e-01 4.142992488808917156e-02 3.080931839931043692e-01 2.436249912153168884e-01
4.411507380798604383e-01 4.715289238831988500e-02 3.131868395548730311e-01 1.985095299769467081e-01
4.527877420719355617e-01 4.396034019692730138e-02 3.187699392334366610e-01 1.844819784977005384e-01
4.728748365561550870e-01 4.253959887832072656e-02 3.136335501330380082e-01 1.709520144324862267e-01
4.149383164836219495e-01 6.060614692290307998e-02 3.163948548100867231e-01 2.080606817833881295e-01
4.186306338239031977e-01 2.315258554456504914e-02 3.069770272307468240e-01 2.512397534007849154e-01
4.619809222982803609e-01 6.337901296586224975e-02 3.135967340311947571e-01 1.610433307046627016e-01
4.860134551339252984e-01 3.079481119500281777e-02 2.841725544558233452e-01 1.990191792152486983e-01
4.359521169191513112e-01 3.789801118675521774e-02 3.501010598182842659e-01 1.760488120758090802e-01
4.899978943498853878e-01 4.836124643312190996e-02 2.836781092490128775e-01 1.779627499679798663e-01
4.726746779948828858e-01 4.475114597762740176e-02 3.384060716630700183e-01 1.441681043644196525e-01
4.336309079374328634e-01 4.024093650980412745e-02 3.383395423381667100e-01 1.877886132145962228e-01
4.695990119944684626e-01 3.616075700143838584e-02 3.130584671335877034e-01 1.811817638705054967e-01
4.435595015800982699e-01 5.440555335583684843e-02 3.456064043797269503e-01 1.564285406843378412e-01
4.534288343355467044e-01 3.934726798084221822e-02 3.001872810301181027e-01 2.070366166534929608e-01
4.177500694655502667e-01 4.331979160976610205e-02 3.060118038681136077e-01 2.329183350565700583e-01
4.452980053844682318e-01 3.835907158878731210e-02 3.273588132429141595e-01 1.889841097838302897e-01
4.708198455946688843e-01 2.951443692827645376e-02 3.194863348466334685e-01 1.801793826304211588e-01
4.833910463926291978e-01 2.322489545558528018e-02 3.004038738359109950e-01 1.929801843158746311e-01
4.440100142900446634e-01 2.588946488651633002e-02 3.612764597787456178e-01 1.688240610446935241e-01
3.827835745239869802e-01 7.311208075267115747e-02 3.358052726358488616e-01 2.082990720874930146e-01
4.447350084558819305e-01 4.164620001705040403e-02 3.103425771683741563e-01 2.032762143586935022e-01
4.611929118917907355e-01 5.907606538687779768e-02 3.167835139467075067e-01 1.629475087746239392e-01
4.268537891343248125e-01 4.706612880326901949e-02 3.128549294432647065e-01 2.132251526191414337e-01
4.329997558638783994e-01 5.384900853261507386e-02 3.305075817150612272e-01 1.826436538884453620e-01
4.866120800407122693e-01 2.755421602990865831e-02 2.951782862177688149e-01 1.906554177116103754e-01
4.302869681563837867e-01 5.374254991609977300e-02 3.136509300743094975e-01 2.023195518532067139e-01
3.836199917123769287e-01 3.597628576788113042e-02 3.742954337497195194e-01 2.061082887700225463e-01
4.001956347669848313e-01 4.392474734321610841e-02 3.682584928945795144e-01 1.876211249952194349e-01
4.689064545713845233e-01 2.776687873781046728e-02 3.050474858470940132e-01 1.982791808437110725e-01
4.103057715530865623e-01 3.547220959666855938e-02 3.313395404633167063e-01 2.228824783869283177e-01
4.446477242813589581e-01 3.269606725398159497e-02 3.258778222161984872e-01 1.967783862484610291e-01
4.713838725947664954e-01 4.308459009767803827e-02 2.851465907065298122e-01 2.003849466010257097e-01
4.622192263188932837e-01 1.686192588608161069e-02 2.847548257535825189e-01 2.361640220414426006e-01
5.131671761175767843e-01 3.486453751674642443e-02 3.079612870478770081e-01 1.440069993177998942e-01
3.753866143244526943e-01 2.575382858750744491e-02 4.058422150589627853e-01 1.930173420290769715e-01
4.361621813465138553e-01 4.684313829002775820e-02 3.226910046416663902e-01 1.943036757217921073e-01
4.491229804306749451e-01 6.222078403907998351e-02 3.220127443130149647e-01 1.666434912172301552e-01
4.578747148321669624e-01 4.201400494614841025e-02 3.059040428791419686e-01 1.942072373425425547e-01
4.786462257168191403e-01 3.980781852202470300e-02 3.050019662714211210e-01 1.765439894897350703e-01
4.225416698605439780e-01 3.632013905679780386e-02 3.167702084117320349e-01 2.243679826709261693e-01
4.362341946299455597e-01 4.028043132743128196e-02 3.559383166822104871e-01 1.675470573604127267e-01
4.297409823249798699e-01 2.638337884846597703e-02 3.048772164715410904e-01 2.389984223550130349e-01
4.622703597029012013e-01 5.866469586744854636e-02 2.962744000411685619e-01 1.827905443884818293e-01
4.705309712596220661e-01 3.133166469275915772e-02 2.960516948383118407e-01 2.020856692093069562e-01
4.519441952104032989e-01 2.627651766250531026e-02 3.586956665459800631e-01 1.630836205811113382e-01
4.606852638030810021e-01 3.356685002446022775e-02 2.954314251000349500e-01 2.103164610724238270e-01
4.254131619308927359e-01 6.147968258853074575e-02 2.984679026330851470e-01 2.146392528474913852e-01
4.701278747113447620e-01 5.889960239446954959e-02 2.842775409982586932e-01 1.866949818959270091e-01
4.182528134264136832e-01 4.666543911243520304e-02 3.632605179184640320e-01 1.718212295426871650e-01
3.961800016683993397e-01 4.572625569502464238e-02 3.247964278997658716e-01 2.332973147368101463e-01
4.607307021943929382e-01 4.571756057790489491e-02 3.046218514950335687e-01 1.889298857326684733e-01
4.521360276944045298e-01 4.978384458263719614e-02 2.988399907418398671e-01 1.992401369811183931e-01
3.999358735447926527e-01 4.287843234586877217e-02 3.434591218849423755e-01 2.137265722243961719e-01
4.730906317454701693e-01 3.447992198051093998e-02 3.319400877596312971e-01 1.604893585143875312e-01
4.216203502244611490e-01 3.619863075757466520e-02 3.802706919235360750e-01 1.619103270944282358e-01
4.373495444719568415e-01 4.648430858365909524e-02 3.494702407707548364e-01 1.666959061736291159e-01
4.164619332386993444e-01 5.157670818142513075e-02 3.158123224819791020e-01 2.161490360978964298e-01
4.241132231460425506e-01 6.065169959398952759e-02 3.152998933968084727e-01 1.999351838631595601e-01
4.317508191649335747e-01 5.899925104234749612e-02 2.945627169355166108e-01 2.146872128572022975e-01
4.197624665724658533e-01 5.243643933029473042e-02 3.434353071636597199e-01 1.843657869335796062e-01
4.838217726279592790e-01 3.160130605794093245e-02 2.948168275813928263e-01 1.897600937327068027e-01
4.311768873705063565e-01 4.260594024166894367e-02 3.030303958627219574e-01 2.231867765251026869e-01
4.440916100754648821e-01 4.729732366419780315e-02 3.319899707423008550e-01 1.766210955180363973e-01
4.152961855045105288e-01 3.562198429373486519e-02 3.498500960311941577e-01 1.992317341705605316e-01
3.784495380621690219e-01 5.027870419951921410e-02 3.385270875638284882e-01 2.327446701744831370e-01
4.370573143522893944e-01 6.599435468531016091e-02 3.180427704315097470e-01 1.789055605308908226e-01
4.187981719332779518e-01 5.782273475575151755e-02 3.261296650010483966e-01 1.972494283099219814e-01
4.351207383049596200e-01 4.692321144273146893e-02 2.922988613733520369e-01 2.256571888789568048e-01
4.043473818160288613e-01 5.233431609140377222e-02 4.187476071582869053e-01 1.245706949342805930e-01
4.499693969313349751e-01 4.031405120354848715e-02 3.580098840387480608e-01 1.517066678263683521e-01
4.384282956634896200e-01 7.646576373012244077e-02 3.158672016102946900e-01 1.692387389960932631e-01
4.651894913401184439e-01 5.639735627236875520e-02 2.960941514354343274e-01 1.823190009520785082e-01
4.353229270971644138e-01 3.860388606648063742e-02 3.520668324134877403e-01 1.740063544228672709e-01
4.424214396809668104e-01 5.753279100543777502e-02 3.350534440813032200e-01 1.649923252322922085e-01
4.170396733456794847e-01 3.553127926037987633e-02 3.544317913805491993e-01 1.929972560133913495e-01
4.397530307659361370e-01 3.785832161956105557e-02 3.247343473631399968e-01 1.976543002513628799e-01
4.451020777304292020e-01 3.630387969038936097e-02 3.221044911173613912e-01 1.964895514618200389e-01
4.207088267066197429e-01 5.371002688071933873e-02 3.807374098998445033e-01 1.448437365128162901e-01
4.344760739956278761e-01 3.964183452521159029e-02 3.679619562250459053e-01 1.579201352541144410e-01
4.751459504166888337e-01 4.367142193297701702e-02 2.858995868452741118e-01 1.952830408050602595e-01
4.604086528705443881e-01 6.098379299014619614e-02 2.878484234154050636e-01 1.907591307239042411e-01
4.589638811068457169e-01 3.579139915611294354e-02 3.138140158765599375e-01 1.914307038604815547e-01
4.189519303328833044e-01 2.878653356834386459e-02 3.340989953382710875e-01 2.181625407605016775e-01
4.311114525445700063e-01 4.036522975217079340e-02 2.956535915487570887e-01 2.328697261545021047e-01
3.938718675008622827e-01 1.804656869499918562e-02 3.871160986417366834e-01 2.009654651624017963e-01
3.693243190755498562e-01 5.733717366887407241e-02 3.332654073095338565e-01 2.400730999460422288e-01
3.905621900306499583e-01 3.647542208410089332e-02 3.150616642241185206e-01 2.579007236611305931e-01
4.319618189681085907e-01 6.000645552591853810e-02 3.030852150007438128e-01 2.049465105052292180e-01
4.755423509492813228e-01 5.816473132704323007e-02 3.141142425491930679e-01 1.521786751744823585e-01
4.371256845882441344e-01 2.394722465117229276e-02 3.699055810591220794e-01 1.690215097014614309e-01
4.511988387599172867e-01 4.079363385997813313e-02 3.275875284329609616e-01 1.804199989471436671e-01
4.974603319970239967e-01 3.845745315173355883e-02 3.098574847039842206e-01 1.542247301472583487e-01
3.836814604824422825e-01 4.724374242402014368e-02 3.301825204995114671e-01 2.388922765940259541e-01
4.103799107432177795e-01 2.617305363366889334e-02 3.065853672851506784e-01 2.568616683379626453e-01
4.237216010251869669e-01 5.063725210879390509e-02 3.102281154221059323e-01 2.154130314439132998e-01
4.591962797808808450e-01 4.293050423757409362e-02 3.135751730434579443e-01 1.842980429380871310e-01
3.766862159235187524e-01 4.056940774702055136e-02 4.023550220051749227e-01 1.803893543242858499e-01
4.334470522960052197e-01 8.390406850127843374e-02 2.903100422136913883e-01 1.923388369890249860e-01
3.968757015834269986e-01 6.723616424917225332e-02 3.767525428818874755e-01 1.591355912855131893e-01
4.460264410852956551e-01 2.862835740791653746e-02 3.077300333841750390e-01 2.176151681226128620e-01
4.888749529021749196e-01 2.808910315860380091e-02 3.120597406777048666e-01 1.709762032615165239e-01
4.633099817876519810e-01 3.738363937626586198e-02 3.518476214128312130e-01 1.474587574232509579e-01
4.581504060417239677e-01 1.356118708692599824e-02 3.336493209483448741e-01 1.946390859230051340e-01
4.925818064529640661e-01 2.353179864519265585e-02 2.800213798900886841e-01 2.038650150117546356e-01
4.166735220006833051e-01 3.315787984323179810e-02 3.251311139165563580e-01 2.250374842395286012e-01
3.968770195912786347e-01 2.745964086057761308e-02 3.730932869547923803e-01 2.025700525933513962e-01
4.335300969407256955e-01 3.655354675034201695e-02 3.235813512586083185e-01 2.063350050503240107e-01
4.616160095179523970e-01 4.727681194314495988e-02 2.998366653446996599e-01 1.912705131942030456e-01
4.435791592695610408e-01 4.116987054097664273e-02 3.368051661177179912e-01 1.784458040717442628e-01
3.700451106597374418e-01 5.223572915583119675e-02 3.222066610081010807e-01 2.555124991763302322e-01
4.274319145612222592e-01 4.793480504373068968e-02 3.679079097652402375e-01 1.567253706298067928e-01
4.342190250899903292e-01 3.766972984315083983e-02 3.319187120807663427e-01 1.961925329860924605e-01
4.680860044076504134e-01 6.586664986357412821e-02 3.186248582245249095e-01 1.474224875042506322e-01
4.169872982202605938e-01 3.768942938742752408e-02 3.251656580743689240e-01 2.201576143179428402e-01
4.248975354311957386e-01 3.403992836646531350e-02 3.318371849306250843e-01 2.092253512717139607e-01
3.696553805218562583e-01 4.448366794760551940e-02 3.977496530990933810e-01 1.881112984314448622e-01
3.863649064583232207e-01 7.047629563956030185e-02 2.978219697947382394e-01 2.453368281073783352e-01
4.308516919052059468e-01 5.638616961335735089e-02 2.845506821415401122e-01 2.282114563398965623e-01
4.488909290328885748e-01 6.086095306093788210e-02 2.886333660442693128e-01 2.016147518619040846e-01
4.085435941353041667e-01 4.304898657657885153e-02 3.501100496524825467e-01 1.982973696356343518e-01
4.445963062679317845e-01 5.080760344683672713e-02 3.171599791770574606e-01 1.874361111081740972e-01
5.071802069508485333e-01 4.018591500680489259e-02 2.838462501839544849e-01 1.687876278583920753e-01
4.649076507724565488e-01 8.594571266221812111e-02 2.603931473877641456e-01 1.887534891775610735e-01
4.567765295113471180e-01 6.381430375476876415e-02 3.181747288926393691e-01 1.612344378412447488e-01
4.647923706507153252e-01 3.570355842498752763e-02 3.191988189131059750e-01 1.803052520111910195e-01
4.431801411192049511e-01 2.733875614458700087e-02 3.077265510561152939e-01 2.217545516800927541e-01
4.225604054143609623e-01 4.092286428633214179e-02 3.398634172730478076e-01 1.966533130262591300e-01
4.374730362037313469e-01 3.322744482739287131e-02 3.454854776131549565e-01 1.838140413557209085e-01
4.683327283756621995e-01 4.821659781433989406e-02 3.171418047661333506e-01 1.663088690438645489e-01
5.086003097002916862e-01 2.587247815822989530e-02 2.869252782631939724e-01 1.786019338782844357e-01
4.609203929874656214e-01 2.534977804905703264e-02 3.645761500025870849e-01 1.491536789608901847e-01
4.431619865906805678e-01 4.521667865668316244e-02 3.153953702776169377e-01 1.962259644750192489e-01
4.618132532969009274e-01 3.220987238834541883e-02 2.963603446012669784e-01 2.096165297134865990e-01
4.388935636251183880e-01 2.540707332855239586e-02 3.246196176508887588e-01 2.110797453954405267e-01
4.583033823758196346e-01 2.395346349768266714e-02 3.276474224556451542e-01 1.900957316708526135e-01
5.080659199701932360e-01 4.485963575997572311e-02 2.641579035538622611e-01 1.829165407159688839e-01
4.032460064928932164e-01 5.741039033639841471e-02 3.295466695540562041e-01 2.097969336166521093e-01
4.267287087884341079e-01 3.766959854664291701e-02 3.231274185036811519e-01 2.124742741612416774e-01
4.272277820068625664e-01 6.155703462561377265e-02 2.956613426145104917e-01 2.155538407530131484e-01
4.134847271702007943e-01 4.444721709512558516e-02 3.679056612323300945e-01 1.741623945023435538e-01
4.231666864051821242e-01 6.064960656757432955e-02 2.927895049956489859e-01 2.233942020315945187e-01
3.816341982644224640e-01 4.534334477584790052e-02 3.147655747041946950e-01 2.582568822555350030e-01
3.984134045391736767e-01 3.080883953557215713e-02 3.281115213892738525e-01 2.426662345359801298e-01
4.396389434372892646e-01 6.168207583837916064e-02 2.742088732763651726e-01 2.244701074479664438e-01
3.731366806482590004e-01 2.781749024699793973e-02 3.784394886638693944e-01 2.206063404408736273e-01
4.214174720222315096e-01 4.178209300735606646e-02 3.783179613471425728e-01 1.584824736232698372e-01
4.637420136104077883e-01 4.707236058106497451e-02 2.795509933810699232e-01 2.096346324274573070e-01
4.612003941629004844e-01 3.232933340033872227e-02 3.128892716163398924e-01 1.935810008204209287e-01
4.233924069127412149e-01 2.970573068714155163e-02 3.650777104536014894e-01 1.818241519465157996e-01
3.809075764409106668e-01 4.330730580519551870e-02 3.381380101062064214e-01 2.376471076476873445e-01
4.181714221898750750e-01 3.862087385850539178e-02 3.249780336147267690e-01 2.182296703368927782e-01
4.679982915379587993e-01 1.521997772148256552e-02 2.901490663253457059e-01 2.266326644152130698e-01
4.608310121757346889e-01 2.007167858967308025e-02 3.270050546252065704e-01 1.920922546093857541e-01
5.043020582050363743e-01 5.060759838120688220e-02 2.691241909871101012e-01 1.759661524266465660e-01
4.597889468830583803e-01 4.967641632081564590e-02 2.997723342429797211e-01 1.907623025531463290e-01
4.644344034921822351e-01 4.054208275825505609e-02 2.734465599334395813e-01 2.215769538161230234e-01
4.050086350980688921e-01 2.346926786001632056e-02 3.271404216745494309e-01 2.443816753673653808e-01
4.338031197568806285e-01 3.654616534019909657e-02 3.652102400858940889e-01 1.644404748170262553e-01
4.577575715783860355e-01 1.542342905325653525e-02 3.232979932506986342e-01 2.035210061176589147e-01
4.829594840845294890e-01 4.920496768462291615e-02 3.378752202106383717e-01 1.299603280202092093e-01
3.961841727600934338e-01 2.447616786281438597e-02 3.478725599298343463e-01 2.314670994472577403e-01
5.146266213101193809e-01 2.151248374137242070e-02 2.677291176306190734e-01 1.961317773178891111e-01
4.235981952038850307e-01 5.102615441067734348e-02 3.151632245911525909e-01 2.102124257942850905e-01
3.970382007175042305e-01 4.767589629922386329e-02 3.136877375272325019e-01 2.415981654560393488e-01
4.283922531521162091e-01 6.725625011669654485e-02 2.773779665998011290e-01 2.269735301313862419e-01
4.276783163968976287e-01 4.150092289129957840e-02 3.324470017587037862e-01 1.983737589530990275e-01
4.150389852655773093e-01 5.599440521120058190e-02 2.859251417841491283e-01 2.430414677390730083e-01
3.998206677604962955e-01 3.048103046116320408e-02 3.822493468164749886e-01 1.874489549618655049e-01
5.116623137209107552e-01 8.225122024390126019e-02 2.653008380982861958e-01 1.407856279369017749e-01
3.995448244550440786e-01 5.285835162631588591e-02 3.486926619800701510e-01 1.989041619385699122e-01
4.510254431634619365e-01 4.642675048117149428e-02 3.118074500831430895e-01 1.907403562722234380e-01
4.261584769653796179e-01 4.778601146469269728e-02 3.035450282755010609e-01 2.225104832944264921e-01
4.128220645514419362e-01 3.215013624965146199e-02 3.247102290167703242e-01 2.303175701821364163e-01
5.016397443627104158e-01 5.110589879533345564e-02 2.646059625470834065e-01 1.826483942948727845e-01
4.244071976028815363e-01 5.396079222937597009e-02 3.521974009217456736e-01 1.694346092459967368e-01
5.208665660584607116e-01 4.820135914209037337e-02 2.501820572354445105e-01 1.807500175640043283e-01
4.567669352470603572e-01 3.029860909350282072e-02 3.416659646994404942e-01 1.712684909599964111e-01
4.399726428637484310e-01 3.051348861238762505e-02 3.306573887622828445e-01 1.988564797615811619e-01
4.505046665710062959e-01 3.483021966114861756e-02 3.648033255241975858e-01 1.498617882436474036e-01
4.298651222889053325e-01 4.939602177742134087e-02 3.256302902589134907e-01 1.951085656747598707e-01
4.084991752224819694e-01 5.488932080246634870e-02 3.491172719417876547e-01 1.874942320332640411e-01
4.638354000056817417e-01 4.620898259757770521e-02 3.056469544453471743e-01 1.843086629513933650e-01
4.568909073571157942e-01 4.007415059323861384e-02 3.288369316932743813e-01 1.741980103563712523e-01
4.416933230002627608e-01 3.719355320328809889e-02 3.415922067933631623e-01 1.795209170030860057e-01
4.480067154011059261e-01 3.055188439939909503e-02 3.671228906184208496e-01 1.543185095810741814e-01
4.887994207241170841e-01 1.810965379737955808e-02 2.970738533117541769e-01 1.960170721667488791e-01
4.787542348589893249e-01 5.701767526386891660e-02 2.787521659300951637e-01 1.854759239470466503e-01
4.004620263617424403e-01 6.868159414502524041e-02 2.925290243264861423e-01 2.383273551667461354e-01
4.021112174477812773e-01 4.727183364704145435e-02 3.333907215711175431e-01 2.172262273340596350e-01
4.507198409685358453e-01 5.869942129912038981e-02 3.077275690024376953e-01 1.828531687299060626e-01
4.431930997624939361e-01 5.114098714291430425e-02 3.375338537705779851e-01 1.681320593240138717e-01
4.750207576274068644e-01 4.651961559637352028e-02 2.815824777852563021e-01 1.968771489909634242e-01
4.180533327586371528e-01 3.381635263180776674e-02 3.500626204590937540e-01 1.980676941504612709e-01
4.834874095365283564e-01 3.902810362127719784e-02 2.862015941394480123e-01 1.912828927027463155e-01
4.478764433245841503e-01 3.357129155415147087e-02 3.066604187781890589e-01 2.118918463430753685e-01
4.253156541368358634e-01 3.876411267169887348e-02 3.024852591756900244e-01 2.334349740157752595e-01
4.954583984617407233e-01 5.402269017001316842e-02 2.961430046170508978e-01 1.543759067511951966e-01
4.995963163820803521e-01 2.995745193307871104e-02 2.791819260816141290e-01 1.912643056032267141e-01
4.308815699621749706e-01 5.571706739886856524e-02 3.148006606714155442e-01 1.986007019675410379e-01
4.216231534439473516e-01 5.066732252030670125e-02 3.138584495416464892e-01 2.138510744940994301e-01
4.814005128226500063e-01 4.729682497255524587e-02 2.981844672498501492e-01 1.731181949549446819e-01
4.203511123615334411e-01 4.018096508601074618e-02 3.483367882766084667e-01 1.911311342758474086e-01
5.017125865864222600e-01 4.212145965886007759e-02 2.882323379280452014e-01 1.679336158266724610e-01
4.589138289153540939e-01 4.610024117623071765e-02 3.172339174606292334e-01 1.777520124477860175e-01
4.319102701255239096e-01 3.214212695594040325e-02 3.398483567489777313e-01 1.960992461695581224e-01
4.532092686703976803e-01 3.479933172482235076e-02 2.994894636280627243e-01 2.125019359767170435e-01
4.539988892744878934e-01 3.365389723616045436e-02 3.481872256112187869e-01 1.641599878781327404e-01
4.970448779510751591e-01 5.303588552847817578e-02 2.935891424045394826e-01 1.563300941159071755e-01
4.321728313683347866e-01 5.558909689983106833e-02 3.117235947719108058e-01 2.005144769599234156e-01
5.019775468407773333e-01 3.143274537753982384e-02 3.071471582641294162e-01 1.594425495175534058e-01
4.140386224701528284e-01 6.314084353257644333e-02 3.179779821689560637e-01 2.048425518283145674e-01
4.034930951528712395e-01 3.920913432457260456e-02 3.552658611333476268e-01 2.020319093892085915e-01
4.406500256825617301e-01 3.243424775094354978e-02 3.367896922301481522e-01 1.901260343363465888e-01
4.109723364665117118e-01 3.339220851632881959e-02 2.965458040250127381e-01 2.590896509921465918e-01
4.520245280097519025e-01 2.543169011301302934e-02 2.963738330172865920e-01 2.261699488599485108e-01
4.249547930267518203e-01 3.921582528102334625e-02 3.466264050722921430e-01 1.892029766199328222e-01
4.507979515132809478e-01 3.000359326459984752e-02 3.359006307130149027e-01 1.832978245091042846e-01
5.035049730874263663e-01 5.291480821864098794e-02 2.903567167227850687e-01 1.532235019711476742e-01
4.681880124012017252e-01 4.305665749676660520e-02 3.299944258475229208e-01 1.587609042545087001e-01
4.019752770134100150e-01 3.693511865013865414e-02 3.408194540504849157e-01 2.202701502859663041e-01
4.128887063958344705e-01 2.809343146962841806e-02 3.095726015307662116e-01 2.494452606037709241e-01
4.687632285496968199e-01 4.719754388924362470e-02 2.979845072326509081e-01 1.860547203284085016e-01
4.727720831553373082e-01 3.071819888600684639e-02 3.170844618285821870e-01 1.794252561300736515e-01
4.212982929454267556e-01 7.723180339472367206e-02 2.942207958308388771e-01 2.072491078290105149e-01
4.492171579959193806e-01 2.313003976777462320e-02 3.562781071864016824e-01 1.713746950499043242e-01
3.740523479229855286e-01 3.441079442594234539e-02 3.314656753902933684e-01 2.600711822607787993e-01
4.078045234394120921e-01 3.168119430207971127e-02 3.501461821550237996e-01 2.103681001034843068e-01
4.654578807892482684e-01 2.785846763113056929e-02 3.099597280117627474e-01 1.967239235678584497e-01
4.534326887577203591e-01 2.990274286601157794e-02 2.896406207485161532e-01 2.270239476277520208e-01
4.347203442219003122e-01 3.656538283361862596e-02 3.126857275342528886e-01 2.160285454102282010e-01
3.940281950278664569e-01 4.895603485957095158e-02 3.393578865982941895e-01 2.176578835142684021e-01
3.963290723685062855e-01 5.364059487461352721e-02 3.420092029398849598e-01 2.080211298169952205e-01
4.275209690733521306e-01 4.539240815900624781e-02 2.860090566339721363e-01 2.410775661336694020e-01
4.140958745089977078e-01 3.739157393939275542e-02 3.094009186707467607e-01 2.391116328808628455e-01
4.247715588124214570e-01 4.905929196881408244e-02 3.181220696277578530e-01 2.080470795910066562e-01
4.249402293484533244e-01 3.298864574063580662e-02 3.433816050765615691e-01 1.986895198343493485e-01
4.521404473893886333e-01 3.781499518349566019e-02 3.188096242894488674e-01 1.912349331376668182e-01
4.660653476392503936e-01 3.671028012608774926e-02 3.106729545536900949e-01 1.865514176809718039e-01
4.122216400900257094e-01 4.770993653474887852e-02 3.519615653986307158e-01 1.881068579765947935e-01
3.553407845077154459e-01 2.297927965799751934e-02 3.924061790241170078e-01 2.292737568101699819e-01
4.720751443893476673e-01 3.483383740503110532e-02 2.813300976138505827e-01 2.117609205917706516e-01
4.097681196253073477e-01 2.846292148624918195e-02 3.546796387844839971e-01 2.070893201039596121e-01
4.123979388177193006e-01 4.541533074368068329e-02 3.595909898974474772e-01 1.825957405411524903e-01
4.880151139896838908e-01 3.367212145389535116e-02 2.967243242980863727e-01 1.815884402583342883e-01
4.193963305638441219e-01 3.718990040937107666e-02 3.627301421480407795e-01 1.806836268787439248e-01
4.448830649633971901e-01 4.803724484063089800e-02 3.214575869939577113e-01 1.856221032020143047e-01
4.358198214795921399e-01 4.545194783275326167e-02 3.042662442067942674e-01 2.144619864808604004e-01
4.333535904609386313e-01 3.680242507350756087e-02 3.172531438960623507e-01 2.125908405694915404e-01
4.384427952467614964e-01 2.319544456269734267e-02 3.114219057748127684e-01 2.269398544157284758e-01
4.242049343141562345e-01 3.417703074974044047e-02 3.531311503264454865e-01 1.884868846096577066e-01
4.957432963358696654e-01 2.730822442835611694e-02 2.959417745912497621e-01 1.810067046445246186e-01
4.692511079176375777e-01 4.856535067836614122e-02 3.227695688177273925e-01 1.594139725862688262e-01
4.034069192107819224e-01 5.188431461919534166e-02 3.302493660139870779e-01 2.144594001560355123e-01
4.123632917943751419e-01 3.505965346420193696e-02 3.506759887044090807e-01 2.019010660370138821e-01
4.210055755662072130e-01 7.445151077864382849e-02 3.264318164792351373e-01 1.781110971759139461e-01
3.928250228886976947e-01 3.208482503539691888e-02 3.848791431834161503e-01 1.902110088924892639e-01
4.080558390775089750e-01 5.882862360041006544e-02 3.333507087780007705e-01 1.997648285440803140e-01
5.103689730845204497e-01 3.328684422966911999e-02 2.603662529882030952e-01 1.959779296976075502e-01
4.522557348528503107e-01 4.027500664613634790e-02 3.391205821579458268e-01 1.683486763430675215e-01
4.417114618158131667e-01 4.294966289524683456e-02 2.996674744311214056e-01 2.156714008578186070e-01
4.312011285245921921e-01 5.567941557752810466e-02 3.490984702468588052e-01 1.640209856510208286e-01
4.072273094496925427e-01 3.090340877403921147e-02 3.188653828570732207e-01 2.430038989191951049e-01
3.918992230645044206e-01 4.270612866541870917e-02 3.840598103828966603e-01 1.813348378871801891e-01
4.881577582565879703e-01 4.195782339200125610e-02 3.104056557081935619e-01 1.594787626432172534e-01
4.374414798724046705e-01 4.219310472208415153e-02 3.097620075346429469e-01 2.106034078708682034e-01
3.948693977065989569e-01 5.410064264483669533e-02 3.371745722763980768e-01 2.138553873721663057e-01
4.207224798931621934e-01 2.778577235952831709e-02 3.470210993736283500e-01 2.044706483736812852e-01
4.702945325206461802e-01 3.264297528325096898e-02 2.917125185924544506e-01 2.053499736036484835e-01
4.497866999145408440e-01 4.663103008812196498e-02 3.034759214740936906e-01 2.001063485232434658e-01
4.512932434186817110e-01 2.467273712938570021e-02 3.140773510431676407e-01 2.099566684087650348e-01
4.583544075223208725e-01 5.643984856525107591e-02 2.877582008796578106e-01 1.974475430327702896e-01
4.546313192279474169e-01 4.802399186149405863e-02 3.027565241319599698e-01 1.945881647785983881e-01
4.565833178714142626e-01 4.721759007405802733e-02 3.476250146322214518e-01 1.485740774223064664e-01
4.399449152809523089e-01 6.021009477595962861e-02 3.067623274432154656e-01 1.930826624998726870e-01
4.358145095691924875e-01 5.457629466572629096e-02 3.139290486915856104e-01 1.956801470734956805e-01
4.909629188027400670e-01 4.258235825197781432e-02 2.836426407234529656e-01 1.828120822218290975e-01
3.786300944528633305e-01 5.726615577606204016e-02 3.710156140523367951e-01 1.930881357187378689e-01
4.411201967345953490e-01 3.149236904080320726e-02 3.100639050487233872e-01 2.173235291758782162e-01
4.083360987158667355e-01 4.169364710386840728e-02 3.482251835241329530e-01 2.017450706561319251e-01
4.413687861649263078e-01 5.441859962282515062e-02 3.253714380235062653e-01 1.788411761887422347e-01
4.406993818580555722e-01 3.260070584569330771e-02 3.251742237827868753e-01 2.015256885134643350e-01
4.882747619026852059e-01 4.726138543348945564e-02 3.124995879617794570e-01 1.519642647020457982e-01
4.246012430635405233e-01 5.716578779717077646e-02 3.032566296830220276e-01 2.149763394562666796e-01
4.513894335050925299e-01 4.835565860772820385e-02 3.014350153258436027e-01 1.988198925613356149e-01
4.060710053162719935e-01 4.462518618788358093e-02 3.476187457829676974e-01 2.016850627128767282e-01
4.687952502395242860e-01 2.522685708502147087e-02 2.815710067987013954e-01 2.244068858767528929e-01
4.254318112195729085e-01 3.150706886129356343e-02 3.645654342571152395e-01 1.784956856620182608e-01
4.454558883247890511e-01 4.303093869163066021e-02 3.198871758026768930e-01 1.916259971809034512e-01
4.552420227864900637e-01 5.067896601520145011e-02 2.861287320510713106e-01 2.079502791472370160e-01
3.942799974598379387e-01 3.745174595290471503e-02 3.261234007049870764e-01 2.421448558822703045e-01
4.215084146706362667e-01 6.069536847372481586e-02 3.399678862639196053e-01 1.778283305917192358e-01
4.457642788267819900e-01 2.098209400232270774e-02 3.650991810582940866e-01 1.681544461126013579e-01
4.514928856289481263e-01 5.006588155070140767e-02 2.898323979626980518e-01 2.086088348576523310e-01
4.648919631965976462e-01 2.240619428645661271e-02 3.246210534847456253e-01 1.880807890322001019e-01
4.987670634967031891e-01 3.255628689236173684e-02 3.011873660914679007e-01 1.674892835194672081e-01
3.904201751044801272e-01 4.742197495303434457e-02 3.004444925838549163e-01 2.617133573586305495e-01
4.447726618798351073e-01 4.706811021754416652e-02 3.265454670123117964e-01 1.816137608903088396e-01
4.089047147765819679e-01 4.839062861506240876e-02 3.558745642217767124e-01 1.868300923865788832e-01
4.189150710759491081e-01 6.214488552256627191e-02 3.381798750316936664e-01 1.807601683697910300e-01
4.467228131612750452e-01 5.002708812972446462e-02 3.165837202061603239e-01 1.866663785028401246e-01
4.081233033592947534e-01 2.893648735072481062e-02 3.699915834673004333e-01 1.929486258226802142e-01
4.895091093455604114e-01 2.537856590378772051e-02 2.954356144368345261e-01 1.896767103138173594e-01
4.273823006076269970e-01 5.160457780649104625e-02 3.315662985373505900e-01 1.894468230485313043e-01
4.659019628071869867e-01 4.045006427584443842e-02 2.958221292169572192e-01 1.978258437000115222e-01
4.791369371821398437e-01 4.276404730126710102e-02 2.984982659999683707e-01 1.796007495166246914e-01
4.360158399109574368e-01 3.575618675884394831e-02 3.052755604383923238e-01 2.229524128918063119e-01
4.830552678704012060e-01 1.842952689082165418e-02 3.310474543875500109e-01 1.674677508512270319e-01
4.490111829584398917e-01 3.218725012182926254e-02 3.100855459628575339e-01 2.087160209568732772e-01
4.426441492549359480e-01 4.518301763860924081e-02 3.148237267472803746e-01 1.973491063591745198e-01
4.539880767392893146e-01 4.797540775614816955e-02 3.119429063462968998e-01 1.860936091582655882e-01
4.362954511687058834e-01 5.963877407460860952e-02 3.052847476565463403e-01 1.987810271001392293e-01
3.767777899937538311e-01 5.049139030393760136e-02 3.696243304298353904e-01 2.031064892724731286e-01
4.784576529803092892e-01 2.956350646399890508e-02 3.198026949470981206e-01 1.721761456085937614e-01
5.106272500861507302e-01 4.517846171011727363e-02 2.897574652132078321e-01 1.544368229905242196e-01
4.351204015105439304e-01 3.868380120244204606e-02 3.523656520793569946e-01 1.738301452076569387e-01
4.526153201795870551e-01 3.113506405063575996e-02 3.425469602388307444e-01 1.737026555309463260e-01
4.015554055136393852e-01 5.508115592322189447e-02 3.312244292576803639e-01 2.121390093054582593e-01
4.304695424849558916e-01 4.748860792165943145e-02 2.875653941364597621e-01 2.344764554569247761e-01
4.233589192374965227e-01 4.106007260160698946e-02 3.381238829708314020e-01 1.974571251900651137e-01
4.970135413858600693e-01 2.764317567785974997e-02 2.962556597938602043e-01 1.790876231424198550e-01
4.036399047713437049e-01 5.783833624604756141e-02 2.720020168586790854e-01 2.665197421239297593e-01
4.434999582440593002e-01 4.804990856529307158e-02 3.053314702678178172e-01 2.031186629228296514e-01
4.124158356363765709e-01 4.269855384848251362e-02 3.782204375743415392e-01 1.666651729407993554e-01
4.089834363471874790e-01 2.418327417850049676e-02 3.465426933295656653e-01 2.202905961447463035e-01
4.265586281107627276e-01 4.538345166134119535e-02 3.370128006267441578e-01 1.910451196011519748e-01
4.543086454319691381e-01 2.592726814978291161e-02 3.344423027907665324e-01 1.853217836274813901e-01
4.564955908212051106e-01 5.409243731845927300e-02 3.366226499949440121e-01 1.527893218653916529e-01
3.929388618302172564e-01 4.525902798627488843e-02 3.544430536675874932e-01 2.073590565159204868e-01
4.541084145431922847e-01 3.239020550725286995e-02 3.334919388276630370e-01 1.800094411218917945e-01
4.434116290137956051e-01 3.945752172039891648e-02 2.946089126670042857e-01 2.225219365988012621e-01
4.489048512752798481e-01 4.493007246444119529e-02 3.193180312372231322e-01 1.868470450230557967e-01
3.628495307506657275e-01 3.987224548330925433e-02 3.839722059685271027e-01 2.133060177974979155e-01
4.545122114582364481e-01 2.859600853433985970e-02 3.636321440918526826e-01 1.532596359155710686e-01
4.338845467878456597e-01 5.857673087189169125e-02 3.046144617592684845e-01 2.029242605809941646e-01
4.554435733657173357e-01 3.690351899933417418e-02 3.301275165312507198e-01 1.775253911036977772e-01
4.294739280144054261e-01 5.150728282242932055e-02 3.277908687968146273e-01 1.912279203663506677e-01
5.161095109905754486e-01 2.919123217054412842e-02 3.005028258896060289e-01 1.541964309492743768e-01
4.768817768543356928e-01 3.702956521231510340e-02 3.179555676302909251e-01 1.681330903030582857e-01
4.289337218676384511e-01 2.106312439424204430e-02 3.727153475080046130e-01 1.772878062301148638e-01
4.266679851367157772e-01 3.372021675321104639e-02 3.412418778813668951e-01 1.983699202287062258e-01
4.344449409798913919e-01 4.701405162748199806e-02 3.308001310481927248e-01 1.877408763444338435e-01
4.389280191596111047e-01 5.150120564478198604e-02 3.292894460204744411e-01 1.802813291751323987e-01
4.394480955766256192e-01 3.514892063576301878e-02 3.240349359242064020e-01 2.013680478634048143e-01
4.817494250720363858e-01 3.179068233465760090e-02 2.939753819234658394e-01 1.924845106698402364e-01
4.627069125511649172e-01 3.198002141553619310e-02 3.243981482663309546e-01 1.809149177669678865e-01
3.996786751860109121e-01 4.681256334936641922e-02 3.104827893804391614e-01 2.430259720841835280e-01
4.439003790375883884e-01 4.847271810107044165e-02 3.146623730764738780e-01 1.929645297848673891e-01
4.426859895882798157e-01 3.201446428486840606e-02 3.345416802673935042e-01 1.907578658594583365e-01
4.767286063390002160e-01 6.381739872252852053e-02 2.898031170108385512e-01 1.696508779276326706e-01
4.701749125147531849e-01 4.177422960970757909e-02 3.072537774744963368e-01 1.807970804010427812e-01
4.627783728929725782e-01 3.540866479850397763e-02 3.098878639910601085e-01 1.919250983174632941e-01
4.593086304779289142e-01 3.484614865598895106e-02 3.227209694078305158e-01 1.831242514582518410e-01
4.571381966739756497e-01 5.076830781384288754e-02 2.772107737559662555e-01 2.148827217562152836e-01
5.026258365388311944e-01 3.972840196915234517e-02 2.724703060062116378e-01 1.851754554858046908e-01
4.376803844552393241e-01 3.373218563679376836e-02 3.456615083274566236e-01 1.829259215805102146e-01
4.814847512733617663e-01 7.628986151381079994e-02 2.754467798246733601e-01 1.667786073881540876e-01
4.177891695620701840e-01 3.802477900274803257e-02 3.206607947717166063e-01 2.235252566634650107e-01
4.283607406536133477e-01 3.709895784432270388e-02 3.216500767061380994e-01 2.128902247959258698e-01
4.388880468524159473e-01 4.428730694914449068e-02 3.307942763845019840e-01 1.860303698139375572e-01
4.281684954992719394e-01 1.973936033360935635e-02 3.342189201254475162e-01 2.178732240416711707e-01
4.751272523877994036e-01 4.898546380303801101e-02 3.084823062149593675e-01 1.674049775942033635e-01
4.652462773747682578e-01 1.671213950512672602e-02 3.747348466539989764e-01 1.433067364661061993e-01
4.244279874205911240e-01 5.242279620618248148e-02 3.664681289201170422e-01 1.566810874531095465e-01
4.387999908995849352e-01 3.997761350463067270e-02 3.481100909030411250e-01 1.731123046927432740e-01
4.367637286770418847e-01 6.162040022018365482e-02 2.902586247469663983e-01 2.113572463558081316e-01
4.561877479583628103e-01 3.697750299297379584e-02 3.445165885062816402e-01 1.623181605423817397e-01
4.317069041944023300e-01 5.820885610086869166e-02 3.283194815093751218e-01 1.817647581953537039e-01
3.930492392082983177e-01 5.098557310698442063e-02 3.088143831953490959e-01 2.471508044893681033e-01
4.590053835452995168e-01 4.625584789764305288e-02 3.062306182247762076e-01 1.885081503322812158e-01
4.697336737334649737e-01 4.334530323791739581e-02 3.057507127336300812e-01 1.811703102949877298e-01
4.799285699915282200e-01 3.974316747214321627e-02 2.875510198151126628e-01 1.927772427212159356e-01
4.379696135266065160e-01 4.653647172872486110e-02 3.180040288505568413e-01 1.974898858941117330e-01
4.606809076256458968e-01 5.115103936435965587e-02 3.130739514270060586e-01 1.750941015829885206e-01
4.286634829779561451e-01 2.855483740302422815e-02 3.029273734774110549e-01 2.398543061416086308e-01
4.242183984209615955e-01 2.842672267650114132e-02 3.447348542602254873e-01 2.026200246423117413e-01
4.458818701317434074e-01 4.005232633576896739e-02 3.196925242879400941e-01 1.943732792445476421e-01
4.614014263918239100e-01 2.509466990872968525e-02 3.382575942612659481e-01 1.752463094381803976e-01
4.161475821020499954e-01 3.113739600755248069e-02 3.415720880527529091e-01 2.111429338376447362e-01
4.227570292919380357e-01 3.821425847557184674e-02 3.350187787563597697e-01 2.040099334761304173e-01
4.298119785984725327e-01 2.427879998776873507e-02 3.069207071499138739e-01 2.389885142638449311e-01
4.251986489128750102e-01 3.818283702386048029e-02 3.569638199179576143e-01 1.796546941453069368e-01
4.661669654616265590e-01 3.915083896460754692e-02 3.020318505197490677e-01 1.926503450540168194e-01
4.303946957220926572e-01 4.078884939834910572e-02 3.610139105257259007e-01 1.678025443538324057e-01
4.541274632039911663e-01 6.345586806383235468e-02 2.912958023626088799e-01 1.911208663695675714e-01
4.591225495546897850e-01 3.801367516265497654e-02 3.230725843540540598e-01 1.797911909286010745e-01
4.173873719768440016e-01 3.305520708877600355e-02 3.390934385232401982e-01 2.104639824111396995e-01
4.612014213069920432e-01 3.990005689352823376e-02 3.184151654952283583e-01 1.804833563042514410e-01
4.266303794038935338e-01 3.993985730376597293e-02 3.069939872280104676e-01 2.264357760643300188e-01
4.444069728230544691e-01 2.197761687762090146e-02 3.269366698214070666e-01 2.066787404779177606e-01
4.314343776431652788e-01 4.116805971505343303e-02 3.234036168930245481e-01 2.039939457487567886e-01
4.945058920384936552e-01 3.078365508055268956e-02 3.035459747694509991e-01 1.711644781115026215e-01
4.056818160655227268e-01 5.686116023351405618e-02 3.501055382090758061e-01 1.873514854918872097e-01
4.639502751267982616e-01 1.977815293750564279e-02 3.354257391468192795e-01 1.808458327888767536e-01
4.799176546132666865e-01 2.295392348650068456e-02 3.064873740534901359e-01 1.906410478467424063e-01
4.832002195894583019e-01 4.893366181856991654e-02 2.911929001328492639e-01 1.766732184591223165e-01
4.081134172789526726e-01 3.037126939592874747e-02 3.783971560645499888e-01 1.831181572605686259e-01
