6.096695556136849659e-01 1.586343427981315723e-01 2.088202055108570321e-01 2.287589607732643665e-02
6.320239844791530892e-01 1.671741704590908317e-01 1.528295449775345927e-01 4.797230008422173619e-02
5.442052072022466325e-01 1.333465226725418229e-01 2.531773228292814593e-01 6.927094729593016864e-02
6.266902012631232477e-01 1.511510199120904840e-01 1.872668059606116264e-01 3.489197286417473898e-02
5.412163492778996332e-01 1.227944856694040687e-01 3.078167008456567655e-01 2.817246420703942156e-02
6.215898591484195768e-01 1.083526395559571281e-01 2.377649530362480890e-01 3.229254825937512979e-02
5.570161328744155371e-01 1.217970618210225120e-01 2.815045706049306151e-01 3.968223469963141903e-02
5.688303640278760120e-01 1.528575666213585205e-01 2.288848291528318701e-01 4.942724019793374307e-02
6.039951988425285023e-01 1.152845701875897105e-01 2.222486227005007198e-01 5.847160826938115757e-02
6.073495998997286982e-01 1.184382400924834100e-01 2.221939011070536985e-01 5.201825890073419334e-02
5.374205764175125077e-01 1.644801388461874792e-01 2.632915576929807377e-01 3.480772704331932393e-02
6.046673220619321887e-01 1.640612484799191806e-01 1.788419379764512318e-01 5.242949148169728790e-02
5.914902797132286505e-01 1.048963678407702632e-01 2.750499271853115713e-01 2.856342526068966423e-02
5.553285320914157497e-01 1.440982758126188590e-01 2.651662847971857362e-01 3.540690729877973147e-02
5.816391090406886066e-01 1.037109738064549563e-01 2.441762937525993882e-01 7.047362340025724314e-02
6.450929410668421182e-01 9.829646591351279272e-02 2.274108926002705311e-01 2.919970041937435673e-02
6.093149663552668294e-01 1.259136033673915467e-01 1.809452386128504175e-01 8.382619166449124803e-02
5.929378889008903863e-01 1.315594554963218088e-01 2.244306278265993659e-01 5.107202777618842504e-02
5.630085916420439762e-01 1.847036616014083865e-01 2.110231156829341648e-01 4.126463107361349331e-02
5.779967728375124958e-01 1.458508953041211254e-01 2.386722182849775609e-01 3.748011357338883187e-02
5.621471930106598514e-01 1.722302053627292606e-01 2.204020935843479800e-01 4.522050804226294268e-02
5.943568191574321036e-01 1.237193283752228978e-01 2.157817608696734613e-01 6.614209159767160673e-02
5.522509495877540031e-01 1.391505253479342341e-01 2.520701054989622492e-01 5.652841956534938872e-02
5.947838223247500222e-01 1.351374309610468560e-01 2.165458085779218833e-01 5.353293813628123149e-02
6.196244555551242428e-01 1.048504912427886127e-01 2.319686768666509025e-01 4.355637633543622128e-02
5.575637143926919226e-01 1.410521240943753696e-01 2.208336908163917034e-01 8.055047069654097669e-02
5.282289492700471545e-01 1.761429882758815402e-01 2.258020817215752041e-01 6.982598073249611514e-02
6.217432958376938323e-01 1.312320392719042439e-01 2.182100460779867190e-01 2.881461881241523942e-02
5.809808960870137540e-01 1.268776485672715171e-01 2.204393973992521405e-01 7.170205794646261621e-02
5.480163455623192625e-01 1.491664337567357446e-01 2.631733951272818839e-01 3.964382555366312982e-02
5.894929976341515276e-01 1.488885542055199129e-01 2.313600508675991152e-01 3.025839729272946504e-02
6.115418632846452152e-01 9.338140823935087154e-02 2.423907851281133508e-01 5.268594334789056255e-02
6.553935496743439337e-01 1.166755579762336348e-01 1.927107995278154462e-01 3.522009282160704774e-02
5.491594256447349665e-01 1.443790499486685419e-01 2.605727489140642894e-01 4.588877549253208427e-02
5.402135882436260861e-01 1.416929899759500344e-01 2.705772196948528774e-01 4.751620208557091884e-02
6.174415255887080178e-01 9.232566271959051496e-02 2.411914590101692790e-01 4.904135268153219512e-02
5.823073764563732047e-01 1.367679421892617764e-01 2.382458971510738044e-01 4.267878420329144357e-02
6.048690896153444685e-01 1.638722378973942739e-01 1.855430641812021719e-01 4.571560830605918280e-02
5.190775687824166207e-01 1.571763911763705834e-01 2.796082649014815513e-01 4.413777513973135558e-02
5.474290422178659243e-01 1.799210685426555767e-01 2.407451773258882932e-01 3.190471191359020575e-02
6.224103741632773801e-01 1.195941250140295092e-01 2.291129643778870018e-01 2.888253644480617832e-02
6.090073357123908515e-01 1.234793987041959418e-01 1.906538980979275710e-01 7.685936748548569120e-02
5.900027825817921734e-01 1.217008633766062942e-01 2.556007595124958343e-01 3.269559452910577452e-02
5.740425059458791335e-01 1.363835529528638624e-01 2.394110545086854669e-01 5.016288659257159971e-02
6.470293888039634345e-01 1.293303336194145114e-01 1.881813719031009413e-01 3.545890567352116829e-02
6.490924875598752530e-01 8.814997930550538818e-02 2.137548084307568097e-01 4.900272470386256296e-02
5.483123724184999492e-01 1.552696367297536906e-01 2.447732048453375164e-01 5.164478600640889233e-02
5.258368096284358195e-01 1.530781454040514578e-01 3.027687745815948461e-01 1.831627038591776557e-02
5.619735936903106355e-01 1.566638735404348726e-01 2.178829927601931560e-01 6.347954000906134986e-02
6.197641200543670958e-01 1.001019092712369385e-01 2.527265852073983798e-01 2.740738546699750255e-02
5.122763831464596240e-01 1.425129160689952157e-01 2.820918200257216402e-01 6.311888075882356175e-02
5.597652005489633931e-01 1.116558000507479609e-01 2.681473582638640996e-01 6.043164113642460200e-02
5.900646597704899410e-01 1.610477222835778321e-01 2.078602952325534492e-01 4.102732271337881237e-02
5.646986548202433953e-01 1.076381394004533865e-01 2.747020384959293349e-01 5.296116728337400825e-02
5.749765471936927330e-01 1.580474699706279351e-01 2.156352946277526883e-01 5.134068820792659499e-02
5.943556196190372676e-01 1.293894018861369288e-01 2.229590811519142901e-01 5.329589734291152042e-02
6.251381239242876919e-01 9.631719657730845874e-02 2.345444735849732121e-01 4.400020591343079684e-02
5.411532636605244084e-01 1.160565725052243036e-01 2.962206598780928180e-01 4.656950395615835209e-02
5.075511757212063380e-01 1.892397628593762426e-01 2.700321999670308171e-01 3.317686145238647744e-02
6.122295521508051008e-01 1.374093499474780267e-01 2.023715610821460453e-01 4.798953681957071615e-02
5.148074996082521171e-01 1.474039927189105259e-01 2.744764360646089196e-01 6.331207160822836799e-02
5.300411977788795914e-01 1.325924017877090910e-01 2.840123094173106488e-01 5.335409101610068261e-02
5.319721213952101069e-01 1.522083616434999620e-01 2.717915056031897647e-01 4.402801135810022887e-02
5.693266666273872900e-01 1.486377354382696359e-01 2.260166241324410019e-01 5.601897380190225262e-02
5.775591424133562635e-01 1.365733573284164115e-01 2.145102148379867402e-01 7.135728542024072363e-02
5.964533725090387373e-01 1.031511007764608773e-01 2.693507765238581375e-01 3.104475019064222366e-02
5.733699303470582986e-01 1.068314198479985988e-01 2.780784080644758682e-01 4.172024174046729678e-02
5.790198136723847533e-01 1.448522198054150445e-01 2.256471502402429274e-01 5.048081628195725395e-02
5.670727693761344890e-01 1.644877105765075731e-01 2.128225402745038131e-01 5.561697977285404854e-02
5.602787162918095865e-01 1.259293564947945310e-01 2.453223707751772398e-01 6.846955643821855952e-02
5.875044294493164676e-01 1.428995148244919522e-01 2.260994437224139730e-01 4.349661200377745451e-02
5.205439746135263057e-01 1.753862383138395931e-01 2.670070988086493680e-01 3.706268826398477489e-02
6.002857031246219277e-01 1.159701344392066041e-01 2.516718171933461923e-01 3.207234524282507465e-02
5.899951347437236704e-01 1.160155016071927198e-01 2.571688829374908503e-01 3.682048071159280123e-02
6.185503657301869573e-01 1.240398321875096216e-01 2.054203230241840872e-01 5.198947905811933390e-02
5.456051339246356102e-01 1.772538197633543866e-01 2.410207338787812570e-01 3.612031243322874619e-02
5.815699824900487647e-01 1.398715091864380922e-01 2.175684053388268757e-01 6.099010298468644092e-02
6.112706739858031479e-01 1.282671041168828852e-01 2.145927818240263574e-01 4.586944007328758871e-02
5.327530593647867851e-01 1.422110472398899761e-01 2.742736482435825240e-01 5.076224515174054819e-02
5.996739089095918240e-01 1.154564868702902952e-01 2.359407928704444213e-01 4.892881134967359824e-02
5.677377422029591392e-01 1.336623744679331649e-01 2.540878085721662849e-01 4.451207475694129306e-02
5.597084553290189168e-01 1.304029391982862718e-01 2.717991725371973200e-01 3.808943293549747061e-02
5.956686101694148583e-01 1.196202152156286974e-01 2.619223544775285961e-01 2.278882013742795226e-02
5.592131081924932579e-01 1.476762588988230485e-01 2.223469760100778292e-01 7.076365689860596164e-02
5.441730760480427698e-01 1.722464321772522733e-01 2.382631524974416215e-01 4.531733927726331462e-02
5.740756253839961465e-01 9.756193809063561095e-02 2.743264742138759038e-01 5.403596231149238038e-02
5.821062456416995490e-01 1.228943824139468455e-01 2.577449421310150646e-01 3.725442981333858955e-02
6.581378530250391323e-01 9.586069157544904740e-02 2.026573363619343371e-01 4.334411903757749707e-02
5.742221895396816267e-01 1.323899845425503818e-01 2.408023048768017371e-01 5.258552104096629598e-02
5.903553398067522551e-01 1.674511570092444002e-01 2.070322622188942030e-01 3.516124096510899605e-02
5.916743442617758975e-01 9.018166338206104471e-02 2.634217052031373463e-01 5.472228715302570462e-02
6.216770954478574307e-01 1.214566998986222057e-01 2.118981590516973712e-01 4.496804560182295074e-02
5.261299767073688294e-01 9.715743623428832465e-02 2.657815289980776097e-01 1.109310580602652363e-01
5.966248504726747726e-01 1.315836754759274474e-01 2.165903391219376750e-01 5.520113492945998013e-02
5.965099456244895570e-01 9.593971982280030675e-02 2.706433820709128191e-01 3.690695248179736571e-02
5.647203073798231499e-01 1.314218804423404885e-01 2.571751294954968681e-01 4.668268268233944501e-02
5.560501591448823167e-01 1.585578165425875485e-01 2.330474163977180047e-01 5.234460791481210240e-02
5.678590030497179253e-01 1.288934813498491538e-01 2.569823472612001170e-01 4.626516833923279004e-02
5.695377100949952087e-01 1.257617552489636026e-01 2.615185026081323083e-01 4.318203204790858896e-02
6.379139679876928426e-01 1.222681188593372215e-01 2.180860383572434114e-01 2.173187479572651418e-02
5.416788058091467351e-01 1.218469701919311088e-01 2.910563740092678708e-01 4.541784998965443798e-02
6.178593042069989716e-01 1.425096168200717106e-01 2.128516210516443741e-01 2.677945792128479802e-02
6.074694023527970055e-01 1.357222660260336833e-01 2.197837735525666192e-01 3.702455806860262960e-02
5.740543499048589293e-01 1.598149882904540131e-01 2.307104722935725272e-01 3.542018951111475245e-02
5.855598394682833829e-01 1.344716160181804177e-01 2.332736890018643205e-01 4.669485551167170539e-02
6.104065578546554738e-01 1.343182348801025272e-01 2.137893256796268848e-01 4.148588158561503786e-02
5.312933103033256055e-01 1.552713358431049573e-01 2.425501623388301442e-01 7.088519151473936242e-02
5.214458883156197766e-01 1.691338365641198160e-01 2.655812375543195047e-01 4.383903756594081241e-02
5.827841680894049192e-01 1.272912495559425095e-01 2.061957006389314173e-01 8.372888171572111238e-02
5.966250256076462977e-01 1.280642553385548388e-01 2.383017968304992351e-01 3.700892222329944803e-02
5.810095237007191216e-01 1.543233142514241485e-01 2.337474545853574226e-01 3.091970746249942878e-02
5.304048468578267395e-01 1.693940732829626594e-01 2.636012096116233661e-01 3.659987024758737384e-02
6.262105141244416195e-01 1.175984308743384110e-01 2.091712856831708656e-01 4.701976931804915244e-02
6.121595085926097024e-01 1.130153787727937731e-01 2.541831153207277927e-01 2.064199731386865896e-02
5.581410513701590137e-01 1.389665137529960681e-01 2.693282400730772630e-01 3.356419480376755110e-02
5.969813287167021754e-01 1.479880052258978340e-01 2.222044644182784301e-01 3.282620163912152583e-02
5.943703351096261134e-01 1.765638784285465113e-01 1.676198838020113990e-01 6.144590265981595550e-02
5.833123803013803288e-01 1.010695153236463861e-01 2.841571313801891652e-01 3.146097299478418235e-02
5.708125615110342110e-01 1.486887602391195606e-01 1.998801920453548431e-01 8.061848620449132974e-02
5.811129610292459224e-01 1.328013087561882855e-01 2.319849942604226556e-01 5.410073595414320591e-02
5.862175555048266817e-01 1.382953009691890445e-01 2.326249705854084859e-01 4.286217294057591970e-02
6.183567233575222311e-01 1.157844367104459427e-01 2.209937177941612985e-01 4.486512213787041681e-02
5.512601906755703052e-01 1.336053415126906285e-01 2.763106308229551500e-01 3.882383698878382611e-02
5.876222347692559023e-01 1.251125944725859918e-01 2.414898535074103958e-01 4.577531725074771712e-02
6.128412971925810693e-01 1.271189747855111796e-01 1.926715483123448702e-01 6.736817970956274215e-02
6.128559152345294248e-01 1.244025159970623684e-01 2.192164227021156375e-01 4.352514606629253463e-02
6.052346569195876658e-01 1.486867175784626072e-01 2.065319411839759700e-01 3.954668431797370154e-02
5.324503111473544159e-01 1.705742609617288130e-01 2.251061475427738323e-01 7.186928034814300814e-02
5.678591783418104333e-01 1.541637569897862936e-01 2.169539604885251383e-01 6.102310417987809321e-02
5.528846998316636618e-01 1.439690956484847573e-01 2.133702113030870040e-01 8.977599321676446587e-02
5.985490006600799884e-01 1.488272255036616754e-01 2.236363955562873096e-01 2.898737827997107872e-02
5.770100430912924461e-01 1.300261110234247619e-01 2.303554847025884034e-01 6.260836118269437478e-02
5.331141075266241369e-01 1.433456766258852377e-01 2.790434439770854702e-01 4.449677187040507187e-02
5.702313275310055829e-01 1.124762400011179164e-01 2.724716628694220377e-01 4.482076959845460173e-02
6.192538896868174936e-01 1.373222264050687758e-01 1.977253110452004414e-01 4.569857286291341414e-02
5.799865748973788149e-01 1.342255034086392296e-01 2.065430314601466033e-01 7.924489023383542163e-02
5.531749840696781328e-01 1.251484424201819989e-01 2.803896995919537005e-01 4.128687391818636199e-02
5.880186221954125658e-01 1.139275933282489078e-01 2.557053780442427038e-01 4.234840643209579480e-02
5.852865175205830273e-01 1.463196716573877121e-01 2.355446407551768095e-01 3.284917006685244417e-02
5.759663329846873570e-01 1.178989151848288675e-01 2.136540344609306197e-01 9.248071736955296163e-02
5.838986257721179296e-01 1.276339765145213800e-01 2.385492909601245326e-01 4.991810675323626878e-02
6.409292598856214385e-01 1.329136277416177736e-01 1.874718068538287208e-01 3.868530551893203245e-02
6.009527392319221617e-01 9.562691639452094994e-02 2.480099658011914177e-01 5.541037857236555397e-02
5.894775614239408101e-01 1.026475220020749146e-01 2.670273230549025656e-01 4.084759351908163333e-02
5.996127051636808147e-01 1.041875346558935322e-01 2.589455434074583451e-01 3.725421677296717610e-02
6.161349900272452551e-01 8.934124644914699653e-02 2.461241295618366021e-01 4.839963396177124344e-02
5.532738969242483318e-01 1.460278697572346407e-01 2.304889844866898629e-01 7.020924883182716458e-02
6.159428061882399330e-01 1.162572725567931481e-01 2.337867938915581534e-01 3.401312736340880022e-02
5.712102719329734679e-01 1.547073097685090493e-01 2.316345281087216490e-01 4.244789018979577833e-02
5.687869127643264688e-01 1.474184988457417078e-01 2.475731267115184875e-01 3.622146167841339137e-02
6.483823501937995282e-01 1.072699208840679624e-01 2.090204561834507202e-01 3.532727273868186552e-02
6.078462016974912618e-01 1.164495891519430615e-01 2.438640415323041211e-01 3.184016761826163194e-02
5.917564678739051232e-01 1.463910729938781574e-01 1.866790964727376434e-01 7.517336265947895113e-02
5.655011866636036055e-01 1.423031779557694665e-01 2.370127607321846908e-01 5.518287464844239681e-02
5.488578116788663808e-01 1.494302758420821831e-01 2.354887717429870186e-01 6.622314073606447304e-02
5.746282709754679807e-01 1.295316038313995277e-01 2.516212434728670178e-01 4.421888172026529340e-02
6.064679470335623268e-01 1.252756194158377856e-01 2.203862970005537048e-01 4.787013655004639795e-02
5.457979189743957793e-01 1.632857269862215965e-01 2.456909208709259218e-01 4.522543316845669542e-02
5.950660874995112870e-01 1.160598030626946164e-01 2.353739350972688105e-01 5.350017434052532078e-02
5.945527385643406548e-01 1.223651449505512717e-01 2.092142054900094084e-01 7.386791099509862346e-02
5.658536069172112049e-01 1.464353182956565080e-01 2.414983238723429904e-01 4.621275091478925512e-02
5.654312259688177855e-01 1.808522575508597074e-01 2.150700621576955573e-01 3.864645432262709540e-02
6.175697200759318051e-01 9.373807898257525972e-02 2.472266318162185672e-01 4.146556912527452760e-02
5.307598357249524446e-01 1.596082538690950237e-01 2.697747614011066775e-01 3.985714900484584045e-02
5.918374541299451508e-01 1.403226149977357118e-01 2.282269560846277856e-01 3.961297478769124775e-02
5.387735302966263351e-01 1.317783667387736612e-01 2.967416808076919210e-01 3.270642215690801324e-02
5.645629227704906938e-01 1.253305927682948906e-01 2.596209744225424498e-01 5.048551003867200043e-02
5.679861785995867773e-01 1.197424117047004022e-01 2.652561807547598183e-01 4.701522894095311322e-02
6.098209617355591083e-01 8.616578260674925827e-02 2.635778313724738697e-01 4.043542428521781223e-02
5.897273394589050977e-01 1.500470679258632256e-01 2.049429935094242983e-01 5.528259910580730213e-02
5.403125062115563537e-01 1.336464840547569033e-01 2.711270152953049184e-01 5.491399443838198419e-02
5.711688189272595695e-01 1.081525860290349639e-01 2.656759816392912921e-01 5.500261340441419539e-02
6.303922300006384871e-01 9.415177855467633805e-02 2.280557706366737880e-01 4.740022080801142151e-02
5.732709885096923808e-01 1.405102540098986386e-01 2.397405541961850350e-01 4.647820328422393871e-02
6.059906969250706821e-01 1.126665649759591159e-01 2.395479089423650232e-01 4.179482915660515108e-02
5.931574642875332426e-01 1.421145564571270614e-01 2.367050805393897672e-01 2.802289871594994264e-02
5.923284941740971643e-01 1.485450210926340942e-01 2.248797491045729513e-01 3.424673562869581106e-02
5.541806237354778286e-01 1.204486038188439107e-01 2.600465029768875835e-01 6.532426946879055230e-02
6.446041987997813694e-01 1.111383798615827728e-01 2.117739071791157057e-01 3.248351415952027699e-02
5.809192505814992913e-01 1.409198329476311073e-01 2.089338849100438045e-01 6.922703156082592180e-02
5.708547286745059290e-01 1.339717596048626558e-01 2.234802669776996542e-01 7.169324474293194138e-02
6.328360012080458397e-01 1.088309089429650295e-01 2.108499080648345847e-01 4.748318178415469187e-02
6.395050048742346727e-01 1.288402478499592885e-01 2.085325072846307137e-01 2.312223999117534942e-02
6.102059600578816356e-01 1.424869226425740654e-01 2.076705732240423374e-01 3.963654407550211423e-02
5.994798317828684553e-01 1.170302772678085551e-01 2.468121646762787003e-01 3.667772627304431710e-02
5.294492915378181674e-01 1.189299654199129086e-01 3.016474436246501800e-01 4.997329941761870231e-02
5.915700969903039397e-01 1.177389484389230190e-01 2.699130161542786510e-01 2.077793841649450135e-02
5.841331420873717706e-01 1.207236913514226073e-01 2.639867199959569088e-01 3.115644656524866468e-02
5.330209900355261654e-01 1.477996928066558635e-01 2.363030468344466672e-01 8.287627032337151201e-02
5.890808406532834773e-01 1.160570650307686941e-01 2.483574091391655414e-01 4.650468517678220393e-02
6.204994814506823442e-01 1.073970250988558611e-01 2.346798059238212331e-01 3.742368752664052695e-02
4.986135498334579030e-01 1.416545704552139573e-01 2.933435122656404825e-01 6.638836744568751835e-02
5.552335392524427871e-01 1.576443884207558710e-01 2.649301447986412983e-01 2.219192752816009917e-02
6.660676123103315138e-01 6.738210776311485961e-02 2.360620015945341932e-01 3.048827833201932583e-02
6.135786417281470229e-01 1.197005339954436004e-01 2.284665742849719405e-01 3.825424999143746396e-02
6.030948590260274411e-01 1.417715330135530249e-01 2.254311573151441539e-01 2.970245064527536269e-02
5.717071485541384002e-01 1.618958799510583635e-01 2.324647014018985380e-01 3.393227009290476076e-02
6.024682965460624873e-01 1.285686172138470196e-01 2.017463809938156161e-01 6.721670524627484933e-02
5.626602154683715273e-01 7.613897584711552813e-02 2.803779384332087399e-01 8.082287025130420466e-02
5.598215311380688730e-01 1.543424063117101452e-01 2.388531875285317130e-01 4.698287502168924795e-02
5.782449112141641034e-01 1.368557592423920999e-01 2.529704383754214914e-01 3.192889116802246491e-02
5.639854250374849443e-01 1.362153766349977480e-01 2.516579350006345472e-01 4.814126332688276055e-02
5.844137183322616336e-01 1.515411391777580219e-01 2.334804589637117234e-01 3.056468352626883281e-02
5.069042300500447018e-01 1.750299607503763011e-01 2.453627913071602662e-01 7.270301789241871704e-02
5.990075825392091602e-01 1.240856192559980503e-01 2.479696633541862705e-01 2.893713485060656759e-02
6.034274394298171362e-01 1.374914098931498130e-01 2.283041497154318644e-01 3.077700096160118984e-02
6.157873768807028414e-01 1.069095273295632142e-01 2.151052356898792151e-01 6.219786009985478481e-02
5.689348638743225717e-01 1.407052677049494549e-01 2.415590964856293155e-01 4.880077193509870653e-02
5.894021167711761544e-01 1.227955012856216249e-01 2.343945291648282803e-01 5.340785277837400286e-02
5.888062319420610535e-01 1.347618525023992486e-01 2.259128747139722004e-01 5.051904084156747660e-02
6.069111423986530696e-01 1.433656278588556487e-01 2.028939920406098441e-01 4.682923770188143764e-02
6.159041278528580854e-01 1.261847921837655206e-01 1.928996935496721798e-01 6.501138641370425575e-02
5.406290440742632653e-01 1.322868008607347434e-01 2.771653780415199719e-01 4.991877702348213736e-02
5.763070023115196561e-01 1.403053336255880856e-01 2.295844752209615647e-01 5.380318884193075607e-02
6.067927672026629526e-01 1.275731391511299162e-01 2.341299123921946612e-01 3.150418125401264341e-02
5.503670803572576764e-01 1.412164199292341438e-01 2.792407236257038461e-01 2.917577608780426782e-02
5.487301825375323627e-01 1.313614874581329750e-01 2.701314046696475790e-01 4.977692533468716651e-02
6.328400167743438720e-01 9.492249212473607978e-02 2.363247579235593920e-01 3.591273317736049658e-02
5.276429578012347132e-01 1.582981038686602226e-01 2.856238987232350146e-01 2.843503960686996276e-02
5.430450870835312749e-01 1.614161620025062471e-01 2.517211513543005652e-01 4.381759955966180176e-02
5.871514408174818289e-01 1.378934766830102743e-01 2.395411052880968839e-01 3.541397721141109622e-02
5.495356150675124729e-01 1.568090621024221809e-01 2.494897341680683556e-01 4.416558866199710859e-02
6.377712666255631602e-01 1.040236002701899198e-01 2.273200378413787748e-01 3.088509526286816256e-02
5.970822734145628807e-01 1.434482539835385539e-01 2.338888093542134117e-01 2.558066324768515712e-02
5.527916865033776217e-01 1.101629914323703080e-01 2.891687952747635237e-01 4.787652678948858126e-02
6.208614055579289026e-01 1.106023511722287606e-01 2.190674307723973757e-01 4.946881249744486397e-02
6.526651393114144550e-01 9.269713858534717188e-02 2.156677999253039657e-01 3.896992217793434493e-02
5.759698627218513556e-01 1.149550080729802720e-01 2.704042776625705802e-01 3.867085154259785468e-02
5.514387595574209433e-01 1.317186090063311443e-01 2.691631156138601932e-01 4.767951582238764280e-02
5.957669260958815549e-01 1.379416647298206122e-01 2.345584161133171253e-01 3.173299306098082556e-02
5.407054587105558641e-01 1.329994479144652464e-01 2.522085222956823580e-01 7.408657107929650376e-02
5.667621908233231309e-01 1.654659339660605744e-01 2.298974257356738993e-01 3.787444947494233299e-02
5.521111095543084213e-01 1.740799229877956211e-01 2.338656781947893171e-01 3.994328926310673766e-02
5.839299101193905495e-01 1.245641346989664333e-01 2.706311296799333577e-01 2.087482550170979834e-02
5.979019398752642989e-01 1.379663829660721097e-01 2.160596689266554571e-01 4.807200823200805107e-02
6.004928769984819725e-01 1.178308546984166150e-01 2.268501998589804725e-01 5.482606844412078045e-02
5.604288903793285259e-01 1.160731005932198606e-01 2.753236350677717437e-01 4.817437395967992531e-02
5.220220214938808834e-01 1.756268355689266925e-01 2.515078721315834320e-01 5.084327080560890194e-02
5.817281105280041054e-01 1.411009333680341704e-01 2.525138707202913002e-01 2.465708538367055239e-02
5.723475583997225113e-01 1.359141705499854191e-01 2.704089870884434088e-01 2.132928396184875786e-02
5.682248778545130330e-01 1.341091019817545471e-01 2.511820603520694140e-01 4.648395981166300595e-02
5.408624492242708470e-01 1.297706106010313165e-01 2.725955058588140911e-01 5.677143431588365513e-02
6.171638564721982911e-01 1.311450390484978634e-01 1.962330961064686075e-01 5.545800837283548085e-02
5.712963521903645647e-01 1.369317660056396380e-01 2.580031788381340063e-01 3.376870296586170078e-02
5.738585167719233437e-01 1.217164278442454534e-01 2.533801834987343127e-01 5.104487188509686940e-02
5.890552635090229305e-01 1.413541171737791036e-01 2.278769062139817947e-01 4.171371310321630305e-02
5.799945838018578659e-01 1.290871544852003894e-01 2.387461221560110425e-01 5.217213955693066063e-02
6.051658775827575276e-01 1.212833539601494703e-01 2.296311568641696832e-01 4.391961159292336742e-02
5.903913771516097198e-01 1.283439449018117240e-01 2.357051798601970949e-01 4.555949808638146831e-02
5.942518711717914570e-01 1.348491146518179806e-01 2.227853047381703200e-01 4.811370943822020768e-02
5.473047740189698196e-01 1.476333763782878561e-01 2.701464443389134384e-01 3.491540526382886506e-02
5.881816888141844224e-01 1.667863565441924933e-01 1.998608726733984431e-01 4.517108196822457872e-02
5.676713832512896296e-01 1.204330627395583525e-01 2.837326741757926762e-01 2.816287983335931736e-02
5.789453343348389680e-01 1.444623116375217120e-01 2.300478395731600789e-01 4.654451445447929658e-02
5.999937207283032592e-01 1.517516227329308576e-01 2.219620802008556160e-01 2.629257633791021870e-02
5.630933581994915782e-01 1.308876741358263041e-01 2.548780105841088606e-01 5.114095708057320860e-02
5.900570992597704567e-01 1.314157058028152525e-01 2.201670235583848279e-01 5.836017137902938662e-02
5.510279166004977691e-01 1.628881446612596151e-01 2.452783921212088880e-01 4.080554661703372776e-02
5.673445546716129329e-01 1.114989996100566177e-01 2.695843651360376181e-01 5.157208058229290765e-02
5.712757530801536587e-01 1.234438679010915751e-01 2.421541100042219341e-01 6.312626901453281814e-02
5.460746152872805181e-01 1.391284958967998475e-01 2.570848768037838905e-01 5.771201201213565363e-02
5.261431820978992313e-01 1.201057001642683308e-01 3.059723173790544481e-01 4.777880035877798970e-02
6.284907544075460928e-01 1.573637381192760643e-01 1.815389927866975506e-01 3.260651468648034096e-02
5.936272529658104258e-01 1.103699500951112328e-01 2.490001865851169116e-01 4.700261035396149922e-02
5.755313309459418880e-01 1.694765961842440716e-01 2.208280291587922661e-01 3.416404371102173959e-02
6.165920915233171762e-01 1.199036560987851302e-01 2.291486308602858901e-01 3.435562151761183819e-02
5.558353775261782870e-01 1.307028431684956193e-01 2.679599063237259604e-01 4.550187298160026511e-02
6.333934864093161421e-01 1.085091762279853239e-01 2.134779174890304165e-01 4.461941987366821460e-02
6.529635049514087575e-01 1.222900970015665528e-01 1.791801946890378694e-01 4.556620335798691052e-02
6.090330165857483768e-01 1.459085973532862901e-01 2.123288772014624848e-01 3.272950885950282052e-02
5.417443264178256612e-01 1.500250519484683243e-01 2.781555234598481197e-01 3.007509817385773873e-02
5.900719259048481380e-01 1.310773688592116737e-01 2.317608308015864371e-01 4.708987443435363324e-02
5.608323569462019265e-01 1.470704442795011668e-01 2.320515189288208102e-01 6.004567984547630466e-02
5.749263060723501795e-01 1.200524878685812757e-01 2.544674220035914036e-01 5.055378405547724524e-02
5.473813346475634445e-01 1.361247464933030005e-01 2.549197599100295197e-01 6.157415894910402143e-02
5.886209555521783043e-01 1.064323938034412165e-01 2.435475607030846423e-01 6.139908994129562869e-02
5.913449025011177085e-01 1.292965230923342201e-01 2.257753223531427655e-01 5.358325205340538910e-02
6.370191947404022503e-01 1.264697910555962479e-01 2.114081196657462414e-01 2.510289453825538877e-02
6.334065563628005213e-01 1.080418704184972767e-01 2.177464377813012331e-01 4.080513543740090648e-02
5.946260199393452739e-01 1.523610789263501741e-01 1.985076134734942432e-01 5.450528766081036425e-02
5.763811031799183082e-01 1.384438864459416052e-01 2.399655447833368704e-01 4.520946559080310512e-02
5.420041222078575416e-01 1.452121945722647800e-01 2.640262520527407175e-01 4.875743116713695396e-02
5.863746764192252492e-01 1.474625638235496083e-01 2.222252810963407654e-01 4.393747866088427989e-02
5.879570931974703596e-01 9.950242229814333650e-02 2.664154817611635861e-01 4.612500274322273164e-02
5.528955061255305115e-01 1.717999763697504734e-01 2.295505909603665629e-01 4.575392654435239681e-02
5.129953032358566256e-01 1.730303100487683154e-01 2.664032298345063166e-01 4.757115688086853422e-02
5.881292766500108016e-01 1.294599494902810288e-01 2.209424523492753145e-01 6.146832151043277875e-02
5.725302929960901510e-01 1.605882841549151896e-01 2.136869804876291856e-01 5.319444236136535581e-02
5.669735052406857934e-01 1.117732029746956041e-01 2.652833524805132126e-01 5.596993930410524426e-02
6.128053167375221433e-01 1.207437176818141472e-01 2.253778406632217790e-01 4.107312491744190969e-02
6.372770752684404627e-01 9.665582773802391947e-02 2.312404418901939096e-01 3.482665510334160414e-02
5.736256623490473272e-01 1.149220863395396530e-01 2.791121423831798842e-01 3.234010892823307309e-02
5.605087519454973188e-01 1.546384847500642257e-01 2.253604817529775706e-01 5.949228155146081554e-02
5.884188792133068224e-01 1.475781695093666135e-01 2.223683113087951413e-01 4.163463996853137422e-02
6.340682315818800818e-01 1.050537937446055503e-01 2.145871985888088695e-01 4.629077608470544974e-02
5.944361348741791229e-01 1.085385024018212935e-01 2.583315078608101056e-01 3.869385486318940165e-02
6.449058907790558015e-01 1.153624143698364635e-01 2.075930488969778553e-01 3.213864595412985886e-02
5.645422099217122236e-01 1.696537274633882486e-01 2.343516397138400154e-01 3.145242290105939448e-02
5.233419192667767561e-01 1.607839834765565079e-01 2.638761520003411465e-01 5.199794525632554093e-02
6.029121583887784297e-01 1.095729240353001677e-01 2.523026617379980352e-01 3.521225583792342295e-02
5.432245167592716362e-01 1.802255257574598424e-01 2.325996250183960390e-01 4.395033246487250328e-02
5.738879528102610594e-01 1.058925303793078476e-01 2.794758810323617615e-01 4.074363577806937309e-02
5.775851856133825679e-01 1.152595048885554641e-01 2.602312506315561658e-01 4.692405886650572594e-02
5.763464516188150366e-01 1.336583578138185180e-01 2.293104144191879801e-01 6.068477614817831267e-02
5.896159101485476395e-01 1.104489952404877767e-01 2.513780230146381856e-01 4.855707159632637743e-02
5.658817502444395409e-01 1.019035526643255474e-01 2.934092271178160294e-01 3.880546997341900728e-02
5.440997728662761990e-01 2.030847484211107112e-01 2.105802114052252594e-01 4.223526730738774715e-02
6.238517933862300913e-01 1.198736842162052146e-01 2.219613841623089001e-01 3.431313823525584256e-02
5.005358324768290901e-01 1.322044663085487071e-01 3.236015109227958764e-01 4.365819029182641670e-02
6.322807445658816805e-01 1.475248562953538067e-01 1.686094929220561811e-01 5.158490621670810267e-02
5.574093960076454968e-01 1.196991030645488951e-01 2.691928008357624691e-01 5.369870009204309735e-02
5.674797139026220849e-01 1.512224714510084222e-01 2.425591136154199579e-01 3.873870103094970846e-02
5.363901033267618468e-01 1.357023125106686656e-01 2.672934948370344621e-01 6.061408932553489365e-02
6.100448392838138112e-01 1.320544750450165783e-01 2.280037901767456299e-01 2.989689549442402922e-02
6.059329877475888582e-01 1.170828438462311327e-01 2.092217701733167234e-01 6.776239823286328567e-02
5.307210712688678056e-01 1.562441878001055995e-01 2.717430316597954087e-01 4.129170927123109597e-02
5.949060563238929289e-01 1.443192913463518523e-01 2.376404087087907180e-01 2.313424362096454592e-02
5.815436262217439367e-01 1.205988786043091510e-01 2.598613665857162913e-01 3.799612858823049610e-02
5.644325844264683756e-01 1.425278066692797774e-01 2.386090126176196036e-01 5.443059628663225041e-02
5.605361470171222882e-01 1.461901666960453428e-01 2.545890143168848541e-01 3.868467196994750112e-02
5.760986176708174922e-01 1.103723308771950434e-01 2.520453799295688802e-01 6.148367152241861894e-02
5.962096894408605019e-01 1.045025672163889530e-01 2.460439797181599719e-01 5.324376362459062872e-02
5.750107618696211897e-01 9.434449649412855743e-02 2.766497152685594152e-01 5.399502636769085845e-02
6.301394016115262620e-01 9.959822703499275620e-02 2.478922156442756597e-01 2.237015570920550603e-02
5.951086222517240065e-01 1.746043255085944490e-01 1.846312725951201050e-01 4.565577964456134230e-02
5.744248947167927000e-01 1.385359678818432749e-01 2.440499924953524469e-01 4.298914490601157823e-02
6.476329342216810003e-01 1.200816664313507920e-01 1.910709309615450657e-01 4.121446838542304481e-02
5.972988619825833068e-01 1.199298966589648907e-01 2.554630262148290254e-01 2.730821514362271468e-02
6.235806826856001850e-01 1.148711357718300713e-01 2.321151161617416581e-01 2.943306538082796076e-02
6.008233242911326100e-01 1.375386727477022619e-01 2.167468301373224604e-01 4.489117282384284119e-02
5.316574323096789900e-01 1.383544896309589489e-01 2.928446351854938068e-01 3.714344287386825427e-02
5.985017593079052789e-01 1.224560006284856478e-01 2.448556963913675888e-01 3.418654367224131796e-02
5.977611296742006974e-01 1.397442448092539036e-01 2.204673221123956417e-01 4.202730340414983362e-02
5.579234321009564068e-01 1.192590537775592013e-01 2.603077455432444842e-01 6.250976857824004640e-02
5.877931830016321912e-01 1.223723685025045055e-01 2.311755628778062732e-01 5.865888561805704393e-02
5.874032926579717540e-01 1.418247237913891901e-01 2.068270066378296024e-01 6.394497691280937035e-02
6.000254575500698628e-01 1.223291852541644742e-01 2.292795799209022822e-01 4.836577727486351258e-02
5.868825146248449753e-01 1.204684193798464253e-01 2.604704295227902588e-01 3.217863647251852782e-02
5.901649743020453975e-01 1.520067661864371866e-01 2.009027179750716985e-01 5.692554153644582143e-02
5.491916320328288359e-01 1.136938523298205578e-01 2.797205599037470014e-01 5.739395573360345226e-02
6.381926502925919786e-01 1.091195881459515876e-01 2.240051653781065244e-01 2.868259618334994404e-02
6.441996167142636232e-01 1.193083080531895240e-01 2.064383108398005762e-01 3.005376439274622113e-02
5.920541949101791879e-01 9.163645597825056943e-02 2.804823125794874139e-01 3.582703653208276634e-02
5.717597428575643681e-01 1.244831667791839180e-01 2.536494530675166281e-01 5.010763729573511349e-02
6.225391127974675420e-01 1.264798093713400962e-01 2.259252644139180533e-01 2.505581341727435019e-02
5.325976307225008810e-01 1.381165089496043941e-01 3.060104953095207914e-01 2.327536501837370111e-02
5.805271454004945486e-01 1.248685377220540155e-01 2.604918885974583653e-01 3.411242827999302896e-02
5.818751177127361451e-01 1.532329562680164181e-01 2.421162103530114795e-01 2.277571566623589477e-02
6.062471994131563013e-01 1.127084742813817264e-01 2.466510805122065497e-01 3.439324579325544334e-02
5.942092934488264477e-01 1.077685216355227654e-01 2.524278858512233326e-01 4.559429906442748898e-02
5.913343098669857634e-01 9.256131039940690419e-02 2.607709274388991805e-01 5.533345229470797849e-02
5.086037212996907808e-01 1.528804129153071012e-01 2.883433608419731509e-01 5.017250494302900876e-02
5.507549829647282458e-01 1.880099049171320702e-01 2.076984578219730759e-01 5.353665429616658727e-02
5.971079455625909471e-01 1.231851359476296426e-01 2.396979772391553132e-01 4.000894125062407630e-02
6.019257924333443199e-01 1.500529939588507167e-01 2.190453257108970209e-01 2.897588789690790437e-02
5.755321477945665176e-01 1.227057041351041766e-01 2.526311652694229193e-01 4.913098280090629627e-02
5.979281162111002024e-01 1.715672738286581622e-01 1.813836047360977421e-01 4.912100522414385162e-02
6.138401896420950798e-01 1.276566126180906369e-01 2.195546770176948215e-01 3.894852072211946875e-02
6.079997773364500535e-01 1.020986349272916816e-01 2.470324396661398025e-01 4.286914807011833750e-02
5.426444187642113226e-01 1.796521120997917331e-01 2.389522278454963844e-01 3.875124129050048355e-02
5.383106846455593120e-01 1.316920214462141137e-01 2.966407573194314584e-01 3.335653658879503269e-02
6.397060402847727367e-01 1.133330062016442430e-01 2.089905196031994483e-01 3.797043391038350257e-02
6.026753084204105049e-01 1.324932971438249341e-01 2.388677639070053982e-01 2.596363052875906227e-02
6.161417497321944881e-01 1.176218607740042998e-01 2.287998996376097716e-01 3.743648985619150993e-02
5.774582831671790650e-01 1.403565389937701802e-01 2.408032637027875678e-01 4.138191413626330500e-02
5.694185657443474602e-01 1.675537757482519763e-01 2.279054957963422556e-01 3.512216271105821769e-02
6.469986581101302425e-01 1.148841301088937977e-01 1.988162725809094755e-01 3.930093920006644259e-02
6.277796445718750729e-01 8.861290886864585381e-02 2.424375441932594688e-01 4.116990236621934085e-02
6.052494197127566977e-01 1.308512381250342416e-01 2.190344287140022494e-01 4.486491344820681820e-02
6.271446500381235856e-01 1.190807109870676700e-01 2.082329639529981458e-01 4.554167502181069582e-02
6.139107698608878838e-01 1.130359355223152368e-01 2.351489442429277599e-01 3.790435037386893219e-02
6.080050983417865096e-01 1.485077406811129153e-01 2.052029356019191009e-01 3.828422537518159224e-02
6.014736475057558263e-01 1.364622730380903870e-01 2.230741888910438564e-01 3.898989056510993034e-02
5.237763485938891073e-01 1.560562619902692294e-01 2.081494215353458244e-01 1.120179678804957696e-01
5.841001596634857185e-01 1.144078992410776791e-01 2.435757841662001821e-01 5.791615692923646891e-02
6.076422123510336615e-01 7.475937885964867302e-02 2.677043453549561858e-01 4.989406343436136870e-02
5.479012450424446401e-01 1.487065052037485069e-01 2.415439429068137744e-01 6.184830684699309938e-02
5.673742172753859503e-01 1.259411941655713962e-01 2.336171928621203486e-01 7.306739569692233260e-02
5.845582589794617867e-01 1.212865459782969946e-01 2.535443247766229757e-01 4.061087026561819441e-02
6.061899494411217004e-01 9.550303323498866848e-02 2.624420479875778645e-01 3.586496933631164868e-02
6.411994250243564508e-01 9.302319592702124051e-02 2.378278652046547925e-01 2.794951384396760982e-02
5.977504912189490760e-01 1.563077074613730966e-01 2.182989397593413650e-01 2.764286156033637920e-02
5.687542290206566431e-01 1.090414226376768408e-01 2.761814669358277907e-01 4.602288140583872533e-02
5.851061734538601788e-01 1.457670104007522116e-01 2.369294817654903906e-01 3.219733437989721891e-02
5.360344777087189261e-01 1.380709211837298223e-01 2.734539241543428312e-01 5.244067695320835804e-02
5.965127804603275186e-01 1.222891699774715235e-01 2.317447807776778779e-01 4.945326878452292046e-02
6.310132565261346027e-01 1.130600215076528886e-01 2.204089739717496055e-01 3.551774799446284769e-02
5.882188635672339627e-01 1.272274227332562679e-01 2.464161915181336815e-01 3.813752218137603234e-02
5.462323757856567541e-01 1.448010435403162544e-01 2.738161590303510584e-01 3.515042164367596783e-02
5.876685637257982320e-01 1.626396127756966903e-01 2.242032499028362436e-01 2.548857359566870234e-02
5.923678704372109527e-01 1.502350258703019914e-01 2.255897584064098793e-01 3.180734528607732231e-02
6.034196702098820753e-01 1.528776723498452284e-01 2.059841893224464981e-01 3.771846811782635783e-02
6.016292088461077103e-01 1.175311842704470644e-01 2.381886876464812952e-01 4.265091923696374965e-02
5.604263855772219083e-01 1.580446660648517632e-01 2.448006017060327943e-01 3.672834665189354114e-02
4.937252540227826114e-01 1.476404480987953682e-01 3.091516940494776211e-01 4.948260382894439230e-02
5.266094524597706439e-01 1.525553935536934080e-01 2.685656801446503206e-01 5.226947384188553730e-02
6.519179927925314866e-01 1.073860135451431552e-01 2.117466067146526743e-01 2.894938694767265272e-02
5.763349464171714231e-01 1.284173852879057776e-01 2.487639561434603075e-01 4.648371215146240160e-02
6.108593846176707531e-01 1.142621784245517191e-01 2.202227624291195895e-01 5.465567452865777859e-02
5.917537287186008799e-01 1.259805423211006192e-01 2.535479431956991769e-01 2.871778576459952867e-02
