3.867846240295995663e-01 3.634657239483052305e-01 1.262197134719573732e-01 1.235299385501379965e-01
3.519228900543178162e-01 4.317409967536363080e-01 1.177394111900927076e-01 9.859670200195323753e-02
4.270770655515423453e-01 3.180855204686232618e-01 1.201712472362321399e-01 1.346661667436022669e-01
3.982459785265491936e-01 3.557780677747509057e-01 1.577578148901466193e-01 8.821813880855311485e-02
4.062285537889169795e-01 3.486301723657981855e-01 1.383662115028572448e-01 1.067750623424276180e-01
4.451552100911344567e-01 3.192869666806120721e-01 1.415245361602730512e-01 9.403328706798047554e-02
3.902283219380779378e-01 3.197368172117422969e-01 1.702679047831099080e-01 1.197669560670698713e-01
3.496712075598232827e-01 4.062596365536058629e-01 9.852650049490084549e-02 1.455426553916699395e-01
3.968859760405862858e-01 3.960157051007866524e-01 1.012169506776267602e-01 1.058813681810002183e-01
3.435276176537425674e-01 4.084965571043689403e-01 1.514335557069823590e-01 9.654226953490605001e-02
4.125746309735403572e-01 3.286104675338795689e-01 1.406689709809745004e-01 1.181459305116055319e-01
3.792857125433213294e-01 3.952183615924036442e-01 1.432939208703420952e-01 8.220200499393290339e-02
4.204139220996799264e-01 3.084508173867701597e-01 1.584618870762376786e-01 1.126733734373122631e-01
3.638350637422780309e-01 3.707142048253048716e-01 1.021295605599201323e-01 1.633211708724969513e-01
4.503881267426001478e-01 3.299890651670411290e-01 1.151070346978528974e-01 1.045157733925057980e-01
4.260506514261586108e-01 3.245205075192205135e-01 1.099226077578745464e-01 1.395062332967463847e-01
3.739278898664297746e-01 3.408766746235704082e-01 1.579480656079123857e-01 1.272473699020875149e-01
4.326704305095404601e-01 3.091349665941739433e-01 1.579370380347994707e-01 1.002575648614863202e-01
3.497074559719524078e-01 3.724206092860116724e-01 1.752051874420039734e-01 1.026667473000318492e-01
5.331352509016638042e-01 2.750980174212404594e-01 1.158053131628056370e-01 7.596141851429004388e-02
3.968543042810963040e-01 3.163102467899746584e-01 1.367262301156918491e-01 1.501092188132371608e-01
4.183089852408654608e-01 3.175571753375325268e-01 1.425953504527472659e-01 1.215384889688546077e-01
3.917943127040290352e-01 4.053722557737056698e-01 1.037139488389181435e-01 9.911948268334724865e-02
4.314488912678662302e-01 3.310639991246697167e-01 1.408420853635650727e-01 9.664502424389896651e-02
3.905991527883989622e-01 3.659671029340295645e-01 1.278304545552796656e-01 1.156032897222916550e-01
4.583415583913059699e-01 3.180179021290779340e-01 1.134480445860780173e-01 1.101924948935380510e-01
4.344660041080906643e-01 3.652865074747625451e-01 8.147257220773979070e-02 1.187749162094069999e-01
3.697729976597565749e-01 3.276358304457410164e-01 1.484655696367511157e-01 1.541256022577514317e-01
4.446196192167973793e-01 3.276123056594824057e-01 1.159543373151226825e-01 1.118137378085975880e-01
4.053326457770665692e-01 3.017185776054142066e-01 1.367914364537377025e-01 1.561573401637815217e-01
3.591002360852397213e-01 3.778943145613254395e-01 1.385049959198869085e-01 1.245004534335479585e-01
4.094885263825600030e-01 2.999961431645231102e-01 1.372087186017879878e-01 1.533066118511289266e-01
3.901119526522756620e-01 3.690805346271492371e-01 1.185100559998744363e-01 1.222974567207006369e-01
3.597213099664497982e-01 3.607823761078550184e-01 1.262969227319615806e-01 1.531993911937336028e-01
4.322967807275995278e-01 2.925734727916678435e-01 1.590850627049855970e-01 1.160446837757470734e-01
4.296553951170302144e-01 3.525673282407246201e-01 1.381311430248814975e-01 7.964613361736359864e-02
4.476196141198232059e-01 3.078694191367037925e-01 1.174916270105860749e-01 1.270193397328869822e-01
4.366953959754633630e-01 3.307713858952875396e-01 1.026818884199217630e-01 1.298513297093273067e-01
4.098536997413939620e-01 3.275233498111573271e-01 1.255021700357583647e-01 1.371207804116905404e-01
4.105600802520040227e-01 3.197737846975156062e-01 1.448568323117182532e-01 1.248093027387621734e-01
4.537649586675082114e-01 3.668025259018355966e-01 1.030016611136098381e-01 7.643085431704643717e-02
4.013119241669287351e-01 3.563508746000236260e-01 1.047937792866675405e-01 1.375434219463800845e-01
4.252316830670244685e-01 3.695665323575053618e-01 1.209667971772279554e-01 8.423498739824225590e-02
4.195987952732418980e-01 3.012476928631492301e-01 1.620346878606436780e-01 1.171188240029651245e-01
3.635388591807510728e-01 3.710674136256102984e-01 1.415161899555613390e-01 1.238775372380773176e-01
3.870676383644827689e-01 3.846534556439442643e-01 1.270814800781089327e-01 1.011974259134638537e-01
3.662621413529552061e-01 4.021035345262524152e-01 9.261664230655312913e-02 1.390176818142392079e-01
3.678037092335745273e-01 3.857563501242528559e-01 1.377635262922261850e-01 1.086764143499463486e-01
3.794668974378312409e-01 3.998356413739901916e-01 1.071733702457836057e-01 1.135240909423948646e-01
4.092347611821851583e-01 3.504497737186250128e-01 1.292384476470003762e-01 1.110770174521894249e-01
4.175415098405168557e-01 3.280695771166040609e-01 1.575337708519135571e-01 9.685514219096549859e-02
3.839246574025459435e-01 3.726708733875811475e-01 1.364519487420269572e-01 1.069525204678459240e-01
4.037807876167884280e-01 3.745881455694185513e-01 1.394919892634445546e-01 8.213907755034856317e-02
3.683627117913263471e-01 3.897671175486007167e-01 1.503397986374970796e-01 9.153037202257585658e-02
4.492484696689987289e-01 3.291630941591822124e-01 1.011342447560045765e-01 1.204541914158143018e-01
3.591366357695661149e-01 3.866259478452465093e-01 1.419443271254103855e-01 1.122930892597771568e-01
4.455229003216762407e-01 3.315869516582076737e-01 1.227389757162917899e-01 1.001511723038242818e-01
3.641026629231770007e-01 3.338241998428464474e-01 1.679003323927202862e-01 1.341728048412561547e-01
4.297665160478585933e-01 3.898905062945439703e-01 1.046400237985017911e-01 7.570295385909558972e-02
4.599717734052541362e-01 3.208248880522736601e-01 1.261847224767520259e-01 9.301861606572009444e-02
3.631599829221868747e-01 3.214489683290548960e-01 1.860965248011901829e-01 1.292945239475681296e-01
3.787824194431320679e-01 3.493881959635151135e-01 1.258408324500823183e-01 1.459885521432706668e-01
3.766767964926804879e-01 3.598706597055147394e-01 1.536238470209469187e-01 1.098286967808580344e-01
3.867782132020019525e-01 3.457279189927791041e-01 1.579796145716389488e-01 1.095142532335800778e-01
4.119814456512799206e-01 3.247130180853096126e-01 1.275550700772178359e-01 1.357504661861927975e-01
3.770630140832911814e-01 3.803308366311371480e-01 1.319944695313372551e-01 1.106116797542344293e-01
3.427174561307384515e-01 4.327622723857711406e-01 1.233226456053492237e-01 1.011976258781412119e-01
4.266495799669630662e-01 3.586218510156927164e-01 1.180811672154308545e-01 9.664740180191341845e-02
3.915550185516468162e-01 3.919285306784190404e-01 1.167344416207765218e-01 9.978200914915762165e-02
4.140922377375000352e-01 3.102763172279244253e-01 1.054515575190843185e-01 1.701798875154912349e-01
4.576089957196037838e-01 3.606500360067667055e-01 9.276659025856970331e-02 8.897437801505980737e-02
3.804304421607548892e-01 3.720348177315461191e-01 1.504193231738355785e-01 9.711541693386353813e-02
4.074294958089340057e-01 3.480267572543925825e-01 1.274884992411047802e-01 1.170552476955687288e-01
3.576528659921923148e-01 4.040270062012368824e-01 9.878088057508964404e-02 1.395392472314811450e-01
3.991445678237852124e-01 3.400085057821564671e-01 1.510430313654025913e-01 1.098038950286557569e-01
4.128283089910161352e-01 3.601831753025012683e-01 1.102812705821876044e-01 1.167072451242951031e-01
4.153059044188325832e-01 3.212527817270168784e-01 1.552722375189808102e-01 1.081690763351696588e-01
4.379051895114093318e-01 3.193177989573320330e-01 1.169955623729824479e-01 1.257814491582763816e-01
3.866863551101893393e-01 3.297261489099124199e-01 1.252244335193058167e-01 1.583630624605925075e-01
4.385925814646273735e-01 3.630006198161198072e-01 1.338808516837728113e-01 6.452594703547993860e-02
4.229852887023023977e-01 3.274393326202573173e-01 1.152223747701410783e-01 1.343530039072990123e-01
4.179138904540500854e-01 3.640009093340758617e-01 1.208336796232038213e-01 9.725152058867027327e-02
3.696260019563372690e-01 3.530478364274538539e-01 1.554874086501254471e-01 1.218387529660834301e-01
3.954203538544102670e-01 3.243943614140981091e-01 1.602262099102771398e-01 1.199590748212143593e-01
4.207095193396082622e-01 3.095261775844005414e-01 1.269410457063279429e-01 1.428232573696633090e-01
3.979637101158143286e-01 4.031843538158074725e-01 8.955623993179449849e-02 1.092956961365837421e-01
4.109026877241174769e-01 3.500390033433285475e-01 1.157949126646296567e-01 1.232633962679244022e-01
3.444748479525056584e-01 3.917501764510736284e-01 1.429715174578709835e-01 1.208034581385497158e-01
4.117857027070574993e-01 3.379121376089401774e-01 1.289253058677993502e-01 1.213768538162031257e-01
4.108562862969887819e-01 3.501812091837271379e-01 1.515710475467679230e-01 8.739145697251614331e-02
3.962162309214056766e-01 3.551343703350428038e-01 1.577125725865015371e-01 9.093682615705012129e-02
4.556743638850145883e-01 2.931846568994605495e-01 1.305805949288002532e-01 1.205603842867246644e-01
4.756496592147770319e-01 2.982828272236496825e-01 1.207202521986619481e-01 1.053472613629113375e-01
3.898292881988540404e-01 3.643194424214737936e-01 1.616647118149158180e-01 8.418655756475648677e-02
4.091153852672477220e-01 3.488685758448679675e-01 1.075324477277069535e-01 1.344835911601773293e-01
4.157105118087733309e-01 3.552843185381145963e-01 1.226107575723697357e-01 1.063944120807423649e-01
3.451105114120197603e-01 3.584524317064616827e-01 1.720677682287621857e-01 1.243692886527563574e-01
4.105416128306486612e-01 3.843610430408460066e-01 1.046015489094190148e-01 1.004957952190861648e-01
4.532357011387617152e-01 3.381121917081640338e-01 1.005003492622051353e-01 1.081517578908692545e-01
3.829681826630228492e-01 3.267011536963658758e-01 1.761773183080772576e-01 1.141533453325339204e-01
3.574644251474692336e-01 3.634094914751472283e-01 1.695949391283692320e-01 1.095311442490145004e-01
4.132420118249264251e-01 3.602814648788063012e-01 1.072539056762435439e-01 1.192226176200237853e-01
3.787775019792184450e-01 3.625860465029278612e-01 1.322228327840091755e-01 1.264136187338443795e-01
3.643738847747987064e-01 4.113286674872487780e-01 1.258566296436274268e-01 9.844081809432511654e-02
3.496294267095393926e-01 4.097894237362517122e-01 1.077396654951952998e-01 1.328414840590136092e-01
4.136128217883243696e-01 3.546121103977442068e-01 1.110191860889769427e-01 1.207558817249543975e-01
4.141081340044676096e-01 3.275809677869825354e-01 1.682526374732116747e-01 9.005826073533815257e-02
4.084352147511100539e-01 3.720823616857991123e-01 1.141919401370358744e-01 1.052904834260550149e-01
3.862877566378423166e-01 3.221474209137063505e-01 1.891883868000757418e-01 1.023764356483757298e-01
4.535125539950776719e-01 2.898651265586831838e-01 1.501626092133787616e-01 1.064597102328601608e-01
3.754205695622349070e-01 3.398269258891876698e-01 1.749742318955712916e-01 1.097782726530059788e-01
4.178493212931569945e-01 3.541536769008243879e-01 1.193907903261337417e-01 1.086062114798849593e-01
3.940863618490499931e-01 3.309209340334404170e-01 1.236887515500463552e-01 1.513039525674632069e-01
3.467253151083688478e-01 3.553156769483139521e-01 1.719967706160270837e-01 1.259622373272901164e-01
4.385345124636195746e-01 3.037663523830456125e-01 1.058532563802672966e-01 1.518458787730673776e-01
4.049593074722476760e-01 3.763263312257362214e-01 1.320127439690305104e-01 8.670161733298557827e-02
3.677962141392738249e-01 3.680767341408663351e-01 1.419204332044904648e-01 1.222066185153691809e-01
4.129153131812202115e-01 3.747549036056049832e-01 1.219974809807171517e-01 9.033230223245754253e-02
4.233433232208429486e-01 3.214152909465555208e-01 1.182523364786870063e-01 1.369890493539145104e-01
3.964131290228691262e-01 3.240686036082928712e-01 1.475148463084382799e-01 1.320034210603995561e-01
4.189665423544683409e-01 3.042354393063707030e-01 1.183746663154062462e-01 1.584233520237546822e-01
4.111286691167638785e-01 3.412761873367016752e-01 1.444248918673188276e-01 1.031702516792158131e-01
4.654213950251880338e-01 3.061315525036820695e-01 1.252637674240627275e-01 1.031832850470671692e-01
4.188726686246015962e-01 3.493176253563785583e-01 1.171094382766022512e-01 1.147002677424175526e-01
3.488878616031411695e-01 3.622459851081392124e-01 1.466645907347226552e-01 1.422015625539968520e-01
4.237471333818162433e-01 3.579263896770396025e-01 1.336127001703280026e-01 8.471377677081620705e-02
3.773354666326018125e-01 3.962761824363140728e-01 1.142353784392297483e-01 1.121529724918545606e-01
4.228200503690606737e-01 3.353411033008082964e-01 1.185874392205515521e-01 1.232514071095795749e-01
4.088279676440780275e-01 3.424989939253654248e-01 1.353737921983916292e-01 1.132992462321649324e-01
3.842974159845908844e-01 3.770912720122335249e-01 1.097220966481693705e-01 1.288892153550063036e-01
4.310054558839499506e-01 3.312878558059386136e-01 1.028941747916000266e-01 1.348125135185116175e-01
3.733090937886154870e-01 3.941371311516094211e-01 9.680626493127852950e-02 1.357475101284966734e-01
4.268252349589255479e-01 3.563718919348572434e-01 1.093365145343396655e-01 1.074663585718776126e-01
4.096888751915877536e-01 3.560288701406068013e-01 1.172497020367712639e-01 1.170325526310342784e-01
4.370938970784110644e-01 2.911475824047629613e-01 1.492186995112383396e-01 1.225398210055876763e-01
3.994353847119880840e-01 3.645683060185575530e-01 1.167298355840144380e-01 1.192664736854399943e-01
3.987657616785894032e-01 3.234041677370254053e-01 1.601502007661409765e-01 1.176798698182441733e-01
4.185419686103413195e-01 3.543926849669784551e-01 1.467260887425960170e-01 8.033925768008419455e-02
3.508939642419349192e-01 3.905402022255106687e-01 1.204874455864108490e-01 1.380783879461435493e-01
4.228004309811836947e-01 3.329058285326536581e-01 1.062337765839690418e-01 1.380599639021934666e-01
3.784282861587890401e-01 3.695666593361836005e-01 1.415736060213538539e-01 1.104314484836736859e-01
3.980955107868247578e-01 3.775543874058154836e-01 1.211593751364626742e-01 1.031907266708970844e-01
3.832591032732372560e-01 3.751218614427953013e-01 1.331375957046481706e-01 1.084814395793194247e-01
4.486795743814194215e-01 3.217873345945858610e-01 1.488964181045738244e-01 8.063667291942096249e-02
3.495624424175170497e-01 3.709563323874420782e-01 1.453956983772561606e-01 1.340855268177847393e-01
4.176957846623121084e-01 3.572537759754354503e-01 1.336359011048527112e-01 9.141453825739950800e-02
3.915075116713673253e-01 3.518522093966252040e-01 1.333133265437310144e-01 1.233269523882765673e-01
4.284251633884940680e-01 3.122904888468312490e-01 1.138318151545962553e-01 1.454525326100784555e-01
3.593676173217079661e-01 3.788266685908476261e-01 1.409856109285054226e-01 1.208201031589389435e-01
3.979127139434299743e-01 3.535097112114162221e-01 1.312115255005401049e-01 1.173660493446137265e-01
3.849148791376877377e-01 2.958970678818005906e-01 2.097785617941466951e-01 1.094094911863649627e-01
3.518433794272894932e-01 4.054915744316504589e-01 1.567918595594791353e-01 8.587318658158110685e-02
3.920137156472733309e-01 3.678904074910404054e-01 1.104480338519066018e-01 1.296478430097798007e-01
3.791201787254902533e-01 3.918297006561746176e-01 1.177413142719863220e-01 1.113088063463489041e-01
4.065163865595764481e-01 3.642126163882493106e-01 1.271840004445784489e-01 1.020869966075957924e-01
4.238570241372292546e-01 3.048341154557929200e-01 1.251075390942333609e-01 1.462013213127444367e-01
3.859360949595822543e-01 3.567715967490246998e-01 1.190688207609352650e-01 1.382234875304579336e-01
3.971834545955907902e-01 3.637564850409288342e-01 1.307331265245184893e-01 1.083269338389619418e-01
3.928760789155780753e-01 3.613160939471554700e-01 1.229228599121025972e-01 1.228849672251639685e-01
3.651085601055910623e-01 3.435752859628266598e-01 1.694690467325219996e-01 1.218471071990602783e-01
4.304110355299319290e-01 3.392244539006689652e-01 1.286642954972225805e-01 1.017002150721763587e-01
3.911763213775226733e-01 3.511914462112978863e-01 1.369269024701490478e-01 1.207053299410304481e-01
4.542115741660120443e-01 3.288865308180894398e-01 9.702512922362396819e-02 1.198767657922746033e-01
3.688104989715447202e-01 3.712060639045822175e-01 1.150739643074814994e-01 1.449094728163914658e-01
4.461131563250005927e-01 3.014711308250582200e-01 1.310923675161990432e-01 1.213233453337420470e-01
3.819487488902744698e-01 3.535352765377234308e-01 1.596420850024548310e-01 1.048738895695471851e-01
4.057944824693453523e-01 2.998749550299600886e-01 1.729813799892048476e-01 1.213491825114898365e-01
4.007890837002539008e-01 3.472017446552504993e-01 1.266950739431578765e-01 1.253140977013377233e-01
3.691786897424992886e-01 3.502594664807093805e-01 1.555225328366741655e-01 1.250393109401172764e-01
4.379135349086798468e-01 3.013333407554852350e-01 1.429551634572579499e-01 1.177979608785769683e-01
4.250222483407414820e-01 3.560117829421339253e-01 1.390541443889621032e-01 7.991182432816262837e-02
3.764912543196574646e-01 3.919281321497725123e-01 9.485105692438740299e-02 1.367295566061825507e-01
3.915963916184962978e-01 3.573733543341065522e-01 1.206598696564496753e-01 1.303703843909473359e-01
4.112667366084420406e-01 3.086683968260867106e-01 1.663229857826811209e-01 1.137418807827901557e-01
4.107657768712413282e-01 3.591257205857188439e-01 1.084318382920575197e-01 1.216766642509822943e-01
4.055248528092016413e-01 3.264907104255643233e-01 1.189553383812114729e-01 1.490290983840223682e-01
3.669819981856239921e-01 3.884498932008276229e-01 9.916560143242904302e-02 1.454025071811192449e-01
3.793093791468338805e-01 3.749748212265344161e-01 1.407160361516288927e-01 1.049997634750027414e-01
4.208492819813323682e-01 3.215654724967911826e-01 1.379468688408858890e-01 1.196383766809904770e-01
4.854355772682420467e-01 2.796123912970081560e-01 1.248448968092077394e-01 1.101071346255420996e-01
4.136753729448761074e-01 3.349863023367777859e-01 1.428852693823758069e-01 1.084530553359703831e-01
3.714611416263511323e-01 3.389251027844566444e-01 1.620992534746380775e-01 1.275145021145540902e-01
4.188251847945155815e-01 3.382858034027899641e-01 1.349772575420916110e-01 1.079117542606028851e-01
4.359062889640908933e-01 3.281618349138937241e-01 1.296648819238925832e-01 1.062669941981229660e-01
4.340597660863197982e-01 3.661794689365490130e-01 1.231915687221843830e-01 7.656919625494673642e-02
4.586800788403926354e-01 3.450413314730824133e-01 6.514844558566605659e-02 1.311301441008588808e-01
4.752539946367150825e-01 3.507256504218187465e-01 8.011163852091368609e-02 9.390871642055244328e-02
4.039317860101171997e-01 3.819172623464460181e-01 1.159620753586445008e-01 9.818887628479219809e-02
4.308474720546068282e-01 3.199610344263413286e-01 1.401151584313371223e-01 1.090763350877147486e-01
3.887403192338005353e-01 3.452837635880222078e-01 1.090795599052805237e-01 1.568963572728966360e-01
4.204579332626905974e-01 3.463081542449107930e-01 1.159331179805828116e-01 1.173007945118158396e-01
4.287550325942415808e-01 3.263884322940835969e-01 1.309509551253825732e-01 1.139055799862922908e-01
4.134030736905090486e-01 3.351683814848165355e-01 1.023268647385707775e-01 1.491016800861036107e-01
3.757618132224541663e-01 3.921866798079739480e-01 1.286461393373044826e-01 1.034053676322674170e-01
4.516854558368452732e-01 2.956426192703347500e-01 1.337791367444614021e-01 1.188927881483584359e-01
3.762028765884743997e-01 3.544978290650584452e-01 1.283295252902989514e-01 1.409697690561682870e-01
4.163333675967704206e-01 3.792071312269684191e-01 1.163845845881039398e-01 8.807491658815722047e-02
3.867963919769821235e-01 3.247601677531761211e-01 1.644874423421668896e-01 1.239559979276749768e-01
4.048862648883159165e-01 3.343295811958965635e-01 1.574571340422826482e-01 1.033270198735048162e-01
3.601983110812170819e-01 4.179913884343181563e-01 1.092344640209965412e-01 1.125758364634679987e-01
4.027672018317483560e-01 3.251605297956299268e-01 1.077083454107260196e-01 1.643639229618958919e-01
4.028622954274623247e-01 3.412354716346847616e-01 1.306871063848810965e-01 1.252151265529718727e-01
4.248647360202423284e-01 3.715631509783483000e-01 1.180087819943712590e-01 8.556333100703807093e-02
3.823497635836675679e-01 3.633563923170042842e-01 1.533698875172718190e-01 1.009239565820563567e-01
4.387232751454462343e-01 3.050164727377402407e-01 1.457286736835480545e-01 1.105315784332654011e-01
3.964767475048748269e-01 3.901967813691209486e-01 1.188372142281092642e-01 9.448925689789500204e-02
3.962205502680556934e-01 3.875088361977693796e-01 1.246046636955284864e-01 9.166594983864637114e-02
4.051608750660370406e-01 3.276657471898781204e-01 1.219770882195265749e-01 1.451962895245583196e-01
4.220211080839714746e-01 3.563947877068832648e-01 1.041587628569814461e-01 1.174253413521638978e-01
4.232053820429025892e-01 3.221622144130746879e-01 1.424546986925467329e-01 1.121777048514758512e-01
4.331114878315049377e-01 3.196939782998831636e-01 1.267175527669638369e-01 1.204769811016480618e-01
3.421909882331703456e-01 3.890838074206188768e-01 1.475975902369798531e-01 1.211276141092309938e-01
4.306743547062931166e-01 3.393371954091053411e-01 1.225678885149736469e-01 1.074205613696279232e-01
4.058092548362809415e-01 3.376101615572397185e-01 1.033517845579804972e-01 1.532287990484988704e-01
4.123895384959963550e-01 3.544991912486382679e-01 1.261811976844711969e-01 1.069300725708943328e-01
4.279008929329784494e-01 3.144480619038434455e-01 1.366876137138508807e-01 1.209634314493272106e-01
3.847023011868786480e-01 3.455983282636291287e-01 1.397793465977745231e-01 1.299200239517178945e-01
3.876715719240244051e-01 3.524157576558535898e-01 1.277984060908576025e-01 1.321142643292643470e-01
4.405032766456148940e-01 3.277029384159511616e-01 9.801112429892205880e-02 1.337826606395117190e-01
4.260746877200408678e-01 3.536830063487693132e-01 1.416685790905670428e-01 7.857372684062287338e-02
3.694630566283585438e-01 3.537989051132346963e-01 1.719741963960768338e-01 1.047638418623299261e-01
3.945007045877228502e-01 3.626963993226205440e-01 1.289083940284379837e-01 1.138945020612185666e-01
3.422932349006329034e-01 3.947977829973872144e-01 1.070262043644860384e-01 1.558827777374938994e-01
3.860031626665185733e-01 3.463571026922613316e-01 1.645184421281426779e-01 1.031212925130774588e-01
3.678937040623990185e-01 3.956200883333669815e-01 1.205574456190627725e-01 1.159287619851711582e-01
4.132336499591572343e-01 3.897053566358227306e-01 1.297957261580395538e-01 6.726526724698042581e-02
4.316476389646985434e-01 3.447758677123364257e-01 1.175642084086142708e-01 1.060122849143507739e-01
3.549055839700971382e-01 3.557564665461815934e-01 1.409792111257269775e-01 1.483587383579945129e-01
4.153730350089044343e-01 3.642854333616280527e-01 9.811802570868000117e-02 1.222235059207873731e-01
3.715436339888144590e-01 3.702464268481603371e-01 1.504281162155656770e-01 1.077818229474595824e-01
4.118464983923088019e-01 3.525649227459624613e-01 9.444025281603893318e-02 1.411483260456898037e-01
4.060177326861726943e-01 3.401760046187902176e-01 1.280043255464538565e-01 1.258019371485832594e-01
3.498021728343383430e-01 3.533773107618868314e-01 1.650671485487321399e-01 1.317533678550427134e-01
3.887311054841534053e-01 3.650520023822382276e-01 1.208047358512498171e-01 1.254121562823584946e-01
3.992523705710722681e-01 3.810787031888590026e-01 1.405746493919599049e-01 7.909427684810882431e-02
4.509785368401358907e-01 2.738038739406495892e-01 1.539784746733866561e-01 1.212391145458278086e-01
3.955785343771487939e-01 3.626629255760964732e-01 1.274738204449203383e-01 1.142847196018342698e-01
4.407326320879234038e-01 3.175302624543829277e-01 1.143116460473721230e-01 1.274254594103216842e-01
4.427377623511347116e-01 3.782048233043114882e-01 1.018537381873540898e-01 7.720367615719962717e-02
3.621657412717443902e-01 3.781377868780922413e-01 1.464169661969694225e-01 1.132795056531940431e-01
4.069937175291966081e-01 3.363284261449325796e-01 1.336728991957976675e-01 1.230049571300732281e-01
3.885931121784019782e-01 3.525697904485033951e-01 1.192485805983574815e-01 1.395885167747369926e-01
4.310554124684215505e-01 3.758323325510776747e-01 1.022453717115801713e-01 9.086688326892052026e-02
4.330308814689267649e-01 3.322915374936187272e-01 1.147987445969461812e-01 1.198788364405083684e-01
4.205359944199927869e-01 3.468045613449035058e-01 1.169348855393508579e-01 1.157245586957528910e-01
4.718380478262165223e-01 3.150825961491368621e-01 1.278039058686203655e-01 8.527545015602608358e-02
4.113764119443253930e-01 3.563739793478256090e-01 1.158763003604158098e-01 1.163733083474329938e-01
4.275973186158631423e-01 3.686446282722926071e-01 9.195778287374362092e-02 1.118002702381006297e-01
4.263810543890289573e-01 2.891923659366156807e-01 1.400033529942983079e-01 1.444232266800571096e-01
4.013394857933252347e-01 3.950717866585000682e-01 1.044364258063439493e-01 9.915230174183076173e-02
3.757817905827973703e-01 3.591904800459654878e-01 1.155083173995835322e-01 1.495194119716535264e-01
3.859881495123372308e-01 3.588814269645276833e-01 1.412786484202917803e-01 1.138517751028433611e-01
4.505958451639557882e-01 3.035025533106032181e-01 1.456658018246169695e-01 1.002357997008240242e-01
4.326498063474807365e-01 3.045943838076022314e-01 1.372783361131831859e-01 1.254774737317337352e-01
4.099310746548602280e-01 3.545349675239890530e-01 1.357037610564167940e-01 9.983019676473380011e-02
4.210240199201303324e-01 3.360170649450775482e-01 1.313487111092142001e-01 1.116102040255778916e-01
3.870262348383560203e-01 3.551381606610738983e-01 1.322889805661456586e-01 1.255466239344243118e-01
3.891355896943476944e-01 3.465680386792993617e-01 1.001130401820728710e-01 1.641833314442800174e-01
3.721446883491003610e-01 3.907851559784810136e-01 1.326918228177225711e-01 1.043783328546960126e-01
3.938906235658689026e-01 3.217709454554463222e-01 1.551413941921156447e-01 1.291970367865690195e-01
4.331946604453713046e-01 3.273887649447815296e-01 1.231247719304658095e-01 1.162918026793813980e-01
3.884982962664036421e-01 3.676070291273632051e-01 1.505584267758582617e-01 9.333624783037480777e-02
3.935764396579591873e-01 3.836930227630781509e-01 1.312524323648227575e-01 9.147810521413998752e-02
4.113662511252477727e-01 3.529215371627428266e-01 1.347552258788932700e-01 1.009569858331161585e-01
3.934285837413552533e-01 3.622104115789906986e-01 1.295443855284160173e-01 1.148166191512379197e-01
3.973866355431223685e-01 3.420657374579152421e-01 1.273361705245643349e-01 1.332114564743981100e-01
3.764507142494561420e-01 3.974484051761618120e-01 1.302754398849506334e-01 9.582544068943135707e-02
3.870617827977937409e-01 3.353073634555175930e-01 1.477088720324749305e-01 1.299219817142136801e-01
4.075935245766175719e-01 3.681606724595440916e-01 1.411701074195438332e-01 8.307569554429462821e-02
3.924618991167860282e-01 3.660998934631417012e-01 1.230290772187624809e-01 1.184091302013096925e-01
4.227651604703198118e-01 3.432442206677481233e-01 1.221088517898451936e-01 1.118817670720867880e-01
3.861939313228309745e-01 3.430915607232452036e-01 1.229573166439366927e-01 1.477571913099871292e-01
3.810254021514613010e-01 3.653817511297422493e-01 1.530628488865557191e-01 1.005299978322408000e-01
4.736891197400561748e-01 2.815397124397838180e-01 1.198777320070033986e-01 1.248934358131566086e-01
4.212468381659895678e-01 3.693743216775211557e-01 1.140859872043916007e-01 9.529285295209770357e-02
4.270785894472128863e-01 3.390655552956127750e-01 1.248315068782842735e-01 1.090243483788900097e-01
4.431252289220304896e-01 3.049846629315180468e-01 1.414983079467590776e-01 1.103918001996925802e-01
4.011384568054680022e-01 3.762787983099312727e-01 1.032342033951601096e-01 1.193485414894406016e-01
4.284198500255915198e-01 3.390533837870115530e-01 1.442112112626700859e-01 8.831555492472693836e-02
3.844800941967751462e-01 3.883770861655182483e-01 1.231615510854424667e-01 1.039812685522642360e-01
3.320857194297830439e-01 3.638826349092701418e-01 1.830258775820108874e-01 1.210057680789360518e-01
3.775938142168896450e-01 3.696181099313393670e-01 1.584530108172330642e-01 9.433506503453802094e-02
3.685773610716760462e-01 3.512746124906690470e-01 1.509623877759567190e-01 1.291856386616980767e-01
3.550000314789958367e-01 3.732180455482820292e-01 1.270582234304532820e-01 1.447236995422688799e-01
4.306093176243581122e-01 3.475322936877491276e-01 1.078891667197209581e-01 1.139692219681718438e-01
3.721850393669799972e-01 4.151631352986197565e-01 1.035466848760908803e-01 1.091051404583091994e-01
3.974685648974478069e-01 3.564937588715424432e-01 1.240795742658874212e-01 1.219581019651222453e-01
4.237613784198248634e-01 3.361998917711427337e-01 1.400136991948855991e-01 1.000250306141467482e-01
3.592828521098079819e-01 3.568629411844314592e-01 1.240781395073076443e-01 1.597760671984528313e-01
3.779405469333583789e-01 3.683497146710906778e-01 1.276240965578447351e-01 1.260856418377062638e-01
3.920459627280425408e-01 3.728306906364132756e-01 1.561915498705472305e-01 7.893179676499698094e-02
3.885012991333665622e-01 3.479777821841161245e-01 1.477311626537448352e-01 1.157897560287725336e-01
4.167035242669674955e-01 3.735245945501368681e-01 1.014557874714788893e-01 1.083160937114168304e-01
4.082600841873750275e-01 3.630862611637641901e-01 9.978481642076145186e-02 1.288688382280991918e-01
4.337374627404263494e-01 3.303196589913519610e-01 1.112334346483478398e-01 1.247094436198738637e-01
4.107810001704663705e-01 3.542979036462193254e-01 1.359180972367529106e-01 9.900299894656136579e-02
4.168657924761656197e-01 3.316803922289664475e-01 1.582327571116527998e-01 9.322105818321498039e-02
4.174329581913920340e-01 3.672425462088272363e-01 9.628848130149351980e-02 1.190360142982872654e-01
4.280297942904158770e-01 3.624895406159863720e-01 1.061266594663673180e-01 1.033540056272305857e-01
3.332165158212891942e-01 3.922939374040833593e-01 1.427337011545194156e-01 1.317558456201081696e-01
3.829098632207381669e-01 3.530653426402129980e-01 1.748128981840113561e-01 8.921189595503756231e-02
4.024165732127928941e-01 3.593064919195740892e-01 8.906926049555924374e-02 1.492076743720739396e-01
3.880956264945392142e-01 3.656197609280786853e-01 1.112914285418468985e-01 1.349931840355352852e-01
4.025773832039780675e-01 3.609519349144498235e-01 1.341533800684724664e-01 1.023173018130996148e-01
3.733144009853922030e-01 3.751699389403847507e-01 1.373980328340278501e-01 1.141176272401954184e-01
4.062886623903035899e-01 3.495743334054591256e-01 1.285898673962767025e-01 1.155471368079605543e-01
3.793324755612449972e-01 3.887949090405621866e-01 1.234080755193820850e-01 1.084645398788108145e-01
3.935410288172068727e-01 3.422591672707246402e-01 1.517680567819997550e-01 1.124317471300688293e-01
3.979098407429026985e-01 4.205223677302264429e-01 9.744100936699622018e-02 8.412678215987481889e-02
3.678179232469124815e-01 3.977220886138270739e-01 1.487339338863461757e-01 8.572605425291424108e-02
3.951895593920277672e-01 3.409278029682215605e-01 1.416696766656979356e-01 1.222129609740528478e-01
3.952835674595195914e-01 3.526895336892910682e-01 1.393016012118879210e-01 1.127252976393014750e-01
4.021755028119644582e-01 3.830077280285201780e-01 1.061733000807753152e-01 1.086434690787400625e-01
4.058109893935807344e-01 2.987934333588388447e-01 1.522504548233037658e-01 1.431451224242767661e-01
3.953828849365117470e-01 3.920604226334918896e-01 1.212590912924229325e-01 9.129760113757352802e-02
3.484977753527604971e-01 3.826416020477472757e-01 1.438935750189872242e-01 1.249670475805049752e-01
4.721559521177696728e-01 3.362941982688263942e-01 8.879133947473766275e-02 1.027585101386661454e-01
3.859845576982557369e-01 4.315518672647573051e-01 7.985768198336407053e-02 1.026058930536230124e-01
4.520404094650294913e-01 3.368231954273839257e-01 1.171996672455337812e-01 9.393672786205276015e-02
4.040810676719849837e-01 3.335220668215629347e-01 1.189538631294623644e-01 1.434430023769897311e-01
4.051061392011660045e-01 3.355794838955599158e-01 1.366954059375269093e-01 1.226189709657472815e-01
3.471729681570152604e-01 3.560577566588942755e-01 1.938611262858656870e-01 1.029081488982246939e-01
4.281493110135727864e-01 3.366762017342043167e-01 1.183984117282628340e-01 1.167760755239601739e-01
4.143720173632363113e-01 3.559286711221626431e-01 1.110302566767475407e-01 1.186690548378533799e-01
3.657041817965253627e-01 4.056530685779977108e-01 1.318997172799403761e-01 9.674303234553650876e-02
4.191027869033420727e-01 3.251103626760196152e-01 1.395295926128259090e-01 1.162572578078126112e-01
4.409309908970034941e-01 3.423253576019607003e-01 1.022330711450263885e-01 1.145105803560093616e-01
4.037143667205795317e-01 3.490227591003370877e-01 1.281418706257906048e-01 1.191210035532926231e-01
4.492295094316239856e-01 3.024684017186448637e-01 1.271994471004737337e-01 1.211026417492574170e-01
3.872910546125143960e-01 3.463305322306382550e-01 1.285041757866066392e-01 1.378742373702407653e-01
4.578703892465936232e-01 3.284667459147306290e-01 1.098138635252156742e-01 1.038490013134601431e-01
4.506178899108946867e-01 3.345736829519635469e-01 1.223789766244345045e-01 9.242945051270727574e-02
3.791311566077545936e-01 3.500778411809088442e-01 1.627606157791034736e-01 1.080303864322330470e-01
3.940043937797436113e-01 3.753530492980473032e-01 1.228422522371869358e-01 1.078003046850223162e-01
3.969731500607502350e-01 3.404760879023659426e-01 1.238123796959514911e-01 1.387383823409322758e-01
4.450697013047941741e-01 3.518814976063186495e-01 9.711197956374592599e-02 1.059368215251411255e-01
3.923799976481533447e-01 3.414408143009205476e-01 1.489859472542987284e-01 1.171932407966273515e-01
3.529794456029114458e-01 3.817941258458085185e-01 1.716466737645893914e-01 9.357975478669056102e-02
3.641674817346896020e-01 3.887578951145689854e-01 1.351169394991159900e-01 1.119576836516254087e-01
4.490159971505082726e-01 3.410396559605253786e-01 1.182707103730591680e-01 9.167363651590705598e-02
3.864570926166335241e-01 3.683036260598132050e-01 1.103322897443558548e-01 1.349069915791974716e-01
3.810179702952887215e-01 3.752590425918796990e-01 1.209448526782324895e-01 1.227781344345990483e-01
4.227937378600303275e-01 3.246823005540778739e-01 1.343160841731525779e-01 1.182078774127391096e-01
3.609865674499693200e-01 4.042788623260204495e-01 1.100836799958835044e-01 1.246508902281266568e-01
3.969763523601380073e-01 3.280538420266199129e-01 1.672439635032073324e-01 1.077258421100346086e-01
4.010106196309632387e-01 3.403658653442878101e-01 1.176014168200966020e-01 1.410220982046521410e-01
3.848215936666473658e-01 3.732020758908932700e-01 1.393075656769228177e-01 1.026687647655365049e-01
3.822916954900454356e-01 4.059126457453103853e-01 1.093317231857438288e-01 1.024639355789004058e-01
3.846023995915764937e-01 3.764173007124531067e-01 1.119465374677747344e-01 1.270337622281957624e-01
4.349112733309816736e-01 3.257782024084172057e-01 1.324479873377898131e-01 1.068625369228111549e-01
4.255693952703892835e-01 3.789687350840490465e-01 9.933032248959447474e-02 9.613154715596726463e-02
3.912061228994996309e-01 3.560387063555568998e-01 1.330712316415657293e-01 1.196839391033777539e-01
4.248393506361743399e-01 3.110284020229379109e-01 1.568746935114292140e-01 1.072575538294587294e-01
3.978695561001826531e-01 3.017133338106129381e-01 1.699091670271411503e-01 1.305079430620632586e-01
4.227049809990045537e-01 3.491473879213827791e-01 1.156781462897719798e-01 1.124694847898407013e-01
3.997323072426828272e-01 3.598849814263399005e-01 1.520290047339887818e-01 8.835370659698836560e-02
4.118366075242076985e-01 3.301470462857181709e-01 1.243589158033534953e-01 1.336574303867206492e-01
3.769651539606304613e-01 3.955469145998832259e-01 1.197532149943762447e-01 1.077347164451099570e-01
4.334511780595346475e-01 3.230881240315079395e-01 1.331220789805230287e-01 1.103386189284341901e-01
4.078110537761503451e-01 3.576009447156873189e-01 1.184129438260621420e-01 1.161750576821000275e-01
3.988332632997443894e-01 3.554028690176116445e-01 1.408212269122697535e-01 1.049426407703742264e-01
4.187008912137399896e-01 3.532226284378424674e-01 1.249473372397005705e-01 1.031291431087169030e-01
3.518727219213450552e-01 3.683104936946486885e-01 1.585410691687038909e-01 1.212757152153023515e-01
3.849863097385670674e-01 4.288753199232371305e-01 9.584506711889542729e-02 9.029330321930029157e-02
3.573406290587235468e-01 3.796101974987120542e-01 1.490014034902636397e-01 1.140477699523007454e-01
3.970375132725237344e-01 3.502044959116981659e-01 1.336141678422246570e-01 1.191438229735534704e-01
4.339497833257298098e-01 3.460521465032514454e-01 1.036216470431049336e-01 1.163764231279139222e-01
3.775832614828680822e-01 4.178136344460283147e-01 8.466548707278033492e-02 1.199376169983231849e-01
4.102002763838965560e-01 3.723265436500203807e-01 9.841001072362688673e-02 1.190631692424560795e-01
4.094108911214421331e-01 3.363042098812317748e-01 1.068605784467680925e-01 1.474243205505580689e-01
4.275948751713298246e-01 3.298059126256695506e-01 1.688087014711784073e-01 7.379051073182227305e-02
4.002458210478063161e-01 3.676707209773518170e-01 1.440946812433075985e-01 8.798877673153431000e-02
3.796793779938107405e-01 3.843754055604744480e-01 1.266805861680961875e-01 1.092646302776185546e-01
3.666892687183095911e-01 4.250432513914705890e-01 8.993008095149462866e-02 1.183373989387251357e-01
4.172597338432693093e-01 3.083066560233298503e-01 1.343204464777645879e-01 1.401131636556361693e-01
4.011427329733503466e-01 3.618610755013935698e-01 1.300184620192529339e-01 1.069777295060030664e-01
3.833203166954323171e-01 3.661403288354031504e-01 1.381868677098605225e-01 1.123524867593039406e-01
3.892893105737706971e-01 3.547168219103758457e-01 1.252770586434884537e-01 1.307168088723650312e-01
3.909021965012726696e-01 3.449846274597945794e-01 1.668794007031452475e-01 9.723377533578755894e-02
3.443292761323876183e-01 3.722805463486369981e-01 1.306698499455978268e-01 1.527203275733776677e-01
4.871848002966037705e-01 3.230631627165180819e-01 9.209611353606689255e-02 9.765592345081149095e-02
3.884898947860145335e-01 3.778464179958579416e-01 1.373133477242883815e-01 9.635033949383926821e-02
4.306669079020560287e-01 3.376778221472681585e-01 1.080295776109278794e-01 1.236256923397478363e-01
4.387867091157418575e-01 3.685946858080424438e-01 1.065861865841028489e-01 8.603241849211272496e-02
3.908098872307514959e-01 3.940472191444401862e-01 1.043444179969660601e-01 1.107984756278422578e-01
4.002157156151459061e-01 3.552930621550909884e-01 1.511995057639222428e-01 9.329171646584072386e-02
3.837912092546886811e-01 3.666791471022857740e-01 1.321323500345912838e-01 1.173972936084340390e-01
4.396116444243748367e-01 3.235943947849395097e-01 1.000165326727866233e-01 1.367774281178990581e-01
4.002467532722154275e-01 3.408609439858850676e-01 1.505567308065092202e-01 1.083355719353902291e-01
3.624968990307724792e-01 3.699028050400634537e-01 1.509974918288255474e-01 1.166028041003384919e-01
3.758562901556127267e-01 3.404507272476880453e-01 1.555004377099261925e-01 1.281925448867730633e-01
4.142549875794164227e-01 3.285247534828996119e-01 1.257207030427960892e-01 1.314995558948879317e-01
4.075564153996074634e-01 3.262793608021218872e-01 1.309312776760589714e-01 1.352329461222116502e-01
4.417819938263766177e-01 3.039537013564140300e-01 1.033800693151018663e-01 1.508842355021075277e-01
3.966448226955177625e-01 3.534046619336554951e-01 1.429666867212977255e-01 1.069838286495288365e-01
4.073202703514163803e-01 3.041777004715723320e-01 1.617780285613136526e-01 1.267240006156976906e-01
3.971615246101392604e-01 3.271671078045216285e-01 1.484749002841098953e-01 1.271964673012292157e-01
3.880385737367531007e-01 3.523268790027046515e-01 1.302220378904117848e-01 1.294125093701305462e-01
3.996753826519151009e-01 3.530600109136793341e-01 1.087156403019553380e-01 1.385489661324501853e-01
4.244195636817441053e-01 3.195458785164719817e-01 1.252754770707296128e-01 1.307590807310544112e-01
