1.047783383542049002e-01 6.304613745810864200e-01 1.279793056439633425e-01 1.367809814207453789e-01
8.212727648600953723e-02 5.334354315977900551e-01 2.016884753371282479e-01 1.827488165790721597e-01
1.529923548217663465e-01 5.603527467107002336e-01 1.503856312900239411e-01 1.362692671775093400e-01
1.105278434007676835e-01 5.981156542016913269e-01 1.425896329695487685e-01 1.487668694279921655e-01
1.370732370780748666e-01 6.430507542564950496e-01 9.683025466762859579e-02 1.230457539978016129e-01
8.828465532448007136e-02 6.298614857802857792e-01 1.389742533811765823e-01 1.428796055140575394e-01
1.012000413293731305e-01 6.563219774939582640e-01 1.383738081038195511e-01 1.041041730728489850e-01
1.045774884434938212e-01 5.579885895664005169e-01 1.860396328545521616e-01 1.513942891355536113e-01
1.674384671870692287e-01 5.051269106190070524e-01 1.772121491204463051e-01 1.502224730734774971e-01
1.945924450314984455e-01 5.803132995854382026e-01 9.855489158354505119e-02 1.265393637995184395e-01
1.329166005103935011e-01 6.110237266086389063e-01 1.649367586745059400e-01 9.112291420646155549e-02
1.152379377757808410e-01 6.139266675024429576e-01 1.391214022717436327e-01 1.317139924500326520e-01
1.077143081238946115e-01 6.392938628582316429e-01 9.610843835663256118e-02 1.568833906612410733e-01
1.525376022011067645e-01 5.954458210177060451e-01 1.235331649758977246e-01 1.284834118052896601e-01
1.295187469050095297e-01 6.144517114398869717e-01 1.259746068596346580e-01 1.300549347954687018e-01
1.368477595140231706e-01 6.489534397281798705e-01 1.080271660973194242e-01 1.061716346604775207e-01
1.115658386853199541e-01 5.936699973854898671e-01 1.425205720316687352e-01 1.522435918975214020e-01
8.584963695893653435e-02 6.307982770128058858e-01 1.342407711180324259e-01 1.491113149102251956e-01
1.340915200736274571e-01 5.758958230856532357e-01 1.137998174085693287e-01 1.762128394321499647e-01
1.527968691095853704e-01 5.828770146835164923e-01 1.388156048059026870e-01 1.255105114009955614e-01
1.218980898319638184e-01 6.071228292863012355e-01 1.357159350534467013e-01 1.352631458282882448e-01
1.014407346661743287e-01 6.707845156719575153e-01 9.906880563308004262e-02 1.287059440287880163e-01
1.117776481278243417e-01 6.570979069502917991e-01 1.125806497314690430e-01 1.185437951904146636e-01
1.584673600695900020e-01 5.788032397530454842e-01 1.135187676170475723e-01 1.492106325603169414e-01
9.811252267645158287e-02 6.290083343403862770e-01 1.152190292591798587e-01 1.576601137239822537e-01
1.390251226728149159e-01 5.826991472725077115e-01 1.327065125191314865e-01 1.455692175355459972e-01
1.113608229308040154e-01 6.204046592399771187e-01 1.170428684425140614e-01 1.511916493867047906e-01
1.085562657635509021e-01 6.970604157490173369e-01 8.704714534208150833e-02 1.073361731453504053e-01
1.383041360895022887e-01 5.613958776254119876e-01 1.916383346827802425e-01 1.086616516023053564e-01
1.337411350998201076e-01 6.404384995464712516e-01 8.760426499552717572e-02 1.382161003581815761e-01
1.348032365628776263e-01 5.845290632552683219e-01 1.671801932659181811e-01 1.134875069159358429e-01
9.808910768336498442e-02 6.449050307589423436e-01 1.013002043379755968e-01 1.557056572197169919e-01
1.124369878757519314e-01 6.206486987102305397e-01 1.445372612489594366e-01 1.223770521650581200e-01
1.004939517017698070e-01 6.059415697562762215e-01 1.836966696390908982e-01 1.098678089028629207e-01
1.026107591270966901e-01 6.251302218510987885e-01 1.650909872648916032e-01 1.071680317569129876e-01
9.371835030648684173e-02 6.104808508645201970e-01 1.625102163411630274e-01 1.332905824878298784e-01
1.806051560632979947e-01 5.654691289371385210e-01 1.646680492394665130e-01 8.925766576009683262e-02
1.332241766166993024e-01 6.194488972460320264e-01 1.238949527818696134e-01 1.234319733553990023e-01
1.265786437314887769e-01 6.322265278732337457e-01 1.267903749621870635e-01 1.144044534330903445e-01
1.282657448360345342e-01 6.041384676025607359e-01 1.496709029776849831e-01 1.179248845837195109e-01
1.324023902128075580e-01 6.029140716347858309e-01 1.166902232488724184e-01 1.479933149035341511e-01
1.384975522176760954e-01 5.885883340060041879e-01 1.507267442643865085e-01 1.221873695119332498e-01
1.500470187399801092e-01 5.748941939105775001e-01 1.063656136646783240e-01 1.686931736847640806e-01
1.197128361027865878e-01 6.255959719509255335e-01 1.348450621495384805e-01 1.198461297967493705e-01
9.541703124995799812e-02 6.874345725562340803e-01 1.331217436587397163e-01 8.402665253506821919e-02
1.127965805184500264e-01 6.206667737418991582e-01 1.320894215673611150e-01 1.344472241722896866e-01
1.795799754276227733e-01 5.652149399115419248e-01 1.460983612547478439e-01 1.091067234060874719e-01
1.549965688634756256e-01 5.996129992902168304e-01 1.002980038776625227e-01 1.450924279686449936e-01
1.142176494345789051e-01 5.935522161774382521e-01 1.437398118723345886e-01 1.484903225156483098e-01
1.155522370953974143e-01 6.296006614521783007e-01 1.170159420261312894e-01 1.378311594262930928e-01
1.237128622318621751e-01 6.306310152738984209e-01 1.128181743876098958e-01 1.328379481066293277e-01
9.606161326074486029e-02 6.174685038299461137e-01 1.413909636720926399e-01 1.450789192372164416e-01
1.170277888468770067e-01 6.544459417650100308e-01 1.158529067824408954e-01 1.126733626056720117e-01
1.056174830499147510e-01 5.869122402396877991e-01 1.746777693343431470e-01 1.327925073760542751e-01
9.878793247898214058e-02 6.319331077812752051e-01 1.315618347646834163e-01 1.377171249750594184e-01
1.287225490212708934e-01 5.958751050601913679e-01 1.149198160286122733e-01 1.604825298899255348e-01
1.270442498842390688e-01 5.570246265160190280e-01 1.475612030452398693e-01 1.683699205545020339e-01
1.052545454098712113e-01 6.659796523078098662e-01 1.337440190011286445e-01 9.502178328119027795e-02
1.063510050089781500e-01 6.103676221675931046e-01 1.803967509879588482e-01 1.028846218354699388e-01
9.886402493961980731e-02 6.375934626854894427e-01 1.014453595623657639e-01 1.620971528125250138e-01
1.385484223996346631e-01 6.089584859516472548e-01 1.201426618299212268e-01 1.323504298187969663e-01
9.426439792479016089e-02 6.380503853104309009e-01 1.523072496745047355e-01 1.153779670902742721e-01
9.453314734421879029e-02 6.416293584688077534e-01 1.457423167031750566e-01 1.180951774837984275e-01
1.342151358416503182e-01 5.804062049597159545e-01 1.636347516856507534e-01 1.217439075129829185e-01
8.868074243536600010e-02 6.549299758312577824e-01 1.560470507751941793e-01 1.003422309581821353e-01
1.202812440577246955e-01 6.316466400695455174e-01 1.465317336192335229e-01 1.015403822534964029e-01
1.311788856014193261e-01 6.558772758120987589e-01 1.250671205163067790e-01 8.787671807017510828e-02
1.184742097065289573e-01 6.527136947147640367e-01 1.383843552817773659e-01 9.042774029692959847e-02
1.112076432438398182e-01 6.021316072301005073e-01 1.639515088972844647e-01 1.227092406287751958e-01
1.004519549498347625e-01 6.833431360078970895e-01 1.183237857817986544e-01 9.788112326046941036e-02
1.133196791733662862e-01 6.609457300909695743e-01 9.578393520965944319e-02 1.299506555260045437e-01
8.692746687450839116e-02 6.326919124192457167e-01 1.346662919091099198e-01 1.457143287971359724e-01
1.078383169023123395e-01 6.253883442353397326e-01 1.435519213015610807e-01 1.232214175607868889e-01
1.379774945542543152e-01 6.244867225011501155e-01 1.289735538282665572e-01 1.085622291163288733e-01
1.164525986292170856e-01 6.269060064552557376e-01 1.260642568123394036e-01 1.305771381031878287e-01
1.581782890760466131e-01 6.115126021223594721e-01 1.089162249464696308e-01 1.213928838551242562e-01
9.937664387944850075e-02 6.589011565390344716e-01 1.006240596147288807e-01 1.410981399667881886e-01
1.110912031696001667e-01 5.712134444159944202e-01 1.674236445256017114e-01 1.502717078888036184e-01
1.385021607095846541e-01 5.910833508644732781e-01 1.157677373811043520e-01 1.546467510448375771e-01
1.486934199591998240e-01 5.626027626947702753e-01 1.293788984811209408e-01 1.593249188649088488e-01
1.241340006209875335e-01 5.525677239151663978e-01 1.565863591333207239e-01 1.667119163305253449e-01
9.332592951548986104e-02 6.393940923143438537e-01 1.714203527887871170e-01 9.585962538137911271e-02
1.351593365619173093e-01 6.318031684963496541e-01 1.288587223770792656e-01 1.041787725646538126e-01
1.357134162375795983e-01 6.061505341785760059e-01 1.444620742770053590e-01 1.136739753068390646e-01
1.296180309480007842e-01 5.582278988502024086e-01 1.806513308943626106e-01 1.315027393074342799e-01
7.315744844346112885e-02 5.929111667269361119e-01 1.712485724903127782e-01 1.626828123392900227e-01
8.515941697822207446e-02 5.972256049391103661e-01 1.984133366681240518e-01 1.192016414145433967e-01
1.303566389543894810e-01 6.278278802984426088e-01 1.352372847876434081e-01 1.065781959595244743e-01
1.146943323276053556e-01 6.343014708610157371e-01 1.378763352580960333e-01 1.131278615532829573e-01
9.695888435318311682e-02 6.818339936711590443e-01 1.254306505394229831e-01 9.577647143623488346e-02
9.858834654546637377e-02 6.276487454205151861e-01 1.110999754038775461e-01 1.626629326301408662e-01
1.096420375160456345e-01 6.224831480637178505e-01 1.463086673377602398e-01 1.215661470824762752e-01
1.307270717467414189e-01 5.919409424244694851e-01 1.592572931708242656e-01 1.180746926579649414e-01
1.401268587978790059e-01 6.573924887535316230e-01 1.213238726026276693e-01 8.115677984596149364e-02
1.413440646499344311e-01 5.995575487713599161e-01 1.050635610666133535e-01 1.540348255120921606e-01
9.264802345842639009e-02 6.176492422186207198e-01 1.149856196518517643e-01 1.747171146711012368e-01
1.393014541260785555e-01 5.945660335671854035e-01 1.286824621772884314e-01 1.374500501294474708e-01
1.336114899585109650e-01 5.818808831743693677e-01 1.477909118214916218e-01 1.367167150456280456e-01
1.410640141981973350e-01 5.453266597200819854e-01 1.425879382929258476e-01 1.710213877887949430e-01
1.206035367390461965e-01 6.187338969500163488e-01 1.072646517962494300e-01 1.533979145146878720e-01
1.251153263914212554e-01 6.060091471373351135e-01 1.500017102489564769e-01 1.188738162222871403e-01
1.195148760457573067e-01 6.090757436378271272e-01 1.121888374935696708e-01 1.592205428228458675e-01
1.221003141297114652e-01 6.665076857876061078e-01 1.020779315040846597e-01 1.093140685785977673e-01
1.518613770788194706e-01 5.596981496537830614e-01 1.377269574244273098e-01 1.507135158429701027e-01
9.817896537827756898e-02 6.851838797239547807e-01 1.205681768622985234e-01 9.606897803546911307e-02
1.512914734600834532e-01 6.057132320218998611e-01 1.434648197793473579e-01 9.953047473866935557e-02
1.510899461401489785e-01 6.143077014316090656e-01 1.316843666273551927e-01 1.029179858008867354e-01
1.027160974652737979e-01 6.495135340135002044e-01 1.216838537277239313e-01 1.260865147935019970e-01
1.113369193321166045e-01 6.163939172630147345e-01 1.374685789850641493e-01 1.348005844198044145e-01
1.505654523711878467e-01 5.815798389581720018e-01 1.146607631173685443e-01 1.531939455532715377e-01
1.332150700432023493e-01 5.930699486354591432e-01 1.462266107648083902e-01 1.274883705565301451e-01
1.337147392333036811e-01 5.689715415539561283e-01 1.363641608102760805e-01 1.609495584024640547e-01
8.086587441015695432e-02 6.563320736731703686e-01 1.100316348499751073e-01 1.527704170666974726e-01
1.560240658369212996e-01 6.017370859531627758e-01 1.314369248500367737e-01 1.108019233598791370e-01
1.367099118611209141e-01 6.342236993739199802e-01 1.330739166230665294e-01 9.599247214189279842e-02
1.179221700259761030e-01 5.748456054583568342e-01 1.774286857266029749e-01 1.298035387890640602e-01
1.076178526800640328e-01 6.668785489707099723e-01 9.864271117923750776e-02 1.268608871699884455e-01
1.099805766698438297e-01 6.452079614148263920e-01 1.228128208982999653e-01 1.219986410170297714e-01
1.161721237975898852e-01 6.062664986561804303e-01 1.427863251269929357e-01 1.347750524192367350e-01
1.122814023325819921e-01 6.220325840396322414e-01 9.895281876441459901e-02 1.667331948633710703e-01
1.388072236778503665e-01 5.715198933633207634e-01 1.293748206081663243e-01 1.602980623506625457e-01
9.171423636203908381e-02 6.446623000713063156e-01 1.336324847786382886e-01 1.299909787880162704e-01
1.019912237333501503e-01 6.089309899641890400e-01 1.794700357081582542e-01 1.096077505943024999e-01
1.540212933966506048e-01 6.366893774990783905e-01 1.042943978010567180e-01 1.049949313032143144e-01
1.071862420604764582e-01 6.631531159323674762e-01 1.290389840163064794e-01 1.006216579908495307e-01
1.531963416540180201e-01 6.048110582910178890e-01 1.164358248760238995e-01 1.255567751789402609e-01
9.923105488500343074e-02 6.344202663972305922e-01 1.272614235692074436e-01 1.390872551485584085e-01
8.991076042749748809e-02 6.486753513955242356e-01 1.270724450201695943e-01 1.343414431568088208e-01
1.098264475740666490e-01 6.516541436107443630e-01 1.424534835181554548e-01 9.606592529703365801e-02
1.177658329738264509e-01 6.616201987167591447e-01 1.251703433632260776e-01 9.544362494618841009e-02
8.198203398475158166e-02 6.374254804589245538e-01 1.344337410536939614e-01 1.461587445026299725e-01
9.897025498948282263e-02 6.363922071899216215e-01 1.331141572111753379e-01 1.315233806094202318e-01
1.332845974140465517e-01 6.115521942834781788e-01 1.194477694022540448e-01 1.357154389002212247e-01
1.265494927320852392e-01 6.049835280302986451e-01 1.246443578359470172e-01 1.438226214016690985e-01
1.474610742604055558e-01 6.346373643213384375e-01 1.181402735726969910e-01 9.976128784555908513e-02
1.420972998409275601e-01 6.517851709346501599e-01 1.091120178485393000e-01 9.700551137588295236e-02
8.719996488306540339e-02 6.334204417408682009e-01 1.370088406548752025e-01 1.423707527211911239e-01
1.618684118876930755e-01 5.669567105781019301e-01 1.464851995176874866e-01 1.246896780165175633e-01
9.318158101210163857e-02 6.728559223948354928e-01 1.239748677269888882e-01 1.099876288660738693e-01
1.060455784347630048e-01 6.417067957002243750e-01 1.455404582786754275e-01 1.067071675863372343e-01
1.529914802588263900e-01 5.841532789594261477e-01 1.469560940635948054e-01 1.158991467181525875e-01
1.051833045819925705e-01 6.218214147497499455e-01 1.093979388624822385e-01 1.635973418057750928e-01
1.157580063514703356e-01 6.090212674264955384e-01 1.586916507734397186e-01 1.165290754485944352e-01
1.209339263639321038e-01 6.219130039482900774e-01 1.488287645357235789e-01 1.083243051520542399e-01
1.202356724228296619e-01 5.902789317865752006e-01 1.387020998458821097e-01 1.507832959447128751e-01
1.055554491403368766e-01 6.445476071664576478e-01 1.230922083940156342e-01 1.268047352991896748e-01
8.309128606489182833e-02 6.089559610185915073e-01 1.785201696404982996e-01 1.294325832760182260e-01
1.269330722937578038e-01 6.126585190166061734e-01 1.310223138960729672e-01 1.293860947935629724e-01
1.539579626750567087e-01 6.045645407212042466e-01 1.291406086158711219e-01 1.123368879878679644e-01
1.020256982735390228e-01 6.627866447386997484e-01 1.308797985281929532e-01 1.043078584595682340e-01
1.194703617450421085e-01 6.088716162270281229e-01 1.206825567665932852e-01 1.509754652613364001e-01
1.370919158542447391e-01 5.877104430422058767e-01 1.211785866654487842e-01 1.540190544381005722e-01
1.281570018175588188e-01 6.239376262507700943e-01 1.147278140642909033e-01 1.331775578673802252e-01
1.251976581481472062e-01 6.080650497325331694e-01 1.154846631804096330e-01 1.512526289389100886e-01
9.572210589966741179e-02 6.959633018391856440e-01 1.249877335806864470e-01 8.332685868046069144e-02
1.247639259937237538e-01 6.150825060042774961e-01 1.405681110568597070e-01 1.195854569451390848e-01
1.507660717812940032e-01 5.662903845840530082e-01 1.617949163670613089e-01 1.211486272675916104e-01
1.073970480335892513e-01 5.971909604095120283e-01 1.869431665719252511e-01 1.084688249849735386e-01
1.087952585557403484e-01 5.770053852098201430e-01 1.596945360445600481e-01 1.545048201898793216e-01
1.495236887434907846e-01 5.376478625115455046e-01 1.745196099965996006e-01 1.383088387483639159e-01
1.129128415301144245e-01 5.998692309095819963e-01 1.548464236700578256e-01 1.323715038902458785e-01
1.508440725253047121e-01 5.871614869737774578e-01 1.182623084139923508e-01 1.437321320869255903e-01
1.058934588758169842e-01 6.462899344320256478e-01 1.192928319473987725e-01 1.285237747447584844e-01
1.067083695161370888e-01 6.165825529410742245e-01 1.352321433523108185e-01 1.414769341904779376e-01
1.258125705902292113e-01 6.466583825725287227e-01 1.248679223810103267e-01 1.026611244562316977e-01
1.514787763195090953e-01 5.903742624738670397e-01 1.511301111967829625e-01 1.070168500098409720e-01
1.495096274778396350e-01 6.097252145975947668e-01 1.255124097667840166e-01 1.152527481577815122e-01
9.492632136284409605e-02 6.836266110604189983e-01 1.343161527396596888e-01 8.713091483707739726e-02
9.906564573551734920e-02 6.610874376597939417e-01 1.367753499882600199e-01 1.030715666164286892e-01
1.526494253383004207e-01 6.003055672213704064e-01 1.334824657541705817e-01 1.135625416861585774e-01
8.448815565129540184e-02 6.185500563560062393e-01 1.462863910418409907e-01 1.506753969508574376e-01
1.105914996949487750e-01 5.817494389342235950e-01 1.517361485873626459e-01 1.559229127834650119e-01
1.141961823177228136e-01 6.119602484248247709e-01 1.322570249292245315e-01 1.415865443282278424e-01
1.008934818880267426e-01 6.705491877664636613e-01 1.266630501018478905e-01 1.018942802436618167e-01
9.636858207191534298e-02 6.458888361496115671e-01 1.149902187600782139e-01 1.427523630183948622e-01
1.073164853316408290e-01 6.341193088747881790e-01 1.418823048553957411e-01 1.166819009381752231e-01
1.259925411274967766e-01 6.206351485103153154e-01 1.260935555198003655e-01 1.272787548423874593e-01
1.257396239016238537e-01 6.000138337350164885e-01 1.209454040117853846e-01 1.533011383515742454e-01
1.535604726150150146e-01 5.664573632268632419e-01 1.242080194999349851e-01 1.557741446581868694e-01
1.105048400404436554e-01 6.243723928165224590e-01 1.521973589786541348e-01 1.129254081643798063e-01
1.009142626265358555e-01 6.557148656235778361e-01 1.354670328464351869e-01 1.079038389034510381e-01
1.065942146304395960e-01 5.966785782234410584e-01 1.634426481579376866e-01 1.332845589881817006e-01
1.153497135458161488e-01 6.375641702109656750e-01 1.248399670315309823e-01 1.222461492116870552e-01
1.597083520095041453e-01 5.992989848316542245e-01 1.362365490745433561e-01 1.047561140842984406e-01
1.239134860500397950e-01 6.277894460015186473e-01 1.518229513932083385e-01 9.647411655523321916e-02
1.219634969651994250e-01 6.491792246997720728e-01 1.164902516870431198e-01 1.123670266479854241e-01
1.270951684920023916e-01 5.940270923427937166e-01 1.680628455151913780e-01 1.108148936500124582e-01
8.633584030926176600e-02 6.754276798938282367e-01 1.304189062417968892e-01 1.078175735551131498e-01
1.425458568188752995e-01 5.634497462295843251e-01 1.486222941067748549e-01 1.453821028447655483e-01
1.115899996961567942e-01 6.187551750552997554e-01 1.223397804767984570e-01 1.473150447717448686e-01
1.193466400877187389e-01 6.362212713693088384e-01 1.235217570224749206e-01 1.209103315204975715e-01
1.102918080140099094e-01 6.110240417251215916e-01 1.864537068953236731e-01 9.223044336554479805e-02
1.149815980568149737e-01 6.070044127598273054e-01 1.442041285471535872e-01 1.338098606362041754e-01
1.485657853066902900e-01 6.028540430854921750e-01 1.185291385495484684e-01 1.300510330582689833e-01
1.270607269578702125e-01 6.460045946457136923e-01 1.257676784888726862e-01 1.011669999075433257e-01
1.084574376792407507e-01 6.766218528492222717e-01 1.223592608681933480e-01 9.256144860334367119e-02
6.875375058567217978e-02 6.141229812908042263e-01 1.581474056379857662e-01 1.589758624855379388e-01
6.729189566180474036e-02 6.520745515815689064e-01 1.643029363495139561e-01 1.163306164071123278e-01
1.296953426926742980e-01 6.180505086638656831e-01 1.142180338808666817e-01 1.380361147625933649e-01
1.224385519845815895e-01 6.224487252292426609e-01 1.537064781986601514e-01 1.014062445875156399e-01
1.211371478008923253e-01 6.209878820537562127e-01 1.496170949811123085e-01 1.082578751642390980e-01
1.292714305810537534e-01 6.050803289387095552e-01 1.700711970811982221e-01 9.557704339903855262e-02
1.273491461734298780e-01 6.250319611783720086e-01 1.276676078496198630e-01 1.199512847985784447e-01
9.666665070889375599e-02 6.390432117352412567e-01 1.286237020832773081e-01 1.356664354725877486e-01
1.146393503508456313e-01 7.060464120284127842e-01 8.031872865402521489e-02 9.899550896671634181e-02
1.106257329745917867e-01 6.324691537716083944e-01 1.475003454999674890e-01 1.094047677538323160e-01
1.139610300620143013e-01 6.281783494159455250e-01 1.711282259200277989e-01 8.673239460201227768e-02
1.053293840078729643e-01 6.143088647889689558e-01 1.637976170639081630e-01 1.165641341392499447e-01
1.190160075169460485e-01 6.583358058414643388e-01 1.125881036251573097e-01 1.100600830164322474e-01
1.420026976019121145e-01 6.286887892532568856e-01 1.293331494343303023e-01 9.997536371050068371e-02
1.200326700198257879e-01 6.217178077009842818e-01 1.298617470505144811e-01 1.283877752286753660e-01
1.658539106855446144e-01 6.116563214392649606e-01 1.086030762192948529e-01 1.138866916558955167e-01
9.229543242807337899e-02 6.552127565424090694e-01 1.385392292072331333e-01 1.139525818222843628e-01
1.105774881649004004e-01 5.908147003165273858e-01 1.447928404722754470e-01 1.538149710462966835e-01
1.099368008414040310e-01 6.273407962163535245e-01 1.607548592294769096e-01 1.019675437127656042e-01
1.334401075205114140e-01 5.789783703495590128e-01 1.471148836812842253e-01 1.404666384486452646e-01
1.283531888924160647e-01 6.634303838624555638e-01 1.188830244470306108e-01 8.933340279809783013e-02
8.213006089842761481e-02 6.387145502013822362e-01 1.520480921029406796e-01 1.271072967972495249e-01
1.203772486520541807e-01 6.092026271939725568e-01 1.505703324907921026e-01 1.198497916631812432e-01
1.164224346160991908e-01 6.330860496504789880e-01 1.317362342209252579e-01 1.187552815124966465e-01
1.288709616220643783e-01 6.461261945043810240e-01 1.250294685756368762e-01 9.997337529791772148e-02
1.650407831220266075e-01 5.668330153523771786e-01 1.216283269092528901e-01 1.464978746163433654e-01
1.312001020741547230e-01 6.005958886129847407e-01 1.411412906523818456e-01 1.270627186604786074e-01
1.169082196244213140e-01 5.972479166658445360e-01 1.475024462927595204e-01 1.383414174169746158e-01
1.166173217990141564e-01 6.219843796378328182e-01 1.603018411972501889e-01 1.010964573659028365e-01
9.364695153847543696e-02 6.561055469301060317e-01 1.133997927232503894e-01 1.368477088081681281e-01
9.106489790095788350e-02 6.175680328662960239e-01 1.355961932608027443e-01 1.557708759719431679e-01
9.984959795594139376e-02 6.362480968380542778e-01 1.536048189210618142e-01 1.102974862849426529e-01
1.181920639547500151e-01 6.280980161995309841e-01 1.153669632189177757e-01 1.383429566268012667e-01
1.450056229603469971e-01 5.527620488010209776e-01 1.913538214172139096e-01 1.108785068214180186e-01
1.242393600477836452e-01 6.195413808271897915e-01 1.293097844341247471e-01 1.269094746909018578e-01
8.983904795122051035e-02 6.199768102847543760e-01 1.369389330924961901e-01 1.532452086715289097e-01
9.745117064658105621e-02 6.616428833798756459e-01 1.335668226312036466e-01 1.073391233423397345e-01
1.393943343218193853e-01 6.697008502638442939e-01 8.039083026904797480e-02 1.105139851452883876e-01
1.288707014324178002e-01 5.907229624318585115e-01 1.248729396826606802e-01 1.555333964530630220e-01
1.356821356721173155e-01 5.772178176314621822e-01 1.392024659783173413e-01 1.478975807181031610e-01
9.846924023513778379e-02 6.265778135506721025e-01 1.634628474888203120e-01 1.114900987253698433e-01
1.176048219106180237e-01 6.196289937976972029e-01 1.696959968313082601e-01 9.307018746037652723e-02
1.066842007362770739e-01 6.079175881822583838e-01 1.453925443892946368e-01 1.400056666921698778e-01
1.252572067343962758e-01 5.810617856265349879e-01 1.495184968596046104e-01 1.441625107794642369e-01
1.136988107674347520e-01 6.277727281406285664e-01 1.315629418169578790e-01 1.269655192749789274e-01
1.126878206902873214e-01 5.985443154489035189e-01 1.614123577864216008e-01 1.273555060743876421e-01
9.759070800573678428e-02 6.446707576230970016e-01 1.273638138961398492e-01 1.303747204750264344e-01
1.484373602381839630e-01 5.982780661859048443e-01 1.500215084622627260e-01 1.032630651136484667e-01
9.662315674715653280e-02 6.895138035299852586e-01 1.130187540552005931e-01 1.008442856676576710e-01
1.108544105952846553e-01 6.291300522087314162e-01 1.069567651545513948e-01 1.530587720414325614e-01
1.481382072467836430e-01 6.318940612713971339e-01 1.062547260709277713e-01 1.137130054108912713e-01
1.269324064279518105e-01 5.927817269999843264e-01 1.226890125757664624e-01 1.575968539962973591e-01
9.928197450755379960e-02 6.229458894940745894e-01 1.407250099691550738e-01 1.370471260292165649e-01
1.347019210977169479e-01 6.346199323451752194e-01 1.021920608000151665e-01 1.284860857570927217e-01
8.536525800159305843e-02 6.046843472286186350e-01 1.630088962558491061e-01 1.469414985139392005e-01
1.308029532677510709e-01 6.100589040176632727e-01 1.081717706164160020e-01 1.509663720981696267e-01
1.185611225359009258e-01 6.332279360428674231e-01 1.356629081132688930e-01 1.125480333079628831e-01
1.117214464173555272e-01 5.885881000123612816e-01 1.216539143485149549e-01 1.780365392217682363e-01
1.139024462701596907e-01 5.961201485467474415e-01 1.494232919172996665e-01 1.405541132657932568e-01
1.088940297530353457e-01 6.048870791030918070e-01 1.427494460604259441e-01 1.434694450834469448e-01
1.106015472864464860e-01 6.509413768264734612e-01 1.310522687917115292e-01 1.074048070953685929e-01
1.063755316649403065e-01 6.381709634093558625e-01 1.326972259963576095e-01 1.227562789293460271e-01
8.706480551988619865e-02 6.755820493000300742e-01 1.264697470011481029e-01 1.108833981789356382e-01
1.504567427772419419e-01 5.743310831818654316e-01 1.197479387523592287e-01 1.554642352885333423e-01
1.116051456400171116e-01 6.397530824298039986e-01 1.524702091251635416e-01 9.617156280501536203e-02
1.449209742790626143e-01 5.982216495142889112e-01 1.256198082066115052e-01 1.312375680000369693e-01
1.224141061077410747e-01 6.330169122392032000e-01 1.355913720085853424e-01 1.089776096444703413e-01
1.230183047063682922e-01 6.303904103463259245e-01 1.418698575470835610e-01 1.047214274002221390e-01
1.245964545977749777e-01 6.117655150147193188e-01 1.555974415858671911e-01 1.080405888016386373e-01
9.386918491024089095e-02 6.278182800344257464e-01 1.193103255253743222e-01 1.590022095299589433e-01
1.192433036372324839e-01 5.856343512036551457e-01 1.570673930285348963e-01 1.380549521305774741e-01
1.034429615587138668e-01 5.608629266416947923e-01 1.756831179499389328e-01 1.600109938496524498e-01
1.128669314735070289e-01 6.660510040394590492e-01 1.184837491286838407e-01 1.025983153583500951e-01
1.088375977996101085e-01 6.159092908428148716e-01 1.421402545359765623e-01 1.331128568215983465e-01
1.015940968520354232e-01 6.247420746858379781e-01 1.184117377079350053e-01 1.552520907541916073e-01
1.057509864339263028e-01 6.154146204539842069e-01 1.182923699354696129e-01 1.605420231766198635e-01
1.245411276259347916e-01 6.499118305229482084e-01 1.047617441662455767e-01 1.207852976848712567e-01
1.656857860144009542e-01 5.586229993942870564e-01 1.379991339335933653e-01 1.376920806577186518e-01
1.337577371767432466e-01 6.575841483605191495e-01 1.135510428719898740e-01 9.510707159074767436e-02
9.888281144358074259e-02 6.657707322161501295e-01 1.071012687399286456e-01 1.282451876003407321e-01
1.329019850863934482e-01 6.353581441363206350e-01 1.046996914816712559e-01 1.270401792956146469e-01
1.253608335210165403e-01 6.266978232450548525e-01 1.363017735434988997e-01 1.116395696904296658e-01
1.014382872991295426e-01 6.608776434795611276e-01 1.230347301535015397e-01 1.146493390678078456e-01
1.324980833986690032e-01 6.093824693161290496e-01 1.187294505748235085e-01 1.393899967103784110e-01
1.530692715197131126e-01 5.844473861537766712e-01 1.487279840272152376e-01 1.137553582992950202e-01
1.395156669358187662e-01 6.219388250011050889e-01 1.352411709004162077e-01 1.033043371626598955e-01
1.276257258855755805e-01 6.378115935088098931e-01 1.044118753182964598e-01 1.301508052873182053e-01
1.193901417695272527e-01 6.093605963908095280e-01 1.531262028097044314e-01 1.181230590299587463e-01
1.126509436266577291e-01 5.967287429604397619e-01 1.588870761274588372e-01 1.317332372854436162e-01
1.260395192811885612e-01 6.223128078678262787e-01 1.452444839451243475e-01 1.064031889058608266e-01
1.151178202943549667e-01 6.165389883071021870e-01 1.288909793931433678e-01 1.394522120053993119e-01
1.008422580553401116e-01 6.357349383767182394e-01 1.481810861400306711e-01 1.152417174279108669e-01
1.179041497115137643e-01 5.900455057465383568e-01 1.250492447329458190e-01 1.670010998090019905e-01
1.160911662057441951e-01 6.282493417926912072e-01 1.332260121117932183e-01 1.224334798897714349e-01
1.337285459035156276e-01 6.160537849811690281e-01 1.094958424105193229e-01 1.407218267047959659e-01
9.952489347937856778e-02 6.401726530247981994e-01 1.063949273481892416e-01 1.539075261476339496e-01
1.567093926501978152e-01 5.569456774829474321e-01 1.483048085789596404e-01 1.380401212878949457e-01
7.466237466539075995e-02 6.319909507071507226e-01 1.558387460517740575e-01 1.375079285756843905e-01
1.423649318478395209e-01 5.603048916902327869e-01 1.327380524610332069e-01 1.645921240008945408e-01
1.101313179387183039e-01 6.198622040740950911e-01 1.180151878522769510e-01 1.519912901349097512e-01
1.671434185290942287e-01 6.100128749964249808e-01 1.312768117693713654e-01 9.156689470510941120e-02
1.321772451108821633e-01 6.215773000319458896e-01 1.381178873831159504e-01 1.081275674740560383e-01
1.139589324771938944e-01 6.285891403768140151e-01 1.438122893766234089e-01 1.136396377693686538e-01
1.256222239889797365e-01 5.773956736870985429e-01 1.528907439786392763e-01 1.440913583452824998e-01
9.325020128889718873e-02 6.550875039579541204e-01 1.272715931568420000e-01 1.243907015963068019e-01
1.471015897163321651e-01 6.129243456422792669e-01 1.145844949818872055e-01 1.253895696595012654e-01
8.649796083098429400e-02 6.796457936738772299e-01 1.264892282662567202e-01 1.073670172288817420e-01
1.267893678707276428e-01 6.210186321518418318e-01 1.147707344663970591e-01 1.374212655110332859e-01
1.469588846857926567e-01 6.098163013246395980e-01 1.144701477679493373e-01 1.287546662216184634e-01
1.141697793973955599e-01 6.173767481551337699e-01 1.777016480693445477e-01 9.075182437812602532e-02
9.381312393360664859e-02 6.090386640117876338e-01 1.500421325336988299e-01 1.471060795209069294e-01
1.170313540615813830e-01 6.118680729887606695e-01 1.190146303596488625e-01 1.520859425900092099e-01
1.224963279428090829e-01 6.261094796560631170e-01 1.420735618613603590e-01 1.093206305397675382e-01
1.415355454575747407e-01 6.248360533227057534e-01 1.350994325761582238e-01 9.852896864356125439e-02
9.323959469548613599e-02 6.483579989308322356e-01 1.183107908356970245e-01 1.400916155379847150e-01
1.340859882414331128e-01 6.199828394080076910e-01 1.282528820653443813e-01 1.176782902852150231e-01
1.322032193966374003e-01 5.692971954485401831e-01 1.544163115198422809e-01 1.440832736349802190e-01
1.172930466899606561e-01 5.966183983046513539e-01 1.481503947690967493e-01 1.379381602362913517e-01
7.952274479544681196e-02 6.211951519312204351e-01 1.394400380685018592e-01 1.598420652048309909e-01
1.049007470902983546e-01 6.691817909931973007e-01 1.274341311911369179e-01 9.848333072536755162e-02
1.341277338648230455e-01 6.257226234505470774e-01 1.157622360981688664e-01 1.243874065864610107e-01
1.357762471964854833e-01 6.049821534084172114e-01 1.544215647630156618e-01 1.048200346320818099e-01
1.404609152351790902e-01 5.776020515957241974e-01 1.677832437855637793e-01 1.141537893835330025e-01
1.102533944409207212e-01 6.343334104931310780e-01 1.526420857822113064e-01 1.027711092837369083e-01
1.050740993913603094e-01 6.414833900944985068e-01 1.321784219915186076e-01 1.212640885226225346e-01
1.122197090907097600e-01 6.383626635657083659e-01 1.117624993095834018e-01 1.376551280339985694e-01
1.164638036271730681e-01 6.505893160048284996e-01 1.380022751347414200e-01 9.494460523325706780e-02
1.317813444637453701e-01 5.573726523305212455e-01 1.435073673886304302e-01 1.673386358171030652e-01
1.274768666762963465e-01 6.021022715525977675e-01 1.301490219087343136e-01 1.402718398623714890e-01
1.093094842871134148e-01 6.514444497161002712e-01 1.111120818362695967e-01 1.281339841605167174e-01
1.454457017799775098e-01 6.318758052623538735e-01 1.037674162596873423e-01 1.189110766979811634e-01
1.334939519255552154e-01 6.410707924929981427e-01 1.480504300235322979e-01 7.738482555791419137e-02
1.096194392165295850e-01 6.007312095951651276e-01 1.665505839958892620e-01 1.230987671924158866e-01
1.214988481619957011e-01 5.941907197246774075e-01 1.241379270250152905e-01 1.601725050883116841e-01
1.254471699574286059e-01 6.062872790374577159e-01 1.402959608263862901e-01 1.279695901787273327e-01
1.179273863151141383e-01 6.268107994595438770e-01 1.403217058706428821e-01 1.149401083546991026e-01
1.613196867853355920e-01 5.861891094035382999e-01 1.042514319075309864e-01 1.482397719035951356e-01
8.067216982094069233e-02 6.390801560019362393e-01 1.544757849372372371e-01 1.257718892398857757e-01
1.326415906385292331e-01 5.686912639032599692e-01 1.366033053975144462e-01 1.620638400606964347e-01
9.587197745930374493e-02 6.268092136060494646e-01 1.410119828493059391e-01 1.363068260853408098e-01
9.120264621627317825e-02 6.789039005811919880e-01 1.015958303994148049e-01 1.282976228031200150e-01
1.158587063986817600e-01 6.005159353722799853e-01 1.512283978416238961e-01 1.323969603874143031e-01
1.356573670376453322e-01 6.611303825964461867e-01 1.124840763885743278e-01 9.072817397733401457e-02
1.322355783800757967e-01 6.434840308975940948e-01 1.221693076329888467e-01 1.021110830893412341e-01
1.365104109423757872e-01 6.137548173212086233e-01 1.384940716461403043e-01 1.112407000902752852e-01
1.076733785876628352e-01 6.662135834345571661e-01 8.631933768434349452e-02 1.397937002934364348e-01
1.310846464026283742e-01 6.489089944892587614e-01 9.911080165200311654e-02 1.208955574561097479e-01
1.276561846002817191e-01 6.398581476334743723e-01 1.221700279970090314e-01 1.103156397692347523e-01
1.435536042833021053e-01 6.329566699221113035e-01 1.220087691388924839e-01 1.014809566556941489e-01
1.373327656189036183e-01 6.270050912811946375e-01 1.040950411587859697e-01 1.315671019411155940e-01
1.362266293093283287e-01 6.105639755421148340e-01 1.077685628953751751e-01 1.454408322531816899e-01
1.341385502068966062e-01 6.002259246604157994e-01 1.504523511860535456e-01 1.151831739466341181e-01
8.604114836736542760e-02 6.669696811612987331e-01 1.308745320754888530e-01 1.161146383958470280e-01
1.022267516465682896e-01 6.240654820447739670e-01 1.221993670266660892e-01 1.515083992819916958e-01
1.196737704645429029e-01 6.614950602237382737e-01 1.268496006334603188e-01 9.198156867825854621e-02
8.460079622274635502e-02 6.344450696594290395e-01 1.129261901567516213e-01 1.680279439610729841e-01
1.108214059849368799e-01 6.444217853737883583e-01 1.359226353532325404e-01 1.088341732880422352e-01
1.030579653859070854e-01 6.582046866991673184e-01 1.261403403617719909e-01 1.125970075531536191e-01
9.564409710644855567e-02 6.149277404260302671e-01 1.402858882396598450e-01 1.491422742278614988e-01
1.317207458486853167e-01 6.098420766128893611e-01 1.521375885498846003e-01 1.062995889885409162e-01
1.114487117416245315e-01 6.158333949501506588e-01 1.344239954555921379e-01 1.382938978526326856e-01
8.901423005117932441e-02 6.505720473696616768e-01 1.489815854362663006e-01 1.114321371428927537e-01
1.159774164230526761e-01 5.845875280830428178e-01 1.706907680869503008e-01 1.287442874069542054e-01
1.340852790513925308e-01 5.857226312568333260e-01 1.617987967527700910e-01 1.183932929390040939e-01
1.606162040535650815e-01 6.054449159593136010e-01 1.265662222660594582e-01 1.073726577210619149e-01
1.465744208135980609e-01 5.834170037245713925e-01 1.507114074002094961e-01 1.192971680616209951e-01
1.225957504835681472e-01 6.529397204894585860e-01 1.373018434473399219e-01 8.716268557963323393e-02
9.890720458858660857e-02 6.479174616478023951e-01 1.454793426604834017e-01 1.076959911031277473e-01
1.313079128380552629e-01 6.126779028040433284e-01 1.240379561169884792e-01 1.319762282409128740e-01
1.035662412215138245e-01 6.319634782458463107e-01 1.253410406650105613e-01 1.391292398676292619e-01
1.180989016282453646e-01 6.086815496415969307e-01 1.653944112837853753e-01 1.078251374463723433e-01
1.375585907121320839e-01 5.409378093996524139e-01 1.782495600877215258e-01 1.432540398004940319e-01
1.104335136201650136e-01 6.255725839808162769e-01 1.453791418160591542e-01 1.186147605829595414e-01
1.070496562084834180e-01 6.209697048457559765e-01 1.584276890677070171e-01 1.135529498780535607e-01
1.196504733844223484e-01 6.215776403280175444e-01 1.516315491661410497e-01 1.071403371214191408e-01
1.080814109474709794e-01 6.360052726077857210e-01 1.284484244150754795e-01 1.274648920296680144e-01
1.045491947037747171e-01 6.227513682696399488e-01 1.200845631611946879e-01 1.526148738653905768e-01
1.175180318201289875e-01 5.956258035925541261e-01 1.878919792118531606e-01 9.896418537546364247e-02
9.613527890811750243e-02 6.487714593840115951e-01 1.376348644333010851e-01 1.174583972745698868e-01
7.456698637265926632e-02 6.199154140014483394e-01 1.573727189138634242e-01 1.481448807120290256e-01
1.078581467116782044e-01 6.353848773135917227e-01 1.125034140244661751e-01 1.442535619502639255e-01
9.524672005114810658e-02 6.021158164446247518e-01 1.642190787948819564e-01 1.384183847093453101e-01
1.157731498773345302e-01 6.253303732312056606e-01 1.421626558563786891e-01 1.167338210350811756e-01
9.092976178402695231e-02 6.674889419891525399e-01 1.301858634323708741e-01 1.113954327944495920e-01
9.307557609129252230e-02 6.488807529362994320e-01 1.285489767160045149e-01 1.294946942564035586e-01
1.638227900402174364e-01 5.756236652153063904e-01 1.247630876714324599e-01 1.357904570730436855e-01
1.152407112099612246e-01 6.246557542495330129e-01 1.369645244892786218e-01 1.231390100512269603e-01
1.272274296253808057e-01 6.439665581957279006e-01 1.308617444331368340e-01 9.794426774575436256e-02
1.338417733543159349e-01 6.055560220486154721e-01 1.137536101882276746e-01 1.468485944088407935e-01
1.315187788398487212e-01 5.838358333534472422e-01 1.492551170607168132e-01 1.353902707459872512e-01
1.010348439220616068e-01 6.106877020207240880e-01 1.655665285075509641e-01 1.227109255496633550e-01
1.100750273068592383e-01 5.938415075785281605e-01 1.812436263749455656e-01 1.148398387396670217e-01
1.265360096486350117e-01 5.866152458281574944e-01 1.473846937517817035e-01 1.394640507714258737e-01
8.405433290781771927e-02 6.024082120685266828e-01 1.453602419477751095e-01 1.681772130758805717e-01
1.195017012521577687e-01 6.023404564314454035e-01 1.503269165137601504e-01 1.278309258026366080e-01
1.043395374286150562e-01 6.261101890725189190e-01 1.333351428262097849e-01 1.362151306726560318e-01
1.219045605194387510e-01 6.107044185460424046e-01 1.104053319637647718e-01 1.569856889707539060e-01
1.016992620711890116e-01 6.482310911025515043e-01 1.193140469983277607e-01 1.307555998279319176e-01
9.898979783675056210e-02 6.435261959887549343e-01 1.301316847377551877e-01 1.273523214367393852e-01
9.986709670012476614e-02 6.279775767352560045e-01 1.557422703575074840e-01 1.164130562071118147e-01
1.130894956103527527e-01 6.626676477437404289e-01 9.425404402298560858e-02 1.299888126229213070e-01
1.284833948914192447e-01 6.114110672533109581e-01 1.199637115909535923e-01 1.401418262643162882e-01
7.846143947097128368e-02 6.683194008312747236e-01 1.325965230042000509e-01 1.206226366935539279e-01
1.365471786181730041e-01 5.593733189091741886e-01 1.413448830389109900e-01 1.627346194337417340e-01
