3.114711688945007717e-01 1.265294031120446083e-01 1.840098168059280115e-01 3.779896111875264975e-01
2.984809384581645908e-01 1.294168680859174581e-01 2.161323301244701678e-01 3.559698633314477556e-01
3.064961526926220925e-01 1.358489786212632999e-01 1.945687398624776354e-01 3.630861288236371109e-01
3.150762540314400728e-01 9.882038874821919006e-02 1.892170609552095706e-01 3.968862962651311665e-01
3.671780520628287192e-01 9.451484894507107548e-02 1.692363998028917627e-01 3.690706991892084843e-01
3.534906292508105952e-01 9.436803036029223213e-02 1.470803606588203249e-01 4.050609797300768200e-01
4.206008044953832292e-01 1.181812015280684219e-01 1.161554723637720082e-01 3.450625216127763961e-01
3.802758827345292247e-01 1.266946288537071919e-01 1.862471241778777542e-01 3.067823642338858292e-01
3.614716264566204540e-01 9.984929219087249064e-02 1.918829132676609928e-01 3.467961680848460904e-01
3.675210298898731742e-01 9.911940517300407705e-02 1.677281346839476772e-01 3.656314302531750160e-01
3.372658273442434851e-01 1.114351775146999596e-01 1.890817409758574486e-01 3.622172541651991762e-01
3.945699043050350241e-01 1.160602767708091704e-01 1.802929664223382189e-01 3.090768525018176560e-01
3.494092690338646001e-01 1.199294936813536383e-01 2.108691731165278083e-01 3.197920641682540643e-01
3.525147862293491752e-01 1.157453401202381826e-01 1.892779104425572068e-01 3.424619632078552689e-01
3.895054807766132332e-01 8.791095006293031533e-02 1.311218642805863088e-01 3.914617048798701426e-01
3.448826365717951870e-01 9.515152790269892913e-02 2.091434332664937057e-01 3.508224022590121227e-01
3.463012847196470512e-01 7.129363132848845486e-02 1.924932347313579040e-01 3.899118492205065345e-01
3.950899559613941237e-01 1.115515892763706829e-01 1.709063574354266202e-01 3.224520973268085178e-01
2.961544638290826703e-01 9.029322153205514290e-02 1.690635447909280276e-01 4.444887698479342841e-01
3.728259836184960596e-01 1.025110893060061923e-01 1.631989600928098749e-01 3.614639669826878454e-01
3.676361833897019427e-01 1.035338032890776722e-01 1.596377219533751390e-01 3.691922913678453155e-01
3.629651303512529958e-01 9.273051433507188690e-02 2.446075818675889912e-01 2.996967734460861954e-01
3.783442955365898808e-01 7.715665394649962039e-02 2.048956289248237694e-01 3.396034215920866739e-01
3.725260921006782744e-01 1.215650071904351009e-01 1.665115143360411665e-01 3.393973863728454998e-01
4.241239342219909059e-01 8.071581586819179255e-02 1.296661539139480623e-01 3.654940959958691282e-01
3.553917094873671467e-01 1.272254011460771383e-01 1.656813113592182640e-01 3.517015780073372566e-01
3.378074207991348943e-01 1.460878585761731796e-01 1.689995827656696759e-01 3.471051378590223058e-01
4.413354244528671644e-01 7.910936648792300796e-02 1.523522391232157436e-01 3.272029699359941812e-01
3.739937035234414120e-01 1.154539725829717700e-01 1.473840943804865244e-01 3.631682295131004046e-01
2.950909052311840863e-01 1.241027187605261844e-01 1.866167513774127096e-01 3.941896246308771445e-01
3.412041189898816218e-01 1.336626741807327712e-01 1.565168972797212621e-01 3.686163095496642894e-01
3.607247524726513999e-01 1.255798009227460654e-01 1.368775565817776096e-01 3.768178900228249528e-01
3.399332231911818547e-01 1.274463546898587374e-01 1.575861299371585367e-01 3.750342921818009545e-01
3.044023338991517225e-01 1.333114468624501947e-01 2.090392163646656309e-01 3.532470028737323409e-01
3.684390613311596119e-01 1.092980792578435306e-01 1.294117906756326042e-01 3.928510687353644060e-01
3.187986283938646359e-01 1.447393963499373215e-01 1.879956916836202363e-01 3.484662835725779728e-01
3.185648849038508756e-01 1.718821519568581313e-01 1.436048042030679539e-01 3.659481589362230114e-01
3.580104917645230422e-01 8.787283477874076321e-02 1.692527260177137394e-01 3.848639474390224691e-01
3.968519510966818653e-01 9.009200864017649635e-02 1.466243765435948088e-01 3.664316637195470516e-01
3.446705578776473877e-01 1.254762615729600461e-01 1.594913406904056030e-01 3.703618398589869631e-01
3.690075224327623582e-01 1.280475353619041912e-01 1.817376936803935528e-01 3.212072485249399811e-01
3.455064942321778854e-01 1.025325910573854499e-01 2.055597643214321091e-01 3.464011503890045973e-01
3.279524698278547534e-01 8.860060576838403590e-02 1.901498311718787249e-01 3.932970932318823332e-01
4.053107426855477313e-01 8.272070614368623453e-02 1.413160096210228089e-01 3.706525415497432530e-01
3.268029308368063934e-01 1.352911770251864210e-01 1.597566805263700151e-01 3.781492116116371149e-01
4.123335594860514930e-01 6.277236247751813436e-02 1.435720220785164647e-01 3.813220559579138524e-01
3.395409712131370883e-01 1.161291124927339991e-01 1.853784068979758837e-01 3.589515093961530567e-01
3.211187731715858251e-01 1.537230527979469852e-01 1.733134763035280579e-01 3.518446977269391596e-01
3.522940522605992331e-01 9.502807996241462163e-02 1.753294812903225530e-01 3.773483864866637449e-01
3.708399495965104542e-01 1.074787633537864218e-01 1.685528507336395143e-01 3.531284363160636652e-01
3.113323053340537050e-01 1.270553316603867666e-01 1.529372085753071542e-01 4.086751544302524297e-01
3.712162024553711248e-01 9.604265076038635829e-02 1.786044770205746368e-01 3.541366697636679217e-01
3.401765797677037684e-01 8.388000471231683852e-02 2.096226897076600704e-01 3.663207258123193366e-01
3.150517442560644699e-01 1.161470170172480554e-01 1.577579979801288779e-01 4.110432407465586802e-01
3.375058592344724606e-01 1.532084761190770361e-01 1.762975680761460218e-01 3.329880965703042595e-01
3.187956559580469307e-01 1.310767639104455373e-01 1.783494776632654488e-01 3.717781024682421109e-01
3.773823346829102698e-01 1.300952251203731369e-01 1.322903375164411754e-01 3.602321026802755566e-01
3.056521580222316126e-01 1.153628148461360997e-01 1.696515839774684065e-01 4.093334431541637009e-01
3.799785238809114118e-01 1.154985358481786933e-01 1.638557394755985608e-01 3.406672007953113757e-01
3.621132510595098664e-01 5.779012474109018055e-02 2.008032305128238659e-01 3.792933936865759970e-01
3.419282170345664951e-01 1.209449970224870802e-01 1.358408425001010889e-01 4.012859434428452388e-01
3.610884253943985600e-01 9.330980431770366512e-02 1.509464500548090837e-01 3.946553202330886356e-01
3.187598475128493036e-01 1.191031361785758885e-01 1.446832915801881114e-01 4.174537247283868213e-01
3.246782019342772663e-01 1.207662142017121576e-01 1.931069244547076735e-01 3.614486594093029859e-01
3.454899141998199474e-01 1.270069233698966071e-01 1.213029342228343910e-01 4.062002282074489434e-01
3.625215685172176738e-01 9.225487042189922660e-02 1.494693353386202239e-01 3.957542257222628757e-01
3.368971061061570293e-01 7.366696415425354194e-02 1.798401786359721255e-01 4.095957511036174004e-01
3.503643323948283372e-01 9.980398477895779941e-02 2.093318400019086867e-01 3.404998428243051212e-01
3.777965874071745334e-01 1.123957008179765488e-01 1.591032523626022266e-01 3.507044594122468717e-01
3.653941825103669272e-01 9.192310262782618646e-02 1.272802644085076762e-01 4.154024504532992657e-01
3.182145807352430023e-01 1.003733309800183271e-01 2.099091455622539848e-01 3.715029427224845748e-01
3.535787611601259872e-01 1.022219812377215820e-01 1.338291615114285960e-01 4.103700960907237238e-01
3.472230930426991602e-01 1.202144169678752983e-01 1.524391469911103025e-01 3.801233429983151835e-01
3.755755427635534272e-01 8.566792055623821678e-02 1.638310924520624545e-01 3.749254442281459987e-01
2.939343941166908114e-01 1.054059974803339267e-01 1.845013282919028275e-01 4.161582801110725316e-01
3.042016469195282236e-01 8.383136081523646921e-02 1.628269508690501910e-01 4.491400413961851301e-01
3.409433201930870960e-01 1.071254945638165923e-01 1.366078876374250961e-01 4.153232976056710490e-01
3.835866601344394278e-01 8.910892045557440577e-02 1.440003254188300386e-01 3.833040939911561140e-01
3.440787995681068301e-01 1.000476676602729542e-01 1.520045115702393090e-01 4.038690212013809067e-01
3.978528418136048073e-01 1.186238774283078640e-01 1.474692356974298679e-01 3.360540450606577245e-01
2.770317267768082070e-01 1.567168106025123020e-01 1.686824934642461860e-01 3.975689691564331940e-01
3.378064757086618464e-01 9.273321257575997678e-02 2.530586834357846926e-01 3.164016282797936230e-01
3.191955924680835999e-01 1.082789675074686125e-01 1.959471514385753843e-01 3.765782885858723894e-01
3.570243134515234673e-01 1.319556161737654165e-01 1.500179357565325222e-01 3.610021346181787050e-01
3.669338912588367974e-01 1.144800698758532409e-01 1.309285120477719500e-01 3.876575268175379563e-01
3.635046943642811779e-01 1.101429692134177768e-01 1.509808794534142906e-01 3.753714569688866853e-01
3.809804058608587951e-01 7.421363567772433500e-02 1.935215860313989900e-01 3.512843724300180326e-01
3.474084299150443367e-01 1.131870122889507835e-01 1.540647784399451492e-01 3.853397793560597862e-01
3.104943940925042334e-01 1.396090614847832201e-01 1.396515873076920322e-01 4.102449571150204588e-01
3.340277653541024461e-01 8.771018496651880603e-02 2.176071338583518422e-01 3.606549158210268224e-01
3.570535234260396873e-01 8.765581231460774225e-02 2.124977009229595815e-01 3.427929633363930306e-01
3.534280605981172108e-01 1.200809002590193381e-01 1.716813684806885176e-01 3.548096706621750029e-01
3.434760586435907093e-01 9.983299040779942957e-02 1.913313197965231804e-01 3.653596311520868611e-01
3.653699494248378588e-01 1.075215105448353303e-01 1.236753333564005741e-01 4.034332066739262368e-01
3.452075307091857503e-01 1.232328842902133265e-01 1.628570770016702085e-01 3.687025079989307841e-01
3.697477355860114279e-01 9.838378697009300677e-02 1.434717986661170064e-01 3.883966787777786145e-01
3.814998670768717237e-01 9.383709849666146963e-02 1.559876780611928748e-01 3.686753563652739318e-01
3.960246361329669007e-01 7.990411638080444079e-02 1.380771992520599400e-01 3.859940482341686629e-01
3.475748507910137453e-01 8.628556685326602138e-02 1.312623485501825671e-01 4.348772338055377218e-01
3.319342553004657748e-01 8.420597491557595127e-02 1.882047531323776945e-01 3.956550166515804823e-01
2.749052259326227876e-01 1.018857386025107808e-01 1.957615149443877600e-01 4.274475205204786299e-01
3.541415368828390031e-01 1.064576884191415357e-01 1.547606766742456452e-01 3.846400980237739131e-01
3.615447469754159426e-01 1.231601484388128581e-01 1.714051135597059738e-01 3.438899910260652115e-01
3.606780497943211095e-01 1.298554395873887657e-01 1.562765265616841148e-01 3.531899840566058435e-01
2.569621288755394861e-01 1.099942233321427043e-01 2.100789065757524832e-01 4.229647412165653542e-01
3.293786095723352791e-01 8.013666162550443783e-02 1.798327595368892917e-01 4.106519692652709774e-01
3.168699586912386845e-01 9.946929476220833788e-02 2.117740193182678921e-01 3.718867272282850300e-01
4.011318901821450678e-01 8.411230627761141776e-02 1.475122346678653107e-01 3.672435688723782454e-01
3.506540144715546425e-01 1.282582091731942486e-01 1.836987340120100065e-01 3.373890423432411301e-01
3.491937333201337590e-01 1.151783786478309257e-01 1.469657911196328715e-01 3.886620969124023883e-01
3.273979742771953583e-01 1.187326470544475127e-01 1.814429294318632702e-01 3.724264492364939838e-01
3.807411798248203638e-01 1.095468517400673830e-01 1.723989885382261056e-01 3.373129798968861892e-01
3.159278773042987765e-01 7.055360331024287945e-02 1.352752230052410576e-01 4.782432963802171755e-01
3.354670294242983464e-01 9.576049830986659017e-02 1.615539154087192175e-01 4.072185568571157210e-01
3.896508319983561508e-01 6.998543958823064126e-02 1.604689446092965044e-01 3.798947838041169534e-01
3.261096049141982700e-01 7.485265452169845291e-02 1.842256780778456504e-01 4.148120624862575712e-01
3.445581046594577423e-01 1.081004275781625168e-01 1.734376321984479052e-01 3.739038355639318079e-01
3.623463224171306063e-01 1.096834251937055665e-01 1.628527606258836635e-01 3.651174917632802330e-01
3.916667362931679497e-01 6.507985225258072770e-02 1.565269607081284098e-01 3.867264507461228851e-01
3.371436328341743671e-01 1.163673328635812937e-01 1.994376081161867986e-01 3.470514261860574989e-01
3.876303497041037605e-01 1.087367244244138165e-01 1.367672274476309513e-01 3.668656984238514718e-01
3.142171565541159173e-01 1.169586994136862096e-01 1.686002093921975253e-01 4.002239346400003894e-01
3.230145583396564213e-01 1.587926440494208113e-01 1.557188777733817808e-01 3.624739198375409588e-01
3.646143827934068549e-01 1.544235419065874693e-01 1.416304991965835758e-01 3.393315761034220723e-01
3.958271823559344482e-01 1.106435080798055803e-01 1.685537235807845480e-01 3.249755859834754235e-01
3.429563609998290130e-01 9.847330699462582271e-02 1.833118539930165547e-01 3.752584780125285957e-01
3.571124151639379352e-01 1.297866103079270694e-01 1.727919232217496603e-01 3.403090513063853906e-01
2.889431835074682819e-01 7.668453222443577522e-02 2.164228907428346615e-01 4.179493935252612258e-01
3.639033031771431448e-01 1.018659969492505674e-01 1.531033878645494672e-01 3.811273120090569178e-01
3.545729017768271540e-01 1.018634172445045533e-01 1.831708244890079551e-01 3.603928564896603515e-01
3.995085519618430392e-01 9.622475156727951229e-02 1.409418058370542348e-01 3.633248906338232831e-01
4.135408672971668809e-01 9.027817021715514589e-02 1.652501465393849123e-01 3.309308159462929222e-01
3.407889871697266648e-01 1.376523717995748464e-01 1.531670277514863565e-01 3.683916132792121600e-01
3.374247142784461695e-01 1.045454481976916539e-01 1.896180086867986225e-01 3.684118288370635819e-01
3.581705801353525231e-01 7.819493021305126690e-02 1.729178106525080527e-01 3.907166789990880740e-01
3.907551155811361809e-01 9.998281393790391103e-02 1.745977079484506145e-01 3.346643625325093074e-01
3.718380933699488855e-01 1.126307185707381281e-01 1.745503603490811406e-01 3.409808277102318597e-01
3.176896873304047020e-01 1.128334566686309409e-01 1.744574502463321353e-01 3.950194057546322357e-01
3.840983966218088352e-01 7.930681467490768854e-02 1.227968866110563245e-01 4.137979020922270545e-01
3.079398763161134700e-01 1.088396499513583360e-01 1.823085821775116966e-01 4.009118915550165529e-01
3.199430635539664558e-01 1.213683683774327976e-01 1.605331484330574654e-01 3.981554196355431285e-01
3.217770657067720030e-01 8.830984050996845691e-02 1.553843294605697922e-01 4.345287643226897756e-01
2.651145394119505672e-01 1.248058831837840360e-01 2.287381880739377260e-01 3.813413893303277402e-01
3.346822031002293363e-01 1.404852195416539939e-01 1.425563644048125356e-01 3.822762129533040509e-01
3.717925399521366248e-01 1.120910622017271541e-01 1.487931336333137011e-01 3.673232642128224645e-01
3.163501418328247827e-01 7.613407753647098708e-02 1.579354722666886368e-01 4.495803083640157460e-01
3.666497538335958817e-01 8.182879468983056404e-02 1.996672486742041286e-01 3.518542028023693979e-01
3.255475175113637931e-01 1.247423819805369705e-01 2.108393184519655461e-01 3.388707820561337458e-01
3.314355085506122123e-01 9.580316635720580176e-02 2.048966040067640715e-01 3.678647210854178451e-01
2.928247619715397820e-01 1.072587037434242913e-01 1.988751483747380477e-01 4.010413859102978651e-01
3.392059385721371556e-01 1.156690767212051885e-01 1.505785683690769317e-01 3.945464163375807520e-01
3.618178774939573850e-01 1.129455572248738993e-01 1.649539141974608325e-01 3.602826510837077723e-01
2.790160293849781037e-01 1.111024271852208423e-01 1.708252771591604047e-01 4.390562662706407049e-01
2.668182853160499524e-01 1.504655615695550674e-01 1.981280726425670990e-01 3.845880804718278534e-01
3.493993168648393266e-01 1.463307211255910345e-01 1.751064562366836941e-01 3.291635057728858893e-01
3.554929770980073678e-01 1.097384189627565731e-01 1.638003645631770089e-01 3.709682393760589947e-01
3.542743813962952459e-01 9.527213817745718016e-02 1.458547499283643634e-01 4.045987304978831411e-01
3.317627224438502997e-01 1.123072137118465152e-01 1.548412453454336146e-01 4.010888184988694039e-01
3.693758753467767386e-01 1.360600209100681079e-01 1.956368628543660448e-01 2.989272408887890253e-01
3.745739783422367686e-01 7.562404647786556688e-02 1.694237334492570968e-01 3.803782417306405539e-01
3.875942378772467833e-01 8.973466539108745921e-02 1.487354715955868933e-01 3.739356251360787531e-01
3.493589084666134936e-01 1.065672363397894146e-01 1.902845303441378921e-01 3.537893248494591858e-01
3.451658562819330256e-01 1.091556413946950521e-01 1.600455271233319487e-01 3.856329752000399180e-01
3.635191737342138851e-01 9.268794005142345915e-02 1.557893124642191207e-01 3.880035737501435489e-01
3.392005038442741371e-01 1.223184568759954072e-01 1.962775600954292932e-01 3.422034791843011070e-01
3.751681027859296025e-01 1.205871056203598746e-01 1.812241367828590077e-01 3.230206548108514597e-01
3.396181036928032082e-01 1.136984161151301381e-01 1.575051710695594409e-01 3.891783091225073377e-01
3.043080895534968078e-01 1.151366484231159115e-01 1.661627467866587105e-01 4.143925152367287090e-01
3.571234318462152557e-01 1.068402689719207821e-01 1.568675818448649339e-01 3.791687173369990838e-01
2.720895208725366277e-01 8.375776958480102286e-02 1.744943106947419720e-01 4.696583988479203775e-01
2.973598037663982008e-01 1.077646003379248985e-01 2.348765394364427939e-01 3.599990564592339681e-01
3.583304112751591330e-01 1.218047540572283066e-01 2.022714197070087372e-01 3.175934149606036705e-01
3.163839187015261567e-01 1.011190128334642363e-01 1.583543388029861609e-01 4.241427296620235432e-01
3.172479938354486606e-01 7.888842355509215198e-02 1.449119136449080747e-01 4.589516689645511960e-01
4.035040853628109048e-01 1.028350240642564306e-01 1.620993022628093583e-01 3.315615883101232786e-01
3.261846076501864755e-01 1.030315418703567076e-01 1.803947033893007756e-01 3.903891470901560412e-01
3.178603870624147620e-01 1.345771544202543635e-01 1.473187183128293609e-01 4.002437402045015968e-01
3.461937446539741225e-01 1.317374835830220081e-01 1.769958979146961098e-01 3.450728738483077040e-01
3.379477465309018713e-01 1.141530537635418174e-01 1.618535935805660020e-01 3.860456061249902260e-01
3.038545995003527067e-01 1.156921189820769996e-01 1.866705129901992943e-01 3.937827685273709855e-01
3.314830395526351947e-01 9.922732570904072014e-02 1.734383010304077488e-01 3.958513337079164196e-01
2.786098208910959828e-01 1.073623920179941071e-01 1.425279647653694415e-01 4.714998223255404963e-01
3.664374876589520658e-01 9.216905688262747032e-02 1.706861813887911861e-01 3.707072740696292779e-01
3.897565592299453430e-01 9.583093134473169572e-02 1.619484918331957068e-01 3.524640175921271434e-01
3.685552145874489427e-01 1.159319817985084294e-01 1.527792943672397763e-01 3.627335092468029765e-01
3.861284921686800042e-01 9.589845606220338825e-02 2.162421797176391214e-01 3.017308720514774723e-01
3.109270884030850834e-01 1.367310356269268723e-01 1.941717076780897222e-01 3.581701682918983498e-01
3.239633948513621076e-01 1.303305160393489481e-01 1.518024816415572409e-01 3.939036074677317867e-01
3.492725960309521760e-01 9.713428482510907958e-02 1.472290828700522636e-01 4.063640362738863976e-01
3.808813448488711506e-01 1.150930301598778738e-01 1.664310018303223337e-01 3.375946231609286974e-01
3.661031269214977124e-01 9.466517704432178548e-02 1.610125595622030337e-01 3.782191364719775240e-01
4.165414099623432342e-01 9.157313960134703945e-02 1.433872282109491247e-01 3.484982222253604767e-01
3.491760110236619141e-01 8.815198210687281988e-02 1.606985200668938907e-01 4.019734868025713337e-01
3.216785393723897712e-01 7.786276713661731408e-02 2.093774701953169948e-01 3.910812232956760170e-01
2.857751503678037097e-01 6.737210329656878605e-02 1.877166197868547770e-01 4.591361265487727272e-01
3.995432308862436610e-01 9.252001503829825058e-02 1.912563637159822305e-01 3.166803903594758163e-01
3.509341728370611313e-01 1.143206569042007903e-01 1.589034276348313401e-01 3.758417426239067938e-01
3.619777922996340602e-01 1.185039762147152009e-01 1.682883132806560211e-01 3.512299182049946067e-01
3.336879950723312671e-01 1.086615724891767248e-01 1.798078338146454902e-01 3.778425986238464485e-01
3.214440258311088150e-01 7.026892639269292917e-02 1.923912905186048738e-01 4.158957572575934791e-01
2.562611260691318171e-01 1.120105248530949144e-01 2.260975350909220083e-01 4.056308139868511353e-01
3.899306468258293967e-01 1.137801076155799951e-01 1.816912223156376405e-01 3.145980232429528844e-01
3.312598091102035291e-01 1.197186698110144221e-01 1.696614399040722310e-01 3.793600811747098178e-01
3.471664564564703737e-01 1.004066069181869941e-01 1.827360158927860412e-01 3.696909207325567159e-01
3.515796501453228307e-01 1.121160123160073324e-01 1.879757355270389729e-01 3.483286020116308501e-01
3.662894361815494104e-01 1.101470213415402105e-01 1.684586008934926549e-01 3.551049415834177103e-01
2.802730168127136046e-01 1.045378786648273467e-01 1.941558609291013371e-01 4.210332435933576423e-01
3.629374723622455501e-01 1.253452693409348728e-01 1.265548009773620197e-01 3.851624573194576406e-01
3.360497527526743466e-01 1.030347095637940136e-01 1.557643812389572224e-01 4.051511564445743341e-01
3.170366601021363806e-01 1.015288721323516774e-01 1.727317823384567075e-01 4.087026854270551790e-01
3.362538177105223181e-01 7.515509404205888977e-02 1.912102611803669083e-01 3.973808270670519116e-01
3.536440857886953282e-01 1.007852812966283929e-01 1.569772127153828689e-01 3.885934201992936043e-01
3.451858086077337906e-01 9.605206905885620150e-02 1.737337333859748645e-01 3.850283889474351851e-01
3.796572697601457436e-01 9.495632049959726317e-02 1.848948573409055773e-01 3.404915523993513604e-01
3.743990255427833147e-01 9.965160474727019491e-02 1.913157598036575313e-01 3.346336099062889868e-01
3.140552627713961709e-01 1.004280497328465804e-01 1.893124940704500325e-01 3.962041934253072162e-01
3.825174030281672244e-01 8.973832667246132988e-02 1.546842237949369592e-01 3.730600465044344727e-01
3.201148120528665153e-01 1.113137708084364352e-01 2.041013160214636413e-01 3.644701011172333804e-01
3.131903302964004210e-01 1.086577854088798395e-01 1.739986544050904638e-01 4.041532298896292064e-01
3.462495463503140192e-01 1.125987820696351116e-01 1.815861823847541856e-01 3.595654891952966281e-01
3.562472939330054156e-01 9.808912780421531752e-02 1.841019784778433199e-01 3.615615997849360164e-01
3.976899576663636693e-01 8.124877024059330710e-02 1.647106350789784013e-01 3.563506370140645529e-01
3.371480674120311827e-01 7.791336685503640058e-02 1.817818843967831388e-01 4.031566813361494028e-01
3.034979240134283440e-01 1.224046439318584450e-01 1.572002616798099384e-01 4.168971703749033697e-01
4.023105447520427536e-01 1.059827682181035680e-01 1.531649405351304394e-01 3.385417464947232946e-01
3.968938823023588913e-01 9.150446413520495204e-02 1.783850392861086598e-01 3.332166142763275940e-01
3.655077329419599286e-01 1.420427154859042473e-01 1.576443388535836987e-01 3.348052127185521254e-01
3.862836185572449121e-01 7.830350400822144730e-02 1.605181921224687336e-01 3.748946853120649347e-01
3.471656262631045986e-01 1.001413260542079464e-01 1.352665337280890834e-01 4.174265139545982883e-01
3.117551236121669511e-01 1.293003701163884245e-01 1.881503018936714344e-01 3.707942043777731067e-01
3.149203303133848997e-01 1.243278679138461740e-01 1.541153972494319346e-01 4.066364045233369917e-01
3.549893536877100075e-01 1.101433424824296153e-01 1.653805431190999986e-01 3.694867607107603091e-01
2.798243081566578749e-01 1.452218027521616217e-01 1.993600967714838357e-01 3.755937923196965844e-01
3.056730078348122714e-01 1.229772564485274305e-01 1.834034522767228059e-01 3.879462834399374227e-01
3.592589450978996846e-01 1.037037140785515565e-01 1.605094313855512100e-01 3.765279094379975211e-01
3.828882960185411299e-01 9.928246813494505385e-02 1.701077441720259542e-01 3.477214916744878481e-01
3.708996248983663091e-01 1.189894620984004031e-01 1.565164466477174943e-01 3.535944663555157796e-01
3.518608544051844977e-01 1.307450442813593572e-01 1.524647576382555103e-01 3.649293436752005793e-01
3.291207584317509816e-01 9.375398421125048787e-02 2.316873042633227353e-01 3.454379530936757536e-01
4.120877048203310800e-01 9.811721361005987241e-02 1.923565737653138707e-01 2.974385078042950936e-01
3.556879299904351921e-01 9.426332529341481525e-02 1.608472928807492264e-01 3.892014518354006691e-01
3.136625273713917195e-01 1.055041025336916904e-01 1.725050306426415825e-01 4.083283394522750909e-01
3.556065223895302774e-01 1.156136668426765018e-01 1.574392461678852106e-01 3.713405645999081628e-01
2.847525236894565825e-01 1.125718950266790114e-01 1.935714668174912667e-01 4.091041144663730700e-01
3.313752831100078566e-01 1.052685191849998259e-01 1.816582921922952065e-01 3.816979055126971110e-01
3.118118557826988213e-01 1.024824506861141543e-01 1.706209858266578006e-01 4.150847077045292655e-01
3.313351255027041087e-01 1.038694868845262409e-01 1.885488404709037835e-01 3.762465471418658391e-01
3.692791905490196425e-01 9.669585386376224057e-02 1.513694689736607701e-01 3.826554866135571387e-01
3.552262360302937405e-01 1.108973909959520554e-01 1.515009131009187604e-01 3.823754598728354992e-01
3.245965011477890405e-01 9.249416243140901051e-02 1.611864315779799883e-01 4.217229048428219884e-01
3.731435559551035674e-01 8.747123462726136278e-02 1.590682466894108582e-01 3.803169627282242948e-01
2.720022421867356321e-01 9.550782458237357109e-02 1.750378523005176323e-01 4.574520809303732061e-01
3.371914840001955516e-01 7.726575164592786038e-02 1.611581241453634572e-01 4.243846402085131309e-01
3.401024400594227504e-01 1.135352449100950623e-01 1.364813537916180763e-01 4.098809612388641388e-01
3.719723193955707941e-01 1.394423080475535315e-01 1.485274063754614127e-01 3.400579661814143728e-01
3.635079646863328406e-01 1.268241512858468145e-01 1.508961266157189118e-01 3.587717574121012665e-01
3.511212279105297984e-01 1.424335299925394427e-01 1.729484025173818329e-01 3.334968395795488982e-01
3.581598115758516943e-01 7.258903176534434176e-02 1.641665317299311200e-01 4.050846249288728718e-01
4.112322386655126727e-01 8.860086848354568889e-02 1.806433458384120172e-01 3.195235470125295518e-01
3.778926864462881507e-01 1.146131926864577683e-01 1.505306039908307913e-01 3.569635168764233590e-01
3.273586373437001873e-01 1.332211999721873985e-01 1.945223010101154726e-01 3.448978616739968861e-01
3.754339963966737415e-01 7.841141992378108938e-02 1.390398222365903380e-01 4.071147614429548867e-01
3.341206843959710904e-01 1.142028269137702889e-01 1.598346397003876929e-01 3.918418489898709001e-01
3.334350935797083526e-01 9.837862920024054159e-02 1.676650379778686917e-01 4.005212392421824141e-01
3.372313298827301908e-01 1.174003923375687292e-01 1.977664931735193810e-01 3.476017846061818517e-01
3.399220305763149264e-01 1.294147486999474017e-01 1.517350326923553872e-01 3.789281880313823403e-01
3.347078088651359029e-01 9.666376831117656776e-02 1.876328295990602746e-01 3.809955932246271160e-01
3.633277873530448288e-01 1.074486271800517978e-01 1.733688145542202907e-01 3.558547709126829717e-01
3.144086904259867365e-01 1.187225202888258502e-01 1.607869937906964419e-01 4.060817954944909158e-01
3.814577810683905668e-01 9.899745641517754269e-02 1.478643725907869966e-01 3.716803899256449495e-01
3.730054692262843030e-01 1.113441187346245337e-01 1.581882546547515311e-01 3.574621573843395628e-01
2.995956090419414908e-01 9.735352972329942844e-02 1.529516781678985360e-01 4.500991830668605864e-01
3.507377224002745097e-01 9.237151512537151998e-02 2.031025388564391965e-01 3.537882236179146767e-01
3.037403224890051767e-01 1.424998722581180821e-01 1.472548522455822961e-01 4.065049530072943895e-01
3.777188500296333462e-01 9.031782266981751295e-02 1.543838538345868872e-01 3.775794734659622676e-01
4.013430765087866448e-01 1.055570505421178085e-01 1.569436794841398697e-01 3.361561934649555661e-01
3.208160646863736365e-01 1.148590175056787427e-01 1.770335022339074860e-01 3.872914155740400100e-01
3.266483217681884210e-01 8.364872409563202382e-02 1.899247567117108015e-01 3.997781974244688508e-01
3.709145528392376323e-01 1.030477176654940874e-01 1.541503599370466493e-01 3.718873695582217143e-01
3.311033202722446500e-01 1.372638285939891400e-01 1.506681699230206506e-01 3.809646812107455038e-01
3.668885882166605383e-01 8.652879528971224588e-02 2.047460542473333311e-01 3.418365622462938291e-01
4.077315754911463030e-01 8.577519717452798675e-02 1.471500430918340208e-01 3.593431842424918421e-01
3.829641499609461874e-01 9.957001992917981215e-02 1.502946401601776560e-01 3.671711899496964970e-01
3.193082211131122450e-01 9.992632633326757607e-02 2.017917616258948776e-01 3.789736909277253152e-01
3.500512028518897867e-01 9.579751916086316765e-02 1.745873046578873544e-01 3.795639733293596496e-01
2.793943288319858387e-01 1.185185578105601018e-01 1.856378425290897694e-01 4.164492708283643596e-01
3.530187949947101722e-01 9.835367515065272792e-02 1.922779863740001760e-01 3.563495434806367435e-01
3.070624969652834269e-01 1.213942667010825677e-01 1.905081725778481616e-01 3.810350637557859410e-01
3.328823075158173217e-01 1.047648235640139536e-01 1.917553195856354642e-01 3.705975493345332605e-01
3.606561733941364700e-01 8.328042768532338547e-02 2.168395741468303328e-01 3.392238247737098256e-01
3.362474408164093931e-01 1.244200765405381465e-01 1.694331963438970856e-01 3.698992862991554165e-01
3.389717435720089878e-01 1.311460499805111868e-01 1.545163127166407080e-01 3.753658937308391175e-01
3.144677571436262919e-01 1.405335392211508883e-01 1.804560568045206204e-01 3.645426468307020884e-01
3.694000101993487606e-01 1.029931473494388183e-01 1.675877453960954999e-01 3.600190970551167546e-01
3.523968800666168466e-01 7.575676032441787389e-02 1.873649178630877321e-01 3.844814417458776168e-01
3.236711119072377962e-01 9.765199380340230939e-02 1.625002900261347527e-01 4.161766042632250029e-01
3.367005217481438550e-01 1.046377890730025850e-01 1.763657541621554969e-01 3.822959350166980630e-01
3.660894010852725478e-01 9.644354866196751253e-02 1.672223155260628980e-01 3.702447347266970556e-01
3.870913319175257605e-01 1.119483612446363352e-01 1.665699995606270134e-01 3.343903072772107521e-01
3.816929909202996241e-01 1.178484289274060737e-01 1.406292769301235590e-01 3.598293032221706045e-01
3.167993474191416192e-01 1.360980548950760927e-01 1.933051966806478839e-01 3.537974010051342932e-01
3.385445960328520298e-01 9.821233258516554043e-02 1.623990283417871550e-01 4.008440430401951637e-01
3.791064021520454963e-01 1.310268379359386948e-01 1.111788601493301637e-01 3.786878997626857424e-01
3.702429179013457250e-01 1.251012766635259121e-01 1.658196788604635319e-01 3.388361265746648310e-01
4.049279275393176669e-01 9.595604385168536588e-02 1.694521466973587798e-01 3.296638819116380903e-01
3.299510747541364863e-01 1.030296762993134357e-01 1.436019352062325727e-01 4.234173137403174914e-01
3.685459011715088717e-01 1.050596202116951400e-01 1.986532355525461591e-01 3.277412430642496766e-01
3.980531260414611472e-01 9.916052437726000091e-02 2.103332264726706646e-01 2.924531231086081595e-01
3.052616836495958275e-01 1.031577532282652726e-01 1.933964928920462178e-01 3.981840702300927237e-01
3.462890518923096850e-01 1.178244923645030279e-01 1.501350963132179750e-01 3.857513594299694093e-01
3.404059345550868865e-01 1.327712193952829689e-01 1.620795321649336762e-01 3.647433138846966072e-01
3.164576926337427931e-01 7.898256404435953504e-02 2.311279718675326722e-01 3.734317714543649580e-01
3.616165892752027378e-01 1.065991469860660817e-01 1.452082764330256126e-01 3.865759873057055263e-01
3.522804133116971270e-01 1.138702909493529564e-01 1.950270642725099590e-01 3.388222314664399160e-01
3.461181676848345545e-01 1.341460864767165806e-01 1.896367676191791918e-01 3.300989782192698119e-01
4.106126994813291131e-01 1.215667730301015770e-01 1.633612619681258094e-01 3.044592655204436116e-01
4.038107892267092658e-01 9.585162377166145387e-02 1.599245766722307560e-01 3.404130103293984688e-01
4.246666077703986075e-01 7.894986174240399557e-02 1.660122105260277703e-01 3.303713199611695850e-01
3.744637939261658555e-01 1.042775917653812889e-01 1.770567507430538257e-01 3.442018635653990022e-01
2.761020728945849934e-01 1.256071933063802049e-01 2.137074884523991469e-01 3.845832453466356826e-01
3.227870922959549249e-01 9.692713864034492588e-02 1.947612793978520662e-01 3.855244896658480691e-01
3.589633504559158195e-01 1.289813540435251760e-01 1.669449317495464435e-01 3.451103637510123945e-01
3.038180364286418023e-01 1.004272530362091409e-01 2.253792549544915425e-01 3.703754555806575977e-01
3.026334637767087998e-01 1.058162232561490196e-01 2.121662676556702043e-01 3.793840453114719069e-01
3.593757615270001815e-01 1.150345975449358904e-01 1.713979204674052070e-01 3.541917204606586100e-01
3.326315728857004439e-01 8.785872532356976683e-02 1.626284483404492887e-01 4.168812534502804867e-01
2.904504121014069296e-01 7.839149605555939537e-02 1.803278760061265140e-01 4.508302158369071333e-01
3.160660432909269124e-01 1.072253363571435275e-01 1.809525263778848092e-01 3.957560939740449868e-01
3.212337640579960296e-01 1.036705905841832087e-01 1.451610749262628175e-01 4.299345704315578609e-01
3.306932282668628709e-01 9.823831973553698305e-02 1.669048083011226702e-01 4.041636436964776702e-01
3.931497668570678172e-01 8.243805791794460436e-02 1.865390974971652960e-01 3.378730777278223241e-01
3.464460076605212491e-01 1.431652424634452248e-01 1.521943781075820734e-01 3.581943717684514250e-01
3.633893419692679760e-01 1.136350418790310901e-01 1.958709087750686584e-01 3.271047073766323310e-01
3.090043412121132871e-01 8.639945346401245452e-02 1.740158282461052863e-01 4.305803770777689166e-01
3.414351071188420628e-01 1.411925278315907528e-01 2.045915964422912181e-01 3.127807686072758830e-01
3.463118799917696000e-01 8.736908618138861105e-02 1.581910198523482913e-01 4.081280139744934421e-01
3.793216898504775392e-01 1.073689394369905653e-01 1.631262833675719004e-01 3.501830873449598980e-01
3.569710004155343119e-01 1.111986288381824617e-01 2.038263962161634413e-01 3.280039745301197573e-01
3.920044219791974371e-01 8.254064516002335150e-02 2.027131929690729195e-01 3.227417398917064029e-01
3.684151944605190132e-01 8.533057194651731681e-02 1.613118418748741845e-01 3.849423917180895272e-01
3.345723410442836276e-01 1.055038998004307615e-01 1.666235220253649008e-01 3.933002371299206823e-01
3.357138728581607889e-01 8.129025798605393760e-02 1.677129834785764939e-01 4.152828856772087796e-01
3.168341000071254743e-01 1.180759116873491971e-01 1.713529569984289236e-01 3.937370313070962524e-01
3.511177018465116428e-01 1.172890516384437476e-01 1.824842652336646220e-01 3.491089812813799598e-01
3.145284906702237593e-01 1.202312851449456738e-01 1.869122476539332167e-01 3.783279765308972253e-01
3.201389599795340102e-01 1.101873174645467968e-01 1.777433993219693364e-01 3.919303232339499399e-01
3.444291173457577071e-01 1.125893119886166582e-01 1.223999533608086387e-01 4.205816173048169682e-01
3.038859785725392393e-01 1.010904302673394789e-01 1.435896061748430097e-01 4.514339849852783693e-01
3.878258968219341907e-01 1.039334414297292813e-01 1.547451523818845487e-01 3.534955093664520209e-01
3.588203502131740441e-01 9.389241698371036948e-02 1.457978920397317024e-01 4.014893407633837175e-01
3.802324009055916831e-01 8.248009278485525508e-02 1.594227351324037367e-01 3.778647711771492834e-01
3.436139870144527819e-01 9.668956865657862831e-02 2.023427493297592639e-01 3.573536949992092149e-01
3.408010018811787889e-01 1.035321655794993745e-01 1.493814457816227959e-01 4.062853867576990408e-01
3.208444959731210355e-01 1.125169310819386231e-01 1.746316343410826699e-01 3.920069386038576575e-01
3.752415279296525408e-01 1.052951321731619289e-01 1.645548592173010083e-01 3.549084806798846192e-01
3.041151246826507837e-01 9.965255161962426056e-02 2.018135985914282782e-01 3.944187251062966637e-01
3.183104892811418063e-01 7.550971203713979785e-02 2.015410045322985622e-01 4.046387941494197782e-01
3.120080963875035418e-01 7.599008270096949125e-02 1.793050286742978450e-01 4.326967922372291220e-01
3.443905006380965639e-01 1.011950290527506291e-01 2.202494880562920199e-01 3.341649822528608427e-01
3.802099712239956908e-01 1.041359938040237465e-01 1.406146571814125279e-01 3.750393777905681181e-01
3.250265335923265830e-01 8.753302695561673841e-02 2.113835955729875260e-01 3.760568438790691803e-01
3.132724409321215875e-01 1.036240263092903235e-01 1.821825635381957298e-01 4.009209692203923314e-01
3.527741601169196439e-01 1.061200194459413770e-01 1.725146028024045763e-01 3.685912176347344027e-01
3.470368130968273235e-01 9.476402940240835626e-02 2.073273627791070994e-01 3.508717947216571931e-01
3.068385773103693981e-01 1.059173249603039130e-01 1.813678362382898090e-01 4.058762614910367827e-01
3.069323760745895635e-01 1.199406159679204664e-01 1.573333110937671087e-01 4.157936968637228614e-01
3.466321536268727743e-01 9.107163482082439310e-02 1.787197171469142865e-01 3.835764944053884906e-01
3.114550773409064943e-01 1.375730660985727272e-01 1.676559586513740874e-01 3.833158979091466079e-01
3.413990292343747623e-01 1.099431669942819850e-01 1.742007332552086840e-01 3.744570705161348045e-01
3.230404604348291464e-01 1.010615380422000414e-01 1.483589606645717984e-01 4.275390408583989998e-01
3.669496502086658229e-01 1.085949265152842819e-01 1.327651387102522784e-01 3.916902845657976862e-01
3.230000474455242410e-01 1.390073093104477742e-01 1.644117976503744472e-01 3.735808455936537320e-01
3.746653879879078275e-01 1.005479150362937890e-01 1.390666964483946444e-01 3.857200005274036836e-01
3.768598363881908164e-01 1.235151114992080745e-01 1.542542144775356228e-01 3.453708376350657083e-01
3.268631117016839727e-01 9.283652877749054566e-02 1.782974190036666906e-01 4.020029405171587356e-01
3.545289917969837168e-01 8.906597442640591666e-02 1.536193979888108019e-01 4.027856357877995230e-01
3.389881771544877576e-01 9.114791789710503800e-02 1.673645331155771687e-01 4.024993718328300774e-01
3.126673404739000461e-01 1.110280217384354562e-01 1.938748556802270817e-01 3.824297821074372772e-01
3.920934430680834692e-01 8.342626140372527699e-02 1.475095887317922072e-01 3.769707067963990466e-01
3.605891986304121111e-01 5.635154253822911852e-02 2.291970612964095710e-01 3.538621975349491300e-01
3.561953003313323429e-01 1.088578656870930056e-01 1.558568659388544497e-01 3.790899680427201046e-01
2.666475953891567219e-01 1.182433841878392650e-01 1.747339720370169325e-01 4.403750483859869558e-01
3.226935401741478082e-01 1.047072187141842581e-01 1.421830724493257092e-01 4.304161686623422245e-01
3.393354096688351307e-01 1.219517221017741432e-01 2.030697574947979422e-01 3.356431107345929088e-01
3.077053833869989319e-01 1.023414216452631365e-01 1.597667553724123890e-01 4.301864395953255982e-01
3.429769719842068465e-01 1.100948635161397987e-01 1.873662372010423682e-01 3.595619272986110837e-01
3.103571048345558081e-01 1.154582701523700489e-01 1.666145313935993855e-01 4.075700936194747159e-01
3.513529201733577856e-01 9.845257837267963608e-02 1.747225495584713573e-01 3.754719518954913737e-01
3.231883803360327545e-01 1.049461026117306378e-01 1.741694616240798410e-01 3.976960554281568361e-01
3.492786632435646577e-01 9.776226745962965370e-02 1.828037588193225649e-01 3.701553104774830683e-01
3.044586387973391983e-01 9.007383367588421563e-02 2.110471410464718478e-01 3.944203864803048076e-01
3.407867199042615147e-01 9.245806988102059365e-02 1.488665158043314674e-01 4.178886944103863410e-01
3.377292278538817638e-01 9.166084788331715916e-02 1.821673076210962583e-01 3.884426166417049298e-01
3.613947627820076058e-01 7.703192807296012357e-02 1.464405196374216345e-01 4.151327895076106222e-01
3.863816823277388401e-01 9.676311390514263922e-02 1.439841575883432367e-01 3.728710461787753672e-01
3.238432852657053829e-01 7.603164354508362699e-02 1.697655005735647926e-01 4.303595706156462253e-01
3.738772278836234864e-01 1.078710288537580997e-01 1.594024640782643609e-01 3.588492791843541085e-01
2.889018223549707498e-01 1.098419410833775534e-01 1.534421821247975992e-01 4.478140544368540144e-01
3.423341386432343092e-01 8.996128106749806674e-02 1.806847737894612393e-01 3.870198064998064402e-01
3.497930447101716966e-01 8.857225783908942440e-02 1.681169371759055897e-01 3.935177602748332060e-01
