2.824753078927119687e-01 2.109359151774228835e-02 4.791247835690941592e-01 2.173063170204516392e-01
3.544520183888495990e-01 2.163974164301328898e-02 4.246123659210023216e-01 1.992958740471346690e-01
2.491759262891534155e-01 1.397352992081000479e-02 4.818394036239382339e-01 2.550111401660983268e-01
2.997986238098088174e-01 6.330795886177448435e-03 4.756290235685975976e-01 2.182415567354162866e-01
2.829227448769408571e-01 3.458347429942406487e-02 3.858402767421049706e-01 2.966535040815302393e-01
3.451552942802164625e-01 3.216034996107511312e-02 3.782664887112757168e-01 2.444178670474327353e-01
3.190430555120594702e-01 1.816991706959724187e-02 4.037070979895300837e-01 2.590799294288132493e-01
2.312483376072523023e-01 2.140357521089315124e-02 4.891632046981558846e-01 2.581848824836988077e-01
2.914032504549241565e-01 3.151225508847270429e-02 4.321953622993650601e-01 2.448891321572381208e-01
3.002563243325396258e-01 1.292440154120125945e-02 4.521670741920860159e-01 2.346521999341731057e-01
3.232291536013902067e-01 2.697248141897271023e-02 3.927459376074735609e-01 2.570524273721633834e-01
2.521487804087768070e-01 2.154160305699551192e-02 4.628526931832432911e-01 2.634569233509844177e-01
3.118411884398974432e-01 1.910866991444997928e-02 4.376854318251793274e-01 2.313647098204732744e-01
2.847981630805168640e-01 2.715535653312771761e-02 4.602668626258731299e-01 2.277796177604822503e-01
2.520179322043336057e-01 1.878301102764067670e-02 4.407756130754293955e-01 2.884234436925963152e-01
3.227114254463866461e-01 2.991459839366353637e-02 4.121312713634888159e-01 2.352427047964610329e-01
2.867593582610762359e-01 5.123451584637193912e-02 4.220531864079986595e-01 2.399529394845530961e-01
3.009215274269445017e-01 1.208357582377963917e-02 4.408516426894640294e-01 2.461432540598117724e-01
3.306027982281039002e-01 1.853502222756873638e-02 4.028458550046418174e-01 2.480163245396856675e-01
3.059140808709295278e-01 2.323737905343667767e-02 4.145955656600293082e-01 2.562529744156044620e-01
3.263144415844007606e-01 1.563773892452341441e-02 4.312426767637465019e-01 2.268051427273291842e-01
3.076226822116862603e-01 2.852721795085547477e-02 3.869902656334213709e-01 2.768598342040368143e-01
2.719477356747647123e-01 8.148587789916816523e-03 4.170017668462732696e-01 3.029019096890450680e-01
2.629014635060612504e-01 3.217509736203529036e-02 4.362076902936620759e-01 2.687157488382414527e-01
2.265032522865895459e-01 8.052668210696448808e-03 5.061370599300214490e-01 2.593070195726924765e-01
2.861558933315906383e-01 1.720927390655271200e-02 4.338890976521876941e-01 2.627457351096689764e-01
3.669051085987833360e-01 2.012900192379062786e-02 3.806009256353492520e-01 2.323649638420767771e-01
2.818235551031836872e-01 3.421049198262975100e-02 4.474286458875239569e-01 2.365373070266626188e-01
3.332947439670591039e-01 2.046769882285292413e-02 3.495834830702694296e-01 2.966540741398185910e-01
2.920312785361356966e-01 1.396668602170560505e-02 4.507375232543548438e-01 2.432645121878037886e-01
2.610550330370527417e-01 2.710991869049340919e-02 4.619079273282827858e-01 2.499271209441711050e-01
2.791002321962264277e-01 3.640174943345014097e-02 4.013694083117474443e-01 2.831286100585759802e-01
2.935207535325764505e-01 2.884087464327046713e-02 4.035303038099728457e-01 2.741080680141803616e-01
2.744915127438855018e-01 3.772701119878191928e-02 4.655293131490495506e-01 2.222521629082831740e-01
3.563529375453890480e-01 2.479059571569726741e-02 3.673318984655641328e-01 2.515245682733495691e-01
2.640936008534784385e-01 1.475390587505388471e-02 4.266609110703684649e-01 2.944915822010993889e-01
2.542608556458755831e-01 1.598257162141870913e-02 4.398974284940190271e-01 2.898591442386867501e-01
2.617478730293560929e-01 1.776153382826500815e-02 4.833979284554856259e-01 2.370926646868934673e-01
2.865229551890451365e-01 2.361863993799127523e-02 4.435490249606478530e-01 2.463093799123157734e-01
3.155983226319327151e-01 2.896476484988635969e-02 4.068878713875424546e-01 2.485490411306385816e-01
2.374167145004308921e-01 3.296362544920779930e-02 4.549128007479661950e-01 2.747068593023951344e-01
2.727373590138118531e-01 9.040251779929899326e-03 4.051541055357259502e-01 3.130682836705322436e-01
2.534794188816982818e-01 1.055190053371300556e-02 4.636806149304062985e-01 2.722880656541825650e-01
3.444125466435604133e-01 1.915345945678412556e-02 3.658035153100817061e-01 2.706304785895738974e-01
2.297205757400465620e-01 2.976085561434809248e-02 4.544768182060358597e-01 2.860417504395695310e-01
2.723171885986395147e-01 5.740075699652758684e-02 3.913723293809149295e-01 2.789097250239179759e-01
2.846966026251116499e-01 1.026592322047394784e-02 4.494904688532549430e-01 2.555470053011594800e-01
2.723495711476702219e-01 7.252885761134375726e-03 4.400481629922975424e-01 2.803493800988978712e-01
2.428075135794353079e-01 1.845108310036858504e-02 4.503863560736837135e-01 2.883550472465122860e-01
3.211603785971797742e-01 3.243954243300190693e-02 3.832980879108439098e-01 2.631019910589743049e-01
2.940432430785790974e-01 1.111511871959822845e-02 4.221335545456522120e-01 2.727080836561705524e-01
3.272430669435924533e-01 2.183346025595270246e-02 3.405270368943924542e-01 3.103964359060624179e-01
2.396121579787789946e-01 2.924981880264386838e-02 4.382088979069467261e-01 2.929291253116304006e-01
3.236889263209246081e-01 1.160767234816587751e-02 4.378450295931896608e-01 2.268583717377199160e-01
3.033394957070267295e-01 1.836663553634928364e-02 4.900115709198331615e-01 1.882822978367907629e-01
2.928278701921673832e-01 3.246071486292770314e-02 4.507982018511473843e-01 2.239132130937575571e-01
2.947372849890312896e-01 5.841027120729428562e-02 4.502432372628034085e-01 1.966092065408710232e-01
3.084398442910140647e-01 3.520465948308071358e-02 4.284623189919044006e-01 2.278931772340007100e-01
2.567213211117684857e-01 8.729111502893630720e-03 4.262323322207950960e-01 3.083172351645427356e-01
2.408470483445229182e-01 2.511730933593788601e-02 4.132101324954587374e-01 3.208255098240805347e-01
2.909848660865583247e-01 2.945566565652057295e-02 4.055607407313290280e-01 2.739987275255921229e-01
2.759551593042017248e-01 2.323740925182814568e-02 3.805617237648158957e-01 3.202457076791540569e-01
2.706363338066697932e-01 9.837698216865085540e-03 5.025377070994064832e-01 2.169882608770586363e-01
2.948011954084330255e-01 1.211709006386147910e-02 3.945830992851293573e-01 2.984986152425761485e-01
3.459363682135198625e-01 2.419175254273070799e-02 3.421027212673355411e-01 2.877691579764137808e-01
3.014649739441171983e-01 1.039900209047828206e-02 4.138317948908022958e-01 2.743042290746022238e-01
2.962232064988566393e-01 2.762294308152271269e-02 3.835702367035651039e-01 2.925836137160553463e-01
2.319574638142612444e-01 7.455459027345241740e-02 4.316955160140081293e-01 2.617924298982783338e-01
2.583687900963961281e-01 1.617950385835294907e-02 4.309336922085209021e-01 2.945180138367300970e-01
2.994667440944862591e-01 1.558717965235138433e-02 4.036646741705740005e-01 2.812814020825883943e-01
3.407798265525481818e-01 2.032272377801521215e-02 3.865051378055709974e-01 2.523923118638655705e-01
2.693946095070993141e-01 1.488161705594861703e-02 4.433273565190943288e-01 2.723964169178576533e-01
2.718351745015377130e-01 2.793930543054842092e-02 4.451764280008449481e-01 2.550490920670689388e-01
2.424054803314805995e-01 2.234370344923948884e-02 4.886936154712949731e-01 2.465572007479850947e-01
2.969738482137104230e-01 2.600116030888651592e-02 3.766315574668294697e-01 3.003934340105736678e-01
3.033162422794769553e-01 2.368922165704390181e-02 4.011153718477222796e-01 2.718791642157568633e-01
2.836388585660324368e-01 2.527776770613717264e-02 4.598818060617065329e-01 2.312015676661240415e-01
3.710918063826385560e-01 3.159700031784980906e-02 4.065752856390285053e-01 1.907359076604831782e-01
2.920894905238007877e-01 4.485268156059633859e-02 3.867029148008307993e-01 2.763549131147719495e-01
2.964122714216512189e-01 3.330381211335819991e-02 4.684414655570807162e-01 2.018424509079100038e-01
3.657990456305644789e-01 1.057611693450214926e-02 4.390497572297710205e-01 1.845750802051623896e-01
2.777987724131918412e-01 2.446462406240666743e-02 4.216888909746602243e-01 2.760477125497413087e-01
3.238420836939271963e-01 3.275266305508121867e-02 3.776394338796159045e-01 2.657658193713757777e-01
3.307407985812953477e-01 1.774722288544084217e-02 3.995526820819064739e-01 2.519592964513575062e-01
2.994284054235709647e-01 3.336867366777328259e-02 4.443307613576230053e-01 2.228721595510326225e-01
2.551625723619401764e-01 3.131526392740870135e-02 4.502207561860664398e-01 2.633014075245846408e-01
2.979036144295919564e-01 2.346901829206302081e-02 4.556106330312264530e-01 2.230167342471184866e-01
2.536164257868256944e-01 1.840698941341637265e-02 4.507714460750181229e-01 2.772051387247398413e-01
2.323395267312922396e-01 8.940708279033943856e-03 4.802169238833277065e-01 2.785028411063460996e-01
3.207224905131301762e-01 1.317624119365780680e-02 3.759536326978156207e-01 2.901476355953964692e-01
2.341616042090088889e-01 2.543043985754145017e-02 4.617743142519317168e-01 2.786336416815178851e-01
3.001610707303191683e-01 1.748477432731972148e-02 4.028082661422525690e-01 2.795458888001084441e-01
2.626266894601471669e-01 2.154362944916091149e-02 4.408311975008498140e-01 2.749984835898419688e-01
2.782839494443873907e-01 8.504498651981306709e-03 4.953677306478535547e-01 2.178438212557779474e-01
2.772764743262245424e-01 1.963474423235887084e-02 4.562409586174966947e-01 2.468478228239198713e-01
2.902303358934983368e-01 2.832186225651284195e-02 4.653901965724866474e-01 2.160576052775021461e-01
2.735097673587420508e-01 2.070172546308327033e-02 4.184070429063737606e-01 2.873814642718010570e-01
2.976822813866918382e-01 2.272963532457625974e-02 3.959169733393729240e-01 2.836711099493590682e-01
2.383000874904378785e-01 3.125463111499626051e-02 4.440980797308357042e-01 2.863472016637300666e-01
2.914646946432484231e-01 2.894884049401402412e-02 4.407156230342907932e-01 2.388708418284468116e-01
3.121696208746679302e-01 8.286322901651915068e-03 4.220872567912646312e-01 2.574567994324154507e-01
2.536586154529970050e-01 3.169869128206365821e-02 4.488885995344610302e-01 2.657540937304782025e-01
2.651953522567265797e-01 1.122151520531034993e-02 4.556757619969908912e-01 2.679073705409723005e-01
2.465583396091419743e-01 2.933179040569704535e-02 4.663841858921626282e-01 2.577256840929983972e-01
2.706537761422332378e-01 1.289310184757169395e-02 4.471421383597786181e-01 2.693109836504165022e-01
3.135230658005558335e-01 2.143241580451540548e-02 3.972061404813812535e-01 2.678383779135474763e-01
2.847141420001994550e-01 1.767054893054981896e-02 4.468716945886822001e-01 2.507436144805684775e-01
2.602146083931698439e-01 1.561682821974843573e-02 4.537537004161934506e-01 2.704148629708883478e-01
3.078238880598294647e-01 2.746423625290255258e-02 4.195867093941794690e-01 2.451251662930884201e-01
2.849574534885399579e-01 1.347939988834261429e-02 4.138827865882384605e-01 2.876803600348789569e-01
3.106777254186338100e-01 2.159018306833764347e-02 4.080174008198586000e-01 2.597146906931698251e-01
2.673224106437719350e-01 2.257942947147647400e-02 4.656565736893208962e-01 2.444415861954307156e-01
2.645583269325807452e-01 1.970409387978966365e-02 4.090582478063684579e-01 3.066793313812610222e-01
3.065157010458901543e-01 1.093721402873639933e-02 4.357805861937083525e-01 2.467664987316650904e-01
3.130573038621802806e-01 2.226044047982956783e-02 4.094958881090116076e-01 2.551863675489785543e-01
2.895997168609721339e-01 1.111171513611917787e-02 4.451156361833998876e-01 2.541729318195088960e-01
2.633683829618717054e-01 2.759628956753294032e-02 3.691892152905958402e-01 3.398461121799995488e-01
2.798186070167638650e-01 2.517734948886805532e-02 4.542825050730717185e-01 2.407215384212962328e-01
2.832400561376479664e-01 2.004733800140480818e-02 3.798352750903722930e-01 3.168773307705748943e-01
2.685225755177759188e-01 6.518545348704657405e-02 3.947544149331522201e-01 2.715375560620252871e-01
2.698524801218176727e-01 1.106615307196635346e-02 4.395177890535343912e-01 2.795635777526816468e-01
2.974096101920433166e-01 4.697908770644668858e-02 4.196161158967446903e-01 2.359951862047652837e-01
3.447144100574952019e-01 1.488583958224585363e-02 4.124977832006911926e-01 2.279019671595679253e-01
2.456893883388595046e-01 1.459381607529241023e-02 4.869473938264276547e-01 2.527694017594204201e-01
3.295087457915263918e-01 4.169904328500327606e-02 3.904154652875445053e-01 2.383767456359257297e-01
2.635145233165967493e-01 3.764843049454945356e-02 4.725023916771535215e-01 2.263346545117002340e-01
2.538461444485266005e-01 2.167182405836740391e-02 4.608999697081759273e-01 2.635820617849300440e-01
3.034956541989249912e-01 5.162769192749035174e-02 4.216727770623214799e-01 2.232038768112631355e-01
2.325389771743369971e-01 2.538948390545395228e-02 4.153311470323784449e-01 3.267403918878306612e-01
3.009163564032007465e-01 1.054579388004228679e-02 3.775729784396879563e-01 3.109648712770690104e-01
2.779708266666488514e-01 2.664369824663629857e-02 4.065169661045346938e-01 2.888685089821799723e-01
2.890549316864992613e-01 2.197218080928575734e-02 4.212112808515273699e-01 2.677616066526875560e-01
2.985536947824607990e-01 2.752439035776681545e-02 3.935330299949545418e-01 2.803888848648179999e-01
2.622243581987379613e-01 3.349047513119535885e-02 4.484654548427446930e-01 2.558197118273218829e-01
2.776884834606536678e-01 2.088698516249313034e-02 4.092276864669184833e-01 2.921968449099345833e-01
3.019235427800854854e-01 1.581480061686211733e-02 4.457471250548181718e-01 2.365145315482342636e-01
2.647986780514093308e-01 2.624509091597752516e-02 4.749306140946540911e-01 2.340256169379590356e-01
2.318903895509115409e-01 2.090630190871308261e-02 4.821254495989123479e-01 2.650778589414630737e-01
3.066338910955093144e-01 2.719776912779176686e-02 3.650160206720440281e-01 3.011523191046548420e-01
2.337549735154141051e-01 2.178081389085434819e-02 4.643712967704363148e-01 2.800929158232951521e-01
2.842691817783879471e-01 2.342686366293091765e-02 4.444764921800238300e-01 2.478274623786573816e-01
2.865446610231749958e-01 2.654386372228993013e-02 3.962548728780245222e-01 2.906566023765105311e-01
2.605416947927594040e-01 1.542293708100269008e-02 4.436742320700310382e-01 2.803611360562068833e-01
3.052819725337390655e-01 1.077375405438246378e-02 4.426181217047518435e-01 2.413261517071265960e-01
3.085056181153232879e-01 9.630548432514143484e-03 4.238914453509861624e-01 2.579723881011763420e-01
2.836856537360933905e-01 2.025741539821152709e-02 4.558840560776183382e-01 2.401728747880766401e-01
2.941748055201527379e-01 2.349832327192739531e-02 4.005881545459701876e-01 2.817387166619497729e-01
2.893073709296301588e-01 1.885307900253974447e-02 4.071860972015300395e-01 2.846534528662999497e-01
3.272553401644964222e-01 1.185285594914979763e-02 4.137238460137645513e-01 2.471679578725891335e-01
2.526363064614667309e-01 3.165925422157515184e-02 4.074526848670955714e-01 3.082517544498625806e-01
2.644490358889471926e-01 2.991082130064420461e-02 4.577640393727482326e-01 2.478761034376602834e-01
2.938877639318512314e-01 2.021784119492904888e-02 4.615998811740704144e-01 2.242945136991492949e-01
2.704785303655379836e-01 2.562778508741853437e-02 4.152772601274998254e-01 2.886164244195436601e-01
3.200568834809104923e-01 1.658720095259247351e-02 4.273432416262413214e-01 2.360126739402558516e-01
2.660238217229618507e-01 2.554983789352826412e-02 3.728624423371124652e-01 3.355638980463974130e-01
2.843154547168390556e-01 2.243286953860540792e-02 4.549291143586027819e-01 2.383225613859527581e-01
2.971599930484064012e-01 3.067775754956428985e-02 4.221051698982554723e-01 2.500570795037738714e-01
3.022469563455124075e-01 2.088498495036866451e-02 4.359419727447482185e-01 2.409260859593707338e-01
2.284073829344718809e-01 2.442098236710950679e-02 4.619747430947252487e-01 2.851968916036935475e-01
2.825762034871473483e-01 3.235940693098363768e-02 4.404689923928943318e-01 2.445953971889746892e-01
3.038879595640285314e-01 1.812086653406068393e-02 4.222820744038846552e-01 2.557090994980260046e-01
2.887976630448267357e-01 1.676181480606588753e-02 4.485584831343765733e-01 2.458820390147307411e-01
3.356748670494935638e-01 8.800443873876509157e-03 4.282454659901890892e-01 2.272792230864407459e-01
2.433513658032173677e-01 9.373097705698992671e-03 4.600108279155376567e-01 2.872647085755459795e-01
3.159000437301219821e-01 3.230445534038604849e-02 3.993198697934189356e-01 2.524756311360730754e-01
2.559931116632117587e-01 1.893808332794223379e-02 4.313983362490756979e-01 2.936704687597704311e-01
2.597295134032204245e-01 1.556653072728529652e-02 4.375733339963678858e-01 2.871306218731265458e-01
2.824285752675290695e-01 2.191446227490653764e-02 4.113765833010094020e-01 2.842803791565550187e-01
3.087427036081342169e-01 1.564479675104180414e-02 4.162051983321614079e-01 2.594073013086625745e-01
2.942642307460414108e-01 1.929556985425708374e-02 4.344197592733796687e-01 2.520204401263218541e-01
2.774186179500184313e-01 3.722882666278685970e-02 4.263559224419831151e-01 2.589966329452115246e-01
2.796908551914413232e-01 1.816561162291069689e-02 4.537489613938511246e-01 2.483945717917968310e-01
2.704593195558218088e-01 1.112101415992563895e-02 4.739607701452486221e-01 2.444588961390039838e-01
2.689783125861716084e-01 3.610315654089210624e-02 4.756521941223069150e-01 2.192663367506292871e-01
2.599716236012399317e-01 3.695866008076011122e-02 4.164671728492005953e-01 2.866025434687994866e-01
3.285315790386594825e-01 2.168066968117437349e-02 4.034122634738903090e-01 2.463754878062758558e-01
2.985468730134924198e-01 1.815817407513321130e-02 4.145758441931815530e-01 2.687191087181928228e-01
2.468566673289782076e-01 2.090605565169280367e-02 4.245250761767738745e-01 3.077122008425550725e-01
2.899428772982682312e-01 2.694912948114080303e-02 4.077147148377128771e-01 2.753932783828780817e-01
3.141668429064706225e-01 1.503348545899974367e-02 4.240030267538834607e-01 2.467966448806460933e-01
2.683309579582726645e-01 1.345552698033145554e-02 4.232836740500044992e-01 2.949298410113913582e-01
3.335419246715062846e-01 1.077228819633101360e-02 4.006581050052147042e-01 2.550276821269480965e-01
3.313756534289288291e-01 2.186781006505605224e-02 4.069862528406693603e-01 2.397702836653459457e-01
2.906984210837473825e-01 3.098895363823274060e-02 4.531865925742045165e-01 2.251260327038153153e-01
2.581468513726567493e-01 1.429110743749266096e-02 5.028883267787798150e-01 2.246737144110707296e-01
2.746521746789856722e-01 1.418021492167974816e-02 4.114861389713658224e-01 2.996814714279687486e-01
3.129424855787541482e-01 3.052531684930633038e-02 4.599495597882837239e-01 1.965826377836557004e-01
3.098555864886398670e-01 2.136385346617531225e-02 4.206798239511500559e-01 2.481007360940347128e-01
2.574871992610089366e-01 2.101178323704070219e-02 4.148917998796910478e-01 3.066092176222591781e-01
3.425528806050608388e-01 1.698470584028478197e-02 3.623282116303823686e-01 2.781342019242719621e-01
2.592063379638906984e-01 1.234704103369195852e-02 4.477776521085959915e-01 2.806689688938213689e-01
2.551572569186234540e-01 1.845297755850744056e-02 4.933375587863212397e-01 2.330522067365479177e-01
2.928869332702881412e-01 9.802966732310002332e-03 4.517098065778321625e-01 2.456002934195697929e-01
2.452985763463715885e-01 2.924815309264980692e-02 4.169196330899325176e-01 3.085336374710461183e-01
3.131001584526088011e-01 3.517226182980003751e-02 3.908549447385368802e-01 2.608726349790542742e-01
3.348560715291628576e-01 2.285206159789405361e-02 4.154778320438330952e-01 2.268140348291099451e-01
2.288020512478397273e-01 3.333552515311982711e-02 4.433738298608640993e-01 2.944885937381764296e-01
3.262400631756943725e-01 1.821188674193019094e-02 3.969904530416199506e-01 2.585575970407554824e-01
2.780986231493321470e-01 4.421004728405723838e-02 4.214954169362540859e-01 2.561959126303564038e-01
3.063990349653073486e-01 2.178428291926191168e-02 4.289826136514718891e-01 2.428340684639589686e-01
2.638748542379401041e-01 3.921355547310140244e-02 4.142373083470308748e-01 2.826742819419275077e-01
2.736113235778291908e-01 3.305479010423884034e-02 3.878574417523653617e-01 3.054764445655664962e-01
2.336979395754702760e-01 2.783894096887923678e-02 4.727895035588557948e-01 2.656736158967948347e-01
3.305100273925165033e-01 1.683642975099866948e-02 3.590078094696300681e-01 2.936457333868548458e-01
2.974025406230987323e-01 3.299114066681799878e-02 4.673583049209878437e-01 2.022480137890955432e-01
3.184667932097877130e-01 1.899926911120738623e-02 4.150033593886135463e-01 2.475305782903912677e-01
2.965673912782268995e-01 1.812875985021944469e-02 4.544999302764888283e-01 2.308039185950649663e-01
2.742248714197546566e-01 2.825351818949032451e-02 4.616801957162708359e-01 2.358414146744841899e-01
3.091073523225085218e-01 1.445608391784519199e-02 3.783286324370631615e-01 2.981079313225831751e-01
2.978757900073922826e-01 1.694020134037928574e-02 4.298805382097032890e-01 2.553034704425252710e-01
2.996026867121576176e-01 9.012655413848207064e-03 4.685239164303811044e-01 2.228607414436129808e-01
3.472366430478019406e-01 1.709928914948814424e-02 4.064999982246511046e-01 2.291640695780588488e-01
2.667557290537364012e-01 2.374064376113686065e-02 4.762159629059293797e-01 2.332876642791972821e-01
2.793432010203095728e-01 1.369344214078371640e-02 4.647086770926884269e-01 2.422546797462183654e-01
2.964860297455985116e-01 3.327678110130904976e-02 3.808236655387388092e-01 2.894135236143536294e-01
2.782749646300329838e-01 1.342705134345526310e-02 4.790449977336463938e-01 2.292529862928653905e-01
2.442522464105082169e-01 3.466552268504729389e-02 4.583075654439439650e-01 2.627746654605006560e-01
2.936374768447859163e-01 2.713255241867733661e-02 4.201712003569841869e-01 2.590587703795523278e-01
3.284845434420330390e-01 2.601334770237976809e-02 3.957850098523004179e-01 2.497170990032868687e-01
2.852748422581793397e-01 4.536461487577177210e-02 4.041041844271044403e-01 2.652563584389444062e-01
2.624889994601233845e-01 5.457437022627016458e-03 4.453951384806767444e-01 2.866584250365727393e-01
2.592982080651770604e-01 3.147918071855456551e-02 4.433268970017942845e-01 2.658957142144740549e-01
3.115709087578765746e-01 1.800880835493073179e-02 4.237976740543284437e-01 2.466226088328642707e-01
2.907667067368445712e-01 1.552055728854323871e-02 4.541839372142731923e-01 2.395287987603389457e-01
2.813058402149208881e-01 2.234259071189361248e-02 3.714752731759607962e-01 3.248762958972246651e-01
3.053447203466735371e-01 1.857388312823285426e-02 4.378666394064179013e-01 2.382147571186756518e-01
3.098133715102261432e-01 9.347534514451879759e-03 4.186722801145819628e-01 2.621668138607400889e-01
2.720182425770266699e-01 1.527815985283242917e-02 4.491880486051502142e-01 2.635155489649906313e-01
2.577940074030411477e-01 4.372584394912924083e-02 4.085119263968621239e-01 2.899682222509676888e-01
2.997438167249717456e-01 5.036676168152653260e-02 4.015647546178694460e-01 2.483246669756322411e-01
2.897743824912513699e-01 3.050379872894713740e-02 3.998216591176619317e-01 2.799001596621396026e-01
2.867672038820388014e-01 8.878031888712481848e-03 4.466823503908764481e-01 2.576724138383722496e-01
2.592017040236581082e-01 8.467617774404559775e-03 4.592192903784997338e-01 2.731113878234374681e-01
2.809928047024914943e-01 1.809555682997700254e-02 4.551950107743057417e-01 2.457166276932257476e-01
3.522878914314210852e-01 2.233611260357275599e-02 3.694965746205911561e-01 2.558794213444149923e-01
2.870771691685579108e-01 2.740718812695030343e-02 3.876302911988896427e-01 2.978853515056020806e-01
2.956239454060206606e-01 2.695299399541925545e-02 4.332790324731609077e-01 2.441440281253990652e-01
2.628487044984751386e-01 2.591481278314943307e-02 4.388812245916518529e-01 2.723552581267236761e-01
3.012785087799958461e-01 1.658739080810617966e-02 4.388400671630773298e-01 2.432940332488205404e-01
3.147256345555808910e-01 2.836332722753049859e-02 3.852188718275628143e-01 2.716921663893257510e-01
2.120434007456484526e-01 3.875295317851734644e-02 4.339159549801217541e-01 3.152876910957124745e-01
2.797451474454861198e-01 1.303100671667283862e-02 4.361768891990597807e-01 2.710469566387812557e-01
2.250566732817270710e-01 1.545311908918900121e-02 4.990901124683304046e-01 2.604000951607535197e-01
3.033453800243335330e-01 1.922072489643478904e-02 3.711125449071046023e-01 3.063213501721270826e-01
3.232009578133864802e-01 3.020729010342156420e-02 4.059892496202036072e-01 2.406025024629884213e-01
2.869759247506596389e-01 1.185940123933266512e-02 4.086958871900292500e-01 2.924687868199785101e-01
2.818707689852442133e-01 2.022117589778804625e-02 4.585326804913447130e-01 2.393753746256229442e-01
2.735818104558984665e-01 2.808751132128663175e-02 4.437305618070527258e-01 2.546001164157622454e-01
2.782934823479991104e-01 2.386469006776064175e-02 4.535212219585205706e-01 2.443206056257197223e-01
2.893575940433652516e-01 2.912996926535711337e-02 4.360177143577946834e-01 2.454947223334829343e-01
3.077034945012921408e-01 7.718269050723996876e-03 3.846959749834105158e-01 2.998822614645733631e-01
2.672900770229656997e-01 1.835459415155891311e-02 4.139805078149716988e-01 3.003748210105035010e-01
2.886781994239533411e-01 1.973633935424935759e-02 4.406649075655111325e-01 2.509205536562860717e-01
3.224356144333625496e-01 4.917259222817157993e-02 3.814838183352400880e-01 2.469079750032258103e-01
3.050080529606949420e-01 4.214788918245256782e-02 3.857057182762176351e-01 2.671383395806349315e-01
2.891756569988156444e-01 2.544326107351295094e-02 4.219294843601266165e-01 2.634515975675447708e-01
2.379956178491657304e-01 1.653328349871403813e-02 4.571113752913338879e-01 2.883597233607863020e-01
2.868381212848076234e-01 2.983070778450729391e-02 4.145882266063041222e-01 2.687429443243809501e-01
2.479515946202700272e-01 5.968249853637243481e-03 4.521641420433983871e-01 2.939160134826943049e-01
2.836371900656844969e-01 3.612191489198003647e-02 4.235624324921842265e-01 2.566784625501510875e-01
2.739168092883589312e-01 2.023547786584157723e-02 4.519087369155115330e-01 2.539389759302880800e-01
3.191884035668145492e-01 1.949130509350610260e-02 4.049343072210408456e-01 2.563859841186385546e-01
3.419554644452981740e-01 2.680414274805415983e-02 3.820868494385202818e-01 2.491535433681275613e-01
2.580620520791934713e-01 1.248812330273804325e-02 4.670133849604553578e-01 2.624364396576130964e-01
2.783623377705404245e-01 1.687669007243555036e-02 4.425978636785026787e-01 2.621631084785213117e-01
2.797758455239631736e-01 4.008325268880489484e-02 4.236344033165104772e-01 2.565064984707214890e-01
2.426790048813572409e-01 1.736819776306544952e-02 4.839781365352959774e-01 2.559746608202813078e-01
2.811617207766865523e-01 2.529487766786102029e-02 4.192553600250004675e-01 2.742880415304520536e-01
2.838428223580160004e-01 3.326077832919470401e-02 4.218312473251701888e-01 2.610651519876190374e-01
3.066993614292209402e-01 2.620054651287393593e-02 4.162523880393223519e-01 2.508477040185828622e-01
3.004130346790431783e-01 3.092264650353255401e-02 4.259499101989093761e-01 2.427144086185148708e-01
3.267076642507984463e-01 1.522539588894053671e-02 3.947642132132971882e-01 2.633027266469639693e-01
2.764041911513144822e-01 2.421783016230146315e-02 4.423713562536351618e-01 2.570066224327488547e-01
2.642878510911023660e-01 1.301889123964331159e-02 4.498444775557751685e-01 2.728487801134789614e-01
2.529126758438922651e-01 3.851432464392495064e-02 4.426172779139562752e-01 2.659557215982265577e-01
2.699078418407812041e-01 2.818644930748120947e-02 4.005752242786738138e-01 3.013304845730637171e-01
2.797331527648959648e-01 1.977528007802780916e-02 4.769677072040592880e-01 2.235238599530170178e-01
2.977716698146318786e-01 3.892325608761172673e-02 3.899852179496432480e-01 2.733198561481131605e-01
2.445312396975838631e-01 4.256842288730482149e-02 4.498008030048322725e-01 2.630995344102791678e-01
2.207233783965248386e-01 1.319662425796556439e-02 4.655614836980557225e-01 3.005185136474539109e-01
2.806667507636330106e-01 2.358582905053644221e-02 4.385550852736553873e-01 2.571923349121752467e-01
2.621935522415462794e-01 1.939306883383973973e-02 4.289527988287268334e-01 2.894605800958870434e-01
2.765716095376202222e-01 1.692821706009524710e-02 4.102176028623682469e-01 2.962825705399163567e-01
2.761105703635073905e-01 1.000325958608820794e-02 4.381312303160944666e-01 2.757549397343099229e-01
3.213956669286481271e-01 1.977673878483287087e-02 3.871650221692127802e-01 2.716625721173060448e-01
2.606040396639617285e-01 2.430878015987882057e-02 4.410016181645730060e-01 2.740855620115864588e-01
3.519724796343545736e-01 1.318674591868820335e-02 4.145474636372305510e-01 2.202933108097266945e-01
2.775917800362772137e-01 2.880064728910227204e-02 4.294688547893996677e-01 2.641387178852209194e-01
2.899945003814641820e-01 3.101564629448649857e-02 3.878296250790734812e-01 2.911602282449757273e-01
3.449607117624059471e-01 2.018239517130760927e-02 3.851083508541674472e-01 2.497485422121190068e-01
2.967029502093691540e-01 4.037778779775384047e-02 4.197456032897529665e-01 2.431736587031239627e-01
2.758964782838714269e-01 1.714329393075510882e-02 4.555825301315362674e-01 2.513776976538372177e-01
2.708495689425016173e-01 1.606468012419458302e-02 4.046195995772465248e-01 3.084661513560573720e-01
2.887406977162814137e-01 3.485910103233186980e-02 4.035103854423454095e-01 2.728898158090412585e-01
3.029212866299436646e-01 2.971701449309576554e-02 4.446994801859119884e-01 2.226622186910484358e-01
2.873145358566515650e-01 4.982037482452361839e-03 4.505398304268212750e-01 2.571635962340748649e-01
2.899303229830109685e-01 1.345301002762893695e-02 4.135842905128017111e-01 2.830323764765584338e-01
3.106862057996244153e-01 1.885426600976292458e-02 4.302513168879126826e-01 2.402082113027000920e-01
2.548641099131431220e-01 2.590904161355701493e-02 4.580775869354276053e-01 2.611492615378721571e-01
2.672790264963268436e-01 2.029190397222514416e-02 4.355549454089913675e-01 2.768741241224567662e-01
3.008473787911178920e-01 1.832772648119538120e-02 4.346285739996153530e-01 2.461963207280713772e-01
2.497009716685024694e-01 3.663571566869617407e-02 4.872240481226272069e-01 2.264392645401741844e-01
2.627811443141503944e-01 2.043694919760985149e-02 4.759268157131734123e-01 2.408550907750664494e-01
2.495905262317959228e-01 1.890440334447097623e-02 4.918545434841784525e-01 2.396505269395546311e-01
2.100305799563952913e-01 1.707941165188895868e-02 4.787616465288855316e-01 2.941283618628303120e-01
2.583854238724576646e-01 2.207129872927915057e-02 4.522059936345479980e-01 2.673372837637153498e-01
2.669748600152634377e-01 2.871674849398138038e-02 4.715812760849823482e-01 2.327271154057727887e-01
2.638654908380544395e-01 2.623656516255010174e-02 4.574896240055167373e-01 2.524083199938787492e-01
2.849149703346788298e-01 2.674361295563298588e-02 4.180808010025239829e-01 2.702606157071640869e-01
2.470209991500847413e-01 2.972723998456179226e-02 4.400756883066193614e-01 2.831760725587341154e-01
3.154053730568825431e-01 3.171253500600402370e-02 4.160432518833204751e-01 2.368388400537929372e-01
3.136632434201712116e-01 1.566383636014455349e-02 4.545516217720103613e-01 2.161212984476738319e-01
2.642163624116790621e-01 2.027883221320295887e-02 4.861359285821124088e-01 2.293688767930056327e-01
2.343666082854364285e-01 2.444359787227104105e-02 4.253870793830998309e-01 3.158027144591928348e-01
2.880428755596252666e-01 2.070184858883798718e-02 4.239372170948182972e-01 2.673180587567185462e-01
3.180665654492290106e-01 9.760087447024431984e-03 4.550092636107165855e-01 2.171640834930298469e-01
3.125670638446159666e-01 1.836997653332174754e-02 4.072441707229899066e-01 2.618187888990722856e-01
2.542129229810585755e-01 1.384142746610899852e-02 4.616079797825211606e-01 2.703376697703114284e-01
2.330808718465613438e-01 1.124238879158160134e-02 5.084465287275010681e-01 2.472302106343560457e-01
2.850820430443943287e-01 1.578741626323686142e-02 4.227121892972390826e-01 2.764183513951296023e-01
3.205062859127547070e-01 2.395747164613793237e-02 3.973956442486968887e-01 2.581405981924104198e-01
2.758460328557730823e-01 2.609284702907806522e-02 4.471270555949123926e-01 2.509340645202364772e-01
2.656305171717077696e-01 2.082006898574812956e-02 4.154769538677636209e-01 2.980724599747806014e-01
2.753338580595594554e-01 2.998834420724426353e-02 4.769622839579740203e-01 2.177155137752222747e-01
2.778528796336792173e-01 1.726287045935540054e-02 4.518690321835606150e-01 2.530152177234046285e-01
2.414050202071922335e-01 1.274452338096634767e-02 4.765768978222621466e-01 2.692735585895792427e-01
2.552069228314927662e-01 2.427691646572175191e-02 4.315431641841007138e-01 2.889729965186847993e-01
3.054454412312229139e-01 7.601504768150284079e-03 4.003770276650941984e-01 2.865760263355325299e-01
2.557862861954015576e-01 3.470796740890062099e-02 4.691852260597776381e-01 2.403205203359203013e-01
2.904295999837937514e-01 2.924231000149797241e-02 4.437216330362995786e-01 2.366064569784087079e-01
3.032657052589753377e-01 3.124020524859778478e-02 4.454764700685817091e-01 2.200176194238451788e-01
2.816279701842246408e-01 2.377665607913898027e-02 3.810484992047579178e-01 3.135468745318785166e-01
2.939935314795941723e-01 2.399867559471793518e-02 4.063511437657449377e-01 2.756566491599429791e-01
2.780533778924293986e-01 3.401582105903867143e-02 4.350703121028563491e-01 2.528604889456757543e-01
2.654259006079325856e-01 2.744577310078290949e-02 4.023592796529885107e-01 3.047690466382961261e-01
2.514454903768269523e-01 3.440540639937833545e-02 4.722244205825644192e-01 2.419246826412302931e-01
2.918447453104756617e-01 2.897330885769673278e-02 4.100516317267717259e-01 2.691303141050560566e-01
2.740172254979685307e-01 2.903842519400046465e-02 4.683216724551824695e-01 2.286226768528484832e-01
2.631197324643679836e-01 1.837018315304665000e-02 4.001968688990197864e-01 3.183132154835655037e-01
3.183131646398187908e-01 2.092814022199072574e-02 4.082828316502841726e-01 2.524758634879062935e-01
3.125405016711159667e-01 2.973396794374321209e-02 3.862272274354876522e-01 2.714983029496531031e-01
2.933873293999393894e-01 1.481163965428525763e-02 4.421645485276096132e-01 2.496364824181658282e-01
3.084065081361730409e-01 1.871580406671341859e-02 4.153906702606487977e-01 2.574870175364647462e-01
3.000227448928589613e-01 2.561442860288540985e-02 4.219342028244382203e-01 2.524286236798174432e-01
2.601593542975323969e-01 3.790630368597103228e-02 4.185349664520974233e-01 2.833993755643991475e-01
2.641154386137620214e-01 2.510009118410915646e-02 4.637497826998565609e-01 2.470346875022722821e-01
2.603829309081008847e-01 4.135257361280794686e-02 4.107353982019253946e-01 2.875290972771656350e-01
2.735758102540113423e-01 1.033017490269725301e-02 4.263514201987185226e-01 2.897425946445728040e-01
2.826210388503098692e-01 1.226151266772981113e-02 4.504814788224150712e-01 2.546359696595453248e-01
2.713110431764111929e-01 1.662323966328253105e-02 4.127304072063724960e-01 2.993353099539339257e-01
2.993175909671825785e-01 2.357170781092826628e-02 4.112651881414222110e-01 2.658455130804669997e-01
2.900023963882915612e-01 2.982980594528274881e-02 4.468875588695345180e-01 2.332802387968910540e-01
2.688649748078205115e-01 8.333579076446511261e-03 4.456264574855374194e-01 2.771749886301956289e-01
2.755062472718627364e-01 1.975069374460073496e-02 4.996795831317684677e-01 2.050634758517681511e-01
2.658439277296903436e-01 1.672632217232212018e-02 4.341121091475952376e-01 2.833176409503924686e-01
2.486544968580415294e-01 3.206959839597955247e-02 4.169854014718696322e-01 3.022905032741091680e-01
2.416650556041285147e-01 3.774489345776906729e-02 4.450836746678563105e-01 2.755063762702460450e-01
3.271370083840511866e-01 2.201909870705031497e-02 3.866080581354320311e-01 2.642358347734664048e-01
2.780459962382552108e-01 2.604225529535504624e-02 4.166711681945116652e-01 2.792405802718780916e-01
2.680689813027251067e-01 1.392290613679012488e-02 4.672923338307684027e-01 2.507157787297162876e-01
2.961616469154833009e-01 1.361742633692122374e-02 4.184622133456343263e-01 2.717587134019612827e-01
2.781646320049140364e-01 1.119859364857964112e-02 4.250057009394870855e-01 2.856310734070192092e-01
2.802467285195860414e-01 1.256967795486214033e-02 4.495461611964088888e-01 2.576374323291429347e-01
3.431324098983683513e-01 1.516458823188208092e-02 4.311145374976794176e-01 2.105884643720701277e-01
2.913016511918820051e-01 2.700779094929331436e-02 4.433607002589401436e-01 2.383298575998844815e-01
2.548587422328186802e-01 1.221653796460364823e-02 4.443338658033730293e-01 2.885908539992045885e-01
3.099171974300917731e-01 4.103556019411006700e-02 3.991541460393753238e-01 2.498930963364228985e-01
2.609468637831944826e-01 2.633545048411747858e-02 4.368390668203350202e-01 2.758786189123529908e-01
3.392314281485648286e-01 1.067179284733255074e-02 4.428156363654945915e-01 2.072811426386080291e-01
2.550881012117781621e-01 2.771784656456353219e-02 4.569259973963320509e-01 2.602680548273262895e-01
2.700695923428359513e-01 1.875131696615971524e-02 4.552792524607323088e-01 2.558998382302721253e-01
2.939240473875893711e-01 2.189804197991217574e-02 4.387449258845795286e-01 2.454329847479189419e-01
2.755157780134379064e-01 1.765958812977826489e-02 4.716890398388564609e-01 2.351355940179274129e-01
3.331192780566596401e-01 3.271486151605357967e-02 3.732521108219172268e-01 2.609137496053696714e-01
2.761291386214975163e-01 1.833015788717249489e-02 4.551135637413764035e-01 2.504271397499536200e-01
2.796090936786085335e-01 1.282478159034785604e-02 4.475993153358941434e-01 2.599668093951496006e-01
3.239703122570681826e-01 1.630004400378689752e-02 4.104654588401115967e-01 2.492641848990332087e-01
2.719018955288041717e-01 1.286400559240072003e-02 4.779213490126664743e-01 2.373127498661285473e-01
2.626413554970232211e-01 2.296989057656345298e-02 4.411900594109787743e-01 2.731986945154347146e-01
2.716204233471016249e-01 1.541339278305133530e-02 4.705600084650233828e-01 2.424061754048237038e-01
2.955129902594816338e-01 3.081279222450151317e-02 3.816456723587478561e-01 2.920285451572688373e-01
2.761259090287306317e-01 1.981201111391898972e-02 4.277963960494163276e-01 2.762656838079338706e-01
3.133367679184201338e-01 1.375164645544130551e-02 3.948238279218758695e-01 2.780877577042626947e-01
3.254262513075206198e-01 1.953678394171591559e-02 4.153361344502186081e-01 2.397008303005449259e-01
2.940550642636227674e-01 1.559878281042669998e-02 4.609100788894717748e-01 2.294360740364787821e-01
2.615238839796518722e-01 1.114659648380976649e-02 4.154699068587964228e-01 3.118596126777418709e-01
2.813508524095819086e-01 1.228169870544040636e-02 4.470296519308553651e-01 2.593377969541223460e-01
2.999228412294485113e-01 1.501319500251167664e-02 4.467997846752346236e-01 2.382641790928051173e-01
2.721277265156177294e-01 1.147861644539165636e-02 4.597499227771759678e-01 2.566437342618148043e-01
3.473557163502863365e-01 9.328495618559161373e-03 3.584022616793952065e-01 2.849135263517593719e-01
2.180984772747846245e-01 4.641761739831518074e-02 4.484851312797564771e-01 2.869987740471438564e-01
3.780561527773682040e-01 2.232819093757801993e-02 4.008453948248981713e-01 1.987702614601556395e-01
2.462730955612877637e-01 2.759552087591747235e-02 4.298535633331103667e-01 2.962778202296843522e-01
2.426760433617779211e-01 9.474696556041743364e-03 5.018143467085692810e-01 2.460349133736110527e-01
2.696391536254693078e-01 3.395160903224817700e-02 4.324669841708313478e-01 2.639422531714512021e-01
3.092723563622524208e-01 1.579676201933015445e-02 4.173823750623837925e-01 2.575485065560336184e-01
3.170138597320459883e-01 2.832604101185128009e-02 4.301904221696999375e-01 2.244696770864028079e-01
2.700446854554645060e-01 3.032754655934757557e-02 3.924328212540246774e-01 3.071949467311632098e-01
2.659658372355205858e-01 3.635037450554917671e-02 4.550858511643619542e-01 2.425979370945682001e-01
2.602196034680701042e-01 1.548960472717954631e-02 4.526287666548935995e-01 2.716620251498566563e-01
