1.100618053793324808e-01 1.959276006588552832e-01 5.716677993970875615e-01 1.223427945647246190e-01
1.670338897349858964e-01 1.418291516993673840e-01 6.143204234725115898e-01 7.681653509313511596e-02
1.667083274869420040e-01 1.764120372486732424e-01 5.777464434582182395e-01 7.913319180616644466e-02
1.745819248228394349e-01 1.799812827091284428e-01 5.654918799854082856e-01 7.994491248262383665e-02
1.341621241432287559e-01 1.892861484050546717e-01 6.219144438027016664e-01 5.463728364901500323e-02
1.787376842916992281e-01 1.267160803710577210e-01 6.509669583084789490e-01 4.357927702876424753e-02
1.346899951616176705e-01 1.732356584787577980e-01 5.999402414702509345e-01 9.213410488937359699e-02
1.173426618336924354e-01 1.591778597773871595e-01 6.550050732176134760e-01 6.847440517130688742e-02
1.171979136623610140e-01 1.483861631489461486e-01 6.514334468752381868e-01 8.298247631345459507e-02
1.307105998158712146e-01 1.787022274414623857e-01 6.207609815903054606e-01 6.982619115236106400e-02
1.344839591843286219e-01 2.077601579399308007e-01 6.030751523928981062e-01 5.468073048284240872e-02
1.668913219951922433e-01 1.419274373871543815e-01 6.095092071731863514e-01 8.167203344446691271e-02
1.317002910484621481e-01 1.847093810137113434e-01 6.163301474914620881e-01 6.726018044636447590e-02
1.405041883156279425e-01 1.267348917814530018e-01 6.351324556871118521e-01 9.762846421580705092e-02
1.643451327236251092e-01 1.968372896514759551e-01 5.608782924270390158e-01 7.793928519785993381e-02
1.530277787363907571e-01 1.420985779436783891e-01 5.866404046679565276e-01 1.182332386519742845e-01
1.782789924600567677e-01 1.394763943483391111e-01 6.366019910909060942e-01 4.564262210069819359e-02
1.708997603690313449e-01 1.530268586589368096e-01 6.069951428175915931e-01 6.907823815444019688e-02
1.191791906624066200e-01 2.067216122985734983e-01 5.852362916490475575e-01 8.886290538997229649e-02
1.731034299505019303e-01 1.779489582247855695e-01 5.940007771666405700e-01 5.494683465807210371e-02
1.569148682347806245e-01 1.382158468752895109e-01 5.980548966895334884e-01 1.068143882003963763e-01
1.225778209539321456e-01 1.854962370896437174e-01 6.063317821192563128e-01 8.559415983716790743e-02
1.519666003749877980e-01 2.216886528917638155e-01 5.664089275981217808e-01 5.993581913512658482e-02
1.803494144938032340e-01 1.826269802177997725e-01 5.873973167618964375e-01 4.962628852650049355e-02
1.196654814943797634e-01 1.621614236976007539e-01 6.754964480364091806e-01 4.267664677161032982e-02
1.468320083994055503e-01 1.968065126988566282e-01 6.088737066296479039e-01 4.748777227208983431e-02
9.436981231004944182e-02 1.864320615202180731e-01 5.798721574324459116e-01 1.393259687372866706e-01
1.065557150203804981e-01 1.543218348582848787e-01 6.808857696504011514e-01 5.823668047093356892e-02
1.470118745307118224e-01 1.645588472786426171e-01 6.051160125332758488e-01 8.331326565736973944e-02
1.365622459539301836e-01 1.524303640731347609e-01 6.380366829483962166e-01 7.297070702453882507e-02
1.520819813288885325e-01 1.699762374633027318e-01 5.991694068120174688e-01 7.877237439579137801e-02
1.258372561545518520e-01 2.342704067181899663e-01 5.732037373168303862e-01 6.668859981042794816e-02
1.541512920177034729e-01 1.107325775172256915e-01 6.400981303923429788e-01 9.501800007272775961e-02
1.653862426493616089e-01 1.889461118951683005e-01 5.626002409709415231e-01 8.306740448452847037e-02
1.072679444173214730e-01 1.729394353217378333e-01 6.586778027244452050e-01 6.111481753649555121e-02
1.310585818097533273e-01 1.908988619253555175e-01 6.254186417889088245e-01 5.262391447598247646e-02
1.278151288742937486e-01 1.725227112431959586e-01 6.421979956969844361e-01 5.746416418552595384e-02
1.445085720253799777e-01 1.747359300697148843e-01 6.063439937554848669e-01 7.441150414942025726e-02
1.290929190901933254e-01 1.990179908475473158e-01 6.005081168025631078e-01 7.138097325969643137e-02
1.881160166657295518e-01 1.703594673785104041e-01 5.821958428877560543e-01 5.932867306800397589e-02
1.426816636425204954e-01 1.273689084422801321e-01 6.623305506395057440e-01 6.761887727569372564e-02
1.090830419052100930e-01 2.553057269724540723e-01 5.829549312469816114e-01 5.265629987535425105e-02
1.366398281152989003e-01 1.751246698674985280e-01 6.225277626961804867e-01 6.570773932102219606e-02
1.542251765883498327e-01 1.746685338421896660e-01 6.217062164655461354e-01 4.940007310391432427e-02
1.579546696897104197e-01 1.450774446309669452e-01 6.185581386253843350e-01 7.840974705393848054e-02
1.605708431105740686e-01 1.496707829953020930e-01 6.416537903124546194e-01 4.810458358166933013e-02
1.605094181745668758e-01 2.041423212773813556e-01 5.622336683576094618e-01 7.311459219044250113e-02
1.567508310030039098e-01 1.729465006220869683e-01 6.105255988132392009e-01 5.977706956166993491e-02
1.639333546750529336e-01 1.481528556312865230e-01 6.456880788883438971e-01 4.222571080531650756e-02
1.654269731920034736e-01 1.577853002313278075e-01 6.037268636319264026e-01 7.306086294474221920e-02
1.144623504006021253e-01 1.398514047728104948e-01 6.779839858862827251e-01 6.770225894030459934e-02
1.688053483985503256e-01 1.677321536217405429e-01 6.108510697180036253e-01 5.261142826170545767e-02
1.245606221213597514e-01 1.597838223028898719e-01 6.518665119092434956e-01 6.378904366650688107e-02
1.573285935123059365e-01 1.857488975271888720e-01 5.737321538623045836e-01 8.319035509820066343e-02
1.084952529465610105e-01 1.432681949418102840e-01 6.450313889735856954e-01 1.032051631380428852e-01
1.439195717537257169e-01 1.932406821507489103e-01 6.108181053203682875e-01 5.202164077515698121e-02
1.122328477368663008e-01 1.517924177982500622e-01 6.694425318561197935e-01 6.653220260876387127e-02
1.581358307342193570e-01 1.623172529928147423e-01 5.668126998970479669e-01 1.127342163759177257e-01
1.322372922545875518e-01 1.745819775348557978e-01 6.039560524840357214e-01 8.922467772652101226e-02
1.164753082093697711e-01 1.836266839436587750e-01 6.392387943005106710e-01 6.065921354646078290e-02
1.500094749554290452e-01 1.960636756402736047e-01 5.891298556623941751e-01 6.479699374190314720e-02
1.394701532460835836e-01 1.854229219953472396e-01 6.003848095977981636e-01 7.472211516077080506e-02
1.246340720898701099e-01 2.151207250553691941e-01 5.692921848562562115e-01 9.095301799850447066e-02
1.014872832030639521e-01 1.655150337394650784e-01 6.634470292872198804e-01 6.955065377025113071e-02
1.238766674025332942e-01 2.017507384888847510e-01 6.127684761801736046e-01 6.160411792840845419e-02
1.195827862040632766e-01 1.823935074387510735e-01 6.276180186685521578e-01 7.040568768863346427e-02
1.225002466684377844e-01 2.028089626879724938e-01 6.186262999700853360e-01 5.606449067350433718e-02
9.203883487125129326e-02 1.813884768530023006e-01 6.489974098983254391e-01 7.757527837742096699e-02
1.877771258207116822e-01 1.482079989504934692e-01 6.204779075724838888e-01 4.353696765631099447e-02
1.253429591786237862e-01 1.736120824971744692e-01 6.515347238210073000e-01 4.951023450319439606e-02
1.680675364742251765e-01 1.000877079440400941e-01 6.596883110749641732e-01 7.215644450677059785e-02
1.740065142160139577e-01 1.877881374630731015e-01 5.888610484079157548e-01 4.934429991299717211e-02
1.265503440010355973e-01 1.451462504891023464e-01 6.526272631816583125e-01 7.567614232820374376e-02
1.160785252304725179e-01 2.052158596497665466e-01 5.846136887892011691e-01 9.409192633055968313e-02
1.388261616738348248e-01 2.027034618401994392e-01 5.878897171781740649e-01 7.058065930779171271e-02
1.496536648748589271e-01 1.590995223987390628e-01 6.383928718858535856e-01 5.285394084054838293e-02
1.670328600700836108e-01 1.454407480083509951e-01 6.377960209466398966e-01 4.973037097492546965e-02
1.272842038674290577e-01 1.762105080492436249e-01 6.244495181830308494e-01 7.205576990029652351e-02
1.592508074481958913e-01 1.638210895986591253e-01 6.143584296857400595e-01 6.256967326740490998e-02
1.418599893884154028e-01 2.303698093499244037e-01 5.589977440853821644e-01 6.877245717627794575e-02
1.358784975126265948e-01 1.043964029927823556e-01 6.711480721858869014e-01 8.857702730870416208e-02
1.479839570823241190e-01 1.693660879234223648e-01 6.176119193611121494e-01 6.503803563314144998e-02
1.583923155546875794e-01 1.531803602332330594e-01 6.388780098829439646e-01 4.954931432913547290e-02
1.613677263383111737e-01 1.266507337823049306e-01 6.047291089249198226e-01 1.072524309544640175e-01
1.125690879166842823e-01 1.277028611539278435e-01 6.781020034154320308e-01 8.162604751395582947e-02
1.389083905574025612e-01 1.777201564857689708e-01 6.278161366247423381e-01 5.555531633208602577e-02
1.471823056630733040e-01 1.318427834867580417e-01 6.387584080043953172e-01 8.221650284577344814e-02
1.516361894111300790e-01 2.139733152278807671e-01 5.700240733516981351e-01 6.436642200929093560e-02
1.583452846850224860e-01 1.718898922885398473e-01 5.953617762771137301e-01 7.440304674932401996e-02
1.432352182561710541e-01 2.029933092350153234e-01 5.753606035058028700e-01 7.841086900301076634e-02
1.416134026230137233e-01 2.123099123389757259e-01 5.831537345178815501e-01 6.292295052012884804e-02
1.567535761072209322e-01 1.601489663909063388e-01 6.143654595443237554e-01 6.873199795754901531e-02
1.276888622264505113e-01 1.416255010932688241e-01 6.346106616644666687e-01 9.607497501581410693e-02
1.376886776970028536e-01 1.787731080607225520e-01 6.051668681181607834e-01 7.837134612411386647e-02
1.906238872530002237e-01 1.384938125740752257e-01 6.085699969425935052e-01 6.231230323033104535e-02
9.011173633099577029e-02 1.898430855847692000e-01 6.460765248185269538e-01 7.396865326570810362e-02
1.122313300620224885e-01 1.920308262582275938e-01 6.508484820047936159e-01 4.488936167495645446e-02
1.477228745713099201e-01 1.912137768654172676e-01 6.050814399300942226e-01 5.598190863317863836e-02
1.543167276117499431e-01 1.272758920210396438e-01 6.635847082119742391e-01 5.482267215523605602e-02
1.684160536732510483e-01 1.706685352650828824e-01 6.217204548892697469e-01 3.919495617239631552e-02
1.793313550243587351e-01 1.385224660208158598e-01 6.289816880081591233e-01 5.316449094666608755e-02
1.543699036908291466e-01 2.196550702752245177e-01 5.288608172263640217e-01 9.711420880758235563e-02
1.910501780475669931e-01 1.428659706222031311e-01 6.101876823954712759e-01 5.589616893475867626e-02
1.125330372040604932e-01 1.771487499170479041e-01 6.591393359104897876e-01 5.117887696840188461e-02
1.068593458642892874e-01 1.902066394743527900e-01 6.384516873269552306e-01 6.448232733440273368e-02
1.105166038631656966e-01 1.728008163729704560e-01 6.439610289824880818e-01 7.272155078137576556e-02
1.099812020142751506e-01 1.193927637068514791e-01 6.944739228901524175e-01 7.615211138872091112e-02
1.288263125298375333e-01 1.285844674680952093e-01 6.506345630080362374e-01 9.195465699403090887e-02
1.303589235511959377e-01 1.795783885446955164e-01 6.231996320118879940e-01 6.686305589222069079e-02
1.261772932101279387e-01 1.319169037018899926e-01 6.382766701148050448e-01 1.036291329731771627e-01
1.500223125277830583e-01 1.632335804717168493e-01 6.188766597464747665e-01 6.786744725402536760e-02
1.602470798770077587e-01 1.541657047916519530e-01 6.426730921769588933e-01 4.291412315438139502e-02
1.463254771432373480e-01 1.790672492677535255e-01 5.976645430476851262e-01 7.694273054132402812e-02
1.127301951945373359e-01 1.524219598225647343e-01 6.580723204690831496e-01 7.677552451381486343e-02
1.684076916681385705e-01 1.333277629768473138e-01 6.521170088926482311e-01 4.614753646236590540e-02
1.522078871507325237e-01 1.910068703298508919e-01 6.228587508013154750e-01 3.392649171810125514e-02
1.881094431506734610e-01 1.795554329712112929e-01 5.902698558544132723e-01 4.206526802370195300e-02
1.311731793341046060e-01 1.713832215482005428e-01 6.115946910032854511e-01 8.584890811440955283e-02
1.477589494737370779e-01 1.459970997636242940e-01 6.364478940668923945e-01 6.979605669574620586e-02
1.577590781265812980e-01 1.846938674474941366e-01 5.837848805736655100e-01 7.376217385225887491e-02
1.686599693874524519e-01 1.506224947883076648e-01 6.031880851336829386e-01 7.752945069055686145e-02
1.346512522116693478e-01 1.551693038088494681e-01 6.364910373189472947e-01 7.368840666053393107e-02
1.660882979957949424e-01 1.579988096963368116e-01 6.066217659873792689e-01 6.929112632048894937e-02
1.303567984076618724e-01 1.492309716398252106e-01 6.601126426749740483e-01 6.029958727753877840e-02
1.263059261214201645e-01 1.969721742959666400e-01 5.995549263405229867e-01 7.716697324209025044e-02
1.431168895682176923e-01 1.528775559849566978e-01 6.470830075584774743e-01 5.692254688834816334e-02
1.455481213865445489e-01 1.851290893866563703e-01 5.978326722823974482e-01 7.149011694440159104e-02
1.500550610257574136e-01 1.195061676899918102e-01 6.538530058946184775e-01 7.658576538963218772e-02
1.148604429836557334e-01 1.910530762578429853e-01 6.260594035913992217e-01 6.802707716710201802e-02
1.522974862170533294e-01 1.535599276880612318e-01 6.217431640765480605e-01 7.239942201833736435e-02
1.186887990905831636e-01 1.979539485209132477e-01 6.104468321891867166e-01 7.291042019931687213e-02
1.619653684343095867e-01 1.398209628006638616e-01 6.439431178922542243e-01 5.427055087277241757e-02
1.399694687808483717e-01 2.009928684642845187e-01 5.922404156753465765e-01 6.679724707952060248e-02
1.523007045027753303e-01 1.645893133261157881e-01 6.181111788933344453e-01 6.499880327777438072e-02
1.322173079353865799e-01 1.956746962718567129e-01 5.871087203780332997e-01 8.499927541472328263e-02
1.048418441894662934e-01 1.726891222727197084e-01 6.394313681556598183e-01 8.303766538215417992e-02
1.366992737159722915e-01 1.370929715249883385e-01 6.690968060096134096e-01 5.711094874942598820e-02
1.909783856874976982e-01 1.714067385568710800e-01 5.616796132274965991e-01 7.593526252813473376e-02
1.258748597124752511e-01 1.569939195239466456e-01 6.372298025295572987e-01 7.990141823402092947e-02
1.558198264883486894e-01 1.970488672097154559e-01 5.684961267367892868e-01 7.863517956514663731e-02
1.301401949290980353e-01 1.648341111181901020e-01 6.477091005269582924e-01 5.731659342575357724e-02
1.321753659403451242e-01 1.718703973019715670e-01 6.424897341352111546e-01 5.346450262247223056e-02
1.179391784309007651e-01 1.737559930841063027e-01 6.271091652714110287e-01 8.119566321358190342e-02
1.543496880396124094e-01 1.687227072400485361e-01 6.026268660338539584e-01 7.430073868648505442e-02
1.925699128356914147e-01 1.531449813182548247e-01 6.161913476763037911e-01 3.809375816974997636e-02
1.481944460932550223e-01 1.514957734977095405e-01 5.993801295859534362e-01 1.009296508230820844e-01
1.601822772772714953e-01 1.451087052975623959e-01 6.091436256156836926e-01 8.556539180948243006e-02
1.555700364358361953e-01 1.461739838332770103e-01 6.388132221448258319e-01 5.944275758606096249e-02
1.322963201843867231e-01 1.631181312175886966e-01 6.327505358742981922e-01 7.183501272372622148e-02
1.447066080379716402e-01 1.573579453708621179e-01 6.474833561955525285e-01 5.045209039561358855e-02
1.488979253268269964e-01 1.541334815719410667e-01 6.358748914091291171e-01 6.109370169210270873e-02
1.237076108491673432e-01 1.698624179866582429e-01 6.343124960104994381e-01 7.211747515367489259e-02
1.518631346786804004e-01 1.551165214295965877e-01 6.228859581399142087e-01 7.013438575180885870e-02
1.360335989552775571e-01 1.677593669318886427e-01 6.382382415426455236e-01 5.796879257018822118e-02
1.424085487522201710e-01 1.475236501747978490e-01 6.097392439720125124e-01 1.003285571009694122e-01
1.605054729781950074e-01 1.306304378683959821e-01 6.156836364916080662e-01 9.318045266180101371e-02
1.502257763610929941e-01 1.478807791160781371e-01 6.468055159709444890e-01 5.508792855188455323e-02
1.345318564454327515e-01 1.417990382208966227e-01 5.558311544920239156e-01 1.678379508416466825e-01
1.232355613032741215e-01 1.992913489651299552e-01 6.123225895166573007e-01 6.515050021493869192e-02
1.679902251904025201e-01 1.502500974742002060e-01 6.187019094326826618e-01 6.305776790271468146e-02
9.937113955476986615e-02 1.667712610708781129e-01 6.440896425705778805e-01 8.976795680377412656e-02
1.060683982929969266e-01 2.027396074761346201e-01 6.130436055317016741e-01 7.814838869916668207e-02
1.947575993589742982e-01 1.669167567664044116e-01 5.726751115776271828e-01 6.565053229699417681e-02
1.672789343304856013e-01 1.572249828663896398e-01 6.281081998512690889e-01 4.738788295185559357e-02
1.384347254049633769e-01 1.542532644347799353e-01 6.199167196561030657e-01 8.739529050415363598e-02
9.943329010477752750e-02 1.776164877315211943e-01 6.024875307489450105e-01 1.204626914147562816e-01
1.452843237743863258e-01 1.517737247917932963e-01 6.520924922432208559e-01 5.084945919059959824e-02
1.303713882575379679e-01 1.953471119509184173e-01 5.659026909968370989e-01 1.083788087947063633e-01
1.495811343521545045e-01 1.599216785193247892e-01 6.266844883774591590e-01 6.381269875106168610e-02
1.415225430661014028e-01 1.594469143665168398e-01 6.208442065041422930e-01 7.818633606323938112e-02
1.658215993728119342e-01 1.364793720389685383e-01 6.303797872014509363e-01 6.731924138676867453e-02
1.538575937623036516e-01 1.257423017782099695e-01 6.352904447646998687e-01 8.510965969478651028e-02
1.494860563042731405e-01 1.571193666413655265e-01 6.500164316456419344e-01 4.337814540871934993e-02
1.430196855559908442e-01 1.665992047432121315e-01 6.379931554354738577e-01 5.238795426532320831e-02
1.310754094553566451e-01 1.818345462357934816e-01 6.313370343927151573e-01 5.575300991613454937e-02
1.424622253166118180e-01 1.762002424090542141e-01 6.135909245494585162e-01 6.774660772487543781e-02
1.915609861274235326e-01 1.630709288927327805e-01 5.904774744608904946e-01 5.489061051895300497e-02
1.521538268800260441e-01 1.446626768961449816e-01 6.378610025910999015e-01 6.532249363272910059e-02
1.301895904471770393e-01 1.438399062198879585e-01 6.382470693715195376e-01 8.772343396141557559e-02
1.728579744691080000e-01 1.707850831629276478e-01 6.125518354128702825e-01 4.380510695509403502e-02
1.307463864876311221e-01 1.847571423070226149e-01 5.989594589833805438e-01 8.553701222196559428e-02
1.214369446650218898e-01 1.744402297239088795e-01 6.486798272401473886e-01 5.544299837092181438e-02
1.338231264306046775e-01 1.765177638694218620e-01 6.124718402848616794e-01 7.718726941511179496e-02
1.195460502393597135e-01 1.854817884848072307e-01 6.154741069341236326e-01 7.949805434170946483e-02
1.691340516409274020e-01 1.603832772827431530e-01 5.880502995647864939e-01 8.243237151154295117e-02
1.612899882846574873e-01 1.825565270750519609e-01 6.082133534480007597e-01 4.794013119228988928e-02
1.361360595199722356e-01 1.408098001727956239e-01 6.633950812515140294e-01 5.965905905571806250e-02
1.220270244715394858e-01 1.520179745023909068e-01 6.684229190579072943e-01 5.753208196816225750e-02
1.711730159342610413e-01 1.643971076230662520e-01 5.875324988382133462e-01 7.689737760445944370e-02
1.107708810728865872e-01 1.563705658912318552e-01 6.323417999029338210e-01 1.005167531329477365e-01
1.272513534458898088e-01 1.589187982064322047e-01 6.616885491338527769e-01 5.214129921382511940e-02
1.305606155211286867e-01 1.778692743679191612e-01 6.229146200805878442e-01 6.865549003036416909e-02
1.523814232507637867e-01 1.852017949402124386e-01 5.756977654113336618e-01 8.671901639769015457e-02
1.508111098940914108e-01 1.768624859490163237e-01 5.559614270290252902e-01 1.163649771278671141e-01
1.563995108003691792e-01 1.551216188279436192e-01 6.368302281098969786e-01 5.164864226179029932e-02
1.554741890172927909e-01 1.639976898480100254e-01 5.928499134370421864e-01 8.767820769765498345e-02
1.188355229828766957e-01 1.517276048618970974e-01 6.651571873141488567e-01 6.427968484107736413e-02
9.143659501991821537e-02 2.059747351958772510e-01 6.190560977493531070e-01 8.353257203485155158e-02
1.524815839713789534e-01 1.489865934932344260e-01 6.430716073287544576e-01 5.546021520663228094e-02
1.516173909094154504e-01 1.624867831959499187e-01 6.195270264614350930e-01 6.636879943319952402e-02
1.313480746223258944e-01 1.797340514056053884e-01 6.201078642096748972e-01 6.881000976239375067e-02
1.277250183438677078e-01 1.971682331391004794e-01 5.903343417904912682e-01 8.477240672654040576e-02
1.423129107867291410e-01 1.922014799480263603e-01 6.128815507218687841e-01 5.260405854337569381e-02
1.398239409844553027e-01 1.262457123539351411e-01 6.449736122679583517e-01 8.895673439365131552e-02
1.600609570056522879e-01 1.599253269483646434e-01 6.088559662252147620e-01 7.115774982076832067e-02
1.536517233873294086e-01 2.027608584640786249e-01 5.596217703127329690e-01 8.396564783585903913e-02
1.362704257366514071e-01 1.704601956556721642e-01 5.984141490268258812e-01 9.485522958085042255e-02
1.301317931358309532e-01 1.751530857169318334e-01 6.281275970286042121e-01 6.658752411863316789e-02
1.511902625780258969e-01 1.840434755841960646e-01 6.030041969423900472e-01 6.176206489538789424e-02
1.539114190090494771e-01 1.250359968418697509e-01 6.289708767369520670e-01 9.208170741212881594e-02
1.501902689311146455e-01 1.572866430072714650e-01 6.505047703660371550e-01 4.201831769557672763e-02
1.216386823457638461e-01 1.355437716790210412e-01 6.777371057255152653e-01 6.508044024969983354e-02
1.171256239628754581e-01 1.842175665039048615e-01 6.527436453354255042e-01 4.591316419779396807e-02
1.435926277180681609e-01 1.570394578899771132e-01 6.460516068998012340e-01 5.331630749215355430e-02
1.375098506080977001e-01 2.122113613027878376e-01 5.720647032843318991e-01 7.821408480478256320e-02
1.472550466866792418e-01 1.922172573665223982e-01 5.840413643228715701e-01 7.648633162392695639e-02
1.388373499164251013e-01 2.273968681832050642e-01 5.412372783311031332e-01 9.252850356926678455e-02
1.578050733282601592e-01 1.651966002252727717e-01 6.024333791412259664e-01 7.456494730524114434e-02
1.340748634090690172e-01 1.446584320185492489e-01 6.374381621615394788e-01 8.382854241084224112e-02
1.253997948350953073e-01 1.498600227579413302e-01 6.403355958586745000e-01 8.440458654828876528e-02
1.891575710014483658e-01 1.838863987088005525e-01 5.554888691084476360e-01 7.146716118130344575e-02
1.990218254396523834e-01 1.678914738670215234e-01 5.734618265574804585e-01 5.962487413584558610e-02
1.630590534834150951e-01 2.028595344735757977e-01 5.566107301451930223e-01 7.747068189781615433e-02
1.231896765267857935e-01 1.873093812124624058e-01 6.014191494998535337e-01 8.808179276089830867e-02
1.582835258033529202e-01 1.249702492619753497e-01 6.653972398417373757e-01 5.134898509293433361e-02
1.496882075540721946e-01 1.494379333793216247e-01 6.502886695994370969e-01 5.058518946716912545e-02
1.639399224018207868e-01 1.701292528465415399e-01 6.045732391792633109e-01 6.135758557237424443e-02
1.419683461766745869e-01 1.847709911180585307e-01 6.017458798545204379e-01 7.151478285074634733e-02
1.632974346778322539e-01 1.439268369130267400e-01 6.301779770009344750e-01 6.259775140820648953e-02
1.411857494791697309e-01 1.611345191145417410e-01 6.318025375624054529e-01 6.587719384388310284e-02
1.446931744220457949e-01 1.667115719485345593e-01 6.229245318849828683e-01 6.567072174443670807e-02
1.351226913483586090e-01 1.198742619041834878e-01 6.759486194428574457e-01 6.905442730460054079e-02
1.247799109768936709e-01 1.587455652150163432e-01 6.491489778878714034e-01 6.732554592021848527e-02
1.512498439762005875e-01 1.613860414646370312e-01 6.208873745478314943e-01 6.647674001133094257e-02
1.098714451139041759e-01 1.633907583295990951e-01 6.726021578548024848e-01 5.413563870169419562e-02
1.468467116158112540e-01 1.559528853648514124e-01 6.309146051818551593e-01 6.628579783748209109e-02
1.372939392625347477e-01 1.618493914138901257e-01 6.555302635520993126e-01 4.532640577147584171e-02
1.227504027435351863e-01 1.550779864738845992e-01 6.575019204873377987e-01 6.466969029524231860e-02
1.307290786511342839e-01 1.587837853114311693e-01 6.249563353511029540e-01 8.553080068633152344e-02
1.618836694492083450e-01 1.776483952468692062e-01 5.923555885054669901e-01 6.811234679845552809e-02
1.583618386669005118e-01 1.542565013993210665e-01 6.149751418940105907e-01 7.240651803976780321e-02
1.510373733757919834e-01 1.725515484520179221e-01 6.086050195389296480e-01 6.780605863326041871e-02
1.315698517431818371e-01 1.817704606637016163e-01 6.253765419546730708e-01 6.128314563844345503e-02
1.661416557320250786e-01 2.411937162930712086e-01 5.396721819715295521e-01 5.299244600337432026e-02
1.135227929744286879e-01 1.660061006795745253e-01 6.605089789997051763e-01 5.996212734629160351e-02
1.652276762662518161e-01 1.419288708403913246e-01 6.135985872209179792e-01 7.924486567243875512e-02
1.602244214612041917e-01 1.843028689379491991e-01 5.744993863496599129e-01 8.097332325118676566e-02
1.448713306475611085e-01 1.716708875461084305e-01 6.208313523525157418e-01 6.262642945381460824e-02
1.942932975048649036e-01 1.688726445563278888e-01 5.835201461456727134e-01 5.331391179313437617e-02
1.422501933569909893e-01 2.149665825437064304e-01 5.945718600700340417e-01 4.821136402926857328e-02
1.428180157973441833e-01 1.663089010004696888e-01 6.324983002612871719e-01 5.837478294089893521e-02
1.264662416934491662e-01 1.755083918576233193e-01 6.479020203816556744e-01 5.012334606727187475e-02
1.104957783267485616e-01 2.249756241610943175e-01 5.956914584679924296e-01 6.883713904416483009e-02
1.145027823974455738e-01 1.877129246104838334e-01 6.314270009919201732e-01 6.635729200015028084e-02
1.116685851175414357e-01 1.569667840604961895e-01 6.582064976249566435e-01 7.315813319700571749e-02
1.084612748466103477e-01 1.705133128503369122e-01 6.709235651421152635e-01 5.010184716093734475e-02
1.367198804477813001e-01 2.009632910239287917e-01 6.049837333574795695e-01 5.733309517081033868e-02
1.440396419783405990e-01 1.464051345772154344e-01 6.234776007222430083e-01 8.607762272220097211e-02
1.362714376775249758e-01 1.481933065140859929e-01 6.555326384544132301e-01 6.000261735397579427e-02
1.705431198415447158e-01 1.835349580707406336e-01 5.771701889966593946e-01 6.875173309105525599e-02
1.421853923075426795e-01 2.012321082423340901e-01 5.962047042909837113e-01 6.037779515913940798e-02
1.675945149045998395e-01 1.414131190408864369e-01 6.006000084801452754e-01 9.039235757436846208e-02
1.535480148589211113e-01 1.461726186774644776e-01 6.221436439640570804e-01 7.813572249955719196e-02
1.062994947542209440e-01 1.948018679882984883e-01 6.499003608774831520e-01 4.899827637999744356e-02
1.316663358337323564e-01 1.707829950027191790e-01 6.090042632369612186e-01 8.854640592658738485e-02
1.429452724501407423e-01 2.059528095082078791e-01 5.795114158618687172e-01 7.159050217978263353e-02
8.259133094234874517e-02 1.806780496400979819e-01 6.706193877424013738e-01 6.611123167515195465e-02
1.337550664427889224e-01 1.464588703087808530e-01 6.545396912390648581e-01 6.524637200936524162e-02
1.523129665088824858e-01 1.686369313166692085e-01 6.018285366570703676e-01 7.722156551737809072e-02
1.208577351483528101e-01 1.846216719765175485e-01 6.209608910149271299e-01 7.355970186020246993e-02
1.544641340248639749e-01 1.550163699532463579e-01 5.993584934282800702e-01 9.116100259360968017e-02
1.475536492643398923e-01 1.405712615190445880e-01 6.373118482818421748e-01 7.456324093477328940e-02
1.519038683881054341e-01 1.800619343905678071e-01 6.025411102835852573e-01 6.549308693774147372e-02
1.893935992110954702e-01 1.749419716716711370e-01 5.832062378160826066e-01 5.245819130115082080e-02
1.152317657229717518e-01 1.474312810556411835e-01 6.599821268914439765e-01 7.735482632994307439e-02
1.241700979057302756e-01 1.610674736829114939e-01 6.278000076111098782e-01 8.696242080024850496e-02
1.422714757966811461e-01 1.544737426326273644e-01 6.520212126668017971e-01 5.123356890388990059e-02
1.064405017957530397e-01 1.559781353386011093e-01 6.683026465026071783e-01 6.927871636303878367e-02
1.622752767049464029e-01 1.683141974350252090e-01 6.137145984717726765e-01 5.569592738825555889e-02
1.394584084700182247e-01 1.769157452843739542e-01 6.108873555919139831e-01 7.273849065369390743e-02
1.467274533684030657e-01 1.757798352955139698e-01 6.061124160093042113e-01 7.138029532677876710e-02
1.373219610144927050e-01 1.731773897134178675e-01 6.275466369231955666e-01 6.195401234889383324e-02
1.552636533144788333e-01 1.503415797704504009e-01 6.302308359658784775e-01 6.416393094919227436e-02
1.632168819197546139e-01 1.485605648906996035e-01 6.052259115898372954e-01 8.299664159970845945e-02
1.460861752372039080e-01 1.871244195304598290e-01 5.807880850423667862e-01 8.600132018996947680e-02
2.049398194031744891e-01 1.486336732746829925e-01 5.691125454175490761e-01 7.731396190459338680e-02
1.173206147089715379e-01 1.889489923183031161e-01 6.285034192485062787e-01 6.522697372421905337e-02
1.580644495561278340e-01 1.645111912649901142e-01 6.215815747763201449e-01 5.584278440256178894e-02
1.638962951011138092e-01 1.715903853602955831e-01 5.962405257865820429e-01 6.827279375200856482e-02
1.450257647406953954e-01 1.773945405286910526e-01 6.052678441004182286e-01 7.231185063019548998e-02
1.446031632014005697e-01 1.488839348830833798e-01 6.215014773482590016e-01 8.501142456725700736e-02
1.373445633825256529e-01 2.140972995211511409e-01 5.863830096769926392e-01 6.217512741933053921e-02
1.606066258650101497e-01 1.467010345694945983e-01 6.308282057298606471e-01 6.186413383563455631e-02
1.338683318455755056e-01 1.902962454023718608e-01 6.275950084139095830e-01 4.824041433814289098e-02
1.586797179641242228e-01 1.802670805965768397e-01 6.001551656477003283e-01 6.089803579159862312e-02
1.862869341551808000e-01 1.596046509268300162e-01 5.871775108206700455e-01 6.693090409731934642e-02
1.520798937582955035e-01 1.453573787168389586e-01 6.302136424076575372e-01 7.234908511720795909e-02
1.648514352712917297e-01 1.602181075207480265e-01 5.955286138753143055e-01 7.940184333264599381e-02
1.845229759156983840e-01 1.114817987651546549e-01 6.702221250397989438e-01 3.377310027934800341e-02
1.401406585768122104e-01 2.003306590834548206e-01 5.788625513822365232e-01 8.066613095749641804e-02
1.462711632375726101e-01 1.785491819268600344e-01 6.092103287275550949e-01 6.596932610801223285e-02
1.318851343951170929e-01 1.901341898800832653e-01 6.308204800738800300e-01 4.716019565091955634e-02
1.602381423133423521e-01 1.690239874857493996e-01 5.824015452010248284e-01 8.833632499988329501e-02
1.198752060912636197e-01 1.658909722418305810e-01 6.188462639046451441e-01 9.538755776226080785e-02
1.356092514903768920e-01 1.292394471384800125e-01 6.503171343584837061e-01 8.483416701265951432e-02
1.486153094016978704e-01 2.129315705787497848e-01 5.951267229890327970e-01 4.332639703051955476e-02
1.673570484212849041e-01 1.358710418081078564e-01 6.282202659548629109e-01 6.855164381574439803e-02
1.385432067706240389e-01 1.747486551613073036e-01 6.163149053161602886e-01 7.039323275190843832e-02
1.600561378455823414e-01 1.645230534462794325e-01 5.885747210992366973e-01 8.684608760890151491e-02
1.518693916597883831e-01 1.256858922207844120e-01 6.201408199194575754e-01 1.023038961999696850e-01
1.281723632709365346e-01 1.916701750435400309e-01 6.113640625081555591e-01 6.879339917736791710e-02
1.397289105325951741e-01 1.600342571205604636e-01 6.515815889538006944e-01 4.865524339304384827e-02
1.423539104754816265e-01 1.596472532613035789e-01 6.227454542929431458e-01 7.525338197027144072e-02
1.604536807042410973e-01 1.349711748109241882e-01 6.135498702714089481e-01 9.102527421342568315e-02
1.373988853434587598e-01 1.820955500884637590e-01 6.276488736422027870e-01 5.285669092587476359e-02
1.115205423640909382e-01 1.761107556764998361e-01 6.546115195777392204e-01 5.775718238166997059e-02
1.647350102860054566e-01 1.761132023284139592e-01 5.981564367880528588e-01 6.099535059752771160e-02
1.229704763223551794e-01 2.051329763453646760e-01 5.847073219671831135e-01 8.718922536509710053e-02
1.398345618877248064e-01 1.693016724073808099e-01 6.311194177221067791e-01 5.974434798278768083e-02
1.363928922125737797e-01 1.637720932956663045e-01 6.498451589156595265e-01 4.998985557610031993e-02
1.701207976511942555e-01 1.592474945170158362e-01 6.147420940486547636e-01 5.588961378313511003e-02
1.697940279693123944e-01 1.799101876953208001e-01 5.964552576213044688e-01 5.384052671406241997e-02
1.034318861385804811e-01 1.830995951941290500e-01 6.662333363104784301e-01 4.723518235681212207e-02
1.839762351572396815e-01 1.638186234293888266e-01 5.799485465833617015e-01 7.225659483000987371e-02
1.620122696482624580e-01 1.304240621754049478e-01 6.619686226875949320e-01 4.559504548873771768e-02
1.312683875394749788e-01 1.699304395281402980e-01 6.284425313304191629e-01 7.035864160196557415e-02
1.826497272001565697e-01 1.622360733906085539e-01 5.857274739086993920e-01 6.938672550053555377e-02
1.329302951668306643e-01 1.795954994339215571e-01 6.117886041549331910e-01 7.568560124431451819e-02
1.330787321681955460e-01 1.849965981131045656e-01 6.206470400729356962e-01 6.127762964576425470e-02
1.731337128716641249e-01 1.678544033436644989e-01 5.965544856671393115e-01 6.245739811753196064e-02
1.053723742379971962e-01 1.600392820969684660e-01 6.796862872949561707e-01 5.490205637007820882e-02
1.401655857628507362e-01 1.788430930373217931e-01 6.333183377038364981e-01 4.767298349599082691e-02
1.245721194712769014e-01 1.402759887214355128e-01 6.681211817835085442e-01 6.703071002377912480e-02
1.823625338341900992e-01 1.762497035266793743e-01 5.414000393726203786e-01 9.998772326651025888e-02
1.670484021093315841e-01 1.771585908585996960e-01 5.878589664979874119e-01 6.793404053408132193e-02
1.536294592824714866e-01 1.523535180845906611e-01 6.428381538814974538e-01 5.117886875144037062e-02
1.704937119947824153e-01 1.716248714583305524e-01 5.616033235783459698e-01 9.627809296854100696e-02
1.479909821297000772e-01 2.280294268401237279e-01 5.668978714442379774e-01 5.708171958593832862e-02
1.581352452520504437e-01 1.551286022160331124e-01 6.183489294500624789e-01 6.838722308185407606e-02
1.836611503665440126e-01 1.544348727042182956e-01 6.037873137203713103e-01 5.811666320886636761e-02
1.234572343615519818e-01 1.664610489712083086e-01 6.414834726998476233e-01 6.859824396739185037e-02
1.395405764539022209e-01 1.766190546596962119e-01 6.108771039225219246e-01 7.296326496387965654e-02
1.590145849592416727e-01 1.708449614459657540e-01 6.080404117338142900e-01 6.210004186097828338e-02
1.255904286553713167e-01 1.787172955910519834e-01 6.422674069392919627e-01 5.342486881428466089e-02
1.454885765388853058e-01 1.436519175424298134e-01 6.514824635684846044e-01 5.937704235020010990e-02
1.477443403375186814e-01 1.598418501377741885e-01 6.307157373145315660e-01 6.169807221017554327e-02
1.424137925833483809e-01 1.912664399336527765e-01 6.124672250684566333e-01 5.385254241454234814e-02
1.485271989339020104e-01 2.008186328515230434e-01 5.742205719867913283e-01 7.643359622778365947e-02
1.150882074915007963e-01 2.247501185578947847e-01 5.930861298275048599e-01 6.707554412309942038e-02
1.535000343724034211e-01 1.406269698830678316e-01 6.441832886049689844e-01 6.168970713955982538e-02
1.753190385439910848e-01 1.783883394936030542e-01 5.775424353261617849e-01 6.875018663624417325e-02
1.238145377821764370e-01 1.692673906025614072e-01 6.392786005737018939e-01 6.763947104156019241e-02
1.363018660400467374e-01 1.793585997844968638e-01 6.147898983305194465e-01 6.954963584493700779e-02
1.330534464799592309e-01 1.469701297484544977e-01 6.533707326866169396e-01 6.660569108496944279e-02
1.263277524354646797e-01 1.292679256763916984e-01 6.511309517437133820e-01 9.327337014443023988e-02
1.272839270512582110e-01 1.631439245443985220e-01 6.403829209285054613e-01 6.918922747583786115e-02
1.507902784833639320e-01 1.679345128682357413e-01 6.266930973209273725e-01 5.458211132747307209e-02
1.489115322231296945e-01 1.782374256918527466e-01 6.205883429226237702e-01 5.226269916239369845e-02
1.410148524958167171e-01 1.458866706708345784e-01 6.356045873744801122e-01 7.749388945886884206e-02
1.520610794424800960e-01 1.926593901797317432e-01 5.662129746798010288e-01 8.906655569798700711e-02
1.560225071543183961e-01 1.409134009265419207e-01 6.355204690755502650e-01 6.754362284358947366e-02
1.524498109846039451e-01 1.620290722975326059e-01 6.307731457981679002e-01 5.474797091969563906e-02
1.383519084304532798e-01 1.834712859373580918e-01 6.315750286232891808e-01 4.660177700889944069e-02
1.328549697832667464e-01 1.652436980495316232e-01 6.350671446534795761e-01 6.683418751372209587e-02
1.473773730369983825e-01 1.672025333258637114e-01 6.110586589245948774e-01 7.436143471254318127e-02
1.874647760219471382e-01 1.582595260412734683e-01 5.839225555641561760e-01 7.035314237262320358e-02
1.081789431431179338e-01 1.780178317540785093e-01 6.592611591221172462e-01 5.454206598068633144e-02
1.129911203123210028e-01 2.072226711647536801e-01 5.838645218244908897e-01 9.592168669843435802e-02
1.521486586492787896e-01 1.218415006161677888e-01 6.493583462698534481e-01 7.665149446469997352e-02
1.457670408656747962e-01 1.540877904735870330e-01 6.379824046840291141e-01 6.216276397670885551e-02
1.225577382490812689e-01 1.822014476668097904e-01 6.331884587068793424e-01 6.205235537722943867e-02
1.613071103696046837e-01 1.821141517480963368e-01 5.910422657272502711e-01 6.553647215504873613e-02
1.371239916180752028e-01 1.929645614360408490e-01 5.950883729398196431e-01 7.482307400606424963e-02
1.083817282283622702e-01 1.493207288808831579e-01 6.859970919305060644e-01 5.630045096024831330e-02
1.726319439127977917e-01 1.513528931620494178e-01 6.039117206780340030e-01 7.210344224711880134e-02
1.376216700567678419e-01 1.753056042836962647e-01 6.372925669006200833e-01 4.978015875891577541e-02
1.643691050693737443e-01 1.622048594324231041e-01 6.228285656010769111e-01 5.059746989712620574e-02
1.310787917928294966e-01 1.722039473697282996e-01 6.326956795405722644e-01 6.402158129686996713e-02
1.412645612984318177e-01 1.893317708031309332e-01 6.179963199527854778e-01 5.140734794565168797e-02
1.317418427081331056e-01 1.895745549159514043e-01 6.143713860306838637e-01 6.431221634523164032e-02
1.370039696299376331e-01 1.290089268649964316e-01 6.333403456382146191e-01 1.006467578668513024e-01
1.683621851616487475e-01 2.171384982514469042e-01 5.672719334467049013e-01 4.722738314019935685e-02
1.587359370726869057e-01 1.931449214707606499e-01 6.095794030605802272e-01 3.853973839597193973e-02
1.757709021918679171e-01 1.343706879116544350e-01 6.321520967091031062e-01 5.770631318737450000e-02
1.025797846855521223e-01 1.427953327297804276e-01 6.966742474114644423e-01 5.795063517320302865e-02
1.218451824689902041e-01 1.594359599735010458e-01 6.586730658133863603e-01 6.004579174412231352e-02
1.360387521127665311e-01 1.511163524939939107e-01 6.296001891783186144e-01 8.324470621492090217e-02
1.409246707799355902e-01 1.951616020272872176e-01 5.616582225946654683e-01 1.022555045981118071e-01
1.723471577095212204e-01 1.854176420930468416e-01 5.433159986559036314e-01 9.891920154152830658e-02
1.062384562022792439e-01 1.560088965220409185e-01 6.673786902090165229e-01 7.037395706666348116e-02
1.451427781066111089e-01 1.362211121216998500e-01 6.588564278759977411e-01 5.977968189569105723e-02
1.508047734623678138e-01 1.473130338276411322e-01 6.233368986435940950e-01 7.854529406639701450e-02
1.339843856640913489e-01 1.695325706136120991e-01 6.319191634983141181e-01 6.456388022398255877e-02
1.758795721515441501e-01 1.879853972320161271e-01 5.592622563684878090e-01 7.687277424795198322e-02
1.766857724473229752e-01 1.481812647896152135e-01 5.978144903582772729e-01 7.731847240478458005e-02
1.173700485376633906e-01 1.653813564346041376e-01 6.402305812524639039e-01 7.701801377526852621e-02
1.503394321357188479e-01 1.576547724062536127e-01 6.248316902253515659e-01 6.717410523267582090e-02
1.421615136369222265e-01 1.656366382879254362e-01 6.272912331171733857e-01 6.491061495797892378e-02
1.255582070360138913e-01 2.270282533671810765e-01 5.763688816971616058e-01 7.104465789964344025e-02
2.065516875875621772e-01 1.861041197873006536e-01 5.733499907993683253e-01 3.399420182576890631e-02
