3.161127530080587444e-01 1.606715589988714221e-01 1.862084418725000745e-01 3.370072461205698700e-01
3.036504494408611698e-01 2.027743046981258512e-01 1.478266486529796475e-01 3.457485972080333037e-01
3.811983400655269971e-01 1.641730482009269021e-01 2.040057427235637821e-01 2.506228690099822076e-01
3.548563390496543568e-01 1.559394605442477877e-01 1.747458705785828736e-01 3.144583298275149819e-01
2.427977463161977434e-01 1.496406892142396472e-01 3.102488243654419886e-01 2.973127401041205098e-01
2.630058294785413420e-01 2.889057026380336124e-01 1.912910734463031670e-01 2.567973944371218509e-01
2.935113904848795086e-01 2.045526572377726893e-01 1.893566533272489916e-01 3.125792989500986718e-01
3.467872622921209791e-01 1.359882806390857179e-01 2.064138405725295389e-01 3.108106164962637363e-01
3.574112675746093926e-01 1.654267691242850835e-01 1.789560645713157983e-01 2.982058987297897534e-01
3.332895646970027714e-01 1.704080995859315606e-01 1.881059397206469308e-01 3.081963959964187927e-01
3.127125215969227545e-01 1.664666751766940012e-01 1.529397536170846450e-01 3.678810496092985716e-01
3.064487917593626820e-01 1.809517700106370031e-01 2.022529513562548453e-01 3.103464868737455529e-01
3.497810596726741994e-01 1.182835687912629496e-01 2.554792133822445521e-01 2.764561581538182433e-01
2.933019230774061015e-01 1.843569609918244145e-01 2.213211333093431932e-01 3.010199826214262631e-01
3.074893950380009344e-01 1.963542184997057738e-01 2.283972099936046329e-01 2.677591764686884090e-01
2.678327220513009310e-01 2.042184659505940636e-01 2.347937868890242474e-01 2.931550251090806469e-01
3.303315961382299326e-01 1.486053102086035416e-01 1.924403582664883372e-01 3.286227353866782996e-01
3.197988171824612258e-01 1.956212457350603728e-01 1.569256146134512808e-01 3.276543224690272038e-01
3.577253856116233699e-01 1.898459856757849229e-01 1.711802491282228278e-01 2.812483795843688794e-01
3.029323974833908473e-01 2.133621273205578150e-01 1.938935966877398109e-01 2.898118785083114712e-01
2.876158682633715435e-01 1.815944530811374191e-01 1.781137484858484610e-01 3.526759301696424931e-01
3.213360437538726466e-01 2.050774799259278691e-01 2.113758283092369850e-01 2.622106480109625548e-01
2.683398124012314478e-01 1.801474952235537774e-01 1.989036012565048861e-01 3.526090911187098054e-01
2.954151068055280160e-01 1.673495870449894785e-01 1.945649458794608544e-01 3.426703602700215678e-01
3.843104427325103600e-01 1.590454023169331488e-01 2.139091158088508304e-01 2.427350391417057995e-01
2.902672108026745357e-01 1.450594472299217841e-01 2.465817770456506519e-01 3.180915649217530006e-01
2.613997992992249109e-01 2.056575244022178783e-01 1.780610540198327707e-01 3.548816222787245511e-01
2.829254305776671141e-01 1.908946993601765563e-01 2.096506592667430890e-01 3.165292107954132961e-01
3.112748466936339775e-01 1.875230592315418332e-01 1.638960191220411033e-01 3.373060749527830859e-01
2.930524423600049944e-01 1.769194975093083821e-01 1.632302473791387987e-01 3.667978127515478803e-01
2.954143342288996776e-01 1.882724105939806991e-01 1.889798194035820500e-01 3.273334357735376288e-01
2.738016127294271573e-01 1.793533623633226659e-01 1.669611682588326429e-01 3.798838566484173951e-01
2.893095899005165283e-01 1.729390470611231745e-01 2.299966244293224493e-01 3.077547386090377368e-01
3.596888790013028636e-01 1.540882162599485905e-01 1.708635838210592617e-01 3.153593209176892564e-01
3.089605897534679069e-01 1.409344204493775121e-01 2.143037910531727930e-01 3.358011987439817880e-01
3.187828885956690561e-01 1.448118242431995772e-01 1.904073938011185407e-01 3.459978933600128537e-01
2.817586387755137145e-01 2.196144267105335501e-01 2.131564218532757404e-01 2.854705126606769672e-01
2.810990726782759963e-01 2.070949679449467784e-01 1.889613162468417040e-01 3.228446431299354935e-01
3.098953861636353779e-01 2.050830086770785432e-01 1.741553034158770663e-01 3.108663017434090681e-01
3.234968844859431591e-01 1.968814391430657451e-01 1.435298636494105606e-01 3.360918127215804518e-01
3.142281709832947523e-01 2.247993337185128504e-01 2.122379020194707644e-01 2.487345932787216884e-01
3.699582096195122016e-01 1.396222483455506480e-01 1.747845071750762647e-01 3.156350348598607747e-01
3.640867584396569878e-01 1.515591492713551092e-01 2.283884290803456785e-01 2.559656632086421135e-01
3.017998421915984442e-01 1.920195297789803190e-01 1.893037047838646014e-01 3.168769232455565521e-01
2.967980686691603087e-01 1.965789817808616391e-01 1.810805288602695962e-01 3.255424206897085115e-01
2.937599471762000758e-01 2.297889251503141828e-01 1.526919058996095424e-01 3.237592217738763378e-01
3.062208667967316056e-01 2.114913162507010835e-01 1.896781420004884366e-01 2.926096749520789020e-01
2.969111649416137366e-01 2.066313123663157669e-01 1.867055924569429037e-01 3.097519302351275927e-01
3.402213326819685801e-01 1.759059948891176228e-01 1.917544374764079407e-01 2.921182349525058286e-01
2.879904479263538097e-01 1.787930402341462444e-01 2.139691134080549118e-01 3.192473984314451174e-01
3.248024265824667745e-01 2.493992033434940803e-01 1.703757931089195654e-01 2.554225769651196076e-01
3.474514706772657280e-01 2.055610821170581470e-01 1.769422021218882424e-01 2.700452450837878549e-01
3.610299683724734754e-01 1.540986614160967105e-01 1.953985653543751366e-01 2.894728048570546775e-01
3.101409642628928376e-01 2.055752386281380906e-01 1.777565913847644063e-01 3.065272057242046655e-01
3.096631869173233076e-01 2.193080680019570960e-01 1.538018644213791364e-01 3.172268806593404045e-01
3.399513222481347352e-01 1.283975361083445621e-01 2.118083060513957505e-01 3.198428355921248412e-01
3.362368265806571777e-01 1.773155444629317679e-01 1.541501188368191444e-01 3.322975101195919656e-01
2.938104761040640223e-01 1.824544391130793197e-01 1.783343412856937260e-01 3.454007434971627655e-01
3.912860115157812402e-01 1.523156725693252944e-01 1.732280983327846580e-01 2.831702175821088074e-01
2.945300395480021649e-01 2.145012047181250880e-01 2.081482021085116207e-01 2.828205536253609598e-01
3.115220183067383686e-01 1.640042890956879829e-01 2.207241140189900308e-01 3.037495785785837010e-01
3.440130228436166782e-01 1.854871831026556894e-01 1.970372899941556233e-01 2.734625040595721202e-01
3.546200753327421462e-01 1.598284119181280216e-01 1.693566575025103327e-01 3.161948552466193330e-01
3.363298310291837900e-01 1.749155166376424597e-01 2.314459844353929652e-01 2.573086678977807851e-01
2.935927460326342442e-01 1.674473289127725306e-01 2.097009718974360837e-01 3.292589531571571970e-01
3.316016255794223544e-01 1.515805894514622720e-01 2.030541448739627552e-01 3.137636400951525073e-01
3.406821926502006659e-01 1.962920768587431419e-01 1.698388683817409484e-01 2.931868621093151606e-01
3.297352195796948160e-01 1.198889324987977290e-01 2.767244704680648648e-01 2.736513774534426457e-01
3.638614078533848883e-01 1.792902422618558589e-01 1.715607639527781114e-01 2.852875859319812246e-01
2.944654460928005646e-01 1.831659406696605208e-01 1.827133872894679267e-01 3.396552259480707936e-01
3.214011371178350229e-01 1.980317120704286615e-01 1.737227802260485621e-01 3.068443705856876424e-01
2.838758016991869693e-01 2.169619953527277267e-01 2.185211440979945297e-01 2.806410588500908854e-01
3.211660136275016897e-01 1.492613612253458899e-01 1.914607177204864508e-01 3.381119074266659696e-01
3.034433581571816529e-01 2.373144421843239038e-01 2.109960410029284583e-01 2.482461586555659849e-01
3.652665592929941751e-01 1.963652416494403308e-01 1.772416811319272312e-01 2.611265179256382907e-01
2.802617275544483921e-01 1.529785745520674256e-01 1.934187576123969632e-01 3.733409402810873856e-01
2.789454878707123275e-01 2.049194793734136488e-01 1.687797184462243860e-01 3.473553143096495543e-01
3.597963150378642450e-01 1.730773860530190611e-01 1.644260759791184856e-01 3.027002229299984304e-01
2.594599144715289962e-01 2.104447630697902361e-01 1.887743613729825909e-01 3.413209610856980381e-01
2.620935551043162559e-01 2.279418514615899061e-01 2.259664512041781037e-01 2.839981422299157066e-01
2.888435370489896292e-01 1.406981862843904585e-01 2.265750777575043229e-01 3.438831989091156727e-01
2.438284253114310629e-01 2.296653531404266035e-01 2.081443850037472121e-01 3.183618365443952603e-01
2.463495386871506487e-01 2.798310801835103279e-01 1.805257629790315010e-01 2.932936181503075224e-01
3.088588984306145924e-01 1.947976542628897245e-01 1.975216434414604760e-01 2.988218038650351516e-01
3.499999941760211786e-01 2.041769870566344236e-01 1.712193116145261096e-01 2.746037071528182882e-01
3.011131904683131411e-01 1.639520185734401891e-01 2.215308526451791049e-01 3.134039383130675649e-01
3.342081870105124697e-01 1.707398015326903606e-01 1.900822846820355017e-01 3.049697267747616403e-01
3.213346674546952997e-01 1.472685915110210908e-01 2.651197602844450052e-01 2.662769807498386876e-01
3.040899734758253370e-01 1.953732913744927746e-01 1.859438324793891706e-01 3.145929026702926623e-01
3.448748053367253763e-01 2.159152621353465640e-01 1.545891629666037159e-01 2.846207695613245381e-01
3.128444319465290557e-01 2.047736850447615109e-01 2.081149974766296484e-01 2.742668855320797294e-01
3.275392062169693030e-01 1.911291171503081143e-01 1.790120324995605472e-01 3.023196441331619244e-01
3.403741628278071918e-01 1.480961992316653930e-01 2.051676952288784272e-01 3.063619427116487937e-01
2.448605039341019418e-01 1.675399448240875444e-01 1.998686423464839657e-01 3.877309088953265204e-01
3.301899639068546777e-01 1.654163861051330675e-01 1.902084700357465907e-01 3.141851799522656918e-01
3.151913386249006188e-01 1.608973432199986842e-01 2.083235549398354536e-01 3.155877632152652712e-01
3.102579327018820110e-01 1.741904228305251878e-01 2.189953380975502018e-01 2.965563063700426549e-01
2.777372612674028352e-01 1.959592748009950924e-01 1.607332995355843230e-01 3.655701643960177494e-01
3.642031759596944807e-01 1.824602098063883016e-01 1.815881113394809121e-01 2.717485028944361392e-01
3.316363439352132958e-01 1.968547154578435543e-01 1.745400956662065128e-01 2.969688449407367759e-01
2.543451418679604781e-01 1.642436306272668234e-01 2.276537977866529006e-01 3.537574297181199090e-01
3.412892972166416405e-01 1.781605090030595195e-01 1.920465176643330052e-01 2.885036761159659457e-01
3.106988916213824226e-01 1.739130328284369531e-01 1.965608409321128180e-01 3.188272346180677785e-01
2.987221251832993252e-01 1.940266057752425277e-01 2.029030942588556652e-01 3.043481747826025097e-01
2.999602650569975770e-01 1.607472557885959163e-01 1.877556479531918843e-01 3.515368312012145946e-01
3.230819810753134402e-01 1.297494181256980406e-01 2.397897773847159353e-01 3.073788234142727505e-01
2.849998374375300458e-01 1.700613653247618484e-01 2.655972159698417601e-01 2.793415812678662347e-01
2.982158830587080534e-01 1.884127983424973007e-01 1.986924481843670987e-01 3.146788704144274917e-01
2.599122643972207047e-01 1.958494868078310691e-01 2.166717570021063355e-01 3.275664917928420294e-01
2.458766415295506880e-01 2.510861404837545496e-01 1.851919235063766433e-01 3.178452944803180080e-01
3.221472321562429131e-01 1.709634385028991899e-01 2.320684909511956107e-01 2.748208383896623141e-01
2.819587362237715444e-01 1.801375907129837695e-01 1.928445155429134028e-01 3.450591575203312278e-01
3.448527706375421054e-01 2.183626569524703132e-01 1.400317631263641449e-01 2.967528092836235754e-01
3.191225232536707423e-01 1.599187660090589658e-01 1.786364757523198066e-01 3.423222349849504575e-01
3.490472121784303772e-01 2.016653952960137108e-01 2.081994067490834099e-01 2.410879857764724743e-01
3.323847742252644122e-01 2.335215125791222646e-01 1.663558080055815014e-01 2.677379051900318219e-01
2.828100303553794936e-01 1.733839396800331001e-01 1.729482142640484388e-01 3.708578157005390508e-01
2.910068372730713615e-01 2.013773727399865154e-01 1.737681992692976796e-01 3.338475907176444712e-01
2.445090267860077216e-01 1.934300716629445138e-01 2.463330845851105788e-01 3.157278169659372136e-01
3.274711805488179639e-01 1.535504060416170435e-01 1.998187097474773966e-01 3.191597036620875683e-01
2.671748694681766456e-01 1.873043827410788842e-01 2.230248624445052841e-01 3.224958853462391306e-01
3.090418464298907986e-01 1.728868147987207282e-01 1.754573112113150812e-01 3.426140275600733642e-01
3.002090359552354037e-01 1.843778145722944350e-01 1.773497903983607682e-01 3.380633590741094485e-01
3.269755038464106089e-01 1.737268338815075308e-01 2.147603496045139559e-01 2.845373126675679321e-01
3.235526937887779342e-01 1.980886364890657725e-01 1.956630249351279660e-01 2.826956447870282441e-01
3.092986368574757172e-01 1.702623981958121813e-01 2.249998071049927051e-01 2.954391578417194242e-01
3.467228883239069637e-01 1.605253832444986928e-01 2.139123747671936027e-01 2.788393536644008797e-01
3.067781877345184260e-01 1.624712081403714148e-01 1.808058125458316678e-01 3.499447915792784913e-01
2.819788995240661844e-01 2.042539397752692054e-01 1.883167344481742334e-01 3.254504262524904878e-01
3.192834804855940734e-01 1.855405497427601857e-01 1.861199399988028857e-01 3.090560297728427996e-01
3.159276810844807715e-01 2.197492624456741095e-01 1.731479417297616952e-01 2.911751147400833961e-01
2.669752814648494454e-01 1.603508969390193550e-01 1.876298911020304605e-01 3.850439304941007390e-01
3.303162890227996362e-01 1.661142688702116066e-01 1.956669917105329504e-01 3.079024503964558623e-01
3.283979091370426984e-01 1.933611735704943158e-01 1.736107022990308613e-01 3.046302149934322356e-01
2.905479288501987556e-01 1.750876415300917921e-01 2.175187343622900782e-01 3.168456952574195129e-01
3.233927893720904834e-01 1.998056202332841313e-01 1.944591689582921556e-01 2.823424214363331464e-01
3.706772852019039610e-01 1.684476542052867065e-01 2.171050106917269407e-01 2.437700499010823918e-01
3.243221831669095279e-01 1.616855329308033717e-01 2.198830558379176181e-01 2.941092280643695656e-01
3.062959425952783699e-01 2.005845056903593493e-01 1.884215395549819205e-01 3.046980121593804158e-01
3.225222545977617372e-01 1.895858580656501757e-01 2.242620810337169479e-01 2.636298063028710836e-01
2.553343877533489903e-01 1.760189820746680123e-01 2.507747703439034970e-01 3.178718598280794727e-01
2.922966176894650214e-01 1.946470340453488601e-01 1.766633450736132538e-01 3.363930031915727814e-01
3.164996465199308995e-01 1.874864647875985613e-01 1.769504598551784602e-01 3.190634288372920513e-01
3.754179402580049008e-01 1.498696192024164542e-01 2.003890609148086810e-01 2.743233796247700473e-01
3.136704399112084651e-01 1.677978322770847519e-01 1.617995467161353618e-01 3.567321810955713102e-01
3.131217648812731902e-01 1.626771218013428610e-01 2.197779859299692495e-01 3.044231273874147270e-01
3.429493627069040707e-01 1.863317909478769685e-01 1.574541833047395367e-01 3.132646630404793409e-01
3.601378182397530492e-01 1.879515169736370173e-01 1.600394110860271224e-01 2.918712537005828112e-01
3.257182155654517186e-01 1.692256709057669839e-01 2.023077940022590671e-01 3.027483195265223692e-01
3.223545398591847744e-01 1.460625206890198702e-01 2.097315250027193545e-01 3.218514144490760009e-01
2.947363333543482344e-01 2.272802014413351501e-01 2.222763156137716190e-01 2.557071495905450242e-01
3.341167052169945473e-01 1.455493752628503612e-01 1.954176206559283258e-01 3.249162988642266825e-01
3.662408711454767096e-01 1.327439976225935347e-01 1.840567985018062569e-01 3.169583327301235265e-01
3.573108555459580393e-01 1.890061344415589761e-01 2.067784821737942424e-01 2.469045278386888254e-01
3.275442444994789981e-01 1.315474482602775608e-01 2.088111456705397384e-01 3.320971615697037582e-01
3.983552345188425270e-01 1.694176273148720602e-01 1.448822084305434466e-01 2.873449297357420495e-01
2.732778085280835323e-01 1.764718285447010038e-01 2.022713814220825912e-01 3.479789815051329005e-01
3.157019220792331438e-01 1.897534915173674785e-01 1.873821566026108443e-01 3.071624298007885057e-01
3.184612714971721825e-01 1.781199610811688427e-01 1.633981437228040345e-01 3.400206236988548847e-01
3.517678191100860885e-01 1.756555063748081458e-01 2.085442891759219375e-01 2.640323853391838838e-01
2.993739710708487323e-01 1.684981066147848705e-01 1.856266845873719984e-01 3.465012377269943711e-01
3.453786010801321860e-01 1.943115858491100689e-01 1.882117064429291997e-01 2.720981066278284066e-01
3.443376249399566769e-01 1.541807034267808629e-01 1.933996946449059451e-01 3.080819769883565984e-01
2.850983860274307613e-01 1.649130042807674945e-01 2.129848688151598779e-01 3.370037408766416998e-01
3.061126636862292472e-01 1.875746156773396567e-01 1.920922047018459311e-01 3.142205159345851651e-01
3.005674129352827739e-01 1.894998799934188849e-01 2.057305822525380967e-01 3.042021248187602445e-01
2.926244148799399536e-01 1.440301731424516452e-01 2.386670866260556523e-01 3.246783253515527212e-01
3.132501081702162571e-01 1.866379509352397992e-01 2.125187326590819437e-01 2.875932082354619723e-01
3.369278091951723453e-01 1.865268798985180720e-01 1.728126692801821296e-01 3.037326416261273421e-01
2.843471428629172904e-01 1.692002080252752172e-01 2.043796393065746564e-01 3.420730098052329193e-01
3.004307447972595635e-01 2.100546930152150660e-01 2.086648092517275899e-01 2.808497529357978917e-01
3.174800748897328995e-01 1.728150525087579215e-01 1.729660834279047321e-01 3.367387891736045580e-01
3.205707274962646958e-01 1.938391194662048567e-01 1.885134274318879255e-01 2.970767256056425221e-01
3.021895271128614557e-01 1.877182477272129058e-01 2.062069650923082087e-01 3.038852600676172910e-01
3.710599956831302504e-01 1.652422120245468085e-01 1.888941252756339007e-01 2.748036670166889572e-01
3.475178543222900429e-01 2.003004029557125532e-01 1.606820202929829244e-01 2.914997224290143962e-01
3.124235484318778067e-01 1.885411527073679872e-01 1.728766163148411639e-01 3.261586825459130146e-01
2.573974156402683011e-01 2.241839200680116329e-01 2.118553509064836082e-01 3.065633133852364578e-01
3.044208150490094744e-01 1.990628833811224074e-01 2.093432636053426665e-01 2.871730379645254239e-01
2.889131639950162644e-01 1.864985934244780819e-01 1.866004455873208068e-01 3.379877969931848192e-01
2.745831886709752534e-01 1.454727748156693090e-01 2.367578736945613327e-01 3.431861628187940494e-01
3.305049726052887160e-01 1.817785674746176805e-01 2.392375874074776365e-01 2.484788725126159670e-01
3.424253341221450420e-01 1.545190344187889198e-01 2.307613233989103951e-01 2.722943080601555321e-01
3.014851685185461760e-01 1.739547543248562700e-01 2.054078582373052297e-01 3.191522189192921855e-01
2.963410078892205757e-01 1.751444787543964543e-01 1.616005387336872934e-01 3.669139746226957599e-01
2.843026994912232763e-01 1.826063588166276508e-01 1.844782396203605845e-01 3.486127020717884051e-01
3.593152326159292920e-01 1.817625201785160183e-01 2.145429456398983692e-01 2.443793015656563483e-01
3.303788862431393247e-01 1.884535312705102050e-01 1.688068762339804962e-01 3.123607062523699462e-01
3.006970488843363487e-01 1.905271777247070919e-01 2.407561253974979665e-01 2.680196479934587317e-01
2.401697763403041197e-01 1.532475470165725606e-01 1.964712486265775826e-01 4.101114280165457648e-01
3.210221296919287259e-01 1.674516967962494662e-01 1.918775962650913491e-01 3.196485772467304587e-01
3.494526324024579411e-01 1.647989072868359939e-01 1.861898366033148677e-01 2.995586237073912250e-01
3.585058789269577328e-01 1.848662554118842005e-01 1.590755959697940369e-01 2.975522696913639464e-01
3.726923796679341150e-01 1.629996369610042795e-01 1.732439556693483318e-01 2.910640277017131350e-01
2.799506542169006851e-01 2.076199597576395828e-01 1.803247197540316649e-01 3.321046662714279840e-01
3.206709961548464549e-01 1.791659084084551712e-01 1.707870252008152900e-01 3.293760702358830006e-01
2.884187508346466311e-01 1.766896195473304232e-01 1.744371802363464119e-01 3.604544493816765338e-01
2.519958023484857312e-01 1.970528405498551683e-01 1.927278924305864116e-01 3.582234646710727444e-01
3.056196488703495362e-01 1.788991870084615243e-01 2.519976663967621322e-01 2.634834977244269183e-01
2.781938071368839638e-01 1.754465942658319788e-01 2.393177572106273132e-01 3.070418413866567442e-01
3.301105645940592970e-01 1.956312470812409388e-01 1.491966252295444939e-01 3.250615630951552149e-01
3.201796311157101838e-01 1.652911062489955396e-01 1.765001160717961926e-01 3.380291465634981396e-01
3.101292878273567144e-01 1.628779173317212725e-01 2.047815201407204300e-01 3.222112747002016109e-01
3.311321586368800585e-01 1.860053701306604856e-01 2.036543917572267992e-01 2.792080794752327400e-01
3.225264922386319455e-01 1.521353032394612559e-01 2.294720903057537453e-01 2.958661142161529423e-01
3.105641992574185162e-01 1.754992749397675245e-01 1.995101679338102396e-01 3.144263578690037475e-01
3.274651766210739945e-01 1.778579976700027099e-01 2.130414614049621624e-01 2.816353643039611332e-01
3.191417248458252587e-01 1.600816935502320515e-01 1.844034505049832462e-01 3.363731310989595547e-01
3.211904866270424708e-01 1.893492609766530277e-01 1.675038263022054774e-01 3.219564260940989131e-01
3.413347259131696565e-01 1.702587118142033784e-01 1.493736831991455960e-01 3.390328790734812858e-01
3.165806155737205807e-01 1.780026686316884821e-01 1.877542363041379558e-01 3.176624794904530646e-01
3.160004312808963323e-01 1.662980032441752076e-01 1.552894939039555777e-01 3.624120715709730489e-01
3.386580186295922723e-01 1.769429778347703097e-01 1.664538485833057246e-01 3.179451549523316101e-01
2.930415442396904213e-01 1.713470634210101928e-01 1.778526004591886034e-01 3.577587918801107270e-01
3.683386631789575816e-01 1.442427496792787200e-01 2.079809317024576554e-01 2.794376554393061540e-01
3.088175000348880594e-01 1.900179191094978903e-01 1.880285100892291339e-01 3.131360707663849441e-01
2.797108763017457367e-01 2.088313640513682901e-01 1.589563446079381992e-01 3.525014150389477741e-01
2.934695431024051393e-01 1.793077341011587722e-01 2.368948671531119210e-01 2.903278556433241397e-01
3.251822764305210556e-01 1.908045479239979525e-01 1.883080735963998942e-01 2.957051020490810145e-01
3.274482107600498737e-01 2.280497929714677685e-01 1.426597879381920619e-01 3.018422083302902958e-01
3.131149008902150421e-01 1.962809070461807581e-01 1.709728913436093234e-01 3.196313007199948486e-01
3.058215133057074486e-01 1.749261204490157318e-01 2.390730912183054446e-01 2.801792750269714305e-01
3.016492221357940928e-01 1.558325424943285131e-01 1.900969412421056326e-01 3.524212941277718447e-01
3.490695100607379420e-01 1.774759474866351716e-01 1.760556597641150522e-01 2.973988826885118897e-01
3.239292021302040414e-01 1.627725275611888733e-01 2.241255288024609216e-01 2.891727415061459694e-01
3.148865793933076085e-01 1.870839859571958586e-01 1.891920958712663692e-01 3.088373387782300528e-01
3.311037939646632733e-01 1.893478746058482320e-01 1.584790339721466601e-01 3.210692974573416403e-01
3.389235381357281751e-01 1.524172218959350678e-01 1.849657756645879114e-01 3.236934643037487347e-01
3.277919850474527719e-01 1.814222366887695004e-01 1.829611307164493161e-01 3.078246475473285226e-01
3.316682398213448568e-01 1.709427039217817357e-01 1.808935598023627966e-01 3.164954964545107496e-01
3.087616416654528351e-01 1.774124297673832784e-01 2.226452487796688473e-01 2.911806797874951225e-01
3.329533766702918451e-01 1.370251721279933388e-01 2.084524886181776671e-01 3.215689625835371768e-01
3.291077601571788525e-01 1.773482339518560325e-01 1.377966471083960920e-01 3.557473587825690786e-01
3.516253422718859101e-01 2.050945175616670502e-01 1.673548523121391185e-01 2.759252878543078102e-01
2.891462414636334910e-01 1.954730439693109501e-01 1.934370092674563280e-01 3.219437052995993698e-01
3.314876057931719355e-01 1.717521228129142985e-01 2.530406399141759133e-01 2.437196314797378249e-01
3.031707823878099228e-01 2.076347840106025633e-01 2.170290057049426846e-01 2.721654278966447738e-01
3.142124030465009987e-01 1.386616890449193507e-01 1.863619293101560492e-01 3.607639785984235181e-01
3.200194984869867976e-01 1.598749727408882437e-01 1.777038398199529690e-01 3.424016889521719897e-01
3.220093059177533967e-01 1.762457685043479494e-01 2.011894330363613037e-01 3.005554925415372947e-01
2.781382013971220313e-01 1.633942482821292286e-01 2.335395068144856534e-01 3.249280435062630312e-01
2.692215007812944205e-01 1.592926480953660850e-01 2.184156620471262022e-01 3.530701890762131812e-01
3.209916178496912686e-01 1.695053397143834462e-01 1.890736152417851201e-01 3.204294271941401373e-01
2.408305661159834132e-01 1.979624102439908884e-01 2.174066429495397912e-01 3.438003806904859072e-01
3.530878492363313526e-01 1.685699716581788021e-01 2.241322645243675749e-01 2.542099145811222982e-01
3.111834484622986730e-01 1.294195641834811894e-01 2.180040641787348576e-01 3.413929231754853078e-01
2.785088705595094583e-01 2.080427429087417512e-01 1.841942548373988464e-01 3.292541316943498608e-01
2.351866415244249775e-01 2.464932324495370808e-01 2.005169713383253838e-01 3.178031546877125302e-01
3.009813908177323971e-01 1.844875960151129701e-01 1.675053791740057363e-01 3.470256339931487854e-01
3.201236178338370264e-01 2.385398331473795597e-01 1.796043603772868591e-01 2.617321886414965548e-01
2.671142011645620817e-01 1.681521257268821790e-01 2.215362558924323377e-01 3.431974172161234016e-01
2.753958558114256161e-01 1.465706039013040807e-01 2.277581773753296623e-01 3.502753629119405576e-01
3.079408130354894246e-01 1.666712935349533853e-01 1.925783531670764992e-01 3.328095402624806076e-01
2.975818939203777602e-01 2.289608295369522928e-01 2.016184096761296507e-01 2.718388668665404073e-01
3.412176162511800781e-01 1.647590475930651444e-01 1.636668600443393073e-01 3.303564761114153869e-01
3.033919684651100179e-01 2.008077190723754901e-01 1.668505551434902034e-01 3.289497573190242607e-01
3.160184928098567769e-01 1.830396547246107009e-01 1.742993865485145677e-01 3.266424659170179545e-01
2.854847140596385446e-01 2.107871151150908506e-01 2.116281308896100222e-01 2.921000399356604160e-01
3.307602055389757822e-01 1.731986515934973991e-01 1.798588101030519637e-01 3.161823327644748827e-01
2.620919053034188040e-01 2.033199438399716785e-01 1.986005549204632736e-01 3.359875959361461328e-01
3.416521067200831707e-01 1.702172089354408446e-01 1.547587321979143060e-01 3.333719521465616231e-01
3.432100964526475506e-01 1.806788984436239753e-01 2.085202835965095924e-01 2.675907215072187428e-01
2.824262445832733670e-01 1.654433280829732955e-01 2.502868085226644390e-01 3.018436188110888430e-01
3.318138338438892943e-01 1.729983986956839526e-01 1.683158710529599478e-01 3.268718964074667221e-01
3.291930235421455797e-01 1.579437616522743892e-01 2.302743968943941899e-01 2.825888179111859522e-01
3.128796123147604691e-01 2.234447532086445976e-01 1.938050503915804967e-01 2.698705840850142423e-01
3.509755915308965801e-01 1.644849388331790785e-01 1.487745103044199324e-01 3.357649593315045200e-01
2.764602905076701256e-01 2.077646952671024505e-01 1.906592429953640755e-01 3.251157712298634039e-01
3.282090013778427018e-01 1.902635663653396980e-01 1.720342298891092414e-01 3.094932023677083310e-01
3.258506202185879053e-01 1.866434124705716180e-01 1.718057753231117257e-01 3.157001919877287510e-01
3.011290807685964022e-01 1.844896991226217808e-01 2.153887675172351523e-01 2.989924525915466091e-01
3.044740383999898770e-01 1.519055652588413574e-01 2.163815735253405426e-01 3.272388228158283896e-01
2.963641098987619404e-01 1.783228148508050614e-01 1.853857266012780003e-01 3.399273486491549146e-01
2.901981506356947071e-01 1.843692084614884652e-01 1.876590152734567141e-01 3.377736256293601413e-01
3.482376330153199584e-01 1.658221403252395643e-01 1.719539389818342534e-01 3.139862876776063350e-01
2.653231920887051398e-01 1.863416304524982692e-01 1.930352313961427591e-01 3.552999460626539152e-01
2.936052062999738310e-01 1.697305635026808146e-01 1.952937342498262119e-01 3.413704959475192813e-01
3.035158144913230882e-01 1.563641800036823515e-01 2.150358835803537483e-01 3.250841219246407565e-01
3.519167035012989997e-01 1.677650622700666561e-01 1.775448209737754413e-01 3.027734132548590140e-01
3.309350566841450236e-01 1.574047976687489858e-01 2.327523093845830227e-01 2.789078362625227459e-01
3.526658547158804669e-01 1.636650347162479091e-01 1.893475660297039287e-01 2.943215445381677231e-01
2.947246771741278693e-01 2.267727756213883672e-01 1.998382542544100138e-01 2.786642929500738330e-01
3.278356769825427341e-01 1.840006750389752144e-01 1.800748854338805049e-01 3.080887625446014910e-01
3.481485254837460297e-01 1.717076873106687662e-01 1.508175126420628898e-01 3.293262745635223143e-01
3.126379895960524902e-01 1.864345489173243886e-01 1.423719210219177855e-01 3.585555404647053912e-01
2.650648094558570311e-01 2.201217243309257221e-01 2.293073653926792355e-01 2.855061008205380668e-01
3.042792457307620380e-01 1.935232602291230286e-01 1.862909616812689351e-01 3.159065323588460816e-01
3.627472723333495241e-01 1.349335480556777545e-01 1.757875239710762483e-01 3.265316556398963899e-01
3.454757657776723057e-01 2.106235432236438776e-01 2.032643283009713253e-01 2.406363626977123527e-01
2.968446400430697074e-01 2.193507836200324079e-01 1.884618450499478959e-01 2.953427312869500443e-01
3.439556703648574687e-01 1.706323234364822139e-01 2.030146130832718443e-01 2.823973931153884176e-01
3.137596459218097711e-01 1.662211471801123275e-01 1.908843963175059499e-01 3.291348105805718127e-01
2.991408359798632399e-01 1.534125026455951113e-01 1.876571693084201353e-01 3.597894920661215967e-01
3.058801187916854736e-01 1.740438027342606220e-01 2.376990400812713233e-01 2.823770383927825534e-01
3.068601502750948340e-01 1.988053189119868003e-01 2.013349843797036798e-01 2.929995464332146859e-01
3.229324777317962858e-01 1.431824965258206572e-01 2.161993450974963593e-01 3.176856806448866144e-01
2.993732150788308011e-01 1.878835763157152838e-01 2.130290883286518611e-01 2.997141202768020540e-01
3.070532714535736951e-01 1.810023665821919592e-01 1.770706280341388661e-01 3.348737339300955629e-01
2.866771452636019402e-01 1.945066309018432804e-01 1.545095898406011470e-01 3.643066339939536880e-01
2.501453453157286844e-01 1.667788014656772788e-01 2.182008217540958861e-01 3.648750314644980675e-01
3.364823553366420583e-01 1.617915309011101754e-01 2.178323948685340072e-01 2.838937188937137313e-01
2.894704017252567319e-01 1.996377162750422318e-01 2.253493783016987939e-01 2.855425036980023812e-01
3.293854810795284749e-01 2.043037236872476403e-01 1.762532616494981719e-01 2.900575335837256574e-01
2.991369027981813367e-01 1.828098404785259978e-01 1.960457689381240876e-01 3.220074877851686335e-01
3.070678692065914595e-01 1.682316653183986987e-01 2.100128210671490248e-01 3.146876444078607338e-01
3.028023775242786875e-01 1.852563155981022947e-01 2.161378228257345158e-01 2.958034840518845576e-01
3.270461628112815711e-01 1.718008867941363815e-01 1.977264638515623674e-01 3.034264865430196245e-01
3.340635981177502156e-01 1.378794334951827238e-01 2.436426826499061282e-01 2.844142857371608213e-01
2.988933477459493337e-01 2.032018509780124937e-01 1.855883541021834948e-01 3.123164471738547054e-01
3.078840251400741801e-01 2.265151490821598612e-01 1.843551093226358240e-01 2.812457164551301347e-01
2.690079962137902903e-01 2.135127062769225925e-01 1.899014967234355367e-01 3.275778007858515251e-01
3.446822561463029899e-01 1.730694760489858985e-01 2.097070103375160699e-01 2.725412574671949306e-01
3.473879670544967602e-01 1.642546648448079682e-01 1.854005451845172348e-01 3.029568229161780923e-01
3.088187301998064904e-01 1.726634563248073961e-01 1.888441215504686188e-01 3.296736919249174114e-01
2.703239078230180170e-01 1.794725751189742147e-01 2.252962242905912071e-01 3.249072927674167000e-01
3.248431599959847871e-01 1.829440852838091491e-01 2.145618471817012374e-01 2.776509075385046321e-01
3.379223852330314748e-01 2.001770257977359968e-01 1.513379118983138039e-01 3.105626770709186135e-01
3.292776599274674365e-01 1.692090154736191343e-01 2.200780622068463643e-01 2.814352623920669538e-01
2.911379024173831875e-01 2.067322280682861446e-01 2.139181538219457335e-01 2.882117156923848511e-01
2.732812023555700187e-01 2.107369086766914257e-01 2.193243746123788029e-01 2.966575143553598082e-01
2.928115275510804749e-01 2.166394008724124853e-01 1.861907352944434935e-01 3.043583362820634908e-01
3.027444035590074467e-01 2.377314305685124252e-01 1.677486562184660190e-01 2.917755096540141091e-01
3.143313069579845020e-01 2.212274337463156493e-01 1.615154430384532769e-01 3.029258162572465718e-01
3.137800184949656734e-01 1.486216913558152108e-01 1.799117171755315048e-01 3.576865729736876109e-01
3.268133079947297404e-01 1.928884212574168699e-01 1.526617835333319573e-01 3.276364872145213769e-01
3.545083250460530633e-01 1.687506041307851312e-01 1.519738687134929156e-01 3.247672021096689177e-01
3.344430823012506937e-01 1.397887515048017448e-01 2.130439626350965898e-01 3.127242035588511104e-01
3.253286219502609100e-01 1.662619988048230635e-01 2.277515086694261170e-01 2.806578705754899650e-01
3.107137341251995366e-01 1.716647982060475197e-01 2.327792659590991464e-01 2.848422017096537417e-01
2.993495453476081036e-01 2.083191462458579002e-01 1.964787874483877039e-01 2.958525209581462923e-01
2.797270369810528345e-01 1.784504899044417336e-01 2.550059401318842123e-01 2.868165329826211640e-01
2.744470356610458350e-01 1.621377483729132818e-01 2.578527254182749751e-01 3.055624905477659636e-01
3.494264757423704570e-01 1.768231769279312582e-01 1.969439384434737428e-01 2.768064088862245420e-01
2.742036691689471173e-01 1.760679158580731041e-01 2.059930156907983922e-01 3.437353992821812199e-01
3.125473587223701055e-01 1.585672331565431414e-01 1.761407478322695175e-01 3.527446602888171800e-01
3.056188711643138545e-01 1.598892583322130967e-01 1.805262355098022631e-01 3.539656349936707858e-01
2.912269319127006595e-01 1.882181420486399581e-01 1.860365973182039334e-01 3.345183287204555045e-01
3.480093646373544347e-01 1.663231562320421908e-01 2.069847324272924838e-01 2.786827467033109462e-01
3.051502592594075303e-01 1.959399776941798954e-01 1.968009406233167946e-01 3.021088224230957242e-01
3.271769347740058342e-01 1.791294642606982290e-01 2.057751954146653239e-01 2.879184055506305850e-01
2.884676767534221087e-01 1.967929662102451682e-01 1.986273851014804248e-01 3.161119719348521873e-01
3.139771241036538041e-01 1.746348646765543133e-01 2.202450898959544545e-01 2.911429213238372893e-01
2.813762632664378316e-01 2.047646445308462793e-01 1.909327073950947973e-01 3.229263848076210919e-01
2.405469623616109109e-01 2.055311524093148823e-01 1.999840865313140537e-01 3.539377986977602641e-01
3.252112907744943993e-01 1.799582864386940206e-01 2.336723642911654186e-01 2.611580584956461615e-01
2.913596388757326294e-01 1.823843168023579209e-01 2.078220366069561398e-01 3.184340077149532822e-01
3.051004318747546629e-01 1.698701233621626727e-01 2.151202349022008076e-01 3.099092098608819956e-01
3.104283971053751756e-01 1.767508763919080905e-01 1.606753485603285014e-01 3.521453779423882047e-01
2.858002022536864639e-01 1.947852553525118158e-01 2.092333053290730549e-01 3.101812370647286654e-01
2.752579989325935617e-01 2.119173903066152997e-01 2.005289014566704608e-01 3.122957093041207055e-01
3.344223947135964159e-01 1.755598508414904779e-01 1.803393495232083199e-01 3.096784049217047308e-01
3.082949298891233814e-01 1.783192938119419757e-01 1.530267524992860451e-01 3.603590237996486256e-01
2.829004371803064410e-01 1.785948104436812789e-01 2.309387726869800705e-01 3.075659796890321540e-01
2.981032714352604973e-01 1.683773786616271639e-01 2.317106628631466214e-01 3.018086870399656063e-01
3.290263207181172711e-01 1.503031831220232595e-01 1.725310160244968860e-01 3.481394801353626112e-01
3.589628544582393888e-01 1.943433317653882886e-01 1.784363492308830568e-01 2.682574645454893769e-01
3.247945715986674808e-01 1.415757113453826321e-01 2.078011377315962249e-01 3.258285793243537176e-01
3.041038209300870321e-01 2.135789183958350934e-01 1.890732491333857179e-01 2.932440115406921843e-01
3.159080485471386091e-01 1.613389235605644512e-01 2.046051430071747501e-01 3.181478848851222452e-01
3.234769348267648170e-01 1.766138640850139774e-01 1.905184033131994692e-01 3.093907977750218197e-01
2.963102872749874273e-01 1.691918285617154960e-01 1.965539075440375094e-01 3.379439766192595673e-01
2.686580672116908874e-01 1.883299449568483219e-01 1.833156823604014385e-01 3.596963054710594632e-01
2.908769859190830087e-01 1.945811348457364143e-01 1.762563920674217188e-01 3.382854871677588582e-01
3.251845687521200401e-01 1.717710702890868635e-01 2.046245121522660415e-01 2.984198488065271104e-01
2.680312311067095665e-01 2.231205928345968426e-01 1.734586566396963403e-01 3.353895194189971951e-01
2.946716817330517491e-01 1.771710398350078430e-01 2.286088777037561526e-01 2.995484007281841721e-01
2.634169566878392099e-01 1.991912347707816000e-01 2.079667342654897833e-01 3.294250742758895178e-01
2.953815048197619975e-01 1.551559544699415427e-01 2.096039351187807542e-01 3.398586055915156501e-01
2.544805202728218640e-01 1.642536425605669592e-01 2.448448914528152109e-01 3.364209457137959935e-01
2.899953396828545693e-01 2.008470627300866229e-01 1.633424684562823082e-01 3.458151291307764996e-01
2.896417896691422800e-01 1.621749398846845935e-01 2.255249488662652846e-01 3.226583215799078141e-01
3.048006417844975613e-01 1.633471293550382564e-01 1.976188959157124114e-01 3.342333329447517709e-01
3.030817537780193804e-01 2.390073665803795766e-01 1.834441768088579394e-01 2.744667028327432146e-01
3.177270059527014245e-01 1.678552015106310191e-01 1.837266706199749411e-01 3.306911219166926430e-01
2.811703913623811446e-01 1.898381449242215746e-01 2.119421381459032361e-01 3.170493255674939892e-01
2.864063414142306585e-01 1.708687630670178703e-01 1.918836775197352851e-01 3.508412179990162416e-01
3.373526877914517219e-01 1.697530942929845188e-01 1.984222325974551171e-01 2.944719853181086422e-01
3.464659771092961638e-01 2.092893284307152657e-01 1.633370852600906920e-01 2.809076091998978231e-01
2.973107232439954895e-01 2.004830407485544419e-01 1.877495795682787016e-01 3.144566564391713670e-01
2.929727498604368097e-01 2.164728114350719379e-01 1.931451350958735824e-01 2.974093036086175035e-01
2.976394184133770437e-01 1.698929352175212182e-01 1.850943039734885553e-01 3.473733423956132937e-01
2.638153519158514260e-01 2.050839712595390885e-01 1.615908635482255495e-01 3.695098132763839360e-01
3.146888983073198864e-01 2.110105462935288334e-01 2.048040924231700755e-01 2.694964629759811214e-01
3.487973228505201750e-01 1.652744279356136714e-01 1.611775993587429290e-01 3.247506498551232523e-01
3.281710120571788014e-01 1.666844569907671991e-01 1.702329066716507522e-01 3.349116242804032195e-01
3.408539547604597653e-01 1.399548397168981495e-01 2.368004130324553314e-01 2.823907924901866706e-01
3.522593822796498131e-01 1.790098958626209769e-01 1.525422334473612307e-01 3.161884884103680071e-01
2.929967738215179529e-01 2.013379334063460924e-01 2.102415006419248722e-01 2.954237921302109715e-01
3.706236825553571590e-01 1.662027891475763575e-01 1.782260936392390527e-01 2.849474346578275141e-01
3.016071305027820393e-01 1.793060688042289741e-01 1.692986000933531243e-01 3.497882005996357235e-01
3.505407419887121012e-01 2.109831011600283857e-01 1.881193707003165072e-01 2.503567861509430892e-01
3.026601362838570175e-01 1.652031255846562463e-01 1.913284330121447219e-01 3.408083051193419033e-01
3.481166746603429618e-01 1.670320789449049048e-01 1.695002322572897180e-01 3.153510141374623599e-01
3.395265424932384368e-01 1.941062302434249376e-01 1.901687240469377149e-01 2.761985032163988829e-01
2.891758619563017385e-01 1.905343867988369411e-01 1.727847884044493298e-01 3.475049628404120461e-01
2.901797548303371443e-01 2.012783689322320269e-01 1.960541718778805731e-01 3.124877043595503112e-01
3.383333344691270006e-01 1.954001377815525187e-01 1.796583323837867840e-01 2.866081953655337244e-01
2.838685310826352670e-01 2.316560116104883216e-01 1.572895310566726490e-01 3.271859262502037624e-01
2.639061119740380712e-01 2.547028554258391475e-01 1.541180897193589194e-01 3.272729428807639174e-01
3.031943567563110120e-01 1.869909206432622262e-01 1.969225447896876535e-01 3.128921778107391360e-01
