1.498197910825105339e-01 7.283241509788614121e-02 6.590057914156943752e-01 1.183420024039090468e-01
1.790520198553773035e-01 1.300057354234119000e-01 5.321590868736710833e-01 1.587831578475397409e-01
1.857373049288363054e-01 6.232320152372691074e-02 6.643751053908291127e-01 8.756438815660765040e-02
1.450558777239127073e-01 6.894031206566339498e-02 6.557734192143754859e-01 1.302303909960484674e-01
1.710451132657845874e-01 9.481420462659902182e-02 5.994968759364835975e-01 1.346438061711327794e-01
1.863806619636036721e-01 8.992138927523658787e-02 6.089114665631609746e-01 1.147864821979989458e-01
1.523287421202408898e-01 1.197641082647657590e-01 6.252883169075189596e-01 1.026188327074744333e-01
1.581030603390555234e-01 8.231308017835715918e-02 6.595361918601130302e-01 1.000476676224741346e-01
1.638000219725327111e-01 8.987482177764381797e-02 6.095133763594472454e-01 1.368117798903760451e-01
1.841578346082564932e-01 1.031807107864934625e-01 5.704421594619790703e-01 1.422192951432710295e-01
1.180452272928868285e-01 9.129321156185093988e-02 6.455911251785476646e-01 1.450704359667147059e-01
1.680566499586694240e-01 8.357922202673646883e-02 6.328715724111220187e-01 1.154925556034720885e-01
1.612170585849074522e-01 1.197133513610757344e-01 6.231423384891199291e-01 9.592725156489689819e-02
1.435928607490239706e-01 1.286652484007931030e-01 6.499917942794044556e-01 7.775009657077837366e-02
1.854717581995991293e-01 9.962278026542328857e-02 5.995366042397985984e-01 1.153688572951790392e-01
1.375623042947418384e-01 9.440356782027678473e-02 6.357717643703019172e-01 1.322623635146794319e-01
1.817939537714292342e-01 1.026220061676413747e-01 6.243719610650338980e-01 9.121207899589542367e-02
1.633049268065064619e-01 1.410496488611246435e-01 6.156653220690752049e-01 7.998010226329357875e-02
1.836440137162484443e-01 1.123106901358400661e-01 5.913362026482918976e-01 1.127090934996196198e-01
1.865527960442216471e-01 8.706300594478062760e-02 6.209457058746745695e-01 1.054384921363231697e-01
1.349962514214305687e-01 9.534447661344852554e-02 6.561201418860403978e-01 1.135391300790803693e-01
1.809473343537453816e-01 1.128291438160467230e-01 5.543598438937292761e-01 1.518636779364786749e-01
1.590388667952045976e-01 1.154633273588808323e-01 5.906477065301987128e-01 1.348500993157158712e-01
1.494142706478931160e-01 1.228619722749674931e-01 6.246180790663196092e-01 1.031056780108197679e-01
1.474035382145390816e-01 1.014138727823655772e-01 6.322224825146606220e-01 1.189601064884346221e-01
1.381760891929313950e-01 1.037682326786065617e-01 6.457297111767414943e-01 1.123259669517206599e-01
1.453566400559047345e-01 9.459421034337379963e-02 6.275299276444632479e-01 1.325192219562581486e-01
1.808924238651046512e-01 1.040261042465065316e-01 6.285296577465865342e-01 8.655181414180225519e-02
2.089933551469045914e-01 4.946254832552615666e-02 5.829195323708851184e-01 1.586245641566839948e-01
1.317970282014983563e-01 1.844807151136919343e-01 6.193693695445384728e-01 6.435288714027136148e-02
1.803128042848744506e-01 7.561011097114628265e-02 6.020057226352831803e-01 1.420713621086961975e-01
1.269999934314302303e-01 8.105794108823520527e-02 6.699286259346913797e-01 1.220134395456433651e-01
2.165920443340550172e-01 9.237867112518240165e-02 5.840485471842820075e-01 1.069807373564806152e-01
2.007952685258704018e-01 1.296655118463949929e-01 5.634822393657817896e-01 1.060569802619527324e-01
1.747804158572744126e-01 1.081660532620018628e-01 6.002354734414840909e-01 1.168180574392396753e-01
1.730461347874122924e-01 8.533550474124584895e-02 5.982238885142745488e-01 1.433944719570673931e-01
1.601278222532498408e-01 9.220451125716337681e-02 6.482957100469050049e-01 9.937195644268184691e-02
1.623452911952013578e-01 1.084332681666907022e-01 5.889297011839542684e-01 1.402917394541535745e-01
1.740320823607140466e-01 1.064114598088850561e-01 5.957104686393196458e-01 1.238459891910811822e-01
1.211122854959803818e-01 1.364741920165660760e-01 6.553968179354131562e-01 8.701670455204049692e-02
2.268056372541476795e-01 8.789785883549938728e-02 5.566304029111217577e-01 1.286661009992311200e-01
1.494346134413565008e-01 1.154979653073064105e-01 6.165448428322480856e-01 1.185225784190890447e-01
1.465193543372305673e-01 1.205025870240843955e-01 6.091316324980998731e-01 1.238464261405851780e-01
1.879142033444268500e-01 8.764746089841222998e-02 6.051508720855837131e-01 1.192874636715772763e-01
1.743536226286517277e-01 1.301870763351233307e-01 5.888624966057338650e-01 1.065968044304910350e-01
1.619732196486994014e-01 1.468934473028600529e-01 6.150819699578616850e-01 7.605136309057869415e-02
1.806943251395779493e-01 1.071896401494467355e-01 6.145186516278906552e-01 9.759738308308463228e-02
1.518425589867414272e-01 8.767360753931888184e-02 6.505264561888608466e-01 1.099573772850789555e-01
1.573890595648389235e-01 1.291637231657262463e-01 6.245282281342353636e-01 8.891898913519936942e-02
2.243767109150683614e-01 9.346210502750551541e-02 5.618405117244122948e-01 1.203206723330139671e-01
2.076477540078603135e-01 9.409117600832818396e-02 5.957678698934996131e-01 1.024932000903118062e-01
1.823838928189841502e-01 1.056117283402586149e-01 6.092763894160324600e-01 1.027279894247247610e-01
1.869653769029001322e-01 8.676908730257112956e-02 6.265824946361486791e-01 9.968304115838022561e-02
1.664415467186735886e-01 6.536132095820373911e-02 6.786321922225709846e-01 8.956494010055170152e-02
1.552894705632881789e-01 1.504436922017561296e-01 5.737857553369948294e-01 1.204810818979608900e-01
1.557757259623866186e-01 8.450518156344768994e-02 6.446900755110586134e-01 1.150290169631069392e-01
1.651485064030289163e-01 5.836761756068781920e-02 6.687515643505060892e-01 1.077323116857771684e-01
2.165920155322091645e-01 9.979559559002897096e-02 5.884227857152524166e-01 9.518960316250926756e-02
1.760299405841124765e-01 9.717647711538487942e-02 6.249401152763902623e-01 1.018534670241123125e-01
1.840085116614823824e-01 1.142555919970887346e-01 5.454150054464322883e-01 1.563208908949965115e-01
1.350214599046830888e-01 7.016005884670462045e-02 6.931047980524268626e-01 1.017136831961852617e-01
1.633459127529897914e-01 1.051938810283789272e-01 6.454684287865855019e-01 8.599177743204591828e-02
1.784159631309125138e-01 9.941459512672128074e-02 6.127878943878041218e-01 1.093815473545622502e-01
1.631349593149443167e-01 9.526132794592773179e-02 6.280173704551191838e-01 1.135863422840086290e-01
1.627005787724870589e-01 1.062941372459083877e-01 5.953234843954011701e-01 1.356817995862033555e-01
1.830349253801387133e-01 8.661810524078733531e-02 6.033243597072895925e-01 1.270226096717842756e-01
1.967492806466162314e-01 1.278412876091952755e-01 5.369627610159073416e-01 1.384466707282812348e-01
1.565207921473738550e-01 1.057360319923955488e-01 6.068408432686137610e-01 1.309023325916168767e-01
1.632794814303585862e-01 1.041431827768535129e-01 6.253367115983788915e-01 1.072406241944091204e-01
1.584408934442627370e-01 1.078086503075462721e-01 6.373581200071263275e-01 9.639233624106451070e-02
1.935438984569564647e-01 7.410535288054499736e-02 6.058371197470294733e-01 1.265136289154691340e-01
1.763969933962874770e-01 7.463097579199519382e-02 6.255654661961825846e-01 1.234065646155346196e-01
1.216493234593882394e-01 8.226306309520027560e-02 7.176397836835348709e-01 7.844782976187668344e-02
1.769706521481759498e-01 1.110120575013060218e-01 5.817412083323906247e-01 1.302760820181274870e-01
2.361846978350269077e-01 8.445822539178853006e-02 5.888257210261562680e-01 9.053135574702840527e-02
2.156276451773481151e-01 6.723524139627888585e-02 6.311420650105497021e-01 8.599504841582332471e-02
1.214784779347352767e-01 8.048132564628296404e-02 6.606053941228041682e-01 1.374348022961776328e-01
1.445364839412834335e-01 1.028493764276495609e-01 6.630274734103355216e-01 8.958666622073140073e-02
1.593092285656486640e-01 1.275724934533273014e-01 5.906524117081675129e-01 1.224658662728565356e-01
2.019622649149646898e-01 1.002496598206864403e-01 5.892728034169112394e-01 1.085152718474376721e-01
1.522502991112670290e-01 1.179767838083138065e-01 6.072056798569425151e-01 1.225672372234766078e-01
1.997232844861827339e-01 1.047017692857198923e-01 5.543393710552243503e-01 1.412355751728730513e-01
1.262190624652044235e-01 9.107563655431487326e-02 6.502829562719033563e-01 1.324223447085773331e-01
1.915104605178626906e-01 9.425268688899567093e-02 6.214583505071408220e-01 9.277850208600067761e-02
1.465372916282828841e-01 1.086320877280713276e-01 6.326023868460749489e-01 1.122282337975709088e-01
1.382087922613131903e-01 1.148875782884348912e-01 6.083601437815472357e-01 1.385434856687046412e-01
1.578434039186470961e-01 1.037690813954357666e-01 5.464725003195848307e-01 1.919150143663323760e-01
1.824462896220410135e-01 1.096065484656783134e-01 6.312047470046311393e-01 7.674241490764931173e-02
1.680904749439756096e-01 9.811355001818987398e-02 6.332311013632448971e-01 1.005648736745896610e-01
1.339123353821158879e-01 1.367063405586981528e-01 6.513566801851283783e-01 7.802464387405756707e-02
1.882612956836020313e-01 8.333141877414099175e-02 5.819969573393719564e-01 1.464103282028849373e-01
1.561692067875455614e-01 9.494845444048376215e-02 5.964926221009186902e-01 1.523897166710519169e-01
1.354433363918807476e-01 1.109732783248675858e-01 6.977294980436758998e-01 5.585388723957586399e-02
1.943060226845509386e-01 9.952632263063097839e-02 5.711689616487944932e-01 1.349986930360235204e-01
2.051943967846300843e-01 7.600383980103386783e-02 6.143641721876372808e-01 1.044375912266990170e-01
1.873338194483876729e-01 6.782662054450271094e-02 6.452170130371635004e-01 9.962254696994617131e-02
1.565514794173274715e-01 7.901989599613164217e-02 6.243178691650512757e-01 1.401107554214895690e-01
1.912998154928223227e-01 7.434972036859276157e-02 6.270686701172323296e-01 1.072817940213524890e-01
1.497716278734308459e-01 1.014135417159373331e-01 6.349253990150403038e-01 1.138894313955914755e-01
1.942135757445944966e-01 5.888493699883939891e-02 6.639756384465972383e-01 8.292584880996888008e-02
1.656788559648238734e-01 8.679199914507054747e-02 6.395555529356171665e-01 1.079735919544883571e-01
1.451577094853669092e-01 9.846397935184683647e-02 6.347975351026088342e-01 1.215807760601772813e-01
1.507254959939698102e-01 9.715877670445463576e-02 5.926088859107241369e-01 1.595068413908513061e-01
1.510909774726264254e-01 9.950077739850454739e-02 6.604203208691797888e-01 8.898792425968923836e-02
1.664472192064947453e-01 1.002977258566414703e-01 6.550987578644885678e-01 7.815629707237521651e-02
1.874144692092898634e-01 9.926026634305841478e-02 5.990064871149521908e-01 1.143187773326994061e-01
2.296442127236033026e-01 1.101595599921134233e-01 5.209791105867056515e-01 1.392171166975775809e-01
1.951547697764726974e-01 9.753114506412037532e-02 5.967606627897474869e-01 1.105534223696595097e-01
1.775876082797418765e-01 7.716971703872373134e-02 6.318839828725026919e-01 1.133586918090317142e-01
1.606323344135483777e-01 8.822857336429672237e-02 6.091187655338418105e-01 1.420203266883131310e-01
1.778899393563855846e-01 1.102017909136285001e-01 6.160981204471577266e-01 9.581014928282814702e-02
1.317895201347325518e-01 8.837806693785386913e-02 6.922685862108094446e-01 8.756382671660417616e-02
1.397885321112911916e-01 1.097716183158270326e-01 6.506285416784063358e-01 9.981130789447537066e-02
1.777647408712394461e-01 7.551430626093090515e-02 6.557061766332678010e-01 9.101477623456177835e-02
1.516322845873254166e-01 7.367961545116451239e-02 6.629950419259966754e-01 1.116930580355135344e-01
1.387763442028008831e-01 8.008438129261578886e-02 6.567765071228163221e-01 1.243627673817670753e-01
1.665602299250540097e-01 8.934289971163277000e-02 6.404033422511681284e-01 1.036935281121452723e-01
1.791206890295872212e-01 1.161029858976775214e-01 6.018190867841933800e-01 1.029572382885419329e-01
1.705011642023382401e-01 8.635373133463628004e-02 6.622462082097956282e-01 8.089889625322982392e-02
1.838552650634656116e-01 7.725190631934418517e-02 6.415815564694219431e-01 9.731127214776807977e-02
1.662281724224398682e-01 7.182743128907670416e-02 6.732842991802743260e-01 8.866009710820900447e-02
1.709946870758042303e-01 1.027039628474807759e-01 6.347905832360837275e-01 9.151076684063132183e-02
1.632310184535639142e-01 1.006882784554561788e-01 6.323081232396130513e-01 1.037725798513669251e-01
1.832596131632988901e-01 1.040656973110449385e-01 6.313259624058339403e-01 8.134872711982224502e-02
1.828535669192130897e-01 8.142053857684149187e-02 6.307477325963182224e-01 1.049781619076271127e-01
1.622881590903028914e-01 6.232555965773912271e-02 6.651316380869218836e-01 1.102546431650362341e-01
1.620713851428434438e-01 1.081500941976878544e-01 6.299403719042543370e-01 9.983814875521442034e-02
1.724729019455825130e-01 8.365643154342251864e-02 6.525364708291322424e-01 9.133419568186276760e-02
1.842294016892204733e-01 1.155510177189059406e-01 5.893692272395345544e-01 1.108503533523390872e-01
1.548704233113443463e-01 8.192005447006617258e-02 6.303532580946075159e-01 1.328562641239820208e-01
1.756855235385839931e-01 1.278341842861258626e-01 5.918658475805801400e-01 1.046144445947101015e-01
1.745530622528170261e-01 6.771883817467537481e-02 6.576452100626584141e-01 1.000828895098490601e-01
1.861792962116161354e-01 1.191878529254506436e-01 5.935409959936113200e-01 1.010918548693218733e-01
1.709843299432180774e-01 1.129880868527826515e-01 6.383141020496559959e-01 7.771348115434306703e-02
1.875487618837577974e-01 1.382717729399439155e-01 5.494867025044519737e-01 1.246927626718460913e-01
1.480515085541552200e-01 9.122724456697622886e-02 6.603799278706009579e-01 1.003413190082675099e-01
2.102127873317870821e-01 9.584400728836306449e-02 5.699740077491503021e-01 1.239691976306995097e-01
1.749366198791932059e-01 1.061340977370921063e-01 6.529669301631659817e-01 6.596235222054869229e-02
1.862471334240073939e-01 1.031648468857039452e-01 5.734205723155852974e-01 1.371674473747033496e-01
1.913893697082589829e-01 1.224850989753618197e-01 5.628827167816053967e-01 1.232428145347737730e-01
1.515220427539294146e-01 8.336371869165137838e-02 6.269628024031860258e-01 1.381514361512332922e-01
2.217777859606549773e-01 1.174540270362064848e-01 5.764603448578949907e-01 8.430784214524350562e-02
1.350638545962476178e-01 8.300718405039674008e-02 6.845849244368166220e-01 9.734403691653918667e-02
1.938092415461180884e-01 9.795528541327407079e-02 6.152823089466148421e-01 9.295316409399294322e-02
1.589597163571429550e-01 1.128692824840807352e-01 5.833609203759478889e-01 1.448100807828285874e-01
2.090524292353488078e-01 1.216388105268680908e-01 5.955800550980984154e-01 7.372870513968460271e-02
1.759456496473143783e-01 5.337783920941210902e-02 6.597552315700703218e-01 1.109212795732032880e-01
1.576756047313226106e-01 1.067368307063525645e-01 6.083448821363203196e-01 1.272426824260046718e-01
1.456871030927334998e-01 1.024442026910426795e-01 6.768632964762409943e-01 7.500539773998284032e-02
1.574467369153451923e-01 8.239452603760548388e-02 6.256701713759279526e-01 1.344885656711212740e-01
1.698894045975270772e-01 1.028782806760884516e-01 6.442929608818038778e-01 8.293935384458052396e-02
1.795078398600866154e-01 7.129118368835729580e-02 6.433589987391654663e-01 1.058419777123907057e-01
1.665403184006740145e-01 9.213594083481720098e-02 6.309117614485419967e-01 1.104119793159668017e-01
1.943758042514452666e-01 9.887246306719463251e-02 5.901501498976072790e-01 1.166015827837528079e-01
2.182192234866507652e-01 1.023268922400389219e-01 5.519061782921705905e-01 1.275477059811398195e-01
1.306435162214158174e-01 1.285084220485126494e-01 6.008875016917909484e-01 1.399605600382806125e-01
1.603875601458183142e-01 8.212245128350864620e-02 6.482017877768667669e-01 1.092882007938064115e-01
1.646763924287077407e-01 1.346682680911168994e-01 6.057617635187108052e-01 9.489357596146462404e-02
1.676778709519785859e-01 9.622435422889866197e-02 6.304299376292918922e-01 1.056678371898308044e-01
1.877500443102906313e-01 1.024554885820548183e-01 6.244035864072839948e-01 8.539088070037058331e-02
1.495158738202357340e-01 1.041937313630574707e-01 6.361886105077513287e-01 1.101017843089553971e-01
1.821851416180470806e-01 1.086936931844062343e-01 5.915693544327258468e-01 1.175518107648208938e-01
1.595271441519008071e-01 1.003101851506413983e-01 6.535399333983660242e-01 8.662273729909179820e-02
1.468455196356618919e-01 8.766502267423770256e-02 6.507902437841631693e-01 1.146992139059371529e-01
1.530296227140736653e-01 9.165516527315481499e-02 6.383038534305639500e-01 1.170113585822076807e-01
1.968212792419900825e-01 8.896465764892438899e-02 5.782804162566825834e-01 1.359336468524029173e-01
1.674913506958993492e-01 9.945694480843951524e-02 6.249648206026796604e-01 1.080868838929814890e-01
1.572305369622408189e-01 7.585885196868438762e-02 6.062146087334056022e-01 1.606960023356691913e-01
1.747995572638532391e-01 1.009288866771502480e-01 6.065949859826771373e-01 1.176765700763194311e-01
1.595809660193513724e-01 8.834314822263643341e-02 6.362448910389810752e-01 1.158309947190310912e-01
1.331298131678203545e-01 8.238017686439766396e-02 6.481895122243110929e-01 1.363004977434707776e-01
1.156518184439497554e-01 1.113590810296425093e-01 6.542783235183515789e-01 1.187107770080562397e-01
1.428647150783821373e-01 6.282128891966079487e-02 6.638193484384732335e-01 1.304946475634838621e-01
1.622050954144863832e-01 1.010932407567992214e-01 6.181694566385877998e-01 1.185322071901267482e-01
1.817853638763547719e-01 1.017177743729543449e-01 5.717792985394853922e-01 1.447175632112054633e-01
2.069099660230758198e-01 9.204913190003526091e-02 5.961762203339832089e-01 1.048646817429056827e-01
1.536714735297131096e-01 9.908913375289561676e-02 6.406293370681314103e-01 1.066100556492599882e-01
1.764301536013146987e-01 7.520283773155839180e-02 6.099215692877207884e-01 1.384454393794060101e-01
2.368637756787643767e-01 1.021838647662239447e-01 5.199410363593112150e-01 1.410113231957003943e-01
1.554443342342163303e-01 9.034144057489691682e-02 6.405915496614292826e-01 1.136226755294574148e-01
1.175697531019735120e-01 9.729747134862229418e-02 6.563012751002079703e-01 1.288315004491961957e-01
1.349477373994985574e-01 9.207991528254307056e-02 6.760001889225212279e-01 9.697215839543724125e-02
1.560962692022329623e-01 9.869372045445552744e-02 6.194869502562039276e-01 1.257230600871074300e-01
1.932237045208181070e-01 6.578975699297090474e-02 6.137059870089766056e-01 1.272805514772342994e-01
1.603725083989118727e-01 1.131423666069256012e-01 6.463088306206826728e-01 8.017629437347992272e-02
1.656433887250451098e-01 9.714452735447021148e-02 6.028677800303782197e-01 1.343443038901065145e-01
1.690344823850565559e-01 1.010889383037682776e-01 6.678766094665671282e-01 6.199996984460799665e-02
2.135824615657827830e-01 7.647663660139165931e-02 6.025768430770895856e-01 1.073640587557359444e-01
1.908441404155301058e-01 8.757530878546815334e-02 6.139214998766678866e-01 1.076590509223339653e-01
1.969843130879782578e-01 9.005201929678852135e-02 6.271896956562839076e-01 8.577397195894938264e-02
1.522753649370328921e-01 1.044599647804436288e-01 6.693244772743518478e-01 7.394019300817165907e-02
1.900732297587198749e-01 1.065433321534836469e-01 6.063430737737407483e-01 9.704036431405582697e-02
1.987994025552265176e-01 1.055403628758801726e-01 5.784676957589416357e-01 1.171925388099516602e-01
1.478988939334456021e-01 9.231029053854918065e-02 6.616835978167939780e-01 9.810721771121137802e-02
1.730206785535078340e-01 6.799957683362972682e-02 6.268477319088135991e-01 1.321320127040487014e-01
1.848434399670236816e-01 1.151524896626054395e-01 6.108683408279825811e-01 8.913572954238836721e-02
1.658843562166768815e-01 1.097139555995094023e-01 6.309832560897650211e-01 9.341843209404881998e-02
1.861135222888517238e-01 8.442823369077305518e-02 6.431133667485031680e-01 8.634487727187209472e-02
1.898272128471034104e-01 1.106374066710389265e-01 5.780439446000364967e-01 1.214914358818212220e-01
1.710343757429522160e-01 1.028608663707629711e-01 5.910653105128624851e-01 1.350394473734222722e-01
1.648502295327029521e-01 1.185370515368347616e-01 5.934658598609939828e-01 1.231468590694682480e-01
1.781762231398256457e-01 1.050449437824051424e-01 6.366835396987772233e-01 8.009529337899190526e-02
1.367419198209093023e-01 7.200854116010030337e-02 6.929565350411324154e-01 9.829300397785789567e-02
1.366882075006204678e-01 7.944821542895988409e-02 6.780078227704369187e-01 1.058557542999827988e-01
1.447248139284233459e-01 9.867264710445111664e-02 6.364265470258692048e-01 1.201759919412564576e-01
1.591902268203267967e-01 1.007598317963386003e-01 6.000576689546187614e-01 1.399922724287158415e-01
1.383058065488416699e-01 8.412802540652304650e-02 6.459231625419563638e-01 1.316430055026790447e-01
1.856453689712793398e-01 1.044146119841148218e-01 5.919286826670001611e-01 1.180113363776058161e-01
1.524340501783151003e-01 8.165879443025166051e-02 6.544448345610437423e-01 1.114623208303897328e-01
1.920547327755066369e-01 1.004906147867832278e-01 6.183296339590007573e-01 8.912501847870937799e-02
1.733992757416013275e-01 8.406743541792778551e-02 6.365784448871041334e-01 1.059548439533667813e-01
1.686081042939741870e-01 7.680517173120277041e-02 6.604835137871141182e-01 9.410321018770895218e-02
1.576091019882815136e-01 8.747273683078436723e-02 6.762951341461591603e-01 7.862302703477508370e-02
1.416989716774793573e-01 1.140043080845531825e-01 6.532896955266799255e-01 9.100702471128752080e-02
1.581347088642481857e-01 8.385590916065807643e-02 6.281719421509692758e-01 1.298374398241246286e-01
1.339475332223177551e-01 7.159194704496368855e-02 6.906240671573545820e-01 1.038364525753640161e-01
1.557160862471506091e-01 7.190024176527204380e-02 6.808859198846142213e-01 9.149775210296309802e-02
1.840919723554099163e-01 1.013250665457095107e-01 5.985198639691979849e-01 1.160630971296826713e-01
1.546013420394182214e-01 1.035036208820458853e-01 6.357773773202375356e-01 1.061176597582984132e-01
2.083911614464818429e-01 1.001200332690814349e-01 6.000596649460558929e-01 9.142914033838081544e-02
1.817808409063539354e-01 8.929526198607284915e-02 6.379157086568758572e-01 9.100818845069742757e-02
1.388399907214793727e-01 6.369329256222433511e-02 6.720508763733346047e-01 1.254158403429618540e-01
1.669453866481744597e-01 7.250776059551003461e-02 6.437726501535182555e-01 1.167742026027971114e-01
2.080872729622876838e-01 8.714904706641772580e-02 6.004378709145350435e-01 1.043258090567595331e-01
1.863844206644898194e-01 1.080213289255738951e-01 6.125430932813231699e-01 9.305115712861314337e-02
1.346020306941248246e-01 9.382065507973139096e-02 6.394234734864009395e-01 1.321538407397427617e-01
2.098020780073567015e-01 8.520443019039015964e-02 5.928954927928163920e-01 1.120979990094366496e-01
2.022452996263926772e-01 8.092607281334036895e-02 5.986416755776193810e-01 1.181869519826475312e-01
1.547245886683786265e-01 9.379629620639580445e-02 6.377737610950535707e-01 1.137053540301719151e-01
1.915031743091434036e-01 9.747248764454555237e-02 6.026596360314546708e-01 1.083647020148563872e-01
1.719295549283835767e-01 1.052321129868989125e-01 5.722310498412468416e-01 1.506072822434706415e-01
2.194928688945821105e-01 9.868797166235128426e-02 5.292614166544516996e-01 1.525577427886148918e-01
1.386036589620856518e-01 1.093740993721306204e-01 6.427554384437136337e-01 1.092668032220699831e-01
2.147771437999500821e-01 9.198459526339533565e-02 5.975265839719731131e-01 9.571167696468160790e-02
1.784740698030167771e-01 8.284364186054360424e-02 6.229563426101014656e-01 1.157259457263381669e-01
1.322677187396881782e-01 9.082797880166672277e-02 6.802388670250647529e-01 9.666543543358033230e-02
1.642221097087409598e-01 8.410265622644363948e-02 6.152267985091771640e-01 1.364484355556382367e-01
2.139899198617493392e-01 9.785621693857787795e-02 5.970902575736044549e-01 9.106360562606818920e-02
1.315790229920859034e-01 9.014185542068535451e-02 6.724790084028842152e-01 1.058001131843445408e-01
2.031560671473615354e-01 8.947786546171775102e-02 6.015409805011191491e-01 1.058250868898013980e-01
2.004461904470614397e-01 9.581454453147114636e-02 6.041522883871203176e-01 9.958697663434712410e-02
1.628035848518384343e-01 8.476874208494716845e-02 6.662940294389196882e-01 8.613364362429488941e-02
1.889655944299311885e-01 9.423483479531201412e-02 6.327325213212759980e-01 8.406704945348071611e-02
1.371272753186544291e-01 1.004820936157761468e-01 6.415732199345749454e-01 1.208174111309946036e-01
1.614561293479502557e-01 1.053735198761558689e-01 5.837473841813445308e-01 1.494229665945493168e-01
1.476286597044478288e-01 1.309779534318457062e-01 6.241519530468961907e-01 9.724143381681034370e-02
1.317376761383878270e-01 1.065991223267133692e-01 6.839315021290444108e-01 7.773169940585435145e-02
1.430049902374722348e-01 1.126693092308486410e-01 6.626911520087537255e-01 8.163454852292532926e-02
1.402257393767885607e-01 1.237330747630132760e-01 6.021121244634992653e-01 1.339290613966989674e-01
1.557505358635417891e-01 7.642310020832857043e-02 6.244732426552979110e-01 1.433531212728318405e-01
1.145531173291356036e-01 9.593558177980270052e-02 6.388051057244786834e-01 1.507061951665829846e-01
1.382306775119002962e-01 9.470647172794263713e-02 6.634811307043788631e-01 1.035817200557781759e-01
1.782260537094847996e-01 1.109459281168455186e-01 6.076934259764843471e-01 1.031345921971853902e-01
2.125463797235776220e-01 8.587411514061356332e-02 5.907179787430898443e-01 1.108615263927188871e-01
1.466269204835817797e-01 8.026207008770522289e-02 6.486371239531099064e-01 1.244738854756029661e-01
1.421343963473493677e-01 1.179395289978299316e-01 6.369969301280814511e-01 1.029291445267392774e-01
1.746788988409928578e-01 1.315933957759689854e-01 5.934941254568364410e-01 1.002335799262017019e-01
1.968771899957593163e-01 9.033978854033460071e-02 5.866829088987197682e-01 1.261001125651863564e-01
1.555395396165806521e-01 8.843379157634280452e-02 6.501805132890727812e-01 1.058461555180037206e-01
1.648442534406605875e-01 1.150091794517135169e-01 6.086160408068713723e-01 1.115305263007545789e-01
1.529194113098866492e-01 7.295963073277129951e-02 6.432577566679424930e-01 1.308632012893994612e-01
1.800143627306818039e-01 1.084330332785266027e-01 6.167502319409582379e-01 9.480237204983325838e-02
1.717979629372909656e-01 8.425934618524139053e-02 6.539967213625742515e-01 8.994596951489357284e-02
1.623501519875812371e-01 1.052090625612888825e-01 6.341911256984454903e-01 9.824965975268439011e-02
1.412774431557020649e-01 1.104781173025457808e-01 6.342767917979013070e-01 1.139676477438506946e-01
1.884569634759651613e-01 8.105326958431413598e-02 6.316101291663170914e-01 9.887963777340363913e-02
1.775140753534376892e-01 1.266592380549199093e-01 5.678173155143946271e-01 1.280093710772476912e-01
1.696838872938785381e-01 1.145076035405699771e-01 5.764223198066248388e-01 1.393861893589265488e-01
1.417811406304179955e-01 8.597460960010376574e-02 6.667418293009884644e-01 1.055024204684898020e-01
1.833599557390064028e-01 8.640946283783648707e-02 5.953908550950036682e-01 1.348397263281532477e-01
1.464546386143628087e-01 8.225239728339793499e-02 6.934687357222731885e-01 7.782422837996610943e-02
1.639578113002601034e-01 9.661619839389246067e-02 6.144634480822080969e-01 1.249625422236393946e-01
1.639374535579292413e-01 8.642715952809960911e-02 6.449348538538102193e-01 1.047005330601609024e-01
1.746639200386866930e-01 9.951299978251774980e-02 6.294882778641067711e-01 9.633480231468870281e-02
1.691656747341082345e-01 1.030291853316734202e-01 6.138265792932764420e-01 1.139785606409419588e-01
1.706424069644595642e-01 9.171972043442117029e-02 6.223874562791171794e-01 1.152504163220019612e-01
1.476386649773666904e-01 9.741788951090789295e-02 6.568143379382356262e-01 9.812910757348988766e-02
1.602716019231300859e-01 8.591871383145947838e-02 6.525579227885502931e-01 1.012517614568601565e-01
1.777814381633123497e-01 9.590476888282652157e-02 6.087936827975697351e-01 1.175201101562913936e-01
1.984432798650664909e-01 9.140610894951183008e-02 5.901581262895837510e-01 1.199924848958379420e-01
1.729636704314705120e-01 1.189958320124293450e-01 5.637429025713536213e-01 1.442975949847465911e-01
1.967425979347743048e-01 7.506641024942582729e-02 6.244439992376216164e-01 1.037469925781781405e-01
1.792747591436251731e-01 8.895256448371328950e-02 6.212247939649825357e-01 1.105478824076791405e-01
1.575304661931168082e-01 8.149388437747215330e-02 6.255976221810255478e-01 1.353780272483854630e-01
1.852083568837203098e-01 7.464344189769307747e-02 6.398637815898388093e-01 1.002844196287479561e-01
1.552508231544208750e-01 8.925903084051745040e-02 6.545158252494857054e-01 1.009743207555761080e-01
1.746853768735952273e-01 1.116843275943342206e-01 6.272888053054578306e-01 8.634149022661284645e-02
1.940641666770251128e-01 8.516213943135407527e-02 6.233576289909780188e-01 9.741606490064279311e-02
1.517117725297863484e-01 8.194329786569852503e-02 6.405886046103851372e-01 1.257563249941300865e-01
2.161972727960147500e-01 7.069057352930972760e-02 6.007513595784971239e-01 1.123607940961783846e-01
1.524731312042298947e-01 1.150169392288335063e-01 6.113339238846530188e-01 1.211760056822835940e-01
1.596127603228683633e-01 9.586057080826247689e-02 6.538778334290489269e-01 9.064883543982032998e-02
1.729064365856593788e-01 1.079128537655155567e-01 5.934253039229806514e-01 1.257554057258443436e-01
1.489747015233722216e-01 1.007032981351497908e-01 6.307137344787552280e-01 1.196082658627227874e-01
1.792835169454524979e-01 8.580979120462731147e-02 5.854105471234225533e-01 1.494961447264977206e-01
1.802537743032321116e-01 8.823413124646602157e-02 5.941092709497022284e-01 1.374028235005995968e-01
1.583169074393901699e-01 1.055716712580349465e-01 6.407515155266749751e-01 9.535990577589989470e-02
1.510159524630917960e-01 1.010608755490181032e-01 6.093143616964493692e-01 1.386088102914405373e-01
2.361836773889307572e-01 7.665419525011041291e-02 6.146241529889288069e-01 7.253797437203006460e-02
1.841590612515127678e-01 7.388933937219885340e-02 6.137761616018957422e-01 1.281754377743927475e-01
1.592215702886478901e-01 7.920287843598523836e-02 6.619069985277501456e-01 9.966855274761660111e-02
1.584127833065834545e-01 8.589599307499942715e-02 6.843462183234522156e-01 7.134500529496477783e-02
1.957028450160975264e-01 8.955668825014614920e-02 6.175385158053615653e-01 9.720195092839477302e-02
1.947534927091156554e-01 1.009396544098977860e-01 5.857852009667474658e-01 1.185216519142390929e-01
1.732008760541343673e-01 1.241510084090110960e-01 5.955966813416977423e-01 1.070514341951568499e-01
1.366400067929205708e-01 8.428874156009745489e-02 6.357961055450433996e-01 1.432751461019384498e-01
1.734790493393180144e-01 8.285533609065669214e-02 6.206267444277900891e-01 1.230388701422352182e-01
2.255359516131540953e-01 9.009566996719776955e-02 5.920175797701406895e-01 9.235079864950748729e-02
1.532700585510523572e-01 1.007316119085202022e-01 6.348997644964181619e-01 1.110985650440092093e-01
1.343692574637994630e-01 1.229734948033003039e-01 6.180047040519092150e-01 1.246525436809910320e-01
1.688613132835577735e-01 7.883637753247606239e-02 6.455768344728881614e-01 1.067254747110781277e-01
1.694520215345278191e-01 8.977048911226363781e-02 6.204995328439604219e-01 1.202779565092480657e-01
1.882594211951598706e-01 8.247223696619165878e-02 6.179016686733985741e-01 1.113666731652499381e-01
1.912631570021889882e-01 6.041208226676544890e-02 6.202056192776139731e-01 1.281191414534314787e-01
1.764164682301222753e-01 1.099697112361509022e-01 6.039588895226705167e-01 1.096549310110562642e-01
1.208947572305364981e-01 1.059854960820278830e-01 6.618284032418429996e-01 1.112913434455926748e-01
1.681858391033148326e-01 1.213453807883344143e-01 6.174868780671852742e-01 9.298190204116554836e-02
1.641412843607111260e-01 1.161537946121887072e-01 6.207458502397197320e-01 9.895907078738036544e-02
1.210162300706346117e-01 1.264358898782416973e-01 6.655529671768691813e-01 8.699491287425437092e-02
1.546968457262176966e-01 7.756525045742627966e-02 6.493965351440119660e-01 1.183413686723440716e-01
1.651294971164454228e-01 8.983148139830093859e-02 6.650484513741015125e-01 7.999057011115195959e-02
1.992991416205320832e-01 9.237823173911645369e-02 6.173327801287019634e-01 9.098984651164955528e-02
1.050035140868033623e-01 1.200321077327997366e-01 6.586202672639637212e-01 1.163441109164332632e-01
2.033784160979629219e-01 7.264693567798255480e-02 5.946070071222945286e-01 1.293676411017599948e-01
1.537510250813364232e-01 1.369150023383429726e-01 6.041248034686993451e-01 1.052091691116210648e-01
1.376528356130012065e-01 9.181957657349057444e-02 6.235953698452216809e-01 1.469322179682864549e-01
1.604249930081633191e-01 9.984721371634736053e-02 6.354139630741600930e-01 1.043138302013292135e-01
1.973310304221484457e-01 8.174307771676599110e-02 6.269294345384627265e-01 9.399645732262265629e-02
1.743329222270405543e-01 9.810130915232166682e-02 6.181028338322367421e-01 1.094629347884010645e-01
1.488894824589035437e-01 1.074927170363169232e-01 6.283993549624569130e-01 1.152184455423225784e-01
1.506889653965068909e-01 1.231927051059841932e-01 5.964222215043438746e-01 1.296961079931650829e-01
1.303303257673597559e-01 1.186992296722225171e-01 6.245357868342035212e-01 1.264346577262142890e-01
1.744645511956352257e-01 8.336021256096388943e-02 6.317334161820711280e-01 1.104418200613296736e-01
1.643467581380919085e-01 8.445467104170281680e-02 6.531064904044960873e-01 9.809208041570928460e-02
1.346257153554587249e-01 1.153563056729349501e-01 6.470542279706252842e-01 1.029637510009809853e-01
1.624082523173536741e-01 7.086018890425972716e-02 6.897715057756922397e-01 7.696005300269433136e-02
1.728750959565171219e-01 8.580995653073178464e-02 6.597530106366116254e-01 8.156193687613935706e-02
1.624020331391372585e-01 9.144457315004332620e-02 6.073697483822896315e-01 1.387836453285298810e-01
1.302034875392257540e-01 6.320734077779346927e-02 6.578200458844273291e-01 1.487691257985534476e-01
1.947455023637822968e-01 9.085540931575024348e-02 5.947301930673133397e-01 1.196688952531541894e-01
1.387071636856446466e-01 9.824268009056151552e-02 6.238653197065779921e-01 1.391848365172158875e-01
1.435203324788592305e-01 9.634833542403344053e-02 6.515810547306067901e-01 1.085502773665007054e-01
1.859053392265636317e-01 7.465380703741493484e-02 6.284091279903806226e-01 1.110317257456408524e-01
1.668524603634246872e-01 1.269705244837232849e-01 6.057569362705969018e-01 1.004200788822550705e-01
1.452554633885290714e-01 9.651693600691531316e-02 6.741358474726152350e-01 8.409175313194038048e-02
1.606780081579091968e-01 1.001443414625894368e-01 6.492822738820551720e-01 8.989537649744623604e-02
1.813498922094088084e-01 1.160278153687647057e-01 5.777971101604930659e-01 1.248251822613334894e-01
1.928594455986017420e-01 9.799898934913506277e-02 6.029507008860073292e-01 1.061908641662557967e-01
1.355576557216055800e-01 1.002479240269870120e-01 6.489165547593690464e-01 1.152778654920382922e-01
1.562759111463001005e-01 1.004358000391689237e-01 6.466370402787779970e-01 9.665124853575302044e-02
1.574590558543252639e-01 9.160807474296241149e-02 6.497692300656959796e-01 1.011636393370164283e-01
1.729296983437741686e-01 9.184027846512395066e-02 6.335976763810621248e-01 1.016323468100398947e-01
1.487241759280547027e-01 1.001647932424257620e-01 6.430578631073340379e-01 1.080531677221855530e-01
1.602569781958064210e-01 6.645930440928761451e-02 6.843294271302359233e-01 8.895429026466984690e-02
1.849974390289839121e-01 9.824309891233985736e-02 6.148672365846643562e-01 1.018922254740118466e-01
1.748361765591841532e-01 1.058426555314388312e-01 6.241560741707897764e-01 9.516509373858729470e-02
1.621398992906268877e-01 1.097360800689284738e-01 6.281770984182025730e-01 9.994692222224201006e-02
1.329344669286411651e-01 8.247687554553975731e-02 6.697152087922251251e-01 1.148734487335938831e-01
1.922511772603679170e-01 9.211853101106184938e-02 6.370373034724196026e-01 7.859298825615054773e-02
1.993662920695696561e-01 7.922548349090688391e-02 6.135827320387954309e-01 1.078254924007280707e-01
1.721281805215689742e-01 6.889949159873989815e-02 6.432913119976019223e-01 1.156810158820891221e-01
1.652804208886368142e-01 8.288364658560362641e-02 6.326000008525120011e-01 1.192359316732475166e-01
1.869707294921065244e-01 9.331763999164607859e-02 6.197015865303981963e-01 1.000100439858492424e-01
1.476772269337841004e-01 1.057260306304429326e-01 5.966272523290232499e-01 1.499694901067496755e-01
1.433506314940111992e-01 5.771260210453491718e-02 6.597288895036592660e-01 1.392078768977945691e-01
1.550610171264442672e-01 8.468531895714792590e-02 6.354589017894712866e-01 1.247947621269365898e-01
1.563867110188231213e-01 8.859952077833906092e-02 6.660555288306527766e-01 8.895823937218504118e-02
2.065990625678857384e-01 1.069379284463501251e-01 6.066902889989347347e-01 7.977271998682923526e-02
1.895804003165110219e-01 1.200059730880348591e-01 5.894915887018777889e-01 1.009220378935763024e-01
1.633207964188020667e-01 9.669424096147165304e-02 6.262633806187914987e-01 1.137215820009347539e-01
2.043083112011264968e-01 1.121618835942514020e-01 5.365426317672459255e-01 1.469871734373761896e-01
1.518824683823891408e-01 7.914927722731247839e-02 6.080362564302140838e-01 1.609319979600842832e-01
1.886810319619859067e-01 8.702437513012242776e-02 6.366814224756892626e-01 8.761317043220254175e-02
1.740320449426929483e-01 9.648703549360179710e-02 6.044971953664611819e-01 1.249837241972440449e-01
1.428500368028786383e-01 1.256521171188126618e-01 6.661643376342299971e-01 6.533350844407864733e-02
1.306922072624334408e-01 1.237822704690956510e-01 6.280582312780773613e-01 1.174672909903935331e-01
1.509434184732568740e-01 9.546792133396674040e-02 6.204025881118540031e-01 1.331860720809225074e-01
1.878298849324309683e-01 9.531557310402297145e-02 6.133133359333901025e-01 1.035412060301560827e-01
1.399046119876686256e-01 1.011378444132071813e-01 6.723184580102771202e-01 8.663908558884694799e-02
2.007799419759808690e-01 9.359378077124473616e-02 6.209472587268280996e-01 8.467901852594625356e-02
1.486401184857401858e-01 8.180970014033908666e-02 6.696273650135263766e-01 9.992281636039446191e-02
1.753974986335145314e-01 9.187314646812494434e-02 6.303539112831825220e-01 1.023754436151780994e-01
2.094923331849301573e-01 8.660197537438150961e-02 6.077596465808481341e-01 9.614604485984008797e-02
1.356550550772099017e-01 9.858582370484118840e-02 6.710509316120559786e-01 9.470818960589275082e-02
1.513709155837719422e-01 9.610192143950677113e-02 6.527390739947563914e-01 9.978808898196497856e-02
1.897654590770067040e-01 9.097005928920766371e-02 5.985580086580358783e-01 1.207064729757497540e-01
1.523880409444980655e-01 7.089505704218569682e-02 6.653197575724812962e-01 1.113971444408350248e-01
1.567703188812160642e-01 1.066863796982821661e-01 6.296265669821760058e-01 1.069167344383257362e-01
1.578885881829879267e-01 8.397579914053258932e-02 6.571128607092054930e-01 1.010227519672740465e-01
1.613276225508256112e-01 1.012310356831683245e-01 6.224116703932154326e-01 1.150296713727907427e-01
1.828340077051723578e-01 7.863002012021039211e-02 6.408513530623272114e-01 9.768461911229017747e-02
1.474307938780039517e-01 9.138907215921153460e-02 6.518279360224566998e-01 1.093521979403278416e-01
1.222932052704994582e-01 8.063373878467691713e-02 6.964359392538883586e-01 1.006371166909352521e-01
1.520350140517085225e-01 1.030496657924543646e-01 6.378659683079273002e-01 1.070493518479099515e-01
1.893048037824675567e-01 7.914312365310390007e-02 6.345388378471057411e-01 9.701323471732291315e-02
1.921782149571035214e-01 7.622579021844812230e-02 6.373213110177973206e-01 9.427468380665116054e-02
1.791831079181430975e-01 1.167388860766381264e-01 5.700709581848957264e-01 1.340070478203230220e-01
1.683758251750327450e-01 8.773409165490368700e-02 6.379426748010609272e-01 1.059474083690027935e-01
1.758819431369089137e-01 9.318121240123132532e-02 6.186749722173419119e-01 1.122618722445178907e-01
1.294720230989599985e-01 9.136030602020912827e-02 6.675853833018248196e-01 1.115822875790060398e-01
