5.559814513459280239e-01 9.411913968728839730e-02 2.079104893808682297e-01 1.419889195859152242e-01
4.985900561253485685e-01 1.137276643092938050e-01 2.515080414184975854e-01 1.361742381468599161e-01
6.144287102254164523e-01 8.644126484922895481e-02 1.871934631887483269e-01 1.119365617366063770e-01
5.134821006022310952e-01 1.097593713857658582e-01 2.500126151161322086e-01 1.267459128958708658e-01
5.442403873959216209e-01 1.131515896246655245e-01 2.316139824458430529e-01 1.109940405335697183e-01
5.238318137021674703e-01 1.158895373419310260e-01 2.079760049431306490e-01 1.523026440127707160e-01
5.562550166490445314e-01 9.053145020778094465e-02 2.336406853459750965e-01 1.195728477971993997e-01
5.022584528977185325e-01 1.445364345583491084e-01 2.554938836739529817e-01 9.771122886997948842e-02
5.605150917375694153e-01 1.089735202225476651e-01 2.057697879673485442e-01 1.247416000725343754e-01
5.814212172335220252e-01 8.452772997443928904e-02 1.716463961872934652e-01 1.624046566047452345e-01
4.636987666089767424e-01 8.673695903864064860e-02 2.403324649739559393e-01 2.092318093784266697e-01
5.828535564078121123e-01 6.348213594468594956e-02 2.175499645432988904e-01 1.361143431042031449e-01
5.550982868889093869e-01 9.794604227141491537e-02 2.279279787624258202e-01 1.190276920772497526e-01
5.494875426263545748e-01 9.368185673636926503e-02 2.311813513513292506e-01 1.256492492859469234e-01
4.967249732079352942e-01 7.896873595836551019e-02 2.736336768514076034e-01 1.506726139822917310e-01
5.464499613350963791e-01 1.085063805471727788e-01 2.173312878223132849e-01 1.277123702954175155e-01
5.160451650068564877e-01 7.459608150157891193e-02 2.386748881730709204e-01 1.706838653184935273e-01
4.795674827861936551e-01 9.376501784147446561e-02 2.318548788112874126e-01 1.948126205610445638e-01
5.556068968303693456e-01 1.094466223913670017e-01 1.748814660910764096e-01 1.600650146871872848e-01
5.284677413663695367e-01 1.001070579747112554e-01 2.514926495220544678e-01 1.199325511368647540e-01
5.422072834832810662e-01 8.944823023506190407e-02 2.575413682559595241e-01 1.108031180256975334e-01
5.216661224110088479e-01 7.255102816913519548e-02 2.412118196473736209e-01 1.645710297724823912e-01
5.082843444197076010e-01 9.017319583885780032e-02 2.557580966581362025e-01 1.457843630832982296e-01
5.661882221720119235e-01 7.078280275677570343e-02 2.315046537489869605e-01 1.315243213222254404e-01
5.295050638575832247e-01 8.513408260046681497e-02 2.461440457300221318e-01 1.392168078119277452e-01
5.310827063013556781e-01 7.628495242993725556e-02 2.275386052213904664e-01 1.650937360473167248e-01
4.677433408093299994e-01 1.252588827637192703e-01 2.769187712877125840e-01 1.300790051392381741e-01
5.300866215656909741e-01 6.692376001756995818e-02 2.732723659891435619e-01 1.297172524275957139e-01
5.606478723897316829e-01 1.004275284749940877e-01 2.156333522783248080e-01 1.232912468569493936e-01
5.153795006197586792e-01 1.285148395529841503e-01 2.022090938081758660e-01 1.538965660190813045e-01
5.578305094507525208e-01 1.075036838089583752e-01 1.986547839386519354e-01 1.360110228016372380e-01
5.198645339036788160e-01 6.885128632108132585e-02 2.292726745057090121e-01 1.820115052695308322e-01
5.678186001024596585e-01 7.543028253820843743e-02 2.108506262670645504e-01 1.459004910922674370e-01
4.954395787382355199e-01 1.077572190020748000e-01 2.852654221167535975e-01 1.115377801429360272e-01
5.441106708007131809e-01 5.222731518051432903e-02 2.409971562749101126e-01 1.626648577438624121e-01
5.606933688529965876e-01 9.708489002311455895e-02 2.312220525396148085e-01 1.109996885842740311e-01
5.483525525149319790e-01 5.701012610955098064e-02 1.890825954055902480e-01 2.055547259699267715e-01
5.176219758881324129e-01 6.905224619310749989e-02 2.492113181874102135e-01 1.641144597313499431e-01
5.094953098094885391e-01 8.668414324359535739e-02 2.808392832136716866e-01 1.229812637332444308e-01
5.445656165283518924e-01 6.960337577919885332e-02 2.286018376978356248e-01 1.572291699946135879e-01
5.996260164140239102e-01 9.280953336769914852e-02 2.009803497052992383e-01 1.065841005129778418e-01
5.151959195812364500e-01 8.500998448850839717e-02 2.666688504448419539e-01 1.331252454854131295e-01
5.203018756194960348e-01 1.027192828742085201e-01 2.355847688093426762e-01 1.413940726969528938e-01
4.924112113413434688e-01 6.814622319385607585e-02 2.238408057193711775e-01 2.156017597454293611e-01
4.657621077463551251e-01 8.721501010869868453e-02 2.841157424507122498e-01 1.629071396942339267e-01
5.312117505480027368e-01 9.067850770108830394e-02 2.214622428543647215e-01 1.566474988965442239e-01
5.322898898109487131e-01 7.257047955441628395e-02 2.629404650836857371e-01 1.321991655509492380e-01
5.734902510625161653e-01 9.362287843047074898e-02 1.898637476731972473e-01 1.430231228338159633e-01
5.495007059282709383e-01 6.923716388179759762e-02 2.355945827180541685e-01 1.456675474718772956e-01
5.772310132985551956e-01 9.730440134668566499e-02 1.953136295366680042e-01 1.301509558180909687e-01
6.166083591950035636e-01 8.805838625632739225e-02 1.885663482330974805e-01 1.067669063155715359e-01
5.681775433000862963e-01 1.068902875718364676e-01 2.211446235841232344e-01 1.037875455439539601e-01
5.381383483554780245e-01 7.312150893445605593e-02 2.604787071355531558e-01 1.282614355745126944e-01
5.180246142605706705e-01 1.146121060581901663e-01 2.092872305401451416e-01 1.580760491410939661e-01
5.789882103754288023e-01 9.540556872460204119e-02 2.036312717820436269e-01 1.219749491179254880e-01
5.124233701383698047e-01 1.146186216842116218e-01 2.607827222765041197e-01 1.121752859009144537e-01
5.537902673184584845e-01 1.025387657875126146e-01 1.998452969594800843e-01 1.438256699345488721e-01
5.333663576220114555e-01 5.436795121859355762e-02 2.654719355653888946e-01 1.467937555940061201e-01
5.888250429167488642e-01 7.938373718749409946e-02 2.060546841188411749e-01 1.257365357769159031e-01
5.815892361725972792e-01 7.926014687400143033e-02 2.182050239892029675e-01 1.209455929641982536e-01
5.507466112524549429e-01 5.343511049748407571e-02 2.858314948700145242e-01 1.099867833800465822e-01
5.061013605552386885e-01 9.043787182141944936e-02 2.198004563495540020e-01 1.836603112737877908e-01
5.462207393779447973e-01 8.253982106476775993e-02 2.623562947741441831e-01 1.088831447831431348e-01
5.457423537076669939e-01 6.027901387775350811e-02 2.534311861182457770e-01 1.405474462963338389e-01
5.555355755056440303e-01 1.049371817659815326e-01 2.026601920291854209e-01 1.368670506991888358e-01
5.277537471671437386e-01 8.556319920405264234e-02 2.367953707590912948e-01 1.498876828697121855e-01
5.019007174515147662e-01 7.599631423851596623e-02 2.570949811252855044e-01 1.650079871846838186e-01
5.606457614732445194e-01 6.156764342464095957e-02 2.249712949792460892e-01 1.528153001228686192e-01
4.893839110989897656e-01 1.014831682103027877e-01 2.739286004529260521e-01 1.352043202377813946e-01
5.149432882822355673e-01 9.922489733419448399e-02 2.296331290699178129e-01 1.561986853136520803e-01
4.885414282602906777e-01 1.021154979932722695e-01 2.348711231502340069e-01 1.744719505962031292e-01
5.406967869992425069e-01 9.142213535404029867e-02 2.264706530651766914e-01 1.414104245815405447e-01
5.587086081100313129e-01 6.823854052431259365e-02 2.283431811166770631e-01 1.447096702489790165e-01
5.256335229601365455e-01 8.411007589122858341e-02 2.552354781333429634e-01 1.350209230152918938e-01
5.759456042201472892e-01 8.672243332523375814e-02 2.161947537360849880e-01 1.211372087185339924e-01
5.914696778890818907e-01 1.120550875861878182e-01 1.931113296749741304e-01 1.033639048497561747e-01
5.340872636310322052e-01 9.774378284583860876e-02 2.334832610823890930e-01 1.346856924407402456e-01
5.286227927869421306e-01 9.389384706833538152e-02 2.486160879499355048e-01 1.288672721947868582e-01
5.660813608501505945e-01 7.203157759121793513e-02 2.144380451893762307e-01 1.474490163692551148e-01
5.491415695005055220e-01 8.883316296463296402e-02 2.152031049468324797e-01 1.468221625880288539e-01
5.551162427583907766e-01 9.852239029358711431e-02 2.239153633068057536e-01 1.224460036412162306e-01
5.409772686991022317e-01 6.078247324012144015e-02 2.791884579781069298e-01 1.190518000826693568e-01
5.462818791248486017e-01 9.082825199203357902e-02 2.390280458728905044e-01 1.238618230102272455e-01
5.451740989441373753e-01 1.116592411346401387e-01 2.012624616720004034e-01 1.419041982492222076e-01
5.173217626353699972e-01 9.468884450501172112e-02 2.457376935358188408e-01 1.422516993237994687e-01
5.527291015374633520e-01 8.642716102452679960e-02 2.139485042040837615e-01 1.468952332339260036e-01
5.267725974168363523e-01 1.022028881656733279e-01 2.572244917302580203e-01 1.138000226872322856e-01
5.102753600950901136e-01 7.742355213635662703e-02 2.192300643404924976e-01 1.930710234280607063e-01
4.877987163449012953e-01 1.147050675322788676e-01 2.428170451003292540e-01 1.546791710224904581e-01
5.071288045196122862e-01 1.062070955089489538e-01 2.717773970495155900e-01 1.148867029219233088e-01
5.585327772605580554e-01 1.180346000937592538e-01 2.010385228721326967e-01 1.223940997735500358e-01
4.889657993838102401e-01 9.373493985790407046e-02 2.398455975486321334e-01 1.774536632096534450e-01
5.322915731402403372e-01 8.823508456557992152e-02 2.420986211759157125e-01 1.373747211182641259e-01
4.984228960630088245e-01 8.672243761098193116e-02 2.533466039673015202e-01 1.615080623587077657e-01
5.510181764469228582e-01 7.536237453568803146e-02 2.186312594510085583e-01 1.549881895663806630e-01
5.605491865497860271e-01 7.182210023476974514e-02 2.126530251861310228e-01 1.549756880293133576e-01
5.344581444928623304e-01 6.011590126895298425e-02 2.645732106414183105e-01 1.408527435967664165e-01
5.613737792801021254e-01 6.000542988579093961e-02 2.357004806436832078e-01 1.429203101904237549e-01
5.537143160687677534e-01 9.051186381816653248e-02 2.139475017663517165e-01 1.418263183467139976e-01
5.812848388053400983e-01 9.058493678874064703e-02 2.166282950790320017e-01 1.115019293268871836e-01
5.694653582475944775e-01 7.949215544878580897e-02 1.941801655046029029e-01 1.568623207990166302e-01
5.161634916252711980e-01 9.334972824055443041e-02 2.535652724291021509e-01 1.369215077050723040e-01
5.645200803292216296e-01 9.715722540573575039e-02 2.194194047966375738e-01 1.189032894684049907e-01
5.301742354971487048e-01 1.118189055934064591e-01 2.375950946620499216e-01 1.204117642473949285e-01
5.114444237815148897e-01 7.859771171166787807e-02 2.750962637516486953e-01 1.348616007551686757e-01
5.249772275104176433e-01 8.302276932767925499e-02 2.555147927513574113e-01 1.364852104105457042e-01
5.367852608542827975e-01 1.187382605293001159e-01 1.919808463533090870e-01 1.524956322631079719e-01
5.367981745171414021e-01 1.142846776819064908e-01 2.171883765502703734e-01 1.317287712506816366e-01
5.971349217385589769e-01 7.555326296064829306e-02 2.014501446476809066e-01 1.258616706531118234e-01
4.922317430932561799e-01 8.400082966648859950e-02 2.503703063157406428e-01 1.733971209245146194e-01
4.785044457069791424e-01 8.260574116012034396e-02 2.688543318045057973e-01 1.700354813283946609e-01
5.509948329375504716e-01 7.859350516828673971e-02 1.803633453785085938e-01 1.900483165156540699e-01
4.554550447226358711e-01 1.299768892666863518e-01 2.577908526677074597e-01 1.567772133429701509e-01
4.894766202510625885e-01 1.018813567844778362e-01 2.506286825227221349e-01 1.580133404417374543e-01
5.472029888054781299e-01 7.888153627455303518e-02 2.583641732370224320e-01 1.155513016829465694e-01
5.106020894601246418e-01 1.108695916636052020e-01 2.102490895873024013e-01 1.682792292889678520e-01
5.430452985675170430e-01 7.233896081566411340e-02 2.507945776753827127e-01 1.338211629414361448e-01
4.911732431016805345e-01 5.833591006013210539e-02 2.312490103842521350e-01 2.192418364539353015e-01
5.302220182684846961e-01 7.775937969050131238e-02 2.450051040013677961e-01 1.470134980396461677e-01
5.695694174788235031e-01 8.792045118198779652e-02 1.878092859130452708e-01 1.547008454261434851e-01
5.763821627262296632e-01 6.981733683809630830e-02 2.186486946856771585e-01 1.351518057499968561e-01
5.611728937278540608e-01 6.060933091671410339e-02 1.902433404112561788e-01 1.879744349441755669e-01
5.264454859106780793e-01 1.078341992463116017e-01 2.155035143063484537e-01 1.502168005366618375e-01
5.485046445077841337e-01 1.061454910896842824e-01 2.024516717938598942e-01 1.428981926086716758e-01
5.223868454502460512e-01 6.746341601446025071e-02 2.480690055166583918e-01 1.620807330186353479e-01
5.484944083631939638e-01 5.315906409168159180e-02 1.982051767438966494e-01 2.001413508012277465e-01
5.104883902359449444e-01 8.674615516798131476e-02 2.064050216587271780e-01 1.963604329373463686e-01
5.030167404532630560e-01 8.404443379925732871e-02 3.257044879641347035e-01 8.723433778334468980e-02
5.208401360897779719e-01 8.741022031227591027e-02 2.286829508099422203e-01 1.630666927880038697e-01
5.866655240218322520e-01 9.521850463090494876e-02 1.807024481744068378e-01 1.374135231728557394e-01
5.374450228943271624e-01 6.065756633697425709e-02 2.498566886353996985e-01 1.520407221332986392e-01
5.418499868364424765e-01 9.648784424838578733e-02 2.215847538756222090e-01 1.400774150395494855e-01
5.790421325934904662e-01 4.737571051902492170e-02 2.327313931927348367e-01 1.408507636947497754e-01
5.538715460549583636e-01 8.425935732376595155e-02 2.180909549879683773e-01 1.437781416333073492e-01
4.604791543976765045e-01 9.833363204590032935e-02 2.717958482081465066e-01 1.693913653482767567e-01
5.419655474504125880e-01 9.333606892821193213e-02 2.261330246602990257e-01 1.385653589610764402e-01
5.554617156451424620e-01 8.094037694691112728e-02 2.437276237407282609e-01 1.198702836672179695e-01
4.765134747170235441e-01 8.296474495068278943e-02 3.129512297532120457e-01 1.275705505790816763e-01
5.865873676109415458e-01 5.960781254090805059e-02 1.997416714902993384e-01 1.540631483578510652e-01
5.483410099302410412e-01 9.880946544062058079e-02 2.198529206472885911e-01 1.329966039818498424e-01
5.184775845889825208e-01 8.573346135676919444e-02 2.467456840131228846e-01 1.490432700411252753e-01
5.670226965282029186e-01 7.498496635885207318e-02 2.438265416642680372e-01 1.141657954486770266e-01
5.876782367047582722e-01 8.704889845108969293e-02 1.702210548788372635e-01 1.550518099653147297e-01
5.679843208519160802e-01 6.223203729544192486e-02 2.361440924753499537e-01 1.336395493772919163e-01
5.497489662403816091e-01 7.380185755237227141e-02 2.265493758355846265e-01 1.498998003716614513e-01
5.293263021877198105e-01 1.105595420983420674e-01 1.870556444091880655e-01 1.730585113047500567e-01
5.594867678206183470e-01 1.029646080310867434e-01 2.254001675686762851e-01 1.121484565796186522e-01
5.088695488022184632e-01 7.029440033421455181e-02 2.383849547673391189e-01 1.824510960962280326e-01
5.098883694553264512e-01 9.255684487749513134e-02 2.464427025540353589e-01 1.511120831131431974e-01
5.522631072014003717e-01 6.144788926318983657e-02 2.677080206926350514e-01 1.185809828427746293e-01
5.139000054141816820e-01 6.163959432716207415e-02 2.186519685642461519e-01 2.058084316944100156e-01
4.763486877944682063e-01 9.808047496621426220e-02 2.759900595613502539e-01 1.495807776779671805e-01
5.429400797177169613e-01 9.060082936192652425e-02 2.400936784312310834e-01 1.263654124891253616e-01
5.469730814043464173e-01 8.782602952496028348e-02 2.201889188620505533e-01 1.450119702086428153e-01
4.619063484506410466e-01 8.888932203745830707e-02 2.237376335941753669e-01 2.254666959177254459e-01
5.319793830239640808e-01 6.997221074386823780e-02 2.708473874903091216e-01 1.272010187418584626e-01
4.927087109841807866e-01 1.063436405513783073e-01 2.486141756728257879e-01 1.523334727916151599e-01
5.400592855506067824e-01 9.589659436348675625e-02 2.452137634421113488e-01 1.188303566437952374e-01
6.062879577497283234e-01 7.703544664057669633e-02 1.966202451046868971e-01 1.200563505050080415e-01
5.566234743324912637e-01 1.021956462963595630e-01 2.248215813433230292e-01 1.163592980278262967e-01
5.192671694605580646e-01 5.705808211569535215e-02 2.786280485125566253e-01 1.450466999111899025e-01
5.401074045984237681e-01 6.798361191690827088e-02 2.173913727979220889e-01 1.745176106867458721e-01
5.473991590909659255e-01 1.029434242044130615e-01 2.214052593379242095e-01 1.282521573666967618e-01
5.598071214300390785e-01 6.362812748998329659e-02 2.318836713266070326e-01 1.446810797533705784e-01
5.134302201435848589e-01 7.650284092582937401e-02 2.522311870716018034e-01 1.578357518589839636e-01
5.441077068200919076e-01 8.095185849472956441e-02 2.178243440266602049e-01 1.571160906585182815e-01
4.766561416199695533e-01 1.093151653311417726e-01 2.518786913077163958e-01 1.621500017411722228e-01
5.554473544084376213e-01 8.357853153530279966e-02 2.217368536906274556e-01 1.392372603656320817e-01
5.281865934437846022e-01 8.280882208107960551e-02 2.421920645489733515e-01 1.468125199261624547e-01
5.135665724633575735e-01 6.221913099925729940e-02 2.454001211302441199e-01 1.788141754071409795e-01
5.563177107618709760e-01 9.305152455004297996e-02 2.051816309205142796e-01 1.454491337675717366e-01
4.978436774184429869e-01 1.017222674911968661e-01 2.791716612540242060e-01 1.212623938363360104e-01
5.280069068247018604e-01 6.560312472509841064e-02 2.399347898237880750e-01 1.664551786264115707e-01
5.310869566347200532e-01 9.348334276574706003e-02 2.410195063155544937e-01 1.344101942839783237e-01
5.326277460122038621e-01 9.417041845493742680e-02 2.131178424347210665e-01 1.600839930981378112e-01
4.769536620465134602e-01 1.185708754095055051e-01 2.568330530719277749e-01 1.476424094720532321e-01
5.737321917326870802e-01 9.816212727276411865e-02 1.997338333633766894e-01 1.283718476311722922e-01
5.342016474748785271e-01 6.088110779617934842e-02 2.542179955597731467e-01 1.506992491691690750e-01
5.309291629596808448e-01 1.085737135561208738e-01 2.485892450517961927e-01 1.119078784324020331e-01
5.282202482275022426e-01 7.898306452688333423e-02 2.336404470068773331e-01 1.591562402387371455e-01
5.653940024340294856e-01 8.126312689362201469e-02 2.157423131096029012e-01 1.376005575627456679e-01
5.651746477811789848e-01 9.895596441547040156e-02 2.068434978370944088e-01 1.290258899662561631e-01
5.751857143244479831e-01 9.834898395288957373e-02 2.078933608101981578e-01 1.185719409124642576e-01
5.328238928515749429e-01 8.502233077493404068e-02 2.360716543713028692e-01 1.460821220021881195e-01
5.892061545699286418e-01 5.787557251259425883e-02 2.326306135200766900e-01 1.202876593974002706e-01
5.531496916321045898e-01 8.644203520869980784e-02 2.445307405917598320e-01 1.158775325674357426e-01
5.281261104161358855e-01 8.827901862839687697e-02 2.552302485774061158e-01 1.283646223780611773e-01
5.010941025691508788e-01 6.095943883455183510e-02 2.656251154603935793e-01 1.723213431359036929e-01
4.906756326426720549e-01 1.257256748433797922e-01 2.358218127312288470e-01 1.477768797827193892e-01
5.476556752356521729e-01 8.031529841715687179e-02 2.292338817406748552e-01 1.427951446065158780e-01
5.357253145491150947e-01 8.621493045813269362e-02 2.415238381644424503e-01 1.365359168283098723e-01
5.637760663418982521e-01 9.207403764834995452e-02 2.116060621829684296e-01 1.325438338267834748e-01
5.113732377086253056e-01 6.651972572350482726e-02 2.834521609094427519e-01 1.386548756584272124e-01
5.442974231653264772e-01 6.334928496436559309e-02 2.421803836266628873e-01 1.501729082436450147e-01
5.442849995445666611e-01 7.408097214154768517e-02 1.966372550044669931e-01 1.849967733094184941e-01
5.185117135574552893e-01 6.800978777414713738e-02 2.309320038428832322e-01 1.825464948255143549e-01
5.795489081646920670e-01 6.796665217707212325e-02 2.068940761622914959e-01 1.455903634959442861e-01
5.540609661458703039e-01 6.543949835497883671e-02 2.462921349123586290e-01 1.342074005867920916e-01
5.590719090452049844e-01 6.685099873015513949e-02 2.358826673511550120e-01 1.381944248734848779e-01
5.561977669630654431e-01 9.176319209774072561e-02 2.242415206912641568e-01 1.277975202479298411e-01
6.373636800396694779e-01 7.518281418064243216e-02 1.868241203567601594e-01 1.006293854229280416e-01
4.992329103857851558e-01 8.666490775825096138e-02 2.578535290682429926e-01 1.562486527877209042e-01
5.234122438678332490e-01 7.330968307793161998e-02 2.399246830895319649e-01 1.633533899647032217e-01
5.962592270006088491e-01 9.799557336163071397e-02 1.958889719650583339e-01 1.098562276727019227e-01
6.558189059226373629e-01 7.340695679217799918e-02 1.587582552463503993e-01 1.120158820388342524e-01
5.473746873011764436e-01 8.699626940865401448e-02 2.489085014728883161e-01 1.167205418172811704e-01
5.709763787278587799e-01 6.407627721903329243e-02 2.349240397036432004e-01 1.300233043494648522e-01
5.444214266171828465e-01 8.899068524355603638e-02 2.361716671493576947e-01 1.304162209899033809e-01
5.096130299128404095e-01 9.318569326610577630e-02 2.286226381350817960e-01 1.685786386859719765e-01
5.182495696972017063e-01 8.317765147144354221e-02 2.754527164317238652e-01 1.231200623996309695e-01
5.659250329845264549e-01 8.310859040933518682e-02 1.977058899674634385e-01 1.532604866386748088e-01
4.786655823399418863e-01 9.914431127322619053e-02 2.607222764880030019e-01 1.614678298988289074e-01
5.781960460787788358e-01 8.546087347626057928e-02 2.058444395587081255e-01 1.304986408862522929e-01
5.174095635829901729e-01 7.341004034193124306e-02 2.511628172450243723e-01 1.580175788300542117e-01
5.227239789372958301e-01 1.034178989060113019e-01 2.506613602719334755e-01 1.231967618847593787e-01
5.530261007742988122e-01 6.808290029200481097e-02 2.148888906871313786e-01 1.640021082465649982e-01
5.581676006035750648e-01 1.082913900128806700e-01 2.151881967741166302e-01 1.183528126094276628e-01
5.528289488154477516e-01 7.303826627542096828e-02 2.096332621507589200e-01 1.644995227583723740e-01
5.217747310823657170e-01 8.667851644784863030e-02 2.374424780362660026e-01 1.541042744335196779e-01
5.588783450091642235e-01 1.130851136673399759e-01 2.223672521720268525e-01 1.056692891514690591e-01
5.604942786964524082e-01 6.925249676190843584e-02 2.130851436069809979e-01 1.571680809346582275e-01
5.083199464184691152e-01 6.657780597298090797e-02 2.306862527142891917e-01 1.944159948942608407e-01
5.462780215256508587e-01 7.844806823631561565e-02 2.524421445321084478e-01 1.228317657059251472e-01
5.678772598511068193e-01 9.144381230390825899e-02 2.045643356351079245e-01 1.361145922098769001e-01
4.853945054225571321e-01 9.802209409602324897e-02 2.183050833464436069e-01 1.982783171349761231e-01
5.662837393811985809e-01 6.775835917189046431e-02 2.305557361923686877e-01 1.354021652545424614e-01
5.453268153180728106e-01 5.886505517157681472e-02 2.312519073637749889e-01 1.645562221465754482e-01
5.452460900952134093e-01 9.109715386712557983e-02 2.213402593674469176e-01 1.423164966702140377e-01
5.724801353111442781e-01 6.369886851632078351e-02 2.060763719447034348e-01 1.577446242278316146e-01
5.149075957090650801e-01 8.658298136174925885e-02 2.496867838654754923e-01 1.488226390637101826e-01
4.889006036113837106e-01 1.045044754274373905e-01 2.542707787976267175e-01 1.523241421635523341e-01
5.334639122757788288e-01 1.048314390854830219e-01 2.443175069840348435e-01 1.173871416547034030e-01
5.341030641027334491e-01 1.035252561451934505e-01 2.333498650065927438e-01 1.290218147454802455e-01
5.234930825745577332e-01 7.588154104696637203e-02 2.327373351709643434e-01 1.678880412075115236e-01
5.362507601711469229e-01 5.735680796406349841e-02 2.275187322612971241e-01 1.788736996034925586e-01
4.792512228927593987e-01 1.091807166774390603e-01 2.594998995826266475e-01 1.520681608471748658e-01
5.728304484699698884e-01 5.181115672119050719e-02 2.359282354077255062e-01 1.394301594011141954e-01
6.010541581794441868e-01 7.612471185379639238e-02 2.207970605658924057e-01 1.020240694008669596e-01
5.130129556965282722e-01 8.306555316041268344e-02 2.655266384240307365e-01 1.383948527190282385e-01
4.870320112173011640e-01 7.309655211059347402e-02 2.847267536916461284e-01 1.551446829804592198e-01
5.578237627377015118e-01 9.247078496110371082e-02 1.863023396027804757e-01 1.634031126984143434e-01
5.083261254261478568e-01 8.884725008233181065e-02 2.282669452408184474e-01 1.745596792507018991e-01
5.352489852024692185e-01 6.878774709550390665e-02 2.222303376859813273e-01 1.737329300160455059e-01
5.593139279130482366e-01 1.054395744189508960e-01 2.058308200564067658e-01 1.294156776115941154e-01
5.509219761013213201e-01 1.005243835257696172e-01 2.136412195731621222e-01 1.349124207997470515e-01
5.467629101745176134e-01 7.780532312065636946e-02 2.293394555115823297e-01 1.460923111932437846e-01
5.183955234112315180e-01 1.079223456606373671e-01 2.206742661576568953e-01 1.530078647704740946e-01
5.384436573638287094e-01 9.500992073184702513e-02 2.199477530592201802e-01 1.465986688451040854e-01
5.177387778661389772e-01 8.468347525154122646e-02 2.150450567940009883e-01 1.825326900883187387e-01
5.621214717886690027e-01 6.947268213794696723e-02 2.312229689986072534e-01 1.371828770747767490e-01
5.422083169983479278e-01 1.131156278226495004e-01 2.437610687474177085e-01 1.009149864315849882e-01
5.550885587186542569e-01 7.955223063814917395e-02 2.357304726634524283e-01 1.296287379797442241e-01
5.453082256494302671e-01 1.030997665334642543e-01 2.354305301697603992e-01 1.161614776473451488e-01
5.749993891820727177e-01 7.397061715744271404e-02 1.962229598155153798e-01 1.548070338449692718e-01
5.676739407991927555e-01 1.114454447600130987e-01 2.040804888297599595e-01 1.168001256110342695e-01
5.739213306834720640e-01 6.215159974805120613e-02 2.208939335735049803e-01 1.430331359949716941e-01
5.431260898361541800e-01 9.820390394420613900e-02 2.219136302051462617e-01 1.367563760144934193e-01
5.134417877291189702e-01 7.984693471366832718e-02 2.533233381850030774e-01 1.533879393722096807e-01
5.411712749292509894e-01 1.065630324387245587e-01 2.291516907619683130e-01 1.231140018700563055e-01
5.434898989770871047e-01 4.839429403382087408e-02 2.633366658633908286e-01 1.447791411257010608e-01
5.567143994926030404e-01 7.174923262346055708e-02 2.446537027923284258e-01 1.268826650916081433e-01
4.833771696702787168e-01 8.046691440094876080e-02 2.658368084736852377e-01 1.703191074550872985e-01
5.514108675262590076e-01 6.441131578903401544e-02 2.483701627929481848e-01 1.358076538917588616e-01
5.445604081469276325e-01 9.656286207748229766e-02 2.367365609418616568e-01 1.221401688337284269e-01
5.806678860684739707e-01 7.058713053308823815e-02 1.827118287037821642e-01 1.660331546946555992e-01
5.350539026393557052e-01 8.185172074000636455e-02 2.177091878098485478e-01 1.653851888107894796e-01
5.319126008588307419e-01 1.095307723757832918e-01 2.072341637000791326e-01 1.513224630653069169e-01
5.526479783518920552e-01 7.620125933497975956e-02 2.210389873217561141e-01 1.501117749913721544e-01
5.522051005969725868e-01 7.561239603988885449e-02 2.280170746449309838e-01 1.441654287182075334e-01
5.714782823640107701e-01 7.837273982386590288e-02 2.273946929605008549e-01 1.227542848516224028e-01
5.538211590861832345e-01 9.433271932383241465e-02 2.249739505193463218e-01 1.268721710706380845e-01
5.266621287063927292e-01 7.038029077337019934e-02 2.671641281129500389e-01 1.357934524072871574e-01
5.303059318378220421e-01 7.610427034112207667e-02 2.411907429485188048e-01 1.523990548725370209e-01
5.655857848281647948e-01 5.365147905465404710e-02 1.975520099427726939e-01 1.832107261744084226e-01
5.917489926300347758e-01 9.196371354558849354e-02 1.876858559391716419e-01 1.286014378852051443e-01
5.342414088864000377e-01 8.361632815922022399e-02 2.556276227020234382e-01 1.265146402523563141e-01
5.840460978413920534e-01 6.951402274773017809e-02 2.041380458655616958e-01 1.423018335453160033e-01
5.627536619550969066e-01 5.810014290188326297e-02 2.080651263226862835e-01 1.710810688203334151e-01
5.377076676533356636e-01 9.280033952587347923e-02 2.689828601124824026e-01 1.005091327083084546e-01
5.673727368164236395e-01 7.729183802124280078e-02 2.360970486055834483e-01 1.192383765567503195e-01
5.721395992768019134e-01 7.520214826945523234e-02 2.023301954610145226e-01 1.503280569927283872e-01
5.178494915697203771e-01 9.252049867164685581e-02 2.643655507170124541e-01 1.252644590416203407e-01
5.568413306980545263e-01 8.656206608484606768e-02 2.156392043724675023e-01 1.409573988446320147e-01
5.683792785146256632e-01 7.176010958616868551e-02 2.468885809770620665e-01 1.129720309221436403e-01
5.742028542599397767e-01 1.177798576648951684e-01 1.483371813912760240e-01 1.596801066838889060e-01
5.084110306967835058e-01 6.365143083390585599e-02 2.780582840421562119e-01 1.498792544271543570e-01
5.480457423604460088e-01 9.435029918943495242e-02 2.245481760594664755e-01 1.330557823906526049e-01
5.549516315988871629e-01 8.336175250518776392e-02 2.212943568250437254e-01 1.403922590708815143e-01
5.346715179746508451e-01 1.036490475464880295e-01 2.199227512746097790e-01 1.417566832042511660e-01
5.117791253856114331e-01 1.071507477824948928e-01 2.527273694592548914e-01 1.283427573726388937e-01
5.209873417909290927e-01 7.059073689064153390e-02 2.364632359887582358e-01 1.719586853296711793e-01
5.625783286173775544e-01 6.789296365072544637e-02 2.203909749081160163e-01 1.491377328237810662e-01
5.530972998592267320e-01 9.891843162114061228e-02 2.337760465284200173e-01 1.142082219912126384e-01
5.301282687090341783e-01 1.231850991352518715e-01 2.103501079703951337e-01 1.363365241853189969e-01
5.463705307496135033e-01 8.189584667912097604e-02 2.377705041249602858e-01 1.339631184463053737e-01
5.395241591323505226e-01 8.481630955249874759e-02 2.255527122709830024e-01 1.501068190441675887e-01
4.814281711602456659e-01 7.481700339707969549e-02 2.723945431348686608e-01 1.713602823078060056e-01
5.465519997241067296e-01 8.152936876148525469e-02 2.233096189019902755e-01 1.486090126124176569e-01
5.315854576414368315e-01 6.983479472788686748e-02 2.709687613337159462e-01 1.276109862969604380e-01
5.287183133402900692e-01 7.637184565080974707e-02 2.426601340435774468e-01 1.522497069653229174e-01
5.704174134259530904e-01 1.008571867955807139e-01 1.981695075813249274e-01 1.305558921971412267e-01
5.826451390602099822e-01 8.284630115030769404e-02 1.903356654447349583e-01 1.441728943447472822e-01
5.271309309220059136e-01 8.065181683623404152e-02 2.294675793694702370e-01 1.627496728722896413e-01
5.357209032390412018e-01 8.566907918049514181e-02 2.300080618810637079e-01 1.486019556993998514e-01
5.565435155354722108e-01 6.817211516492795165e-02 2.122964690318233372e-01 1.629879002677765421e-01
5.488146289334477901e-01 1.219906718982887578e-01 2.110113041851139348e-01 1.181833949831495173e-01
5.553806381454345908e-01 7.305034425011242005e-02 2.271858950066203142e-01 1.443831225978325361e-01
4.976584277832853398e-01 7.844348245355625693e-02 2.686355510092200971e-01 1.552625387539383894e-01
5.488192508470169928e-01 8.700656454897781611e-02 2.350078876397847516e-01 1.291662969642203562e-01
5.764621529846736259e-01 8.779176618098462337e-02 2.216613427954290672e-01 1.140847380389126697e-01
5.847920967307175255e-01 7.142252546408883740e-02 2.063776199042102188e-01 1.374077579009835848e-01
5.505357473250229727e-01 9.910942053321022960e-02 2.094033969557316521e-01 1.409514351860352566e-01
5.469897888363915994e-01 9.859555345165059437e-02 2.180962591219694768e-01 1.363183985899883988e-01
5.273094830782194542e-01 9.061802895924804535e-02 2.250297147050684676e-01 1.570427732574641300e-01
5.764726005410225618e-01 7.974342269477972811e-02 2.394726822297965629e-01 1.043112945344009806e-01
5.215992601849125387e-01 9.592152379321258748e-02 2.411228851810851004e-01 1.413563308407898567e-01
5.926341947896852647e-01 6.802663778289108620e-02 2.352493172344995720e-01 1.040898501929240910e-01
5.315950920008566394e-01 7.856938870099604288e-02 2.291218782549494792e-01 1.607136410431977969e-01
5.602506724273307315e-01 9.164924626031759058e-02 2.353152415373076511e-01 1.127848397750439158e-01
4.732510572348221922e-01 6.830167028042463673e-02 2.871009362246256802e-01 1.713463362601275464e-01
5.684489438714921405e-01 8.268164705315422802e-02 2.373602406187318992e-01 1.115091684566217878e-01
5.570800027909611485e-01 6.140212411286508770e-02 2.143071263104887048e-01 1.672107467856850105e-01
5.123114744589928327e-01 1.052939822670374559e-01 2.716713865806432149e-01 1.107231566933266215e-01
5.601782139627989876e-01 7.432238016394918101e-02 2.191521958865384756e-01 1.463472099867134113e-01
4.826887302922077128e-01 1.131637035987796552e-01 2.822550325502690138e-01 1.218925335587436598e-01
5.645002674984325175e-01 6.533459375896966126e-02 2.132837894707272641e-01 1.568813492718705016e-01
5.292750215391021085e-01 9.735740839063281027e-02 2.458114502954509006e-01 1.275561197748142639e-01
5.387281904638117069e-01 6.151596739944274750e-02 1.957053997977731830e-01 2.040504423389722932e-01
5.534189840542913519e-01 4.961164689432125824e-02 2.242189304571404473e-01 1.727504385942469911e-01
5.469907781776673916e-01 7.013955761353768414e-02 2.502433428503601509e-01 1.326263213584346068e-01
4.980477764422078235e-01 1.285715666013193814e-01 2.253357656084757910e-01 1.480448913479971151e-01
5.030365991661761571e-01 1.231442082585411241e-01 2.476164363703207694e-01 1.262027562049618801e-01
5.507212286944697111e-01 6.651608206045678262e-02 2.162477142291319987e-01 1.665149750159414799e-01
5.542026518570432048e-01 5.391545656007140641e-02 2.068867426161751233e-01 1.849951489667103766e-01
5.731635094935927377e-01 4.711629119961301820e-02 2.354581229961993094e-01 1.442620763105949833e-01
5.231183046817198257e-01 7.011778684503709724e-02 2.363415314220228824e-01 1.704223770512203473e-01
5.236250513040918708e-01 7.375248512652191057e-02 3.018772205545401377e-01 1.007452430148461503e-01
5.505314082077287230e-01 5.595645329060709022e-02 2.628920297888442392e-01 1.306201087128199545e-01
5.391500551951722287e-01 9.341461279888667313e-02 2.302258790322391224e-01 1.372094529737018787e-01
5.471749372776196774e-01 7.273290203774833429e-02 2.427267891138597811e-01 1.373653715707720824e-01
5.333585167364179869e-01 9.486643545405887279e-02 2.205349416058206835e-01 1.512401062037024291e-01
5.750501808771257828e-01 6.911396659039457935e-02 2.384444598103094282e-01 1.173913927221701958e-01
5.735215679113119247e-01 7.692387572706024801e-02 2.022137390064558948e-01 1.473408173551719325e-01
5.390232347454664286e-01 9.597174363776710126e-02 1.767298491840441632e-01 1.882751724327222098e-01
5.302787327324580691e-01 8.530198138401105801e-02 2.499546451989150264e-01 1.344646406846158604e-01
4.780929319986810810e-01 9.953237844456039318e-02 2.653300817743629025e-01 1.570446077823955955e-01
5.506496017205759763e-01 8.873784607766078969e-02 2.358471344995852481e-01 1.247654177021779859e-01
5.279175582630114549e-01 1.122301382721205970e-01 2.092204332178795312e-01 1.506318702469883475e-01
5.527252448878646751e-01 7.205844394538062081e-02 2.453120578917894201e-01 1.299042532749652701e-01
4.744716614036660340e-01 1.057745416007700445e-01 2.822985687477972405e-01 1.374552282477666254e-01
5.589241683381613868e-01 1.084089578971621642e-01 1.978770750398821665e-01 1.347897987247944629e-01
5.555206925948794616e-01 5.996971910196876449e-02 2.423504062416055593e-01 1.421591820615461799e-01
5.295658715656995641e-01 1.182102771743365616e-01 2.161192669453055049e-01 1.361045843146583834e-01
5.635327041581514873e-01 9.215153275970487667e-02 2.131448861350673796e-01 1.311708769470764369e-01
5.764074435464827673e-01 7.133802798553390279e-02 2.092297976785323921e-01 1.430247307894510211e-01
5.407459736800553918e-01 1.073334507703073148e-01 2.284842124476892111e-01 1.234363631019480545e-01
4.968769489665247896e-01 1.017242174232070723e-01 2.408915953562937584e-01 1.605072382539744769e-01
5.820116889424723494e-01 7.526880815366143729e-02 2.256927785980910317e-01 1.170267243057751955e-01
5.204031704386637980e-01 8.374627727596954674e-02 2.627149834341782064e-01 1.331355688511882962e-01
5.341869937502267129e-01 9.273012234401943610e-02 2.432443367612819873e-01 1.298385471444718220e-01
5.498406408629450404e-01 9.822447294894609549e-02 1.923262098205099913e-01 1.596086763675988174e-01
5.470629597932225030e-01 7.492726707154813426e-02 2.288156041029056065e-01 1.491941690323237146e-01
5.446695970751698201e-01 7.720028951959619079e-02 2.125483557932272005e-01 1.655817576120067192e-01
5.595442962347697557e-01 7.783393095772869752e-02 2.121080246284012538e-01 1.505137481791003762e-01
5.235337357271359071e-01 1.135869376553503979e-01 2.282509890704638167e-01 1.346283375470496702e-01
5.101516894777766709e-01 1.016554630445609675e-01 2.397729372128900860e-01 1.484199102647722202e-01
5.263647988313991943e-01 8.305236305542060271e-02 2.634080240390849204e-01 1.271748140740953381e-01
5.083802783442913364e-01 6.817163827089292583e-02 2.664712715132671050e-01 1.569768118715487437e-01
5.885098488070601430e-01 8.135525512613435428e-02 2.073104821768671502e-01 1.228244138899381860e-01
5.273972967161648651e-01 9.213301653463255858e-02 2.248195041701396280e-01 1.556501825790629068e-01
4.878689805993115525e-01 8.696364884314870813e-02 2.630467524772065468e-01 1.621206180803332619e-01
4.764018574755173319e-01 6.254020384602730631e-02 3.026404991845855763e-01 1.584174394938698271e-01
5.588601473518599594e-01 9.103969442838789894e-02 2.014735782348627269e-01 1.486265799848893732e-01
5.261327465698556471e-01 6.694827287293218798e-02 2.251232783815227401e-01 1.817957021756894109e-01
5.231023391588495164e-01 8.219963690690078317e-02 2.218706978095050519e-01 1.728273261247446069e-01
5.787217092080794156e-01 6.650726818003421803e-02 2.267117505840351432e-01 1.280592720278511676e-01
5.217066259864171496e-01 9.741729152508844802e-02 2.234909629935379616e-01 1.573851194949564547e-01
5.594606153715463437e-01 6.022904789914876322e-02 2.393553882436562363e-01 1.409549484856487123e-01
5.085621062350785815e-01 7.773718642042304339e-02 2.716066749793104584e-01 1.420940323651881110e-01
5.167065368593869445e-01 9.186123303446178112e-02 2.417678112454271777e-01 1.496644188607242354e-01
5.263842152297436572e-01 5.509384421108173835e-02 2.638904158684955981e-01 1.546315246906790897e-01
5.629725278551560574e-01 7.222058563235124462e-02 2.078741833201234457e-01 1.569327031923692661e-01
5.183997742722191715e-01 1.004246754990930773e-01 2.833302973591697027e-01 9.784525286951797907e-02
5.575169606433788561e-01 7.093701053785232691e-02 2.327477740916631954e-01 1.387982547271056910e-01
4.998193069202701011e-01 9.837673966606678977e-02 2.196732647540951266e-01 1.821306886595681629e-01
5.545014639442822357e-01 8.623583261424820623e-02 2.421492373163323386e-01 1.171134661251373166e-01
5.401082839318929185e-01 6.534683405360364183e-02 2.175008051804734610e-01 1.770440768340298954e-01
5.339001969100842793e-01 5.620280158911859086e-02 2.173076344689763850e-01 1.925893670318206130e-01
5.143796337595698542e-01 9.062792833874112886e-02 2.435631657158141838e-01 1.514292721858747359e-01
5.240722841492405637e-01 7.453693669589372961e-02 2.630837377443990821e-01 1.383070414104666801e-01
5.661374131605592108e-01 7.397129679027271421e-02 1.857330335878310257e-01 1.741582564613370077e-01
5.311282637691627784e-01 1.040415314009658088e-01 2.240294937426776101e-01 1.408007110871936918e-01
5.227337881562569288e-01 8.601561595466969412e-02 2.504469286003576656e-01 1.408036672887157670e-01
5.243371072455830229e-01 7.443995770646770482e-02 2.512869921403965701e-01 1.499359429075527439e-01
5.488062855734824330e-01 8.695940578573525814e-02 2.234038783301940112e-01 1.408304303105883115e-01
5.820672743290542517e-01 7.062024592242086007e-02 2.071349087654822674e-01 1.401775709830426209e-01
5.517768406318821484e-01 6.692714608054323167e-02 2.362014073576566286e-01 1.450946059299181856e-01
5.482831170296756929e-01 7.757420100745693325e-02 2.374785470841941359e-01 1.366641348786732102e-01
5.654410216137752965e-01 7.698508053432756570e-02 2.238017174990787062e-01 1.337721803528184594e-01
5.540608301513249012e-01 6.248556023694816497e-02 2.366648902512903385e-01 1.467887193604364704e-01
