2.719749413313101161e-01 7.792195722024780613e-02 4.598294594066099084e-01 1.902736420418321417e-01
2.360955586329960554e-01 8.491975495033304844e-02 5.181183239379953953e-01 1.608663624786756119e-01
1.881931823313332530e-01 8.155615041538959165e-02 5.587534297457439347e-01 1.714972375075332345e-01
2.090035476607617348e-01 4.620328158197041513e-02 5.984501398373575087e-01 1.463430309199102997e-01
2.476334638156944545e-01 7.710941709555142742e-02 4.705785954944046723e-01 2.046785235943493486e-01
1.947073337859956399e-01 7.944914903624146485e-02 5.572659473789685070e-01 1.685775697987943744e-01
2.191302030405922197e-01 5.676354834412865313e-02 5.643637020610031696e-01 1.597425465542759160e-01
1.846718978420864576e-01 7.407994201485523789e-02 5.031511941705075763e-01 2.380969659725506171e-01
1.892308601777594468e-01 6.796761213401718293e-02 5.916791798221979759e-01 1.511223478660254083e-01
1.854263053310838127e-01 7.276081280750053282e-02 5.158670570475307748e-01 2.259458248138848657e-01
2.028750542477394114e-01 6.430634231322965300e-02 5.219375032349279353e-01 2.108811002041030003e-01
2.198681111771739471e-01 7.627950937415139965e-02 5.529313544688321258e-01 1.509210249798426107e-01
2.458340188093631751e-01 3.389765737832374504e-02 5.017296250940326274e-01 2.185386987182806606e-01
2.021246731247066108e-01 9.029372116249927138e-02 5.140375383649224972e-01 1.935440673478714957e-01
2.597553418579491846e-01 7.762584879222850232e-02 4.905102488337835243e-01 1.721085605160387888e-01
2.317632425639626070e-01 6.066412248050516431e-02 5.200434136788588679e-01 1.875292212766735411e-01
2.238074244369316346e-01 6.903667680568870146e-02 5.472022817275842277e-01 1.599536170297954640e-01
2.195395519529181050e-01 7.685117225679491404e-02 4.705745363645548185e-01 2.330347394257321902e-01
1.867680121141648553e-01 3.829385147954844637e-02 5.380746273473411279e-01 2.368635090589454595e-01
2.141544620780913011e-01 8.006596873836764605e-02 5.192170224472859585e-01 1.865625467362550804e-01
2.535936880332853027e-01 6.749126831606999666e-02 5.106135717855981859e-01 1.683014718650466535e-01
1.896756159249486928e-01 1.011478286304742374e-01 5.502899130416987195e-01 1.588866424028783642e-01
2.103660426716936760e-01 7.285274580667071287e-02 5.008667940825241027e-01 2.159144174391114390e-01
1.727338224644845432e-01 4.134889042256654351e-02 6.220995992421709531e-01 1.638176878707779671e-01
2.075107261577152362e-01 9.976855422615169000e-02 5.419315531333694924e-01 1.507891664827635259e-01
2.449226320261255196e-01 6.532806827033109387e-02 5.093683481598001439e-01 1.803809515437433120e-01
2.397026774799852211e-01 1.191990442240865311e-01 4.968267866513519371e-01 1.442714916445763107e-01
2.319102711782344561e-01 7.536691558545649539e-02 5.034154264926163913e-01 1.893073867436927404e-01
2.263918283898918304e-01 8.648849168639766161e-02 5.280153274194585578e-01 1.591043525042519224e-01
2.075702973002792606e-01 7.644447807438142783e-02 5.287042758889266558e-01 1.872809487364126557e-01
2.075608933063366468e-01 9.290632903082958471e-02 5.189489559021229770e-01 1.805838217607108609e-01
2.331926208371198350e-01 8.086214261217995747e-02 5.039186077700460453e-01 1.820266287806542038e-01
2.515085453504407043e-01 1.132068015810680922e-01 4.814553634220190004e-01 1.538292896464723003e-01
2.340556711450262062e-01 8.033112804089125036e-02 4.645792650367523424e-01 2.210339357773301039e-01
1.958036332100757115e-01 5.193655839531415713e-02 5.178536271570263194e-01 2.344061812375836662e-01
2.361855655965565126e-01 6.511696972055591726e-02 5.219205653686292967e-01 1.767768993142583012e-01
2.459569940940809218e-01 7.350559353433083754e-02 5.166015911461784293e-01 1.639358212254098668e-01
2.465728709761954296e-01 1.036570312503123370e-01 4.875295734448160112e-01 1.622405243286762777e-01
2.141915706470345071e-01 7.488086627119983074e-02 5.175962488873797618e-01 1.933313141943857894e-01
2.601077838650934226e-01 6.902226889760967876e-02 4.916126541263666216e-01 1.792572931109303602e-01
2.024329091257647262e-01 5.165758137337405492e-02 5.700667303158867272e-01 1.758427791849745681e-01
2.380805496418763600e-01 4.228300690540759410e-02 5.115537599004633673e-01 2.080826835522525120e-01
2.343929176232437961e-01 7.710179607985288841e-02 5.104814305390261708e-01 1.780238557578769920e-01
2.172819446469699822e-01 6.710509135711928419e-02 4.764307656029821425e-01 2.391821983929284801e-01
1.902498345169979788e-01 7.937678057904770657e-02 5.433020005213142767e-01 1.870713843826400657e-01
2.127018761849908124e-01 5.966020370903021147e-02 5.451387014743862558e-01 1.824992186315928799e-01
2.163505446381768227e-01 7.764750658012056772e-02 4.777191779960421325e-01 2.282827707856603383e-01
2.333839429509067254e-01 8.255687265190914115e-02 5.276156046064151006e-01 1.564435797907689496e-01
2.273403827172855163e-01 5.281911701648134283e-02 5.720232491875935077e-01 1.478172510786397165e-01
2.540645492002552852e-01 4.760261068630918663e-02 4.855794277005031079e-01 2.127534124129324133e-01
2.441531191084530816e-01 5.733506792848407779e-02 5.222749568819823329e-01 1.762368560810806117e-01
1.871331509686323946e-01 8.352553220773098475e-02 5.577518586517385968e-01 1.715894581718980516e-01
2.899487151177403965e-01 6.615229747747330968e-02 5.063263028375271091e-01 1.375726845672591292e-01
2.055888217969054632e-01 8.494784387229586953e-02 5.477142076780682212e-01 1.617491266527306126e-01
2.319062728506972315e-01 5.137172860492422027e-02 5.527237349814637657e-01 1.639982635629146368e-01
2.564233030464854735e-01 5.835703001945502510e-02 5.136171121216609459e-01 1.716025548123986666e-01
2.244826155696207637e-01 7.219055261749501851e-02 4.717177925696014462e-01 2.316090392432827438e-01
2.551573986361471702e-01 6.749499703338743273e-02 5.062531893998087895e-01 1.710944149306566076e-01
1.979323329346333593e-01 5.744356355523066310e-02 5.873049534116112635e-01 1.573191500985247904e-01
1.862323931551894407e-01 8.831364500815920560e-02 5.474748572050929241e-01 1.779791046315585268e-01
1.755087430180036212e-01 7.066984772478943078e-02 5.748447789041735145e-01 1.789766303530334335e-01
2.011406336148590102e-01 7.029623771058708670e-02 5.550463365968200113e-01 1.735167920777339612e-01
2.280452297363311231e-01 4.764956367272520782e-02 5.102435595695551385e-01 2.140616470213885791e-01
2.212320063708341777e-01 6.446378394145925450e-02 5.252901012907915668e-01 1.890141083969149871e-01
2.657201847093586533e-01 9.121735129774456718e-02 4.553871294209120291e-01 1.876753345719847088e-01
2.563386051468108384e-01 7.018477526315702875e-02 4.659224032806631444e-01 2.075542163093692105e-01
2.141271222374012129e-01 9.439696068531261419e-02 4.854486279773015389e-01 2.060272890999848006e-01
2.417610907329611480e-01 9.263887376585468181e-02 5.054017293981294401e-01 1.601983061030547717e-01
1.583079028541729272e-01 7.069716350577029407e-02 5.782831300059163571e-01 1.927118036341405050e-01
1.940931047095385831e-01 5.442683160923783570e-02 5.503088240122716579e-01 2.011712396689520344e-01
2.720331631491499369e-01 6.222290940392950775e-02 4.873385925380627759e-01 1.784053349088576823e-01
2.088489795880627276e-01 9.394080619563568990e-02 4.911308903455979813e-01 2.060793238707037400e-01
2.019360596683260900e-01 9.144804928245507669e-02 5.649847755289004736e-01 1.416311155203182626e-01
2.251008884316817171e-01 7.013167223031425979e-02 5.024018706936372869e-01 2.023655686443666113e-01
2.743997304783943325e-01 6.876318944753395668e-02 4.913049932646383344e-01 1.655320868094335152e-01
2.193801094274134278e-01 7.144965949460038712e-02 5.299727649420951092e-01 1.791974661358910481e-01
2.289641883689692847e-01 1.208961035437901010e-01 4.820251710157463787e-01 1.681145370714941800e-01
1.992206865659229553e-01 8.841720344811207499e-02 5.910980988196764541e-01 1.212640111662884462e-01
2.632117253079767072e-01 7.640365740667821870e-02 5.312546811366517518e-01 1.291299361486934472e-01
2.751872556126944702e-01 5.598458443901038750e-02 4.976146955277433448e-01 1.712134644205518252e-01
2.396635280392075407e-01 5.324310537990750020e-02 5.141981375908252216e-01 1.928952289900596750e-01
2.199846560773210669e-01 5.458623562055355677e-02 5.698283221430365808e-01 1.556007861590887609e-01
2.278199687385612238e-01 9.447361749045246615e-02 4.567799659620326302e-01 2.209264478089536521e-01
1.905064949382556660e-01 7.629999114875612998e-02 5.372581998234342571e-01 1.959353140895538914e-01
2.096282015425707246e-01 1.019100891916431967e-01 5.120270701018934112e-01 1.764346391638927369e-01
2.292415064080813025e-01 7.880619775345068523e-02 5.542688374365609683e-01 1.376834584019070440e-01
2.010224395595609503e-01 7.537198944872526563e-02 6.195518478324774092e-01 1.040537231592363610e-01
2.225051877263907463e-01 5.610254464569852662e-02 5.702008578318665810e-01 1.511914097960440351e-01
1.854451227910670352e-01 6.813430293476865907e-02 5.744914274596669701e-01 1.719291468144973634e-01
2.300811873016037901e-01 5.033845834871948643e-02 5.493650956435766064e-01 1.702152587061001032e-01
1.894198674129534965e-01 6.873681363328647265e-02 5.373948047188576993e-01 2.044485142349023732e-01
2.271976096673955781e-01 7.906347106038698336e-02 5.107773926434165945e-01 1.829615266288008024e-01
2.782273944048941350e-01 6.809920560316301552e-02 4.839060063987217775e-01 1.697673935932210998e-01
1.757364617538505203e-01 6.461784691472913233e-02 5.854505928469971865e-01 1.741950984844232164e-01
1.914814150968663919e-01 3.571936746602044632e-02 5.159342483635477317e-01 2.568649690735654856e-01
2.345424465259606794e-01 7.346142699434031476e-02 5.258541153293114778e-01 1.661420111503875141e-01
2.083618212506729295e-01 8.161139381566309692e-02 5.500406353358512357e-01 1.599861495978125991e-01
2.408547851119635097e-01 7.451776709969901158e-02 5.461928611718224191e-01 1.384345866165152261e-01
1.823118693132415036e-01 7.563433910451573816e-02 5.629358804248401071e-01 1.791179111574027205e-01
2.501267777449949214e-01 7.132099922798497416e-02 5.245275913528114620e-01 1.540246316742087118e-01
2.472065972888183305e-01 8.097323685706012131e-02 4.770225144740231071e-01 1.947976513800983300e-01
1.899178314428177361e-01 6.044028967337321256e-02 5.856497744339036471e-01 1.639921044499053349e-01
1.930512246805857479e-01 9.191905500345892710e-02 5.291435680091611804e-01 1.858861523067941723e-01
1.788222463034232490e-01 7.630005379390401854e-02 5.866509377745818821e-01 1.582267621280908643e-01
2.167152568255062417e-01 6.616113449889680920e-02 5.523390763478774890e-01 1.647845323277195018e-01
2.348433657243147177e-01 4.876847669202213215e-02 5.401037731699791511e-01 1.762843844136840199e-01
2.058367988066708565e-01 7.699173845120620141e-02 5.469817031396430052e-01 1.701897596024798953e-01
2.044972245536261501e-01 5.805164045907927617e-02 5.597571266742967788e-01 1.776940083129977255e-01
1.620807921774759519e-01 9.594743192266204368e-02 5.718232303649170012e-01 1.701485455349450171e-01
1.594379710647027271e-01 7.874037571665419566e-02 5.909387552214711015e-01 1.708828979971720452e-01
2.621454898490764851e-01 5.898513674706541698e-02 4.936618628097596551e-01 1.852075105940985955e-01
1.934188943203612177e-01 6.958779597296517461e-02 5.946686825276339405e-01 1.423246271790397921e-01
2.183467017622597595e-01 5.143937808870732015e-02 5.103982757891283306e-01 2.198156443599045551e-01
2.919149542719305379e-01 7.543070532566450992e-02 4.900280208444032226e-01 1.426263195580016740e-01
2.423733867165909217e-01 4.487607612731483314e-02 5.489355120811735267e-01 1.638150250749207670e-01
2.331965760576862889e-01 6.241166415363692127e-02 5.289219515240779490e-01 1.754698082645987367e-01
2.003160367072895354e-01 4.782112264482459019e-02 5.475555699056690040e-01 2.043072707422168843e-01
2.287269710684450563e-01 6.120224333324573301e-02 5.622091713683892156e-01 1.478616142299199465e-01
2.179370303682593435e-01 7.797987698812716695e-02 5.077879901825146369e-01 1.962951024610988804e-01
2.228597397310311257e-01 7.433405187235722633e-02 5.560791802218105762e-01 1.467270281748011551e-01
2.673945015541538406e-01 6.081248067165696131e-02 5.106544964955523902e-01 1.611385212786367871e-01
1.402237914148365960e-01 8.332301792508975402e-02 5.824942836622245546e-01 1.939589069978491787e-01
2.161662319914449681e-01 6.234441214997089170e-02 5.260591953362931950e-01 1.954301605222908966e-01
1.996954975526146481e-01 3.844302720532428996e-02 5.692878605731064301e-01 1.925736146689545347e-01
2.085999743237594017e-01 6.671717530991871925e-02 5.872613787755993631e-01 1.374214715907225437e-01
2.664433606061794024e-01 8.708277266596868571e-02 4.350213852303210227e-01 2.114524814975309586e-01
2.776191605276404628e-01 7.126225965127261364e-02 5.069622727064428958e-01 1.441563071146440278e-01
2.370558093847499603e-01 6.178134526567564261e-02 5.081232086351286092e-01 1.930396367144458225e-01
1.605174169768343040e-01 5.361683818515575184e-02 5.831111978182074163e-01 2.027545470198024724e-01
2.034863789675251111e-01 5.175347127986516804e-02 5.631883961478099110e-01 1.815717536047996850e-01
1.725520325441562697e-01 6.204635252283365043e-02 5.604608861484864368e-01 2.049407287845235459e-01
2.104586800739209063e-01 6.771633362525494859e-02 5.953348581478626889e-01 1.264901281529614285e-01
2.278963221521373150e-01 5.495300794314213200e-02 5.361895706500215963e-01 1.809610992546988595e-01
1.852047583323361835e-01 5.852168510739318152e-02 5.492147096694595110e-01 2.070588468908111102e-01
2.037543171603345971e-01 6.775749159759388018e-02 5.364117018981888751e-01 1.920764893438825782e-01
1.985851730803336601e-01 7.101730637875000585e-02 5.341517670309322563e-01 1.962457535099841888e-01
2.046658572017985012e-01 6.586307260339346881e-02 4.915722015545816448e-01 2.378988686402263852e-01
2.601921774877393734e-01 6.056941425601602286e-02 5.222618618779990562e-01 1.569765463782456794e-01
2.421355452156194743e-01 6.072209770321669586e-02 4.826759565397951146e-01 2.144664005413687013e-01
1.804395001760221717e-01 6.245601536865603987e-02 5.938236591455473556e-01 1.632808253097743911e-01
1.927893074662060391e-01 4.491852255512326919e-02 5.808718856307496514e-01 1.814202843479209015e-01
2.055913454598987389e-01 5.449130631319259316e-02 5.785899233543296827e-01 1.613274248725790894e-01
2.538439566005012415e-01 6.293547547529475261e-02 5.404867695790428472e-01 1.427337983451610337e-01
2.358466132037643215e-01 8.210015757514785295e-02 5.188011453399847817e-01 1.632520838811029606e-01
1.677287997613583492e-01 7.874618146220391246e-02 5.863535417493420665e-01 1.671714770270956718e-01
2.310545420952951345e-01 4.559457648991192824e-02 5.554799716032396972e-01 1.678709098115533926e-01
1.581574617656449633e-01 5.254493778893507688e-02 5.506554666433253198e-01 2.386421338020946192e-01
2.044188620141690615e-01 7.720396885020885946e-02 5.480072424445896484e-01 1.703699266910324306e-01
2.103463597384739592e-01 8.746128660237524610e-02 5.673535183205401511e-01 1.348388353386106853e-01
2.273764469744228300e-01 6.687007002343092754e-02 5.615608887478408251e-01 1.441925942543055006e-01
2.169525300345054031e-01 6.090043236669503285e-02 5.781174199854299811e-01 1.440296176133694650e-01
1.895160156076765579e-01 8.007481645563080397e-02 5.503219883720061878e-01 1.800871795646865337e-01
2.227273954308882087e-01 8.099415121470479595e-02 4.944433219668649127e-01 2.018351313875419717e-01
1.907837058215921533e-01 6.001249984104053969e-02 5.784087532292601086e-01 1.707950411081071707e-01
1.723367316606964350e-01 6.980319036426450852e-02 6.090451274552008964e-01 1.488149505198380351e-01
2.268707323102243378e-01 6.492015366698632162e-02 5.214165378015593877e-01 1.867925762212298557e-01
2.165111762349205549e-01 7.095149308279730116e-02 5.209888958837622930e-01 1.915484347985198232e-01
2.640315849111895541e-01 1.198214121558739964e-01 4.688585554161958102e-01 1.472884475167404728e-01
1.894657905517180829e-01 8.071989056253649208e-02 5.349939336177730320e-01 1.948203852679722403e-01
2.288521570107388825e-01 4.803924654062576016e-02 5.451700682916281737e-01 1.779385281570072530e-01
2.294014180512430334e-01 8.568946432315768802e-02 5.385084835368871836e-01 1.464006340887122060e-01
2.299249179300089652e-01 6.462150354995913060e-02 5.528214406800939784e-01 1.526321378399377870e-01
2.316998396788815806e-01 5.528842439945880205e-02 5.325689264003649059e-01 1.804428095212948224e-01
2.061664655771541510e-01 7.995706240950903321e-02 5.384369124866050793e-01 1.754395595267318475e-01
2.533406301646654590e-01 1.192657656595862564e-01 4.947522447550324887e-01 1.326413594207156710e-01
1.830117903694443993e-01 6.863180232311513751e-02 5.497513232034438868e-01 1.986050841039967707e-01
1.997731285127296308e-01 1.029171382573636218e-01 5.203565086376475968e-01 1.769532245922591507e-01
2.140100980047306423e-01 9.984522779328716680e-02 5.194531988909252274e-01 1.666914753110570746e-01
2.253100054842168132e-01 7.318992126568699130e-02 5.209209811634851750e-01 1.805790920866111038e-01
2.081765867945947479e-01 7.117290167434296710e-02 5.015003993256365034e-01 2.191501122054258510e-01
2.058694916851661616e-01 9.330283452390800147e-02 5.384002469744073593e-01 1.624274268165185886e-01
2.204268617928012153e-01 8.419481759500020701e-02 5.324454157585131187e-01 1.629329048536855840e-01
2.246438788783262641e-01 3.804899186177717468e-02 5.735968019496411330e-01 1.637103273102555046e-01
2.150634459403012178e-01 5.529779835029575291e-02 5.112920163109905269e-01 2.183467393984124261e-01
2.107387547335623779e-01 9.099465008856516546e-02 5.258282251299796206e-01 1.724383700478928083e-01
2.189761018028027473e-01 5.659642436170925217e-02 5.558723858444140076e-01 1.685550879910739375e-01
2.595021473691953573e-01 6.026893261704584920e-02 5.470293306345824780e-01 1.331995893791763086e-01
2.006775855052213564e-01 7.084386873318572475e-02 5.526391617882085994e-01 1.758393839733841668e-01
2.138579872238503543e-01 6.058826625344976291e-02 5.216759559475343533e-01 2.038777905751656128e-01
2.619943185978386713e-01 7.505718901056182557e-02 5.037645071747548497e-01 1.591839852168446534e-01
2.117882289593107648e-01 7.739275519241897716e-02 5.605411383031235761e-01 1.502778775451465432e-01
2.342672452027118324e-01 8.226448112326750772e-02 4.909421104254610424e-01 1.925261632485596175e-01
2.071307747110083253e-01 2.809767579107889934e-02 5.487915806226373316e-01 2.159799688752754021e-01
2.316676108536422640e-01 1.172561361928000506e-01 4.687635844835020271e-01 1.823126684700556721e-01
2.506336660437676334e-01 7.565053398994454892e-02 4.837127793790960140e-01 1.900030205871918454e-01
2.121058308722970909e-01 6.902244699636921055e-02 5.726981939212749673e-01 1.461735282100587729e-01
2.627499609535363656e-01 7.766286975882499832e-02 4.921785892018611941e-01 1.674085800857772754e-01
2.062827480180547401e-01 7.441775848915366254e-02 5.080565094035730533e-01 2.112429840892184052e-01
2.361733938890761830e-01 6.546121793890800900e-02 5.020576832959053881e-01 1.963077048761104060e-01
2.330369901809748734e-01 6.520502131934301226e-02 5.611705847200146868e-01 1.405874037796673859e-01
2.415070325314821464e-01 8.535126088332949112e-02 4.933242414386266317e-01 1.798174651465616614e-01
1.942670679651261334e-01 8.164414122042058797e-02 5.393007123198577668e-01 1.847880784945954424e-01
2.142222149829125510e-01 6.333870787412244907e-02 5.352923550943372577e-01 1.871467220486278116e-01
2.004454662570139822e-01 6.487021575924617478e-02 5.910152581986873876e-01 1.436690597850524553e-01
1.964514655246870911e-01 8.248139716569256874e-02 5.290247539698091916e-01 1.920423833398111069e-01
1.839755430288705917e-01 7.536845581583663523e-02 5.266244557869111942e-01 2.140315453683816205e-01
2.050478841005717590e-01 1.051753592366568568e-01 5.550294898937718768e-01 1.347472667689994241e-01
2.273453999307464279e-01 5.545961872930563891e-02 5.239897887834406021e-01 1.932051925565073935e-01
1.833637045128146681e-01 7.450200926920123867e-02 6.105186518251098926e-01 1.316156343928742700e-01
2.058911629717264657e-01 4.651713450610338307e-02 5.758466701260668286e-01 1.717450323961033920e-01
2.300527713220743009e-01 6.796532116815004465e-02 5.488585529430992649e-01 1.531233545666763063e-01
2.548874585851902408e-01 5.108863493329047351e-02 5.348787196307852598e-01 1.591451868507340606e-01
2.186170004528889821e-01 9.808768979166798685e-02 5.570827362552377426e-01 1.262125735002053994e-01
1.943863179771803951e-01 7.582707275008908343e-02 5.267351911499824624e-01 2.030514181227480452e-01
2.005999471840093917e-01 8.782752996347588381e-02 5.251399073806257700e-01 1.864326154718889128e-01
1.970290185406953498e-01 4.737129775733116971e-02 5.834987817149013267e-01 1.721009019870721191e-01
1.968068149399350431e-01 6.905960552231284189e-02 5.962067738387548665e-01 1.379268056989973457e-01
1.868366255098401763e-01 6.810640286273125787e-02 5.582781647416145132e-01 1.867788068858140249e-01
2.455786090835182789e-01 6.376785536955174860e-02 5.357209959734415827e-01 1.549325395734883482e-01
2.173990989536959684e-01 5.954558936570068794e-02 5.285614498999317012e-01 1.944938617806718228e-01
2.248785819413145204e-01 4.019149927314568521e-02 5.674777391746141930e-01 1.674521796109255944e-01
1.821504521204823090e-01 6.565281387608030983e-02 6.191295993692828015e-01 1.330671346341545935e-01
2.270397480282766167e-01 8.456697229292019224e-02 5.129694867792270463e-01 1.754237928995760476e-01
2.285593174429903507e-01 5.203946890642165840e-02 5.590744583245343957e-01 1.603267553260536160e-01
2.089620115792951149e-01 6.806497233660144253e-02 5.417552231768409943e-01 1.812177929072625315e-01
2.087388388330471689e-01 8.408693412910221709e-02 5.475626030011645495e-01 1.596116240366859673e-01
1.653091035701435840e-01 7.452504079542808524e-02 5.698644301488277053e-01 1.903014254856005838e-01
2.185492195864476017e-01 6.304723196891415249e-02 5.260556808536310802e-01 1.923478675910072211e-01
1.848562932972481199e-01 7.908769833302241314e-02 5.678912395159870785e-01 1.681647688537425411e-01
2.379709566051771696e-01 8.338148181983290330e-02 5.033254374357987171e-01 1.753221241391913765e-01
2.105365449692336299e-01 6.472303662886290387e-02 5.669938950073535322e-01 1.577465233945498924e-01
2.244274223693086268e-01 6.392195687483667732e-02 5.567268043185691351e-01 1.549238164372855886e-01
2.402673230564714157e-01 6.530798153763564540e-02 5.477018940653823886e-01 1.467228013405105780e-01
1.790850205734185463e-01 5.812083589017415231e-02 5.796399940957106534e-01 1.831541494406966064e-01
2.255409369689988786e-01 5.105001871718546635e-02 5.762828770930048528e-01 1.471261672208107607e-01
2.523312645245379682e-01 7.601554716271713419e-02 5.116048234426473496e-01 1.600483648700974926e-01
2.151971755493606586e-01 5.465069995949806830e-02 5.438580092147587974e-01 1.862941152763825658e-01
2.118038379617258049e-01 5.454078492489423946e-02 5.400422638650762552e-01 1.936131132483037420e-01
2.319166908711358110e-01 6.625650675571925774e-02 5.584971235894374830e-01 1.433296787837073372e-01
2.098000710360731491e-01 8.501935552145635511e-02 5.132315901644846079e-01 1.919489832779859018e-01
2.547000630032742463e-01 5.260378201877990295e-02 5.262453972053694473e-01 1.664507577725762855e-01
1.908266777479895593e-01 7.646423126227945566e-02 5.569618643957551241e-01 1.757472265939758749e-01
1.881044794111033924e-01 7.726943299238868412e-02 5.237930143035602892e-01 2.108330732929477036e-01
2.380786389602902176e-01 5.932975700111958045e-02 5.464408098754703902e-01 1.561507941631198049e-01
1.902080075709796370e-01 8.398762964422341881e-02 5.206413913169384289e-01 2.051629714678584182e-01
2.262501303084739901e-01 9.856121982719871777e-02 5.177035241773491059e-01 1.574851256869782556e-01
1.891218268904199251e-01 8.099059999791233255e-02 5.739797430032466119e-01 1.559078301084211582e-01
2.506700928160365272e-01 6.597091885503746089e-02 5.324794275291345746e-01 1.508795607997914789e-01
1.944879154931994092e-01 6.210388727068272968e-02 6.087561209513043803e-01 1.346520762848134878e-01
1.989081684871116529e-01 7.777394797564730899e-02 5.766965843026155003e-01 1.466212992346255517e-01
2.497077046797645528e-01 8.185835229221714859e-02 5.382650091040495077e-01 1.301689339239687215e-01
2.619132499185444218e-01 4.829109732664713800e-02 4.677683988105889035e-01 2.220272539442194326e-01
2.067174594447580005e-01 8.007004383025155547e-02 5.326548973140088350e-01 1.805575994109816784e-01
2.612720452260819393e-01 6.972870384256056597e-02 5.137430516362306854e-01 1.552561992951268788e-01
1.820916845403331985e-01 8.076752290805480627e-02 5.588099683016630737e-01 1.783308242499491159e-01
2.418452402995434902e-01 6.065631045209428363e-02 4.967090224021090683e-01 2.007894268462531440e-01
2.476501296707383504e-01 6.008462360563344290e-02 5.441384458237106259e-01 1.481268008999175878e-01
2.502267479070586220e-01 6.092900742376348294e-02 5.178162876755344479e-01 1.710279569936432875e-01
2.432441164832929437e-01 5.234542427037496698e-02 5.370218828892721064e-01 1.673885763570600038e-01
2.232753681343623009e-01 6.007378001623434050e-02 5.379623863823256302e-01 1.786884654670777006e-01
3.114258138852446511e-01 4.985877985527761153e-02 4.985813838004889975e-01 1.401340224589888439e-01
2.366543632372365147e-01 6.048453246354264928e-02 5.396784699568442090e-01 1.631826343423764536e-01
2.259488364773956648e-01 6.318791959757531773e-02 5.299658250721365205e-01 1.808974188528924276e-01
2.407137224663552511e-01 6.385061056127641632e-02 5.360501364795315915e-01 1.593855304928367689e-01
1.900041243539110081e-01 9.949133241355941071e-02 4.998817753205842540e-01 2.106227679119454521e-01
1.878377712043582115e-01 6.015707566134537859e-02 5.761222608323390837e-01 1.758828923019572499e-01
1.976374928238400497e-01 6.771676495330412882e-02 5.709409542425651907e-01 1.637047879802904782e-01
2.186682321449312794e-01 6.191999530200582164e-02 5.416261652773333157e-01 1.777856072757295902e-01
2.811732421042465457e-01 2.603730169980377623e-02 5.239861923524012921e-01 1.688032638435483512e-01
2.520437007842206145e-01 4.936471373000014123e-02 5.403461425170521526e-01 1.582454429687270292e-01
2.054987261597543691e-01 7.027550819126247850e-02 5.560210376802146026e-01 1.682047279687684804e-01
2.145609010653714843e-01 7.017432277620631875e-02 5.926638454226893504e-01 1.226009307357327494e-01
2.419932878545807131e-01 9.034034849713316884e-02 5.028094342648720128e-01 1.648569293834141469e-01
1.971770168506870868e-01 6.995984969141023913e-02 5.590027998868971615e-01 1.738603335710054154e-01
2.664174766467625743e-01 6.038438577190761297e-02 5.251157896613816156e-01 1.480823479199482040e-01
2.316624811960718289e-01 5.272211198466856402e-02 5.575218850151361094e-01 1.580935218041235879e-01
2.290540161093809202e-01 5.289661241998933061e-02 5.326219972574077755e-01 1.854273742132220293e-01
2.167395905096675401e-01 8.685419730196400345e-02 5.645285284361223344e-01 1.318776837522460665e-01
2.421896342666458035e-01 6.288892572804960501e-02 4.968054270432412101e-01 1.981160129620634369e-01
2.178625123510753436e-01 5.285657599487641328e-02 5.474833250282777897e-01 1.817975866257705575e-01
2.220555378247804634e-01 8.751593107392509341e-02 4.844891523665399435e-01 2.059393787347544580e-01
1.853594425656670541e-01 6.743720143755523033e-02 6.128588948808773029e-01 1.343444611159005375e-01
2.104838875136222365e-01 8.429837110498721031e-02 5.197176469586904934e-01 1.855000944227001292e-01
2.152702408378692756e-01 8.547483674992739644e-02 4.988809067017702104e-01 2.003740157104330899e-01
2.072857051238295722e-01 4.735041472055456779e-02 5.418802102526840692e-01 2.034836699029315965e-01
2.258805662166213091e-01 8.423398457507513815e-02 5.093597695335339015e-01 1.805256796747695125e-01
2.244544923728029051e-01 4.639525481295971726e-02 5.730712604167323976e-01 1.560789923975049454e-01
2.193979372074104373e-01 5.938755779796285605e-02 5.555795273297052805e-01 1.656349776649214400e-01
2.144331875771858797e-01 1.166856958769823538e-01 4.979369558809964569e-01 1.709441606648353096e-01
2.261880012198548007e-01 5.814825804494028194e-02 5.249923713317254936e-01 1.906713694034794515e-01
2.332135202236310656e-01 6.522415980757809151e-02 5.204737339592649947e-01 1.810885860095258204e-01
2.202861079391118249e-01 8.855189708577609897e-02 5.231033546505782228e-01 1.680586403245339089e-01
2.377491582241444135e-01 6.762386291510777414e-02 5.469780272392703591e-01 1.476489516214776476e-01
2.061818920343161943e-01 6.342913685871871821e-02 5.600719126101061374e-01 1.703170584968589918e-01
2.209040103465784166e-01 7.480994049618917840e-02 5.014435406919449667e-01 2.028425084652875354e-01
2.173412146872673034e-01 6.684413482420809016e-02 5.401422399220595638e-01 1.756724105664649871e-01
1.995391504471005217e-01 7.455099785200575147e-02 5.608580905898533642e-01 1.650517611110403349e-01
2.124421405385543415e-01 7.528414670027398781e-02 5.462994575813160392e-01 1.659742551798557564e-01
1.864912772402164409e-01 7.471647456408367360e-02 5.579579558435074915e-01 1.808342923521923662e-01
2.547613750484251649e-01 8.970729082694013645e-02 5.206475010668618619e-01 1.348838330577727673e-01
2.631499862704972381e-01 7.414995003343471947e-02 5.112082585109797295e-01 1.514918051850884517e-01
2.451227382027784119e-01 5.790908399451760724e-02 5.420147208056833588e-01 1.549534569970207332e-01
2.268236865831711468e-01 6.096529301080058638e-02 5.207689141323037507e-01 1.914421062737245716e-01
2.554712577644890903e-01 8.454450144062235217e-02 5.372506076107395057e-01 1.227336331841491351e-01
1.924086212615143399e-01 7.321625395684419613e-02 5.646798097078435941e-01 1.696953150737979810e-01
1.972086419201605489e-01 7.845659674942526141e-02 5.040331037285624705e-01 2.203016576018516914e-01
1.987052644215687447e-01 6.006669689270496132e-02 5.598090642152514507e-01 1.814189744704749752e-01
2.443611988656061162e-01 8.448350324697512237e-02 5.078441663205190970e-01 1.633111315668996921e-01
2.540871787283941474e-01 8.537134881715278956e-02 5.055512684835054005e-01 1.549902039709476487e-01
2.099414416855029109e-01 7.458313705532083893e-02 5.447205662003484772e-01 1.707548550588279257e-01
2.240469201596470006e-01 9.692201522857427087e-02 5.241479032870549615e-01 1.548831613247236560e-01
2.752903189732444633e-01 9.411135815016720418e-02 4.857584283410609771e-01 1.448398945355273137e-01
2.104077638128591665e-01 8.561596009512921490e-02 5.382696859218490948e-01 1.657065901701624544e-01
2.230818050453206025e-01 5.169437185751204339e-02 5.729125879096762519e-01 1.523112351874909010e-01
2.231807204553271362e-01 6.473565376046119813e-02 5.314055656284352169e-01 1.806780601557765320e-01
2.052006814442661753e-01 6.692763550538692596e-02 5.234180414088612787e-01 2.044536416414856894e-01
1.981185609968758310e-01 5.156914933230247189e-02 5.501764460459411810e-01 2.001358436248805162e-01
2.389642170008553224e-01 5.619058672635707935e-02 5.074192565838724356e-01 1.974259396889150309e-01
1.976268334210558864e-01 7.480361933311473199e-02 5.426827053718831229e-01 1.848868418739461061e-01
2.111898464953145538e-01 8.037697063200192893e-02 5.099909982908328310e-01 1.984421845818505614e-01
2.234445675605835901e-01 6.278796257954585847e-02 5.343740304997091073e-01 1.793934393601615551e-01
2.048921775402808843e-01 7.647213544839683019e-02 5.295827025351058648e-01 1.890529844762162959e-01
1.904698659489988954e-01 7.534764602106799880e-02 5.077311345210163696e-01 2.264513535089169027e-01
2.616061148532090042e-01 6.956012696575432364e-02 5.179953734267670473e-01 1.508383847542696665e-01
2.093192187439750773e-01 7.284401268227884418e-02 5.206979488901778419e-01 1.971388196835683060e-01
2.689812735350208817e-01 8.160723687185537922e-02 5.040955529259104617e-01 1.453159366672132635e-01
2.064664660760636150e-01 7.075057865954462177e-02 5.539255703755492366e-01 1.688573848888424711e-01
2.254932791367168510e-01 1.057507282093952811e-01 5.293863734802728427e-01 1.393696191736149836e-01
1.888115647390956608e-01 9.205619607726986398e-02 5.307864839932513457e-01 1.883457551903830185e-01
2.180668928091963610e-01 4.267871337363077222e-02 5.484631795351546657e-01 1.907912142820182566e-01
2.573191173976553392e-01 6.390376550642218323e-02 5.172035327446111719e-01 1.615735843513112502e-01
2.269684582507190407e-01 8.628482605537476924e-02 5.652851003404419927e-01 1.214616153534642806e-01
2.056670063766098400e-01 7.749053503034046553e-02 5.375884301201179216e-01 1.792540284729318145e-01
2.369100688561709411e-01 7.036775656027126347e-02 5.154416273851742947e-01 1.772805471983834313e-01
2.059139060415317857e-01 1.026384374556091328e-01 5.400854073640392050e-01 1.513622491388199320e-01
2.040581620281217146e-01 8.466910288745810309e-02 5.377894177955435673e-01 1.734833172888766706e-01
1.965737768401406016e-01 5.825447634774724021e-02 5.231423152815312116e-01 2.220294315305810784e-01
1.798624354611503273e-01 5.948549696086117416e-02 5.900424916688277177e-01 1.706095759091606212e-01
2.457355154233574479e-01 1.008616432938045093e-01 4.572951835637884543e-01 1.961076577190497272e-01
2.515617489862209677e-01 7.811335061765314891e-02 4.778316684898240574e-01 1.924932319063018260e-01
2.703759228675977067e-01 7.241292036189150849e-02 5.092197041214756581e-01 1.479914526490352100e-01
2.439517853377700107e-01 4.587696206433908991e-02 5.181238333531322793e-01 1.920474192447585993e-01
2.144794937121771161e-01 6.851056853184282758e-02 5.209561615707571924e-01 1.960537761852229888e-01
2.459118938164290280e-01 5.604243985791589056e-02 5.300471664557081519e-01 1.679984998699468879e-01
2.512910000484805395e-01 6.344826571439850238e-02 5.304000803196698977e-01 1.548606539174509633e-01
2.611161412658273284e-01 5.444455018350807807e-02 5.504012328962061273e-01 1.340380756544583829e-01
2.399830351357734037e-01 7.806939475933868944e-02 5.272502680835056132e-01 1.546973020213822936e-01
2.573329569223824498e-01 5.397468352100163319e-02 5.109293653030039239e-01 1.777629942536118890e-01
2.151725736140419898e-01 6.708192662171669207e-02 5.486293805824679071e-01 1.691161191817732445e-01
2.227497850530173740e-01 6.667877613283539062e-02 5.171969191033194413e-01 1.933745197108279468e-01
2.359680882310578875e-01 8.312625747997988424e-02 5.295198982524267350e-01 1.513857560365356458e-01
2.428623282229145086e-01 7.676502581421053295e-02 5.074565125217891381e-01 1.729161334410859174e-01
1.794814631108060943e-01 6.117690796224858896e-02 5.831771028331320661e-01 1.761645260938131397e-01
1.980778499127262560e-01 6.126886522131179402e-02 5.548559263515785434e-01 1.857973585143834205e-01
2.094991189029898893e-01 8.910384157277616290e-02 4.840219516043923753e-01 2.173750879198416142e-01
2.412710819170390542e-01 4.733706605823467806e-02 5.613194637241177842e-01 1.500723883006084558e-01
2.248236473076243025e-01 5.882482843974102399e-02 5.612121959306511920e-01 1.551393283219834607e-01
2.416483095625670541e-01 5.718605668704436484e-02 4.906018276918633902e-01 2.105638060585251214e-01
2.164388326771997384e-01 6.867303727519219469e-02 5.695729924348269524e-01 1.453151376127811423e-01
2.397686341448583280e-01 7.560274353826290650e-02 5.060806153975139221e-01 1.785480069193647601e-01
2.104626828083556722e-01 7.284476664421242476e-02 5.029679454194284638e-01 2.137246051280034809e-01
2.310503839513636248e-01 5.554183293578706521e-02 5.468252247309418612e-01 1.665825583819074140e-01
2.132308744806130640e-01 8.617299774125647405e-02 5.030653964936954159e-01 1.975307312844349628e-01
2.150008147161573679e-01 1.038605686533774219e-01 5.257048603007327126e-01 1.554337563297323588e-01
1.934011095564423521e-01 9.925832058955004478e-02 5.237744502893648679e-01 1.835661195646428601e-01
1.818949540419062261e-01 6.983333153284042305e-02 5.671769572151881267e-01 1.810947572100652103e-01
2.153378416904764281e-01 7.394116401521132198e-02 5.822937834049263239e-01 1.284272108893858289e-01
2.114423950296767107e-01 6.519975561781816975e-02 5.472091636121467761e-01 1.761486857403581907e-01
1.981535822933747359e-01 6.041285234805771759e-02 5.866474768656475547e-01 1.547860884929198877e-01
1.974292044075827979e-01 6.418845725521024614e-02 5.557780162593708440e-01 1.826043220778362508e-01
1.972255249645217534e-01 7.448083945666236771e-02 5.471180659807962643e-01 1.811755695980194758e-01
1.917170119651588900e-01 7.487465716317373565e-02 5.550300074048356569e-01 1.783783234668317730e-01
2.562628937325297507e-01 9.391370403307788828e-02 4.722311082514975555e-01 1.775922939828948055e-01
2.317280750488704688e-01 5.868338167331629135e-02 5.289100480356307976e-01 1.806784952421824353e-01
2.461199021697950962e-01 5.688191587239938701e-02 5.339709873391050854e-01 1.630271946187002718e-01
2.130558887272444302e-01 5.717173994829376216e-02 5.178115838119442538e-01 2.119607875125175400e-01
1.961097226157799689e-01 6.560242396092305639e-02 5.579091698114589937e-01 1.803786836118379810e-01
2.243329668897443563e-01 8.171759173623893702e-02 5.556174617023802442e-01 1.383319796716365735e-01
2.176548804909783641e-01 8.295808461736570161e-02 5.272759087850344972e-01 1.721111261066214648e-01
2.106106668656317349e-01 7.364480227144649949e-02 5.145209575908278321e-01 2.012235732720940307e-01
2.237148410559832157e-01 6.959237304426277304e-02 5.574654187683907303e-01 1.492273671313631977e-01
2.504036113692599264e-01 6.853202582584030922e-02 5.353406093934883758e-01 1.457237534114115274e-01
2.378339079219974894e-01 6.491304113874470094e-02 5.164021468306838614e-01 1.808509041085739899e-01
2.213876756112029554e-01 8.641484556542806950e-02 5.308978401870710906e-01 1.612996386362978707e-01
2.282988321327724668e-01 8.084094155707494123e-02 5.096521865312846344e-01 1.812080397788679853e-01
2.195924076238354727e-01 4.817056042439582519e-02 5.319005604121562758e-01 2.003364715396124263e-01
2.274780331205764061e-01 7.345979888221504384e-02 5.197470212925312527e-01 1.793151467046774084e-01
2.329668058400771735e-01 9.001455720475348699e-02 4.891289554712370258e-01 1.878896814839322027e-01
2.244355931486848033e-01 4.797136095208829470e-02 5.046222266189834826e-01 2.229708192802433986e-01
2.121289977578131869e-01 1.015003530748004035e-01 4.928061999417283623e-01 1.935644492256581306e-01
2.510391339925483467e-01 5.502890196285514096e-02 5.193670603479237924e-01 1.745649036966727408e-01
2.321803810912707877e-01 5.035160293748407873e-02 5.104037777674927945e-01 2.070642382037523599e-01
1.971383696854252798e-01 6.888800261330917107e-02 5.275921970880317335e-01 2.063814306132338294e-01
2.313615156643399617e-01 5.658079224830868392e-02 5.508590033855479406e-01 1.611986887018033443e-01
1.997680756899710697e-01 5.517624772855102278e-02 5.486050404031470595e-01 1.964506361783307786e-01
2.422263333945198494e-01 8.023043187981214464e-02 5.333369802444688501e-01 1.442062544811990865e-01
1.986884286111354481e-01 5.888066413894985779e-02 5.551309499199512665e-01 1.872999573299634346e-01
2.381753231958405326e-01 6.124532248366576503e-02 5.359806275988648894e-01 1.645987267216286742e-01
2.101028847813130873e-01 9.874596570951202357e-02 5.113602821702222245e-01 1.797908673389527756e-01
2.001999382310812314e-01 8.871505285878433789e-02 5.616444602283451326e-01 1.494405486817891593e-01
2.152262658239869064e-01 7.052144580980730659e-02 5.428585835736894349e-01 1.713937047925163104e-01
2.385501409685872043e-01 5.007321038462821811e-02 5.242676950718069273e-01 1.871089535749777266e-01
2.147544525757080769e-01 6.304325397931294372e-02 5.800072658414446858e-01 1.421950276035342242e-01
1.943551805438213376e-01 1.010627982642551131e-01 5.290325881115816031e-01 1.755494330803419600e-01
2.164450521968892538e-01 6.572091840746460689e-02 5.791397283066372914e-01 1.386943010890089867e-01
2.657428770241140881e-01 6.884293650817202570e-02 5.016822201105167744e-01 1.637319663571971673e-01
2.121049628520176311e-01 7.036260085149875776e-02 5.342674118935381022e-01 1.832650244029456199e-01
2.505687922525950961e-01 8.579230733485078420e-02 5.056522756701274934e-01 1.579866247424265013e-01
2.025517525043913358e-01 6.952497373938555658e-02 5.515173815701974736e-01 1.764058921860256479e-01
2.109392332009740745e-01 4.536789367244128957e-02 5.459838487334965906e-01 1.977090243930879343e-01
