3.081076654081646438e-01 3.909057350607047371e-02 2.346130710299526856e-01 4.181886900558122178e-01
3.512775905490123085e-01 5.385103884315734640e-02 1.881052470861704906e-01 4.067661235216598614e-01
3.157818858775409132e-01 2.795371709516503156e-02 1.921447811876345058e-01 4.641196158396595495e-01
2.901138265448506282e-01 7.217032340730937523e-02 2.180546049298786870e-01 4.196612451179613790e-01
2.890709293318101114e-01 2.600772218367411459e-02 2.115060409472540870e-01 4.734153075372617425e-01
3.196698291389341584e-01 4.543465448999491063e-02 2.378787947128981617e-01 3.970167216581726999e-01
3.112472876873805805e-01 5.434931049836646405e-02 2.672139888272636599e-01 3.671894129869892054e-01
3.216039872768853836e-01 6.180955376172066196e-02 2.031420508523154866e-01 4.134444081090785095e-01
3.200806617196799708e-01 3.406832800373732484e-02 2.176579971622851217e-01 4.281930131142975826e-01
2.982446858422634350e-01 5.083271324412499265e-02 2.051072401487054331e-01 4.458153607649060213e-01
3.375943677244239161e-01 4.241639669545866492e-02 2.137224727684875203e-01 4.062667628116299889e-01
2.858047579171551500e-01 5.519011039122029977e-02 2.329562369473743011e-01 4.260488947442501728e-01
2.823866604468671659e-01 5.560795414054085783e-02 1.976869215090784337e-01 4.643184639035135008e-01
3.838017665636938580e-01 4.268874349891678410e-02 2.105615236305443949e-01 3.629479663068449491e-01
3.810331433096572074e-01 3.311143694451407909e-02 1.812921573066336445e-01 4.045632624391949372e-01
3.227087924095654592e-01 3.678225905015741065e-02 2.483879802426827710e-01 3.921209682975943522e-01
3.152260036549395239e-01 4.489757740888873638e-02 2.189688564398797610e-01 4.209075624962919093e-01
3.652378485273338748e-01 2.470755805866650320e-02 1.807994579177729932e-01 4.292551354962266807e-01
3.446839879355360625e-01 4.553300246629379128e-02 2.090090663688335404e-01 4.007739432293367376e-01
3.609184200834720802e-01 2.150185721007319070e-02 1.890711648852163307e-01 4.285085578212384227e-01
3.220534893433523727e-01 4.207912501666309646e-02 2.437789495141054197e-01 3.920884361258791251e-01
3.557968740804434149e-01 3.949642447592004169e-02 1.693050970990281900e-01 4.354016043446082840e-01
3.334403219757003933e-01 4.503598827886881595e-02 2.032964484297484220e-01 4.182272413156823965e-01
3.816589926214647988e-01 2.773265251747976043e-02 1.900351972145594426e-01 4.005731576464960364e-01
3.262902780051135099e-01 4.795132874540284501e-02 2.050267465525710819e-01 4.207316466969125424e-01
2.752872140958155245e-01 4.657408530461868562e-02 1.889023154643107161e-01 4.892363851352550808e-01
2.775418617655293629e-01 3.582376464560777657e-02 2.521798636582108788e-01 4.344545099306519886e-01
3.672321847517757143e-01 4.429847162353299506e-02 1.930045966364031529e-01 3.954647469882881516e-01
3.260051066092976013e-01 3.168703236759515957e-02 2.332102722936323647e-01 4.090975887294748814e-01
3.233957649890260022e-01 2.824430039884713584e-02 2.158454729754938073e-01 4.325144616366331518e-01
3.262883274713756498e-01 3.863826168240976772e-02 1.437400666728873289e-01 4.913333441733273577e-01
3.939818199107436580e-01 3.698872488139068326e-02 1.853981571195853495e-01 3.836312980882805035e-01
2.818410613471881154e-01 4.107785249951466378e-02 2.254253293002873304e-01 4.516557568530097933e-01
2.882338760944038181e-01 4.961906483449249339e-02 2.468491379899743488e-01 4.152979210811292843e-01
2.762941587743506511e-01 3.144295479913381680e-02 2.157787037418426035e-01 4.764841826846729078e-01
3.515613193286792892e-01 4.405861737227208946e-02 2.227567395961607410e-01 3.816233237028879288e-01
2.679424528260910265e-01 4.917572231841878944e-02 1.985562504203816081e-01 4.843255744351086522e-01
3.688572443533065237e-01 2.547690796348944797e-02 2.079678045531171693e-01 3.976980431300867758e-01
2.990045927207100052e-01 4.477492495541265938e-02 2.330584991509246084e-01 4.231619831729527825e-01
3.700707653701003075e-01 2.995155584464575041e-02 1.877575822359915381e-01 4.122200965492622271e-01
3.041157212236224594e-01 4.892105728731145631e-02 2.502337203011837929e-01 3.967295011878823052e-01
3.564533919826811115e-01 2.655233325111214238e-02 2.271333264516613437e-01 3.898609483145454302e-01
3.290664666219327295e-01 4.913821558626553510e-02 1.564776198049207256e-01 4.653176979868808849e-01
3.477633654758121029e-01 4.187513158512532613e-02 2.062132362584723488e-01 4.041482666805903401e-01
3.382137721006919229e-01 3.656062430405751518e-02 1.931915451050499888e-01 4.320340584902006564e-01
2.976301577177514202e-01 5.098107075553864193e-02 1.954576808928812914e-01 4.559310906338286395e-01
3.209765970344758412e-01 4.138921679384810481e-02 1.874665618637696152e-01 4.501676243079064665e-01
2.701375969959759482e-01 6.366855240039089037e-02 1.719078515450714884e-01 4.942859990585615759e-01
2.715278960992056900e-01 8.238983876460921618e-02 2.276259197174146931e-01 4.184563454187704146e-01
3.255035244045891285e-01 5.656064864137862885e-02 2.187213999791683683e-01 3.992144269748639784e-01
3.144681839600562134e-01 5.416481794367304647e-02 2.421193813108501458e-01 3.892476167854205804e-01
3.236603028164686258e-01 3.868853034170911115e-02 2.180689504125944700e-01 4.195822164292278278e-01
3.412755889700120893e-01 4.201605435918828041e-02 2.072770663185702078e-01 4.094312903522295266e-01
3.073946542053233588e-01 5.447631531529557869e-02 2.390495663256702874e-01 3.990794641537108167e-01
3.097872805932294082e-01 7.309751483586868215e-02 2.195930999445779297e-01 3.975221046263239244e-01
3.504832699158026976e-01 2.046904000626595388e-02 1.724861051179802929e-01 4.565615849599508613e-01
3.322183926494121087e-01 3.912383642386311339e-02 1.806029964546126132e-01 4.480547744721121717e-01
4.092900716822499008e-01 2.222399596892228255e-02 1.931252131424880114e-01 3.753607192063397324e-01
3.246835145670886602e-01 9.316201194978199207e-02 1.585261974959754072e-01 4.236282759871539683e-01
3.052282414555420043e-01 5.885027758287019600e-02 2.486802287190673366e-01 3.872412522425205950e-01
3.221100645908859805e-01 4.733020335510741694e-02 2.284479124421748275e-01 4.021118196118318999e-01
2.941043420190211366e-01 4.761031261533318210e-02 2.216450379590576281e-01 4.366403074065879908e-01
3.047354852854949336e-01 6.535801786356430776e-02 1.958487166894881670e-01 4.340577801614525777e-01
3.376852907219241584e-01 3.099652276572833001e-02 2.385716910157513193e-01 3.927464954965963484e-01
3.176112105716207279e-01 2.064836138434618037e-02 2.356497564295067515e-01 4.260906716145262951e-01
3.304666038455265631e-01 4.110905085593483804e-02 2.030260416098134957e-01 4.253983036887251101e-01
3.081671033613981869e-01 5.338193675261496823e-02 1.523543492990188375e-01 4.860966105869681253e-01
3.421227053915567029e-01 3.454990877361502344e-02 2.216711564706399795e-01 4.016562293641883774e-01
3.420628728729120938e-01 6.114543221967913555e-02 2.245639300116865356e-01 3.722277648957221796e-01
3.374338681392831663e-01 4.302864527965871017e-02 2.239964716127757771e-01 3.955410149682823673e-01
3.047823329545361615e-01 5.783457091619988860e-02 2.187957555451177094e-01 4.185873405841463168e-01
3.460999791872731435e-01 3.981219085935353702e-02 2.077084530258684336e-01 4.063793769275048096e-01
2.803354540740950473e-01 2.764310270863143057e-02 2.060997111823483219e-01 4.859217320349251690e-01
3.105428345291766368e-01 2.987313442661680696e-02 1.675105543169810030e-01 4.920734767272255117e-01
3.304427999660639048e-01 2.804698938898119928e-02 2.266947217262969827e-01 4.148154889186579375e-01
3.030482022276106968e-01 7.272108960091744345e-02 2.171922687814778485e-01 4.070384393899941222e-01
3.854140218171343557e-01 6.350718248188262638e-02 1.907280148672593489e-01 3.603507808337235718e-01
3.676770924557447584e-01 4.208069811194658366e-02 1.847258031207665019e-01 4.055164063115421214e-01
3.287634612898036046e-01 2.248938460412140683e-02 1.280026386155615481e-01 5.207445154905133711e-01
3.107047667570991267e-01 3.170865483767573018e-02 2.376592476626939732e-01 4.199273307425311352e-01
3.558645114424981437e-01 2.339106753592561788e-02 2.068165078692621728e-01 4.139279131523141420e-01
3.736081463629210564e-01 4.908055634174607329e-02 2.078121992854036482e-01 3.694990980099292499e-01
3.113471037789836138e-01 3.665081035828145900e-02 2.306287703531415267e-01 4.213733155095935046e-01
3.108236323384209188e-01 1.925827451665249740e-02 2.038091062525128061e-01 4.661089868924136459e-01
2.816166922007496409e-01 4.370652908679422549e-02 1.690857489531187585e-01 5.055910297593372293e-01
3.157253950753369232e-01 3.154653855741906820e-02 2.086368367053133277e-01 4.440912296619306532e-01
3.209398999644456629e-01 3.191568984849744994e-02 1.680814435993485401e-01 4.790629665877082499e-01
2.963847350492396227e-01 5.000147223936812768e-02 1.669866157117633476e-01 4.866271769996288743e-01
3.306062470367986950e-01 2.763291928620338275e-02 2.303007875430685691e-01 4.114600461339292803e-01
3.588847926467434446e-01 3.890072288021886177e-02 2.130728964761551825e-01 3.891415879968826430e-01
3.149963128356723097e-01 4.809559384708492896e-02 1.868955544971546145e-01 4.500125388200882370e-01
3.114985809223945745e-01 5.120530290217113756e-02 1.931324130075426915e-01 4.441637031678916658e-01
3.267304459766086633e-01 3.741512231753611056e-02 2.041268777712063609e-01 4.317275539346487889e-01
3.045021205044337043e-01 4.373056639977603716e-02 2.179006889202599884e-01 4.338666241755302355e-01
3.099946188928624502e-01 4.397691529407003752e-02 2.163642411814892252e-01 4.296642246315782732e-01
3.628277511456853843e-01 3.549547879694227304e-02 1.887881981980701340e-01 4.128885718593023335e-01
3.238016088865811604e-01 4.178143020364510213e-02 1.828129115911636682e-01 4.516040493186099791e-01
2.981884894210695691e-01 4.434246849660509332e-02 1.834800366556533502e-01 4.739890054266718833e-01
3.586038916851047587e-01 2.951752624394346838e-02 1.918511724453615119e-01 4.200274096255902645e-01
3.249145246992428127e-01 3.839886610446204690e-02 1.846665768150176634e-01 4.520200323812773591e-01
2.967589813881043592e-01 4.614281092048458377e-02 2.169238126694719715e-01 4.401743950219390022e-01
2.792262894348981894e-01 2.703516832750988211e-02 2.181685749922202544e-01 4.755699672453716498e-01
2.976015066159078404e-01 4.555708329955570485e-02 2.338849947893617276e-01 4.229564152951746925e-01
3.179623299259880520e-01 5.331497973410897345e-02 2.010471063114263879e-01 4.276755840284766630e-01
2.935896639559120724e-01 3.638918712709025144e-02 2.139062616990098920e-01 4.561148872179878744e-01
3.258947868687452898e-01 3.713514750570830192e-02 2.137772683253579276e-01 4.231927973001885501e-01
3.353128326105921930e-01 3.652521952053779802e-02 1.846861130870769419e-01 4.434758347817929214e-01
2.608535489416645148e-01 4.744204314731342853e-02 2.136987951993552792e-01 4.780056127116666942e-01
3.358747761159984191e-01 2.704421475447069817e-02 1.939491495613730188e-01 4.431318595681579264e-01
3.248269844652688643e-01 3.392268433339044181e-02 2.392378631996013305e-01 4.020124680017393981e-01
3.656988956481517228e-01 2.895558118816793369e-02 1.936308916905545574e-01 4.117146314731258139e-01
3.157572600312648081e-01 6.568554771937779035e-02 2.078264613293089313e-01 4.107307309200484702e-01
3.260513097413976769e-01 4.200585141481117529e-02 1.663840882416237343e-01 4.655587506021674482e-01
3.251683846191771865e-01 2.969209532341380436e-02 1.828630876468418653e-01 4.622764324105672062e-01
3.220805545909277701e-01 5.808466633085587055e-02 2.250603603652527596e-01 3.947744187129637039e-01
3.692938004871415547e-01 6.522082583265520483e-02 1.980537291745849138e-01 3.674316445056184377e-01
3.037057546390478646e-01 4.230940443688690350e-02 2.151688489918004432e-01 4.388159919322648372e-01
2.868724788501671452e-01 2.614249663527998604e-02 2.298028672737973954e-01 4.571821572407554490e-01
2.737918825482014706e-01 3.493593632547428024e-02 2.670814115440455216e-01 4.241907695822786928e-01
3.343500047386653296e-01 3.505629469281151822e-02 2.161627799168928665e-01 4.144309206516302302e-01
3.247205496485009446e-01 2.132583337867888229e-02 2.490312381830499799e-01 4.049223787897701654e-01
3.343731576193926802e-01 2.529391556754281151e-02 1.778903754996094544e-01 4.624425513134551857e-01
2.990882550967033371e-01 5.806046628591315234e-02 2.906468824252526062e-01 3.522043961921310640e-01
3.168042456979716648e-01 5.437958597505793829e-02 2.008437831526533046e-01 4.279723851743171270e-01
3.013485541294164127e-01 4.866857321715047091e-02 2.106127284757464413e-01 4.393701441776866612e-01
3.111780498013098639e-01 4.662235521021145662e-02 2.119403483855591963e-01 4.302592466029194762e-01
2.965498543469357595e-01 2.670288722496498568e-02 2.454412445919157415e-01 4.313060138361834994e-01
2.679844431607110722e-01 4.417808558429014293e-02 2.435161850126478789e-01 4.443212862423507881e-01
3.501870367295646935e-01 3.738618678174054216e-02 2.130853229303856511e-01 3.993414535583089675e-01
3.226148725311823173e-01 2.357266721632131704e-02 2.576807399206177962e-01 3.961317203318784341e-01
2.475179734683694843e-01 5.076933511984022679e-02 2.137520386105571102e-01 4.879606528012331301e-01
2.726811281925586306e-01 4.999671306124195413e-02 2.296519089926751522e-01 4.476702497535242631e-01
3.138130432810435355e-01 2.149020070060156731e-02 1.888552845797130120e-01 4.758414714386418054e-01
3.228559337811390817e-01 2.951314407143749638e-02 2.128977039565665141e-01 4.347332181908569737e-01
2.693694723331827579e-01 7.139717430206125870e-02 2.316934020898499258e-01 4.275399512749060160e-01
2.645822637736675587e-01 3.641054422092775827e-02 2.190159723968122252e-01 4.799912196085925342e-01
3.161377582767368466e-01 5.031199092120716698e-02 1.787636249850703130e-01 4.547866258169856457e-01
3.718734675403442269e-01 3.092658903819485439e-02 1.692053116609920360e-01 4.279946317604687023e-01
3.170491409493669255e-01 4.040724669940518043e-02 1.891230119054461700e-01 4.534206004457816963e-01
3.136452288363764662e-01 4.764606866795702278e-02 2.172577949071713976e-01 4.214509075884950717e-01
3.484213863638220277e-01 4.660731928337175783e-02 2.005873090107323509e-01 4.043839853420737596e-01
3.513788172838735457e-01 2.772358912499909081e-02 2.078792121544807969e-01 4.130183814366464867e-01
3.317451197967176135e-01 3.403892640263279923e-02 2.068675958938340498e-01 4.273483579068155791e-01
3.489047544249608279e-01 3.816835198251363609e-02 2.187495961093258445e-01 3.941772974831996845e-01
2.526124788813451927e-01 3.061967164942945574e-02 2.687236037705559855e-01 4.480442456986693522e-01
2.808464018648285654e-01 5.786567266726190539e-02 2.053026105621248987e-01 4.559853149057845334e-01
2.892657408797281171e-01 2.701128478355739951e-02 2.304195658734849161e-01 4.533034084632296401e-01
3.217679345010119873e-01 4.661318856824075985e-02 2.090472021248593604e-01 4.225716748058879757e-01
3.031392258055953248e-01 2.487183091847366620e-02 2.670997032978195129e-01 4.048892399781114926e-01
3.301626811591507615e-01 4.564080276792531476e-02 2.064645760802761298e-01 4.177319399926477383e-01
3.317285928918657922e-01 4.340189881287771084e-02 1.728816456782677202e-01 4.519878626169886449e-01
2.620563185505628279e-01 3.451122272270539665e-02 2.415964681156536897e-01 4.618359906110779400e-01
3.293255388736900935e-01 4.214223916441107304e-02 2.165987962961933855e-01 4.119334256657053439e-01
2.584726793009636814e-01 4.926243748796152455e-02 2.063302056451524480e-01 4.859346775659223461e-01
3.927971937909432998e-01 2.355225182664396136e-02 1.559599199923044910e-01 4.276906343901082375e-01
3.147087631659619134e-01 3.971595958402764776e-02 2.293736778376165297e-01 4.162015994123940410e-01
3.694823152606305783e-01 3.360913935131421004e-02 1.991390689547402615e-01 3.977694764333149502e-01
2.790364570173205494e-01 2.976140968077278098e-02 2.320065375104680971e-01 4.591955957914384823e-01
3.027524005709542609e-01 4.154984430760769870e-02 1.896565794155415097e-01 4.660411757058964821e-01
2.939212356340444310e-01 4.194867450018394811e-02 1.791168309232780698e-01 4.850132589424935303e-01
3.488425513557932289e-01 3.069546274102836342e-02 1.939243375650549772e-01 4.265376483381234096e-01
3.416221009313846757e-01 2.999190764758402974e-02 1.800528287268239047e-01 4.483331626942072545e-01
2.745806507035024602e-01 2.449294546583320048e-02 2.288553575725724987e-01 4.720710462580917088e-01
3.079382915723266056e-01 2.447856877346311216e-02 2.126656149364559434e-01 4.549175247177543180e-01
3.085598040083769034e-01 2.605047338820410188e-02 1.915531730302589830e-01 4.738365495731600707e-01
3.135507056273858506e-01 5.354452678396515175e-02 2.227000399589652013e-01 4.102047276296837408e-01
3.256018786514814356e-01 5.223716079039047305e-02 2.132262937903093292e-01 4.089346667678186442e-01
2.540136814685822753e-01 2.025046467391807686e-02 1.729885486736892353e-01 5.527473051838103224e-01
3.953485775307495897e-01 3.461357416792951863e-02 1.844564920294384791e-01 3.855813562718824472e-01
3.336177237123388872e-01 2.244446914794985537e-02 2.262238903806238766e-01 4.177139167590872004e-01
3.247787364658670239e-01 6.587559953954123804e-02 2.078758212258217108e-01 4.014698427687699578e-01
3.025187650213180812e-01 5.064114040457246002e-02 1.903089761176786632e-01 4.565311184564307956e-01
3.008947146553641594e-01 4.036995186282191922e-02 2.484907236886068627e-01 4.102446097932069824e-01
2.935400987555684682e-01 3.411760063750259031e-02 2.816456213543102605e-01 3.906966792526186394e-01
2.987168516662012663e-01 5.645566862749911569e-02 2.157371896633930863e-01 4.290902900429066080e-01
3.115572787036929858e-01 3.798939090176270406e-02 2.664296344634579650e-01 3.840236959310863729e-01
3.008974105443670832e-01 2.372298539577755855e-02 1.903474570180115066e-01 4.850321470418438308e-01
3.883577704250388285e-01 4.845962790598176695e-02 1.682271654410586736e-01 3.949554362279206754e-01
3.696595252492476669e-01 5.364958044466685422e-02 1.929732181620000264e-01 3.837176761440853623e-01
3.662302126742116304e-01 3.328282759013162506e-02 1.993395012839903335e-01 4.011474584516664388e-01
3.012913691452292486e-01 3.877118559483414689e-02 2.180781439579971281e-01 4.418593013019395110e-01
3.035720957571787504e-01 3.936057111504683015e-02 2.429589498391346025e-01 4.141083832886398586e-01
3.553549007504347990e-01 3.596861250095659962e-02 2.070019896556074823e-01 4.016744970930010150e-01
2.963879402716091960e-01 3.493449080359206649e-02 1.881032200951910649e-01 4.805743488296076449e-01
3.364040297166238647e-01 2.821967739215170551e-02 1.930409896068883135e-01 4.423353032843361787e-01
3.567366468078926323e-01 4.274662584619069033e-02 2.068301084309568938e-01 3.936866189149598183e-01
3.119405602567631997e-01 3.592086597156685795e-02 1.871166175207488458e-01 4.650219562509211313e-01
2.941303336798765100e-01 3.070026862659369291e-02 2.123379744428405824e-01 4.628314232506892667e-01
3.393913523126034226e-01 4.503716031087177940e-02 1.995302044491343574e-01 4.160412829273903990e-01
3.210963176965775934e-01 4.206217388222908971e-02 1.866547571521343096e-01 4.501867512690589379e-01
2.839316291928564162e-01 6.762673319917328341e-02 2.148986260412502070e-01 4.335430115667199269e-01
3.734104913739488274e-01 3.155286189709739786e-02 1.972455201047799977e-01 3.977911266241738186e-01
2.983978055569219134e-01 2.344027775093691923e-02 2.128262607552425245e-01 4.653356559368984624e-01
3.143684255877682854e-01 3.324517103862815320e-02 2.269452243843420314e-01 4.254411789892615925e-01
3.517475581955703534e-01 4.070693492854805806e-02 1.880135945928680941e-01 4.195319122830136194e-01
3.220929694300505020e-01 3.199978457000694776e-02 1.930390877696809004e-01 4.528681582302616082e-01
3.636960420868511346e-01 4.499917745245053669e-02 1.540006580963909910e-01 4.373041223643073239e-01
2.734145323890525558e-01 1.715195932941600970e-02 2.199857971344512386e-01 4.894477111470801889e-01
3.446724573917958057e-01 5.113038424501861051e-02 2.146828041866611914e-01 3.895143541765243578e-01
3.213015707930142462e-01 3.321459887076254336e-02 2.601432403431066520e-01 3.853405899931166001e-01
3.179189450640464987e-01 2.894540053899933435e-02 2.174491421798879220e-01 4.356865122170661131e-01
2.896913466312122099e-01 3.690862145475946876e-02 2.543010723894701397e-01 4.190989595245580013e-01
3.247554018993731861e-01 4.187684536649829981e-02 1.659353261692883552e-01 4.674324265648401311e-01
3.225771865842878006e-01 1.874732845909029416e-02 1.780156025047515966e-01 4.806598824518703572e-01
3.874985034113626048e-01 4.853840893920369909e-02 1.522497491912007950e-01 4.117133384582329358e-01
3.327626042199546275e-01 2.855559460546379727e-02 2.153703214791917175e-01 4.233114796953899028e-01
3.509419523360686188e-01 3.283447258502777966e-02 2.662694973856647440e-01 3.499540776932389963e-01
3.012601857109769021e-01 3.349459924100822023e-02 1.929930941896592367e-01 4.722521208583556063e-01
3.083460496225141068e-01 2.860740362122983146e-02 1.978898142069892285e-01 4.651567325492669269e-01
3.198484084188850107e-01 3.560899560876500808e-02 2.442037030726178226e-01 4.003388928997323459e-01
3.409355756732705411e-01 4.941980181088835578e-02 2.009116996533256705e-01 4.087329228625154465e-01
3.277944188935073555e-01 3.120538701159617997e-02 2.304589192960434796e-01 4.105412747988530509e-01
3.351965878290306677e-01 3.840311840590397013e-02 1.886674731494440982e-01 4.377328206156210766e-01
2.707337912605393138e-01 3.134414809979735317e-02 2.333272710689493767e-01 4.645947895707138731e-01
3.259930071951565034e-01 2.251084407270853571e-02 1.953329651398406919e-01 4.561631835922942413e-01
3.311286369842992294e-01 3.477852219379274495e-02 1.944103907089875238e-01 4.396824501129206753e-01
3.277407740248193257e-01 1.882617583192558453e-02 2.233631092922373218e-01 4.300699408510178512e-01
3.114091775839760712e-01 3.395641541966299554e-02 2.021340745968021324e-01 4.525003323995589466e-01
3.248303939004639762e-01 6.219202829533494736e-02 2.215013473457033699e-01 3.914762304584976094e-01
3.137461308726538500e-01 5.857272204607427007e-02 2.463784700407130879e-01 3.813026770405587018e-01
3.292519709137322059e-01 3.090925032992110355e-02 1.944349259762885584e-01 4.454038527800580072e-01
3.115151586603342460e-01 5.478520164278796734e-02 1.409876508380682181e-01 4.927119888588094576e-01
3.189269499490448023e-01 4.157638834556867669e-02 2.702428594596978928e-01 3.692538022456886004e-01
3.234170817422412636e-01 5.738648398558948011e-02 2.116145913071950102e-01 4.075818429649743502e-01
3.123603315084903520e-01 2.039196530129851540e-02 1.816732469091897617e-01 4.855744562810213050e-01
3.258337372057016346e-01 3.272771899982402505e-02 2.132806524264120873e-01 4.281578913680623155e-01
3.004764157785340672e-01 3.028778862089904350e-02 2.396734631777402702e-01 4.295623324228266537e-01
3.326191257357264397e-01 5.736664108479550689e-02 2.673447455520334692e-01 3.426694876274445356e-01
3.001587081611954977e-01 4.442684781992774223e-02 2.197256892038604859e-01 4.356887548150162326e-01
3.367219851026148070e-01 3.829824609122784579e-02 2.151518565297713403e-01 4.098279122763860971e-01
3.398644969531269266e-01 3.843239965510696771e-02 1.801662350506116894e-01 4.415368683411543538e-01
3.110025970870572976e-01 3.894617360214314844e-02 2.177401169902931088e-01 4.323111123205065076e-01
3.254174878674049864e-01 5.175774433181559719e-02 2.085502585748338633e-01 4.142745092259455530e-01
2.674086250943144560e-01 5.046661222757385656e-02 2.164383841612661508e-01 4.656863785168455783e-01
3.464190101786618903e-01 4.241243170205669794e-02 1.591325527666290762e-01 4.520360053526523147e-01
3.083636443702094110e-01 2.649944909277381772e-02 2.763243279749094672e-01 3.888125785621073249e-01
3.038175343768594328e-01 4.328672672696224494e-02 2.370316512049765734e-01 4.158640876912018114e-01
3.803434755422935298e-01 3.231902533109270309e-02 1.929952496767833037e-01 3.943422494498304287e-01
3.180992471261441801e-01 3.983110765286404509e-02 1.621472114953357302e-01 4.799224337256559614e-01
3.183046457180809252e-01 3.474488731824287163e-02 2.344795503270298287e-01 4.124709166366463120e-01
3.110132382696849662e-01 3.405631601686745502e-02 2.424350087021577838e-01 4.124954370112899338e-01
2.858051627536360439e-01 3.616242422672402701e-02 2.224153058941215899e-01 4.556171071255183946e-01
3.312793517118840514e-01 5.846936466306003333e-02 1.545784183250601684e-01 4.556728652999956219e-01
3.490356566239671277e-01 4.560452137397828093e-02 2.370260888423600110e-01 3.683337331596946984e-01
3.172308717687043478e-01 3.227943854653052974e-02 2.554416640988322329e-01 3.950480255859328826e-01
3.629598305496044564e-01 2.291041498990652875e-02 1.886416040232767044e-01 4.254881504372124423e-01
3.363032783077190002e-01 3.292855554465925344e-02 2.245849310511017494e-01 4.061832350965199345e-01
3.217034060710481369e-01 4.794706088727448967e-02 2.471355233575666110e-01 3.832140096841107901e-01
3.734409645148427659e-01 3.945084540539075396e-02 1.846154451119398632e-01 4.024927449678266655e-01
2.976555232893520198e-01 4.961974138141672652e-02 2.137123172034859075e-01 4.390124181257453184e-01
3.839237396700886928e-01 3.719243593494262617e-02 1.950398372976787364e-01 3.838439870972900625e-01
2.704236053393620498e-01 4.777379675141246035e-02 2.455644879876989484e-01 4.362381099215265068e-01
3.136232099741332324e-01 3.498683766950894114e-02 2.293887846811767384e-01 4.220011676751811436e-01
3.369352156403654930e-01 3.829659232937746016e-02 1.995093666364041729e-01 4.252588253938528462e-01
2.972391535190184730e-01 6.224949884413608775e-02 2.402567153237835929e-01 4.002546323130616868e-01
2.931390113782385565e-01 4.392135063160076958e-02 2.445317994621978852e-01 4.184078385279627610e-01
3.192507122216023396e-01 3.814706390966382532e-02 2.341112893653350402e-01 4.084909345033987949e-01
2.966620506362147025e-01 2.465392915641547236e-02 2.431159976118436594e-01 4.355680225955261831e-01
2.994941540651534506e-01 5.045953967645749882e-02 2.137452386992708953e-01 4.363010675591180720e-01
3.118765478850883399e-01 4.177129135639365970e-02 1.669344263465689093e-01 4.794177344119490147e-01
3.131814346067656740e-01 2.901619358199206480e-02 2.383408107094347195e-01 4.194615611018075452e-01
2.596303829819330278e-01 5.389841946071048662e-02 2.390934175047831067e-01 4.473777800525733928e-01
3.128008965590242663e-01 2.671739230983909141e-02 2.592602400677758157e-01 4.012214710633607573e-01
3.398998497626001813e-01 3.425929711661385851e-02 2.149032422014888200e-01 4.109376109192972026e-01
2.809135948471098709e-01 2.492922162844675438e-02 2.591106530452446655e-01 4.350465304791987231e-01
3.212573776447545382e-01 3.356515668687941323e-02 2.073800795468099534e-01 4.377973861215559981e-01
3.413356693588210367e-01 2.229871942280991018e-02 2.549646889281936279e-01 3.814009222901754703e-01
3.035356059134478035e-01 4.719685991207959314e-02 2.405329739590236771e-01 4.087345602154489055e-01
3.500132787920468003e-01 3.537984951225979502e-02 1.899825644784959300e-01 4.246243072171974053e-01
2.611154177100405427e-01 5.623254849399011990e-02 1.975022703088033516e-01 4.851497634871659304e-01
3.026501566521816455e-01 3.372975643500764759e-02 2.040927597704736696e-01 4.595273271423370720e-01
3.105388497439268702e-01 2.315555059153152906e-02 2.308754895679931418e-01 4.354301100965486393e-01
3.006455173379247170e-01 3.080121240486734940e-02 1.961754537145797561e-01 4.723778165426281705e-01
3.408314765722736395e-01 3.150878180076373963e-02 2.121497522668120139e-01 4.155099893601504890e-01
3.297466697016742110e-01 3.954331827648222691e-02 2.116009338439421850e-01 4.191090781779013286e-01
3.329771923820915580e-01 2.947090419800207917e-02 2.157828331676128197e-01 4.217690702522934321e-01
3.392944045289442156e-01 2.810146109210468618e-02 2.044237496061470927e-01 4.281803847728040124e-01
3.029040496875022304e-01 2.259676321299486368e-02 2.442097441966367966e-01 4.302894429028663037e-01
3.504380796168327650e-01 3.644984457223347796e-02 1.853440935872537332e-01 4.277679822236800100e-01
3.221643322904707007e-01 2.353779601267601967e-02 2.507309978314894439e-01 4.035668738653637733e-01
2.523254675789702861e-01 4.594487311971737209e-02 2.430569135234309230e-01 4.586727457778814743e-01
3.020098186002833085e-01 5.884443999104491813e-02 2.171571143457154685e-01 4.219886270629564229e-01
3.211467491792980855e-01 3.477329106048000079e-02 2.238662371413568108e-01 4.202137226188649155e-01
2.705126413558626153e-01 3.072714233779090184e-02 2.274707552981590775e-01 4.712894610081875268e-01
3.091875732261054610e-01 5.192731954193581523e-02 1.684502880191510454e-01 4.704348192128075534e-01
3.434273373113229111e-01 3.471134745070856426e-02 1.882623896924798812e-01 4.335989255454885671e-01
3.164691042075462035e-01 4.968718651899556304e-02 1.947332778198023195e-01 4.391104314536560804e-01
3.557087218488023117e-01 1.658705987674802609e-02 1.795855383238795233e-01 4.481186799505701424e-01
3.020859662106623045e-01 3.220483681560375872e-02 2.369457099438487258e-01 4.287634870298852041e-01
3.074407930844604842e-01 3.962117561929382609e-02 2.516029770344295757e-01 4.013350542618160932e-01
3.560718951025164114e-01 3.734833798101282881e-02 2.082609936083954227e-01 3.983187733080754134e-01
2.631786542213772617e-01 2.893406511893376748e-02 2.637547415359158265e-01 4.441325391237730402e-01
3.198683690035278859e-01 5.100404923180146266e-02 2.357248959706564340e-01 3.934026857940143840e-01
3.277125923809008912e-01 2.548554708783789050e-02 2.313584504926744778e-01 4.154434100385867024e-01
2.938891361328217489e-01 3.099177137471509011e-02 2.145747599850679754e-01 4.605443325073952376e-01
3.225647877228259852e-01 2.404453697841961793e-02 1.920284934849768588e-01 4.613621818137776387e-01
3.258500315746316045e-01 2.467334238822636513e-02 2.248473469489311871e-01 4.246292790882107426e-01
3.075758842527595016e-01 6.893381335478156180e-02 1.802416609671728953e-01 4.432486414252860274e-01
3.119046139487807179e-01 1.392937200763150023e-02 2.025703953949072877e-01 4.715956186486803814e-01
3.524624633559944598e-01 3.330013341449203357e-02 2.299090358280314328e-01 3.843283674014819629e-01
3.960884973426326283e-01 4.762682023370273798e-02 2.030149713127148703e-01 3.532697111109497357e-01
2.925574083908190626e-01 1.359164630448253877e-02 2.328202469689208687e-01 4.610306983357774779e-01
3.007666200139666457e-01 2.499678446179932553e-02 2.072817974996223889e-01 4.669547980246114838e-01
3.497785865025963004e-01 3.784924202525048048e-02 2.326069277197589658e-01 3.797652437523941771e-01
2.955576717037725620e-01 5.160559836935264821e-02 2.077365789078840508e-01 4.451001510189906418e-01
3.223462135122888705e-01 3.318139280137068214e-02 1.805374905120882278e-01 4.639349031742522889e-01
2.917870668726154082e-01 4.938177303369768040e-02 1.804119217521907848e-01 4.784192383414962446e-01
3.398900328609004706e-01 4.295534834670897140e-02 1.895570435474075444e-01 4.275975752449828748e-01
3.366076863699006827e-01 3.360827707749904775e-02 1.981807176862752373e-01 4.316033188663249698e-01
3.381388394015117371e-01 3.413683008334860575e-02 2.374087741124013551e-01 3.903155564027384061e-01
3.325867901426884377e-01 3.252108122151141367e-02 1.673239114439048769e-01 4.675682171918954522e-01
3.036976132015956065e-01 2.911894138648691427e-02 2.010554434580959782e-01 4.661280019538214248e-01
2.989271607659883534e-01 4.625662428209047217e-02 2.141826026645161085e-01 4.406336122874052186e-01
2.545347610956433804e-01 4.016854727907362421e-02 2.470261072076714026e-01 4.582705844176116483e-01
3.412023040176117017e-01 5.517160471768435548e-02 1.819407442103650463e-01 4.216853470543389659e-01
3.257343527778386871e-01 4.283986131534942704e-02 2.198870576792374687e-01 4.115387282275743130e-01
3.061880479693570578e-01 5.120600860217316280e-02 2.210158593910806213e-01 4.215900840373891234e-01
2.880699039512119586e-01 4.131658681634685359e-02 2.332589303107744372e-01 4.373545789216666813e-01
3.425167484428036091e-01 4.750242777812765937e-02 2.054599065895638121e-01 4.045209171895047251e-01
3.179512333080299347e-01 2.896219987911188148e-02 2.113198095817115096e-01 4.417667572311466118e-01
2.750605742269368603e-01 3.256919030420057926e-02 2.589069670824422076e-01 4.334632683864204084e-01
3.202989458020163438e-01 4.382695554028608054e-02 2.006369197106342706e-01 4.352371789470631525e-01
3.502233318030434917e-01 3.511376953325887063e-02 2.041317606589079237e-01 4.105311380047897418e-01
3.550943646811476340e-01 3.129225886485359487e-02 2.123760113640674740e-01 4.012373650899311306e-01
3.254468267885418653e-01 4.599281953011418594e-02 2.318475273241564771e-01 3.967128263571875757e-01
3.368181137034926276e-01 2.970031107174949184e-02 1.664751624301007427e-01 4.670064127946570443e-01
3.076196065711459537e-01 5.278007957483341062e-02 2.539935027090018949e-01 3.856068111450187130e-01
3.668024729143177232e-01 4.616423018521004923e-02 2.128272993603698982e-01 3.742059975401023642e-01
2.786257587697753557e-01 4.964910981389480255e-02 2.249526930707151096e-01 4.467724383456147530e-01
3.190214755039195715e-01 5.755670669442974202e-02 1.824627465829400108e-01 4.409590712187105854e-01
2.832515197713029731e-01 5.472518465230563622e-02 2.543820129868316071e-01 4.076412825895597836e-01
2.734061756229079210e-01 4.941434946953689178e-02 2.119287799284637064e-01 4.652506949790914947e-01
3.129835417589405533e-01 4.915670749225722197e-02 2.073632111845757908e-01 4.304965395642264547e-01
3.522058334112012079e-01 4.007525572412887899e-02 2.135743366627414486e-01 3.941445742019283882e-01
3.239120681885569453e-01 4.857298154675630114e-02 2.312689437155251437e-01 3.962460065491615335e-01
2.800291759661737157e-01 4.707357480041046011e-02 1.892716316369828233e-01 4.836256175964329662e-01
3.117712232546365203e-01 1.268373183214529382e-02 2.254906881542019237e-01 4.500543567590163385e-01
2.434909318953065172e-01 3.700109066917903894e-02 2.349349367646698106e-01 4.845730406708447791e-01
3.114605796830023920e-01 3.521451295162609380e-02 2.083206289588732940e-01 4.450042784064981993e-01
3.352729334013180851e-01 4.703631693365346866e-02 2.175341797078296502e-01 4.001565699571987822e-01
3.418761155660717810e-01 4.467015323597385568e-02 1.838827889766911361e-01 4.295709422212632966e-01
3.359746900445244044e-01 2.805931181896510751e-02 1.985196865137797140e-01 4.374463116227309545e-01
3.316033371059330936e-01 2.016032330346484089e-02 2.105434247298468287e-01 4.376929148607553444e-01
3.245181532871462826e-01 4.534778372119729201e-02 1.724035580090581277e-01 4.577305049825983185e-01
2.965859272481431441e-01 4.680113124358173393e-02 1.784905076453775497e-01 4.781224338628975445e-01
3.866887374910187858e-01 3.128200446661640738e-02 2.191914795388460735e-01 3.628377785035186709e-01
2.682170915569324632e-01 3.964698826974971668e-02 2.060751592737398719e-01 4.860607608995780038e-01
3.180748505951147553e-01 2.239954760835264833e-02 2.265535860497822351e-01 4.329720157467505381e-01
3.369391816640122106e-01 3.856901235136721284e-02 1.950320151150663484e-01 4.294597908695543809e-01
3.493968455695817266e-01 4.211704561838194860e-02 1.809639213176210126e-01 4.275221874944153400e-01
3.007350992210969798e-01 3.673187447081072143e-02 2.203475575658014607e-01 4.421854687422909214e-01
3.167716200966030904e-01 3.950706513394898478e-02 1.979386411662550083e-01 4.457826736031929027e-01
3.052183087518821059e-01 5.137861848544874460e-02 2.094056900996764115e-01 4.339973826629926479e-01
3.774367443613659834e-01 2.958196872744897968e-02 1.945867801710841616e-01 3.983945067401009066e-01
3.179734001627683715e-01 2.684498492108729206e-02 1.886501913034216993e-01 4.665314236127225400e-01
2.888898787351392161e-01 4.098478899271296855e-02 1.721652492673203250e-01 4.979600830048274696e-01
3.029335478548659810e-01 3.031753919472691614e-02 2.115794317725241680e-01 4.551694811778829175e-01
3.781878654674238338e-01 4.545639848228916202e-02 1.792450770753006295e-01 3.971106589749862081e-01
3.131499693214175317e-01 5.335159961673188039e-02 2.122029184768041143e-01 4.212955125850464388e-01
3.099539191854962517e-01 4.286068033195539889e-02 2.222367347575381069e-01 4.249486657250102217e-01
2.670955756129758663e-01 3.620174137272193227e-02 2.376065502460349144e-01 4.590961327682672177e-01
3.115303057046987512e-01 3.314658093010725698e-02 1.663342848445706068e-01 4.889888285206234753e-01
2.999892423972547184e-01 5.532043465412270905e-02 2.311336339040678256e-01 4.135566890445547261e-01
2.965896108252514818e-01 4.901077245582041025e-02 2.081280384169061359e-01 4.462715783020220206e-01
3.016721623249551398e-01 5.809134942007131847e-02 2.166251420331526123e-01 4.236113462218209502e-01
3.023913101813104909e-01 3.114253663290854346e-02 1.983271088956151118e-01 4.681390442901657289e-01
2.883376255913006059e-01 3.843566455019548772e-02 2.095903091341173030e-01 4.636364007243864993e-01
3.480854346690796519e-01 3.985845666378495106e-02 1.907458634789927221e-01 4.213102451881427513e-01
2.975657453687003406e-01 4.963299428791775880e-02 2.020469308414399867e-01 4.507543295019419416e-01
3.181482595462814533e-01 3.590363064700925755e-02 1.682608971174133494e-01 4.776872126892959813e-01
3.459129758545276823e-01 4.320053999506641429e-02 1.821511818410743444e-01 4.287353023093315452e-01
3.471764062756608760e-01 2.276611928261728160e-02 1.982282770714382247e-01 4.318291973702837461e-01
3.157843758090968511e-01 4.518424942707379571e-02 1.834077036089664103e-01 4.556236711548628526e-01
3.111302186802328840e-01 3.637608551622816683e-02 1.973434284079968737e-01 4.551502673955420408e-01
3.674349519223294447e-01 3.553754550934751233e-02 1.813474700904917913e-01 4.156800324778312516e-01
2.688358079388885047e-01 3.126595292224895739e-02 2.587080822680749015e-01 4.411901568707877197e-01
3.518594130200030645e-01 2.008011001731745473e-02 1.988911180262360467e-01 4.291693589364434236e-01
3.110679661463200407e-01 3.680293553281376029e-02 1.913929915027171857e-01 4.607361068181489716e-01
2.736468148500823538e-01 5.105603985263505035e-02 2.459060577123377000e-01 4.293910875849450415e-01
3.510979602976084246e-01 4.415696107805950482e-02 2.012108688620873331e-01 4.035342097622447444e-01
3.301598474231520752e-01 3.581804160536368464e-02 2.025961478679934313e-01 4.314259631034907949e-01
3.249529642216125169e-01 2.686983623274317307e-02 2.137699877365580314e-01 4.344072118090864243e-01
3.643382760451475688e-01 5.202776500257480508e-02 1.718102845471251028e-01 4.118236744051525511e-01
3.475624428015787748e-01 4.264444531430933855e-02 2.259066706610404762e-01 3.838864412230712508e-01
3.218280505790485635e-01 2.865190520610430211e-02 2.339348567871685769e-01 4.155851874276786928e-01
3.159998911600110927e-01 5.061095747129779748e-02 2.028321144612629245e-01 4.305570369074282477e-01
3.014236008335424155e-01 4.410743019507792906e-02 2.112209497265828129e-01 4.432480192447969536e-01
3.575495643648878841e-01 4.743582103987757648e-02 1.884278452539230320e-01 4.065867693413114936e-01
2.959038850588084912e-01 4.052200212159143278e-02 2.207797938030152118e-01 4.427943190165848364e-01
3.517442331041200632e-01 3.404001355932635003e-02 1.634128173860686650e-01 4.508029359504850397e-01
3.033159518113257014e-01 3.734245875318576574e-02 2.195839569011245884e-01 4.397576325343640069e-01
2.858120178198011452e-01 4.019199999013770008e-02 2.076739928479017228e-01 4.663219893421592932e-01
2.959970448005432853e-01 4.968593959265320270e-02 2.477849930598787775e-01 4.065320225469247206e-01
2.789673794551825736e-01 5.028384218676221901e-02 2.014360637008054955e-01 4.693127146572498853e-01
3.220419298786285078e-01 4.664319740201337827e-02 1.801809372730446557e-01 4.511339354463134721e-01
3.169279081100115358e-01 5.761521580866283548e-02 2.031523457014759171e-01 4.223045303798498851e-01
2.995418328816087938e-01 4.987307904844238277e-02 2.208684961945179548e-01 4.297165918754309866e-01
2.806379696811864277e-01 3.696765083322867129e-02 2.396542828578721585e-01 4.427400966277127980e-01
3.558928620900077000e-01 1.578243220564131896e-02 2.117385262310106375e-01 4.165861794733403678e-01
2.933539634885615199e-01 5.181865707859439202e-02 2.177906303069454541e-01 4.370367491258986270e-01
