2.381767599725715112e-01 5.699677430507256171e-01 1.699725686621527537e-02 1.748582401104876727e-01
2.110411552839279448e-01 5.884602587171464672e-01 3.524025336579026529e-02 1.652583326331352465e-01
2.066024025390723051e-01 6.107646296278744780e-01 5.080873367772435062e-02 1.318242341553289565e-01
2.529125582559198504e-01 5.973045883698221425e-01 2.054603356349790286e-02 1.292368198107600730e-01
2.496343150536240174e-01 5.293032963082677789e-01 4.034676310973558944e-02 1.807156255283727531e-01
2.243473620340090124e-01 5.555020160174390931e-01 1.695245186023643796e-02 2.031981700883154496e-01
2.168301719923058091e-01 6.103086659527375835e-01 4.634220799957889519e-02 1.265189540553777747e-01
2.279230163022056277e-01 5.539800186650081226e-01 2.614008056178615189e-02 1.919568844710000943e-01
2.078527006274422939e-01 5.661169698201544698e-01 1.544216821340162193e-02 2.105881613390017670e-01
2.123803081894186096e-01 5.906578214564728313e-01 4.842122824684320231e-02 1.485406421072654193e-01
2.135380920569973640e-01 5.172720306596455542e-01 5.735221084174386974e-02 2.118376664416132538e-01
1.840468439998259320e-01 5.728456918525330899e-01 5.681296285149263492e-02 1.862945012961482461e-01
2.396185753699114906e-01 5.067997932692382967e-01 6.009216215824318696e-02 1.934894692026069840e-01
2.044629522576015823e-01 5.998826465599330637e-01 3.390016765022084433e-02 1.617542335322444957e-01
2.066349000218909437e-01 5.672155510445920923e-01 5.239238928303388554e-02 1.737571596504829397e-01
2.193805071348917113e-01 5.726739917052017237e-01 3.159865235324957333e-02 1.763468488066568252e-01
2.451223752814999379e-01 5.560087429685103277e-01 3.851863438831049091e-02 1.603502473616791879e-01
2.230627551939004527e-01 5.703252040746287221e-01 4.807704085197492261e-02 1.585349998794958193e-01
2.252842199794898304e-01 5.950851745465712828e-01 3.060028301760314012e-02 1.490303224563357953e-01
2.479214380921236915e-01 5.018853511579866034e-01 5.515704287394713329e-02 1.950361678759427175e-01
2.424898982135894332e-01 5.773911586276007091e-01 3.586005218435405623e-02 1.442588909744557946e-01
1.707750560162622222e-01 6.493096264467678180e-01 4.479905994841072714e-02 1.351162575885590800e-01
2.304425805407223637e-01 5.758215124196474077e-01 1.756823024185426643e-02 1.761676767977760905e-01
2.416246101773636135e-01 5.665773139065379826e-01 3.997298282009673076e-02 1.518250930960016731e-01
1.679925613487778802e-01 5.965076390517293214e-01 6.057482465201353278e-02 1.749249749474793003e-01
1.859398438527009312e-01 5.558177583408920874e-01 4.022907089668166514e-02 2.180133269097251913e-01
2.429029240950363600e-01 5.508876734985420631e-01 3.151117033001858692e-02 1.746982320764031149e-01
1.977933353514266246e-01 5.919699378090024222e-01 4.306922960137801737e-02 1.671674972381930191e-01
2.377364481059140444e-01 5.693698515386395043e-01 3.616964693350178256e-02 1.567240534219447312e-01
2.167429126530512618e-01 5.690127826814675993e-01 3.552866943014539036e-02 1.787156352353357069e-01
2.168753736578726832e-01 5.399248278874051454e-01 2.738304210949216513e-02 2.158167563452297877e-01
2.195404070059011614e-01 5.567422995260672414e-01 3.966498002662695310e-02 1.840523134414047968e-01
1.972890632905273112e-01 6.023961527042085429e-01 4.355441520335216060e-02 1.567603688019119090e-01
1.862697452079390692e-01 6.404613844041847637e-01 2.901113043950049111e-02 1.442577399483757628e-01
2.228946134331300510e-01 5.823240933228164273e-01 3.392526321604876632e-02 1.608560300280046651e-01
2.611824984066288269e-01 5.685889383539253217e-01 4.138904988806005325e-02 1.288395133513857427e-01
1.678970197682932153e-01 6.404483795140342162e-01 4.867682537023429457e-02 1.429777753474382740e-01
1.914401625968289722e-01 6.381002367646918527e-01 3.491591696452914922e-02 1.355436836739500883e-01
2.133420702807841129e-01 5.790625574421668365e-01 3.305026026659893534e-02 1.745451120104501985e-01
1.844132724019517111e-01 6.597518877825757633e-01 2.287024062718122364e-02 1.329645991882911771e-01
1.960786644441009086e-01 6.030646803810152390e-01 4.652958874750668522e-02 1.543270664273772852e-01
1.945439641502851869e-01 6.049870478237063809e-01 3.030665387078125897e-02 1.701623341552273572e-01
1.842885701269282028e-01 6.321831262883332858e-01 4.903073300892298730e-02 1.344975705758155449e-01
2.451900135532139036e-01 5.657168947337677389e-01 2.604897973819925855e-02 1.630441119748191336e-01
1.919721202924183356e-01 5.896061890415866813e-01 5.145335383992356154e-02 1.669683368260714562e-01
1.905767461381907280e-01 6.356431395360727654e-01 3.023419753687037886e-02 1.435459167888661625e-01
2.486917395680341702e-01 5.681799720304060441e-01 3.154557793934027049e-02 1.515827104622193555e-01
2.145862197449018849e-01 5.652302549523077202e-01 6.268077393536283792e-02 1.575027513674278068e-01
2.238480487135424413e-01 5.994893958745127760e-01 4.653362092863420202e-02 1.301289344833105877e-01
2.224409603395470780e-01 5.817743864690587685e-01 4.038806084518598710e-02 1.553965923462080345e-01
2.041162499530403129e-01 6.138019199465505338e-01 6.117514423813930069e-02 1.209066858622699497e-01
2.028992224748214501e-01 5.821035968184093967e-01 5.101346409391496750e-02 1.639837166128541857e-01
2.063565756738557078e-01 6.084184672814713091e-01 4.057047868917760397e-02 1.446544783554953584e-01
2.059108093030258824e-01 5.744279706576009836e-01 4.684960241271884929e-02 1.728116176266543680e-01
1.970865402685977319e-01 6.001513466016147325e-01 4.934131016440059664e-02 1.534208029653869598e-01
1.886031941410825641e-01 5.847061997351444829e-01 3.051002284093376135e-02 1.961805832828392437e-01
2.158789313723492309e-01 5.944122277659612541e-01 4.612686479124565586e-02 1.435819760704438730e-01
1.232633229375971612e-01 6.655890540027545876e-01 5.196707780837300089e-02 1.591805452512753405e-01
1.916222703683802819e-01 5.690845067759919829e-01 3.676593030843126192e-02 2.025272925471963137e-01
2.093173348160513314e-01 5.968356529138392208e-01 3.736080823079151320e-02 1.564862040393179832e-01
2.259979958189269333e-01 5.887588985433277466e-01 5.719906299977647185e-02 1.280440426379688967e-01
1.789408093331228411e-01 6.269558449547882883e-01 6.135895750112434210e-02 1.327443882109644591e-01
2.234925680011148608e-01 5.533050641229706468e-01 4.148867773009687343e-02 1.817136901458175635e-01
3.004346414630152395e-01 5.162914120854743549e-01 2.991969735380087259e-02 1.533542490977097272e-01
2.107222918424014324e-01 5.603200688383697115e-01 5.078053063718786231e-02 1.781771086820410355e-01
1.630378968634143833e-01 6.124493809032398595e-01 5.931738773925265829e-02 1.651953344940931545e-01
1.810275759432934117e-01 6.407334246241248588e-01 3.650233846116059111e-02 1.417366609714210968e-01
2.285375798040427398e-01 5.848450740840260842e-01 2.465028560303710731e-02 1.619670605088940618e-01
2.475200305970986225e-01 5.844127761982086389e-01 3.374719408873545073e-02 1.343199991159572670e-01
1.813863744962637692e-01 5.811492957531266823e-01 4.744548238521169303e-02 1.900188473653978694e-01
2.107534340439113085e-01 6.045258638220760705e-01 4.059998519588576410e-02 1.441207169381268915e-01
1.914799903640620193e-01 6.046772903182781045e-01 4.250220232979041307e-02 1.613405169878694700e-01
1.879076938760391724e-01 6.245885068621355174e-01 2.704450223262861580e-02 1.604592970291966458e-01
2.456770132916330229e-01 5.397301465558802525e-01 3.131497775335297801e-02 1.832778623991336564e-01
1.855982870239101523e-01 6.230432539207486631e-01 4.026617143010215866e-02 1.510922876252389635e-01
2.010887401027749155e-01 6.155397690100863350e-01 3.826460514672075375e-02 1.451068857404181067e-01
2.228931273259502632e-01 5.763390361244923321e-01 1.858174565610130197e-02 1.821860908934562484e-01
2.054499126583085034e-01 5.812452124380259599e-01 4.153969139044109971e-02 1.717651835132243399e-01
1.770324423929386937e-01 5.944051004362395085e-01 5.074098061502178847e-02 1.778214765558000510e-01
2.151101930392612382e-01 5.940687664112029864e-01 3.376682811152667552e-02 1.570542124380092663e-01
2.351874249303397557e-01 5.626965957242174854e-01 2.525685063656344861e-02 1.768591287088792374e-01
2.389827863947094067e-01 5.902661551397402340e-01 3.098420140780165644e-02 1.397668570577486058e-01
2.239709397796884327e-01 6.142040430806783302e-01 2.987995815806989905e-02 1.319450589815633346e-01
2.036868063335714463e-01 6.082991192379921808e-01 2.675228325881527994e-02 1.612617911696211381e-01
2.290750526870571901e-01 5.833206371483157238e-01 3.898457085962073188e-02 1.486197393050065207e-01
1.844140253189897327e-01 6.067190361458488779e-01 4.083998795032614537e-02 1.680269505848351885e-01
2.336496112662511671e-01 5.820127694754253511e-01 3.516755275001219594e-02 1.491700665083114108e-01
1.987407825874354383e-01 6.054889826738010239e-01 3.514839547794022107e-02 1.606218392608232126e-01
2.024955583481491961e-01 5.722412605982122313e-01 2.919869856128827837e-02 1.960644824923503671e-01
2.061197031040816752e-01 5.560974698381165870e-01 4.079995235532393738e-02 1.969828747024776894e-01
2.049415497448137669e-01 5.584784587639132214e-01 1.812913323279872688e-02 2.184508582584743230e-01
2.215513906950108969e-01 5.818619950927556017e-01 5.974013931980282077e-02 1.368464748924305974e-01
1.860707506519984344e-01 5.998688027616895235e-01 3.943504917437170437e-02 1.746253974119403585e-01
2.265164970169477876e-01 5.643092617099110253e-01 5.981327091574007576e-02 1.493609703574013126e-01
2.104231947725599405e-01 6.247278626804795287e-01 2.443582688062248195e-02 1.404131156663380731e-01
2.012705214609663840e-01 6.151254721583071516e-01 2.693046362712334454e-02 1.566735427536030401e-01
2.327895412135977393e-01 6.261808972021655206e-01 3.083521663820345399e-02 1.101943449460332930e-01
2.129885389442338073e-01 5.922597383619636613e-01 2.796184597540930447e-02 1.667898767183934039e-01
2.005000352705933742e-01 5.873312312554455072e-01 5.042708025409529254e-02 1.617416532198656665e-01
2.277340148803850828e-01 5.742328707930831611e-01 3.051882887642384107e-02 1.675142854501079359e-01
1.767604459436668829e-01 6.534396641704527386e-01 3.101169459687527427e-02 1.387881952890049897e-01
2.043696263068121299e-01 5.991545990313519310e-01 3.951310563355754646e-02 1.569626690282783787e-01
2.471342507590085502e-01 5.417839485394154719e-01 3.578509317300848647e-02 1.752967075285674081e-01
2.200034189503720650e-01 6.323805156940206507e-01 3.177670242126741373e-02 1.158393629343399123e-01
2.031560915360987596e-01 6.088118503517780944e-01 4.035914961006206031e-02 1.476729085020611065e-01
1.985220719415182467e-01 5.362075971147405307e-01 2.558217624228368084e-02 2.396881547014574343e-01
2.226293013539262233e-01 5.924191582856287441e-01 5.011334783609944915e-02 1.348381925243456736e-01
2.491654590109139145e-01 5.303762140318961649e-01 6.197627443560793647e-02 1.584820525215817344e-01
2.162111746464116802e-01 6.141209628812149823e-01 3.253290742005017500e-02 1.371349550523231764e-01
2.051514484410559003e-01 6.150411058088691707e-01 3.875428372406082567e-02 1.410531620260142005e-01
2.252690727468886212e-01 5.482053928771509765e-01 3.412792342116634930e-02 1.923976109547941016e-01
2.413346543756465790e-01 5.324957765966891188e-01 2.512406846408840599e-02 2.010455005635758685e-01
1.972511437654035360e-01 6.127973062886604705e-01 2.090752037796984875e-02 1.690440295679660754e-01
1.772865230148389093e-01 6.245486754024550669e-01 4.175610639364715770e-02 1.564086951890587829e-01
2.449749271278441054e-01 5.714713303252673127e-01 3.482640797394051524e-02 1.487273345729480389e-01
2.369983021818958535e-01 5.749935836508253129e-01 3.675510331947977327e-02 1.512530108477989910e-01
2.655027173657114048e-01 5.453854879308766002e-01 2.847338965642192549e-02 1.606384050469901181e-01
2.111046865041109055e-01 5.757233045313928654e-01 5.158550936761770178e-02 1.615864995968785134e-01
2.171556716507380691e-01 5.882843506628232522e-01 5.266652810603281165e-02 1.418934495804058393e-01
2.080000546407016759e-01 6.244267305254128653e-01 1.597025271699782992e-02 1.516029621168877295e-01
2.373835687891609481e-01 5.579562772256547731e-01 3.764228831522549445e-02 1.670178656699587982e-01
2.176196417974801955e-01 5.876918813592418855e-01 2.476106061788138635e-02 1.699274162253963938e-01
2.430754298154733928e-01 6.215865508476411394e-01 3.285383359687691490e-02 1.024841857400085321e-01
2.058257814971763411e-01 6.101074529588474959e-01 3.784721185168608143e-02 1.462195536922898942e-01
2.560655115842643825e-01 5.076320363425369520e-01 4.882451885812499892e-02 1.874779332150736111e-01
1.730764501255058208e-01 6.253166642882660442e-01 3.134568018995372018e-02 1.702612053962745675e-01
2.097213903167963189e-01 5.510810205576506249e-01 4.488164482776225983e-02 1.943159442977906437e-01
2.332231592039901991e-01 6.021305030932142532e-01 3.016249938490157476e-02 1.344838383178939001e-01
2.379813061522887130e-01 5.575936202392186569e-01 3.117743893314878223e-02 1.732476346753438201e-01
2.132827261286419918e-01 5.950800011884738172e-01 3.102967323745458098e-02 1.606075994454295164e-01
1.864708924813819058e-01 6.221177732597413801e-01 1.304544071727023816e-02 1.783658935416065072e-01
2.123833552172449957e-01 5.634984098567014099e-01 7.714268766566068081e-02 1.469755472603927748e-01
2.030378915071486268e-01 5.746125235316730251e-01 5.336219792432907172e-02 1.689873870368491793e-01
2.570578810690732907e-01 5.480009359150381787e-01 3.846360247259231202e-02 1.564775805432960243e-01
2.486198023158237291e-01 5.490298147407822738e-01 2.913587715832478137e-02 1.732145057850691949e-01
2.345855277035867881e-01 5.692885688798287047e-01 6.496771003595204486e-02 1.311581933806323930e-01
2.081897313566739571e-01 5.562429723910179424e-01 4.038983008529570956e-02 1.951774661670123701e-01
2.135284010983986847e-01 5.701512106444908135e-01 3.362595919660143345e-02 1.826944290605091448e-01
2.411135731888540690e-01 5.905388634545011284e-01 3.377628140564725018e-02 1.345712819509974623e-01
1.768598228048859078e-01 6.156675895691207101e-01 3.530952336655091006e-02 1.721630642594425276e-01
2.467150569178995223e-01 5.343414560631440935e-01 3.409188632447908429e-02 1.848516006944773138e-01
2.225221564160289878e-01 5.684592432592586730e-01 6.142571993214152731e-02 1.475928803925709298e-01
2.249694835191659026e-01 5.935512619589878858e-01 2.234996170342773425e-02 1.591292928184184219e-01
2.291636816438678004e-01 6.076459504066950013e-01 2.637794489470700679e-02 1.368124230547300979e-01
2.003607776978129085e-01 5.779251832298323288e-01 6.182218173279444007e-02 1.598918573395604059e-01
1.962285414550773155e-01 6.065679595379045441e-01 4.186644029386204363e-02 1.553370587131561453e-01
2.251861307195296980e-01 5.639112752449729760e-01 5.279632842130789483e-02 1.581062656141893341e-01
2.218352308506902348e-01 5.669057641109611634e-01 2.957773553980830653e-02 1.816812694985403265e-01
2.277491461453415578e-01 5.333854389824020936e-01 5.796543786346119304e-02 1.808999770087950654e-01
2.305836031073202064e-01 5.628812116507114771e-01 4.567993528362383759e-02 1.608552499583445206e-01
2.446571579054828138e-01 5.373206543608253227e-01 3.154845641669653394e-02 1.864737313169954613e-01
1.955402829601357861e-01 5.490041106103650259e-01 6.131093345847214715e-02 1.941446729710269992e-01
2.264486718693912715e-01 5.716100002978555805e-01 1.190023986032196640e-02 1.900410879724312441e-01
2.285428230001260441e-01 5.932458837704751575e-01 3.093602429966738065e-02 1.472752689297315287e-01
2.166442065062898215e-01 5.841727804834376814e-01 3.892469101554812960e-02 1.602583219947245619e-01
2.050865490416916292e-01 5.956531191389370372e-01 3.669826626587468360e-02 1.625620655534966152e-01
1.903255920959550096e-01 5.941300356158502050e-01 4.187062859185436414e-02 1.736737436963405046e-01
2.200076643567445978e-01 5.825954684415420859e-01 3.294863786257011540e-02 1.644482293391431871e-01
2.149033823006676613e-01 6.221129395966837894e-01 3.552459523777243278e-02 1.274590828648761998e-01
1.977568624355905968e-01 6.601190275131973983e-01 1.570225039654389934e-02 1.264218596546682061e-01
2.324738320836851335e-01 5.805447111930018833e-01 4.057253651412397188e-02 1.464089202091889697e-01
2.766104419106084622e-01 4.985785512654500873e-01 4.320361852549407800e-02 1.816073882984473309e-01
1.617862329052650039e-01 6.105215461388915354e-01 4.486602648038048868e-02 1.828261944754629442e-01
2.649715267647401729e-01 5.872282789093588029e-01 2.781805395812825960e-02 1.199821403677728965e-01
2.129793831141051086e-01 5.839628280874912258e-01 3.612515480428390990e-02 1.669326339941198112e-01
1.857829688154446490e-01 5.711590353552358224e-01 4.177614704196640910e-02 2.012818487873531126e-01
2.118998511012515906e-01 6.541581098265401017e-01 1.407847137450506970e-02 1.198635676977031911e-01
2.221344880240280206e-01 5.740073106528598146e-01 4.307487079446828404e-02 1.607833305286438808e-01
1.889387937369620407e-01 6.076672837994219201e-01 3.296437427124706415e-02 1.704295481923689681e-01
1.960637531569294767e-01 6.028905678261715639e-01 3.156679169941442598e-02 1.694788873174846167e-01
2.076919365611621104e-01 6.178221425424553770e-01 3.672494811524090741e-02 1.377609727811415496e-01
2.116367357776617608e-01 5.688192741572289934e-01 2.217800031362240909e-02 1.973659897514868922e-01
2.291110144665064463e-01 5.554401673731346190e-01 4.313657622165060351e-02 1.723122419387081994e-01
2.032376726084730301e-01 5.776943899682528416e-01 5.521806439737549088e-02 1.638498730258985125e-01
2.254955577971561043e-01 6.163931789758423374e-01 3.867928058288182258e-02 1.194319826441199162e-01
2.425595478561600182e-01 5.701356887381355820e-01 4.336061154098980186e-02 1.439441518647145701e-01
2.586982447335109403e-01 5.506807729313598632e-01 2.055439369256313251e-02 1.700665886425661577e-01
1.752807363404831065e-01 5.775676887488547795e-01 2.043601998086476412e-02 2.267155549297972528e-01
2.365333127534072766e-01 5.385833384788064615e-01 4.711146647594424003e-02 1.777718822918419317e-01
2.416072716771400231e-01 6.075144147679955031e-01 3.982873916539551862e-02 1.110495743894688164e-01
2.018662399190622181e-01 5.931716285906237784e-01 4.757710651945960129e-02 1.573850249708544646e-01
1.895143818826567628e-01 5.855415247335593598e-01 2.253192725305406055e-02 2.024121661307297926e-01
1.831506798091256660e-01 6.414885577697534425e-01 2.940327710488935264e-02 1.459574853162315111e-01
2.304746993110007025e-01 5.965859092639063110e-01 3.334695423647379003e-02 1.395924371886191895e-01
2.015307748002832244e-01 5.603126897304518961e-01 3.784702950151057343e-02 2.003095059677543477e-01
2.405908161847765403e-01 5.606566359730561500e-01 1.828712603038968806e-02 1.804654218117776598e-01
1.748982946108817715e-01 6.193725019333206072e-01 2.965728264438115616e-02 1.760719208114164269e-01
1.688823687781738636e-01 5.980784634338197625e-01 5.480411396508339666e-02 1.782350538229230952e-01
2.208263432158511230e-01 5.562748322974140347e-01 2.471897226865579431e-02 1.981798522180791555e-01
1.806389523794112439e-01 5.998415582379554856e-01 3.491422117367106587e-02 1.846052682089623365e-01
2.036057620982884564e-01 6.089213237626823760e-01 5.448906277315181124e-02 1.329838513658772314e-01
2.195219525066323119e-01 5.696142201618675793e-01 4.131861871196110259e-02 1.695452086195390617e-01
2.562855328747725148e-01 5.546982588790341229e-01 2.794222373561622633e-02 1.610739845105771395e-01
2.145807788189933729e-01 5.824862285407040874e-01 3.739626339936079347e-02 1.655367292409417601e-01
2.197259590990175981e-01 5.987666224793990466e-01 2.633277186347619467e-02 1.551746465581070045e-01
2.224620777333641830e-01 6.101935570667124109e-01 1.234822248909868934e-02 1.549961427108246803e-01
2.112345230274975116e-01 6.187466906433983782e-01 5.578502671910062771e-02 1.142337596100035102e-01
2.039745319252239120e-01 6.480968786885374922e-01 3.230009053764183735e-02 1.156284988485967863e-01
2.169344392519531317e-01 6.110658782098109532e-01 2.248535777224686116e-02 1.495143247659888874e-01
2.079050479036386456e-01 5.879828165670981655e-01 4.044393571563915241e-02 1.636681998136240157e-01
1.814016615306603686e-01 6.332284150252835975e-01 4.853708550265178889e-02 1.368328379414042728e-01
2.775750882978215150e-01 5.814388647505926988e-01 1.552814866686710003e-02 1.254578982847184276e-01
2.204664189729905466e-01 5.948986162771584540e-01 5.048187715190236013e-02 1.341530875979485837e-01
2.202626152974422602e-01 5.805199224631004684e-01 3.192555686051037900e-02 1.672919053789468924e-01
2.203727211952681009e-01 5.741804033458073331e-01 3.115783509066215318e-02 1.742890403682623990e-01
1.864129925974531143e-01 5.871758285947576983e-01 2.306512205239398886e-02 2.033460567553950216e-01
2.361012700625224336e-01 5.941024796762301996e-01 4.186807698570085140e-02 1.279281732755464807e-01
2.130916652115535381e-01 5.593042234469536300e-01 1.639067478844393258e-02 2.112134365530488334e-01
2.367043046750112456e-01 5.731834243657766281e-01 3.343779746866717972e-02 1.566744734905449743e-01
2.173688625252712669e-01 5.812447211510953782e-01 3.336863181414959079e-02 1.680177845094837918e-01
2.444109465521956404e-01 5.100924469512838622e-01 4.821945952723778045e-02 1.972771469692826130e-01
2.093822655264178934e-01 5.432101074599365864e-01 5.159451221072237220e-02 1.958131148029229884e-01
2.095120145278600299e-01 6.221615433336664669e-01 2.615221023146808640e-02 1.421742319070054272e-01
2.207364052788874376e-01 6.231391933262327987e-01 1.937855719657930603e-02 1.367458441983005479e-01
2.610175634131290390e-01 5.551933979559019461e-01 1.652798744868394856e-02 1.672610511822850976e-01
2.012034093480484787e-01 5.685628980592652981e-01 3.928151257880267699e-02 1.909521800138834213e-01
2.301347942852093875e-01 5.384114874143772767e-01 4.126395019334729714e-02 1.901897681070660318e-01
2.261803554621156787e-01 5.675762372659785004e-01 3.032184822280353798e-02 1.759215590491023107e-01
2.367593356198150478e-01 5.638529325528309766e-01 2.868254925546472045e-02 1.707051825718891580e-01
2.467269837649930242e-01 5.796183768167995076e-01 4.006413220375028977e-02 1.335905072144572547e-01
2.144989860642708690e-01 6.174089857736243525e-01 2.629540951058313702e-02 1.417966186515217109e-01
2.128283109911880688e-01 6.237595087237846059e-01 4.359639207388676246e-02 1.198157882111406808e-01
2.125789343004263754e-01 5.492335507541232786e-01 3.192642763024269165e-02 2.062610873152076474e-01
1.872527673068801191e-01 6.103947082341735220e-01 4.066756099835477228e-02 1.616849634605916908e-01
2.453293875652291234e-01 5.495661590028940724e-01 3.779867735963780145e-02 1.673057760722388432e-01
2.239652451251045728e-01 5.948207042212723117e-01 4.022409587450628127e-02 1.409899547791167718e-01
2.144400090409642468e-01 6.077999354421167455e-01 3.464114167577529713e-02 1.431189138411436412e-01
2.452172954826391527e-01 5.409500018881666650e-01 3.452901162733226781e-02 1.793036910018617758e-01
2.440030511066799690e-01 5.706870828067744927e-01 3.950397426123640476e-02 1.458058918253092862e-01
2.141695846607382103e-01 5.757800987833481265e-01 4.933039093469463593e-02 1.607199256212190341e-01
1.954170181156098807e-01 5.803053762972051333e-01 3.944361075434205804e-02 1.848339948328428795e-01
2.231716293037546150e-01 5.840165009572197974e-01 2.868037370025351349e-02 1.641314960387720290e-01
1.669939611272206748e-01 6.571347812336376659e-01 2.898282875169472250e-02 1.468884288874469646e-01
2.285776153684693501e-01 5.693406278185461078e-01 3.881208784367010112e-02 1.632696689693143299e-01
1.549715226701927906e-01 6.375689881245163448e-01 4.725496514867728870e-02 1.602045240566136175e-01
2.070193999173449151e-01 6.355835414734635203e-01 1.933024447353972469e-02 1.380668141356519441e-01
2.153497710309067725e-01 5.865502527439013791e-01 4.232853889212472714e-02 1.557714373330670310e-01
2.271879106417366290e-01 5.357402283389391950e-01 4.773056768382399895e-02 1.893412933355002603e-01
2.467715167683836863e-01 5.985172412199528669e-01 3.109089676823696344e-02 1.236203452434264383e-01
2.616487565806122073e-01 5.743065243874054815e-01 3.985815206138943606e-02 1.241865669705929515e-01
1.762358407963035556e-01 6.130106091438387583e-01 5.585782498085032494e-02 1.548957250790073126e-01
2.226372587123384983e-01 5.742205881585666916e-01 3.413713937178131791e-02 1.690050137573134437e-01
1.501506950577198851e-01 6.410900477914239781e-01 2.368448734261501334e-02 1.850747698082410575e-01
2.592396144166260186e-01 5.425218855960713960e-01 3.938392095347168637e-02 1.588545790338306563e-01
2.070318738975594208e-01 5.803924487063190085e-01 4.311404001461359436e-02 1.694616373815080734e-01
2.309925652342964819e-01 5.942541686731158679e-01 3.530439386284054543e-02 1.394488722297471395e-01
2.408127116697626191e-01 5.562336803578881161e-01 2.616396715311797641e-02 1.767896408192312363e-01
1.732969514978862924e-01 5.652222382293567993e-01 4.223797152073506533e-02 2.192428387520217736e-01
1.933091040735368527e-01 6.036544373474305170e-01 3.349246747793480777e-02 1.695439911010978851e-01
1.921418645190197116e-01 5.982959318664491377e-01 3.886748284525615160e-02 1.706947207692750546e-01
2.463177717176527337e-01 5.809715156142614134e-01 2.615031563487154459e-02 1.465603970332143846e-01
1.841114445164484525e-01 6.151434712893185663e-01 2.311542972924043177e-02 1.776296544649925424e-01
2.308762589532343257e-01 5.980447310939845940e-01 2.466306879808054242e-02 1.464159411547004686e-01
1.953173554552082580e-01 5.785813300982834972e-01 3.116572837145469357e-02 1.949355860750535130e-01
2.195798280215791876e-01 6.110648630888178001e-01 2.650372383553089434e-02 1.428515850540721388e-01
2.158678778205413706e-01 6.448190254057827309e-01 1.966897194275697702e-02 1.196441248309190603e-01
1.877454602498510594e-01 5.999984877675207384e-01 4.819278716116029426e-02 1.640632648214679079e-01
2.301532684844450338e-01 5.781369489294626574e-01 3.145941325260403348e-02 1.602503693334882406e-01
1.772812813397728615e-01 6.091274073870353023e-01 5.134325100242975726e-02 1.622480602707620512e-01
2.116134994012725812e-01 6.008361606975719527e-01 2.971879520264524011e-02 1.578315446985101012e-01
2.258248773399869069e-01 5.836268285939354428e-01 3.927069144047185684e-02 1.512776026256056894e-01
1.804550862058534044e-01 5.931011513193109597e-01 3.869942867345469578e-02 1.877443338013809471e-01
2.142536360043751920e-01 5.741289298102544292e-01 4.612542058868222133e-02 1.654920135966880812e-01
1.985026204229419222e-01 6.050877049963750975e-01 2.711014377768227596e-02 1.692995308030008084e-01
1.899705857341043025e-01 5.987772335539536250e-01 3.878810677663530743e-02 1.724640739353068553e-01
2.270840307297391503e-01 6.031856735690666049e-01 1.814949590179219113e-02 1.515807997994020884e-01
2.044113679258690586e-01 6.245647182583214940e-01 4.283145314454307045e-02 1.281924606712662451e-01
2.277063648996139333e-01 5.584979786295289905e-01 3.318694420564961833e-02 1.806087122652075272e-01
2.149389976340183028e-01 5.654255212865624269e-01 4.165599668354422191e-02 1.779794843958751038e-01
2.266558900570536939e-01 5.948611221427607676e-01 2.949340924855018559e-02 1.489895785516353599e-01
2.356783952562886419e-01 5.248071847564867998e-01 3.405332007130403710e-02 2.054610999159204865e-01
2.172685917535244204e-01 6.175951738881886310e-01 3.497481976639636725e-02 1.301614145918905951e-01
2.347250130456935424e-01 5.707201359982256861e-01 3.018995514708438035e-02 1.643648958089964085e-01
2.179625825730933941e-01 6.200541492628868223e-01 2.606756092210479533e-02 1.359157072419148460e-01
2.514934630127106385e-01 5.697432227870494748e-01 2.789241221839768373e-02 1.508709019818421371e-01
2.425276308164988348e-01 5.949569524589805036e-01 2.810241024367047397e-02 1.344130064808503611e-01
1.757220290041322242e-01 5.944288242472549610e-01 2.514140321620588620e-02 2.047077435324068939e-01
2.583900945616846578e-01 5.792929953064330784e-01 4.262619309633457199e-02 1.196907170355477473e-01
1.879476858263973982e-01 5.942312617368191718e-01 4.060669747800086521e-02 1.772143549587824884e-01
2.158535675893033245e-01 5.962483179045464654e-01 6.062931384498033982e-02 1.272688006611698563e-01
2.297983671644834580e-01 5.827889445597281837e-01 3.170959848344691301e-02 1.557030897923414037e-01
2.128917141674628311e-01 6.046179506012513416e-01 3.634231130456642977e-02 1.461480239267193004e-01
2.593566180527522302e-01 5.390487288157792545e-01 3.010452246653854205e-02 1.714901306649299906e-01
1.868150572628784478e-01 6.204513991664298844e-01 1.567260711609857679e-02 1.770609364545930320e-01
2.458641763373838329e-01 5.622233894098194185e-01 2.680614261139563359e-02 1.651062916414011705e-01
1.933736432549643391e-01 5.429007926281399499e-01 4.717866688263428615e-02 2.165468972342614318e-01
1.693900471967351440e-01 6.367428890661070984e-01 2.808749374535496335e-02 1.657795699918028498e-01
2.053730219609809227e-01 5.989047647086980231e-01 3.464547082000262596e-02 1.610767425103185047e-01
1.924251817751100602e-01 6.047083216740963829e-01 2.237948352432052312e-02 1.804870130264730199e-01
2.046579754515005511e-01 5.705207502161991906e-01 4.999313004114074727e-02 1.748281442911596428e-01
1.722382967460646397e-01 6.346988359968933624e-01 3.727796089781479361e-02 1.557849063592271766e-01
2.474650322466272756e-01 5.625873444967982584e-01 5.122168731686072701e-02 1.387259359397136627e-01
2.335768549969962915e-01 5.740167275771793642e-01 5.996611762651229277e-02 1.324402997993120168e-01
2.325013423018505165e-01 6.011899676776127910e-01 2.377743911635617213e-02 1.425312509041805620e-01
2.012716438575190558e-01 5.958229815916483707e-01 4.499653596738894396e-02 1.579088385834437336e-01
2.304365130492985470e-01 5.484993424046084032e-01 3.268684623527412514e-02 1.883772983108189525e-01
2.068102857152276097e-01 6.073789904235736836e-01 3.973810259266989664e-02 1.460726212685286851e-01
2.065481086250660625e-01 5.903006445516389977e-01 4.397147406428983385e-02 1.591797727590049671e-01
2.509285197499029896e-01 5.773483781300383644e-01 1.625311595115143046e-02 1.554699861689072260e-01
2.388002396169110197e-01 5.416251962218077143e-01 3.247690531115667717e-02 1.870976588501245541e-01
2.051222007620190080e-01 6.110612711016305543e-01 3.502814002123926657e-02 1.487883881151112475e-01
2.046907466975799172e-01 6.119290631211360409e-01 3.443038352692145282e-02 1.489498066543626098e-01
2.303531726647142786e-01 5.703572468733877354e-01 3.133935889956342147e-02 1.679502215623346340e-01
1.767756015679313175e-01 6.251638796304674894e-01 4.560802096783683063e-02 1.524524978337641890e-01
2.284101380458888608e-01 5.338825950836957324e-01 3.077764177741335733e-02 2.069296250930019732e-01
1.755431520910795684e-01 6.460244342375874860e-01 1.675055587555290826e-02 1.616818577957800929e-01
2.262174857158738284e-01 5.646634143735524969e-01 4.173692225555070828e-02 1.673821776550228901e-01
2.554249486074809394e-01 5.418597835727692047e-01 4.077690584508208288e-02 1.619383619746678771e-01
1.984614669752312321e-01 5.738578558756182169e-01 3.438471668739843251e-02 1.932959604617521809e-01
2.281539289091341072e-01 6.033939467571111104e-01 3.302790097777067585e-02 1.354242233559840858e-01
2.273802798280302739e-01 5.468210900345391590e-01 6.255690945596539820e-02 1.632417206814651134e-01
2.167560375357129865e-01 6.097991367667932039e-01 2.395860246291652354e-02 1.494862232345772202e-01
1.953542730990872334e-01 5.950126401292422651e-01 3.466198844011331159e-02 1.749710983315571067e-01
2.091611732717879590e-01 6.127892142407830312e-01 2.632912191464436766e-02 1.517204905727845832e-01
2.339890226532607698e-01 5.952773644280470178e-01 2.811550443622969769e-02 1.426181084824624523e-01
2.554813818738600473e-01 5.191232287611918794e-01 5.205466338939141596e-02 1.733407259755568586e-01
2.441925180862494216e-01 5.767430046738031280e-01 6.053657899056111291e-02 1.185278982493862404e-01
2.068682449153500802e-01 6.215810541742093909e-01 2.400182484587929863e-02 1.475488760645611852e-01
2.079033877813275810e-01 5.737567214832576257e-01 4.176700600451623696e-02 1.765728847308983551e-01
2.154367416981047001e-01 5.807055689887231642e-01 4.117814462104477102e-02 1.626795446921273647e-01
1.867257720381777508e-01 6.284105804908670656e-01 3.022817938567904858e-02 1.546354680852760899e-01
2.002468033094091659e-01 5.903145735317685272e-01 2.343721218520825392e-02 1.860014109736140842e-01
2.106219684405575554e-01 6.005531181445680211e-01 2.375615751255980013e-02 1.650687559023146511e-01
1.702269908325755032e-01 6.189114639158446174e-01 4.452996613429036771e-02 1.663315791172897407e-01
2.120049230638720028e-01 5.639499149227206187e-01 3.228025230173551391e-02 1.917649097116720103e-01
2.109881868538719119e-01 6.227393753515253483e-01 3.089494669019733283e-02 1.353774911044053619e-01
2.442653387321920833e-01 5.975158932543530588e-01 2.350192463705071816e-02 1.347168433764040774e-01
2.132433129387609483e-01 5.741938685708007917e-01 4.670992703930561263e-02 1.658528914511327723e-01
2.512545077317742126e-01 5.222027286070091145e-01 2.395445340356259362e-02 2.025883102576539752e-01
1.979804023075938113e-01 6.134059569575190940e-01 3.523857117469904321e-02 1.533750695601879821e-01
2.185424277415564387e-01 6.023965561473483277e-01 3.764666224031638225e-02 1.414143538707787751e-01
1.834623136406037247e-01 5.975045098699970358e-01 5.168595654023343949e-02 1.673472199491657375e-01
2.037031670155141361e-01 5.674018005703950207e-01 4.198180262072680885e-02 1.869132297933639997e-01
2.444762260392281950e-01 5.387991040362645201e-01 2.510389186869882439e-02 1.916207780558084051e-01
2.168876256685940140e-01 5.785093202878142105e-01 2.647605603649515887e-02 1.781269980070966930e-01
1.743203342113632537e-01 6.185411396868735201e-01 2.825960792020491483e-02 1.788789181815582663e-01
1.582315085413124045e-01 6.211460590118607072e-01 4.798464785296471802e-02 1.726377845938620870e-01
1.997211179014580784e-01 5.553310683354067967e-01 6.507593256767631174e-02 1.798718811954588548e-01
2.020942238400478541e-01 6.234859378187748158e-01 2.884140610700545657e-02 1.455784322341716897e-01
2.090181616556813227e-01 6.125276052009190897e-01 3.267563577181577944e-02 1.457785973715838290e-01
2.213878882446348728e-01 5.345522483082788545e-01 4.020241164633219649e-02 2.038574518007540415e-01
1.864306560369818622e-01 5.933518523127339073e-01 6.949257734270700149e-02 1.507249143075772568e-01
1.881569414225120751e-01 6.341055312541771238e-01 2.851788099915607277e-02 1.492196463241547422e-01
2.216652867491465395e-01 5.842690320568151296e-01 3.754161964138229279e-02 1.565240615526559964e-01
2.274998359468349829e-01 5.944324575437578417e-01 3.564298982727368698e-02 1.424247166821333843e-01
1.826172147969001569e-01 5.964524590170146023e-01 3.867957951410021938e-02 1.822507466719849867e-01
2.288052252250513396e-01 6.258510299092332474e-01 3.004249079846398052e-02 1.153012540672513908e-01
1.960871636464398826e-01 5.850827087084746747e-01 4.294583654119255023e-02 1.758842911038929480e-01
2.018810562288299859e-01 6.016706735190233690e-01 1.896143771081361049e-02 1.774868325413330450e-01
2.225570601978237029e-01 5.779876464103074207e-01 4.883861051869205910e-02 1.506166828731768381e-01
2.160867319004339537e-01 5.953809608665007191e-01 3.886049008770241231e-02 1.496718171453630120e-01
2.299038815185769635e-01 5.900690211796320028e-01 3.262331072816508637e-02 1.474037865736260167e-01
2.148730145148642634e-01 5.970123970104498357e-01 3.426014390625412021e-02 1.538544445684317807e-01
2.158257845218631010e-01 5.521017305874829084e-01 3.926447405399275531e-02 1.928080108366614642e-01
2.297117039499716740e-01 5.990465293681157544e-01 2.592233149282035035e-02 1.453194351890923219e-01
2.142166440635759617e-01 5.729714709257506255e-01 3.378991169383835369e-02 1.790219733168350036e-01
2.254281341547880735e-01 5.525448376036521392e-01 4.372480303262330642e-02 1.783022252089364601e-01
2.098139696578806834e-01 5.563265453677835870e-01 4.193421948313189734e-02 1.919252654912036171e-01
2.225898616123226925e-01 5.951941443092487738e-01 2.607526237767278030e-02 1.561407317007557360e-01
2.399667519995895004e-01 5.673082789052437125e-01 3.677925314150120445e-02 1.559457159536655757e-01
2.287319200461193913e-01 5.343876571301474643e-01 5.652728616151037055e-02 1.803531366622228571e-01
2.287616990577516773e-01 5.869949186014231657e-01 3.123516582388639190e-02 1.530082165169388553e-01
2.174549435672030739e-01 5.779624508426435270e-01 3.360977468493263343e-02 1.709728309052206963e-01
2.379216829528644495e-01 5.554780386039616102e-01 3.302051761018409692e-02 1.735797608329899544e-01
1.885544517029068556e-01 5.889339408406258913e-01 4.024583411565461205e-02 1.822657733408126757e-01
1.870642532677462277e-01 6.166075696825247254e-01 3.416099336581401857e-02 1.621671836839150838e-01
2.422162674141618288e-01 6.089068296948572101e-01 2.833005319873393643e-02 1.205468496922472016e-01
1.866300921970314997e-01 6.222524561149894717e-01 4.524694946221972242e-02 1.458705022257593964e-01
1.921196940442531365e-01 5.937593933002821567e-01 5.784667502771905639e-02 1.562742376277455048e-01
2.024875896866360492e-01 6.063628476889593166e-01 2.831017240344824160e-02 1.628393902209563926e-01
2.152670874028194126e-01 5.639420306097625568e-01 5.461636340292723435e-02 1.661745185844907546e-01
2.253605941481224284e-01 5.642542595933488503e-01 4.205474751728159599e-02 1.683303987412471392e-01
2.402351334150160667e-01 5.771280921207182502e-01 4.218939600793839007e-02 1.404473784563272931e-01
2.143571600524623033e-01 6.373482771705947236e-01 2.240394654157321086e-02 1.258906162353697900e-01
2.113688945905736194e-01 5.793899913035311933e-01 3.069922828628875167e-02 1.785418858196064773e-01
2.150473093901801303e-01 6.125392863459823145e-01 2.973013239403484234e-02 1.426832718698026747e-01
2.216526778625832195e-01 6.208435910917592393e-01 2.287489642369494938e-02 1.346288346219624288e-01
1.985897795057903759e-01 5.711319408529216268e-01 3.821727360590987388e-02 1.920610060353781234e-01
2.418212924476439707e-01 5.669858154906050052e-01 2.734832317818237934e-02 1.638445688835686587e-01
1.868045499673682830e-01 6.297270933468550602e-01 5.249715472959533280e-02 1.309712019561812824e-01
2.776645680983528264e-01 5.829683761867042735e-01 3.156012742327757997e-02 1.078069282916652577e-01
2.113388263419604118e-01 6.026668648757596003e-01 3.842185607883091131e-02 1.475724527034491251e-01
2.161797843022720822e-01 5.994033178011243246e-01 4.882430049506968073e-02 1.355925974015338431e-01
1.900998167718202791e-01 6.263916369356932190e-01 3.825300558040608395e-02 1.452555407120806052e-01
1.880645915599482021e-01 6.381626587736065614e-01 4.583067894312557733e-02 1.279420707233196730e-01
2.356357822207979236e-01 5.745287997359804777e-01 2.393327886569720023e-02 1.659021391775243603e-01
2.411858219107270440e-01 5.798208255436253511e-01 2.597969566350636847e-02 1.530136568821413579e-01
2.467414019328802721e-01 5.530189138592855880e-01 3.055475204997350203e-02 1.696849321578607073e-01
2.584881442373974658e-01 5.695037639236119054e-01 2.819183488199596826e-02 1.438162569569946814e-01
2.099795985297316092e-01 5.936234166777688559e-01 3.410624593380755243e-02 1.622907388586919131e-01
2.542529778840499910e-01 5.669896490552011059e-01 1.685536412810305362e-02 1.619020089326458356e-01
1.799929620914819395e-01 6.022432441856691021e-01 4.548603015710202951e-02 1.722777635657468387e-01
2.169623088778267483e-01 6.129078289981929606e-01 3.538301406417550254e-02 1.347468480598046914e-01
2.489139635958891872e-01 5.284726301221058797e-01 2.870167473656899670e-02 1.939117315454359503e-01
2.405397571390084643e-01 5.449692907591470181e-01 4.195920507782442688e-02 1.725317470240200768e-01
2.038003624319642548e-01 5.658209882895399723e-01 4.844640265903149556e-02 1.819322466194641386e-01
2.046335445200282155e-01 5.661725346277513005e-01 3.641632641510886975e-02 1.927775944371116212e-01
1.889286733300035437e-01 5.584036274113204357e-01 4.435411946030708152e-02 2.083135797983690085e-01
2.071668784975380651e-01 5.552846555975418097e-01 3.783096119997388096e-02 1.997175047049460639e-01
2.177646141690920967e-01 6.079536129717437731e-01 3.198000331605886648e-02 1.423017695431052776e-01
