3.487852195260772725e-01 1.421314838424105886e-01 4.293920861605617784e-02 4.661440880154559263e-01
3.804705186022192542e-01 1.360677921865773854e-01 7.728623521111777084e-02 4.061754540000855895e-01
3.209429268459387807e-01 1.787230892905150303e-01 5.274749406849789379e-02 4.475864897950483923e-01
3.892548893768918439e-01 8.790323831759912221e-02 6.808232625610134703e-02 4.547595460494077702e-01
3.404636255276031753e-01 1.173361350046612517e-01 5.469244032907276398e-02 4.875077991386627674e-01
3.061878692832411542e-01 1.305540994202237515e-01 5.431328886810996015e-02 5.089447424284250232e-01
3.832836300958715192e-01 1.541861026879189911e-01 5.883443661407963127e-02 4.036958306021298792e-01
3.622010684814008230e-01 1.323183221264138676e-01 6.106652566243968988e-02 4.444140837297457236e-01
4.192306459947233721e-01 1.225842443225615003e-01 5.078921438331806398e-02 4.073958952993969596e-01
3.390316234472239287e-01 1.242803274358442595e-01 4.891809983673292561e-02 4.877699492801988446e-01
3.289759934428661547e-01 1.081648316662778275e-01 8.601940631254943737e-02 4.768397685783066220e-01
4.142443555567579816e-01 1.139174511865946177e-01 4.040304391440686926e-02 4.314351493422404760e-01
4.107479859064513961e-01 1.088162200022401993e-01 3.758515801886562480e-02 4.428506360724427937e-01
3.811130030560555548e-01 1.214341820150584977e-01 4.670486889170701733e-02 4.507479460371789370e-01
3.746951715992796750e-01 1.279397337979491234e-01 1.382463153042455192e-02 4.835404630723466601e-01
3.959124881406528296e-01 1.489121588257499851e-01 3.712740093011007020e-02 4.180479521034869972e-01
3.735525169919062249e-01 1.462058433096479759e-01 4.393123811769503867e-02 4.363104015807509062e-01
3.762117153451665641e-01 1.291207873987026689e-01 5.726446395427111508e-02 4.374030333018597005e-01
3.427941459011769054e-01 1.153754593414780261e-01 3.708597404573502065e-02 5.047444207116100756e-01
3.896719823452937659e-01 9.887479456436203129e-02 5.678136391360671248e-02 4.546718591767375250e-01
3.718129906203655466e-01 1.419284580288505127e-01 8.923036915651130774e-02 3.970281821942725498e-01
3.410111883041825886e-01 1.274918210632960680e-01 2.709099245914348489e-02 5.044059981733779452e-01
3.329036884853368572e-01 1.440472886176748235e-01 4.895160789531259604e-02 4.740974150016756261e-01
3.417564923702655078e-01 1.311964958673805526e-01 5.001692573571907968e-02 4.770300860266349363e-01
3.758773640291120932e-01 1.134435723929177187e-01 6.784390300064846446e-02 4.428351605773218069e-01
3.870053796707140226e-01 1.263868611902392025e-01 3.178079954217481740e-02 4.548269595968718604e-01
3.074567760340742861e-01 1.222213491568738680e-01 6.569007268739079919e-02 5.046318021216610328e-01
3.573581406873443944e-01 1.258985110483968883e-01 2.932185533798827015e-02 4.874214929262705165e-01
2.903214449927821184e-01 1.509408537243278059e-01 5.918763836586717064e-02 4.995500629170229745e-01
3.861447261609475268e-01 1.341840796671413816e-01 4.530398626119552796e-02 4.343672079107154804e-01
3.473893411354958549e-01 1.127880882022707643e-01 4.666972985625984782e-02 4.931528408059734914e-01
3.307903327429102536e-01 1.318972488519315200e-01 6.849216296850456354e-02 4.688202554366536767e-01
3.135900567536515915e-01 1.554916165828908459e-01 4.885332496945481856e-02 4.820650016940028482e-01
4.067106448180031197e-01 1.711326369709720019e-01 2.937182807808164098e-02 3.927848901329432096e-01
4.279816475569792056e-01 1.045868834354414384e-01 5.425558017297521518e-02 4.131758888346039327e-01
3.270791726188058690e-01 1.468963161107542936e-01 8.566287524479493376e-02 4.403616360256448203e-01
3.769434873950989195e-01 1.200153741992305290e-01 3.363988165423156124e-02 4.694012567514390111e-01
3.887824060637189993e-01 1.059605415417820412e-01 4.884867227138028206e-02 4.564083801231185733e-01
3.061008697966611236e-01 1.441192141542559368e-01 6.106474695167890543e-02 4.887151690974040896e-01
3.947421790113848639e-01 1.355170384726369637e-01 5.932017528575212612e-02 4.104206072302259423e-01
3.903318217531603906e-01 1.185031902493058620e-01 7.298760630235949509e-02 4.181773816951743217e-01
3.675456928352368036e-01 1.407061302157779636e-01 6.060778298404316533e-02 4.311403939649420813e-01
4.087379150941882755e-01 1.058003648812154140e-01 6.125319499501761383e-02 4.242085250295786758e-01
3.815419911279097631e-01 1.530611665885721340e-01 3.714664371314686103e-02 4.282501985703711656e-01
3.525617120459593745e-01 1.017189206866028761e-01 4.743612507332630596e-02 4.982832421941115197e-01
3.666939595516972572e-01 1.568434596666973269e-01 3.827381289209893372e-02 4.381887678895065030e-01
3.147083443548920889e-01 1.223989550040156526e-01 5.122961467575254391e-02 5.116630859653397145e-01
3.658844132395934201e-01 1.284390688008437698e-01 4.661188183329770945e-02 4.590646361262651909e-01
3.669355287859641934e-01 1.355717377755899788e-01 4.166867018983887172e-02 4.558240632486069144e-01
3.669400233586802007e-01 1.138844330888224982e-01 2.454830478430313628e-02 4.946272387681942551e-01
3.615155792468854323e-01 1.131989298341663647e-01 5.383647693880630469e-02 4.714490139801418844e-01
3.609793701853202808e-01 1.337910311481691206e-01 2.526781158701855295e-02 4.799617870794919972e-01
3.923257212709541086e-01 1.059670477470480016e-01 3.354089187698478663e-02 4.681663391050131517e-01
3.875974845653987755e-01 1.405060435405464658e-01 3.971409777255190815e-02 4.321823741215028436e-01
3.494114939517538598e-01 1.275604826792774982e-01 5.291358920153167028e-02 4.701144341674370342e-01
3.484530626398684161e-01 9.576742907117902215e-02 5.639764614263830661e-02 4.993818621463143592e-01
3.251895693065671722e-01 1.289320374616879927e-01 2.456336910407166257e-02 5.213150241276731656e-01
3.551424184514987425e-01 1.525368200460371915e-01 3.706183599344494567e-02 4.552589255090192522e-01
4.113243029835484954e-01 1.534147823815215084e-01 4.728950033336373759e-02 3.879714143015662309e-01
3.870172235573549058e-01 1.301596181124545504e-01 5.676822308457831617e-02 4.260549352456122763e-01
3.472635886291304819e-01 1.334985073264081945e-01 3.510917258587748641e-02 4.841287314585837054e-01
3.477495242720927693e-01 1.238098653794824089e-01 4.385330692187141416e-02 4.845873034265533730e-01
3.833630054829132994e-01 1.183037499834616313e-01 4.700285220922231083e-02 4.513303923244027516e-01
3.195589358479527520e-01 1.406126457601813706e-01 3.474522532385748708e-02 5.050831930680083071e-01
3.944655223657912990e-01 1.177387630590426143e-01 3.539573093065009890e-02 4.523999836445161127e-01
2.973976806178362242e-01 1.393190571100668684e-01 7.736004842456879749e-02 4.859232138475281237e-01
3.477982096406300738e-01 1.651253406097742404e-01 5.774232860216151758e-02 4.293341211474341335e-01
4.162348050265476940e-01 1.029666627678326868e-01 5.383390683917711750e-02 4.269646253664424185e-01
3.317317875883863953e-01 1.171572911916351073e-01 6.868229383900562035e-02 4.824286273809729186e-01
3.545761594044734011e-01 1.350370617614397584e-01 7.889033489126104359e-02 4.314964439428258247e-01
4.179531920849822724e-01 9.978491047212587062e-02 5.140266992843264132e-02 4.308592275144590977e-01
3.713139231335508827e-01 1.211734576012319375e-01 6.194829673499020056e-02 4.455643225302270971e-01
3.197093984026040392e-01 1.317504397878031530e-01 5.004272414669801161e-02 4.984974376628947268e-01
3.616798402600282514e-01 1.197117414786295631e-01 4.798956713254261958e-02 4.706188511287996978e-01
4.254597374299858847e-01 9.501215151151999605e-02 8.696169668914377482e-02 3.925664143693503028e-01
3.144545559640097299e-01 1.615513720656083230e-01 2.886626828344442813e-02 4.951278036869375399e-01
3.996710262846508432e-01 1.466734466967200279e-01 2.660187945602134063e-02 4.270536475626077189e-01
3.800776986869154328e-01 1.752151348476704840e-01 4.144617993446618465e-02 4.032609865309479957e-01
3.663372818319033941e-01 1.566324941885382238e-01 6.106739570497056457e-02 4.159628282745878036e-01
2.970854687980568620e-01 1.323720274424882992e-01 5.345403856910511953e-02 5.170884651903495666e-01
3.107743255945371041e-01 2.043233902784505618e-01 3.604583866407444492e-02 4.488564454629379030e-01
3.570422557383267637e-01 1.404856247070220276e-01 5.073065821515202606e-02 4.517414613394992173e-01
3.869969091255388571e-01 1.245340610912744339e-01 4.442897011071941793e-02 4.440400596724672910e-01
3.534182386607431225e-01 1.066321994615151703e-01 5.781660009121435129e-02 4.821329617865272588e-01
4.236223643581064624e-01 1.390657220520069570e-01 5.415975472246829098e-02 3.831521588674184353e-01
3.633662746302357416e-01 1.596933038829676244e-01 5.381485959150268672e-02 4.231255618952939890e-01
3.953699358736536551e-01 1.134082699940171385e-01 8.642507403146861000e-02 4.047967201008606519e-01
3.688878158214994318e-01 1.505275421150048532e-01 7.041237666142757812e-02 4.101722654020680814e-01
3.728203867909584690e-01 1.313105852949014163e-01 5.148320750696255138e-02 4.443858204071776119e-01
3.237466675899985935e-01 1.461222687448230639e-01 6.122441888942150440e-02 4.689066447757567202e-01
3.641400124418708306e-01 1.273543716802204850e-01 4.426053436978629602e-02 4.642450815081223814e-01
3.543635138787005756e-01 1.370366990351419567e-01 3.623080560715984111e-02 4.723689814789976404e-01
3.894121474688131967e-01 1.418935729331042561e-01 3.897827999057380116e-02 4.297159996075086696e-01
3.156494903492840232e-01 1.284305331033712971e-01 7.106312479767405710e-02 4.848568517496706365e-01
3.434239416766601827e-01 1.721662253857388913e-01 5.154457591593393506e-02 4.328652570216670603e-01
3.514091302966662056e-01 1.258353747551607393e-01 6.238245733991287789e-02 4.603730376082603160e-01
3.891084332598239159e-01 1.049688103358870223e-01 5.249983090418064435e-02 4.534229255001083758e-01
3.329374100537027537e-01 1.387357492558334848e-01 4.621203312135874208e-02 4.821148075691050194e-01
3.402107726292620815e-01 1.285161162762266940e-01 3.868717806849478191e-02 4.925859330260163871e-01
2.861999621041467767e-01 1.694987232102363739e-01 5.016934199628922397e-02 4.941319726893276809e-01
3.398051399239290782e-01 1.388324228078168243e-01 7.019746416120231647e-02 4.511649731070518921e-01
3.612538184510916683e-01 9.918410451515424775e-02 4.837713285447417522e-02 4.911849441792799364e-01
2.961411078172249134e-01 1.314422397826903455e-01 3.462603729422848720e-02 5.377906151058563511e-01
3.846869337536053535e-01 1.584190621366159957e-01 4.091892317709122651e-02 4.159750809326874244e-01
3.415656425690606901e-01 1.259143534423169675e-01 6.710462183710427797e-02 4.654153821515181755e-01
4.175172961099642421e-01 1.092015386182951658e-01 5.129363739658829302e-02 4.219875278751522574e-01
3.065557044360979755e-01 9.987194549025017742e-02 6.110490852603622097e-02 5.324674415476156053e-01
3.757039711958289896e-01 1.081176396061181988e-01 3.249483507189539211e-02 4.836835541261575444e-01
3.205140776021233040e-01 1.016314932285252992e-01 7.937562532337032184e-02 4.984788038459811443e-01
4.099528428033533123e-01 1.302390685182162333e-01 4.592005226264242457e-02 4.138880364157879188e-01
3.509894228230228674e-01 1.189056029096758060e-01 4.883192135371141468e-02 4.812730529135898494e-01
3.281976808986730720e-01 1.539377842827265308e-01 7.487953706461893122e-02 4.429849977539814243e-01
3.671758990252160793e-01 1.331608222657641172e-01 4.442874314967121957e-02 4.552345355593484522e-01
3.577544524276374815e-01 1.233810023312670867e-01 5.297158928094931191e-02 4.658929559601462378e-01
3.704406875643829755e-01 1.428679643695781321e-01 3.564622275519645223e-02 4.510451253108424541e-01
3.478328871889711515e-01 1.257125490776160315e-01 6.124429603673100381e-02 4.652102676966817785e-01
3.167630501286780587e-01 1.814010238722269797e-01 6.395741387545170187e-02 4.378785121236430933e-01
3.579910192175005945e-01 1.275759807700486692e-01 5.687487219830672514e-02 4.575581278141440666e-01
3.476168550245812283e-01 1.624877808792439260e-01 6.059229851168914521e-02 4.293030655844857213e-01
3.468597679920940591e-01 1.135018167028208347e-01 5.507566945128453822e-02 4.845627458538004362e-01
3.639731138673419908e-01 1.568892585623107294e-01 6.170152530412384428e-02 4.174361022662232967e-01
3.408657191386145202e-01 1.508765010376933724e-01 8.099361830215150160e-02 4.272641615215403976e-01
3.718399549925683334e-01 1.566762036347268683e-01 2.925658056327180151e-02 4.422272608094329205e-01
3.069974584515597349e-01 1.622180523745866132e-01 3.579835954640770562e-02 4.949861296274458700e-01
3.334389089697775699e-01 1.332162198309054524e-01 5.928725534304144645e-02 4.740576158562754827e-01
3.534136683854014471e-01 1.187076800304644603e-01 7.382603575877444424e-02 4.540526158253596622e-01
3.452353070335478225e-01 1.673222625309150335e-01 5.743083069644545208e-02 4.300115997390916434e-01
4.151092085143143207e-01 1.402230898343915233e-01 5.708979810232295282e-02 3.875779035489710922e-01
3.678078229688700462e-01 1.416672077143953101e-01 7.106791530677762647e-02 4.194570540099569200e-01
3.580887336200912485e-01 1.216792842970654404e-01 4.549906605193711900e-02 4.747329160309062268e-01
3.645410652284323816e-01 1.734420162335011673e-01 3.719899902744309983e-02 4.248179195106231432e-01
3.809780235563060002e-01 1.692429631575026183e-01 2.618731631042321706e-02 4.235916969757683170e-01
3.334546244293582484e-01 1.544500278958431116e-01 2.747307052226704085e-02 4.846222771525316442e-01
3.525440732020589940e-01 1.438791232631957961e-01 4.220867132771326941e-02 4.613681322070318225e-01
3.559280386919529970e-01 1.536116394189831202e-01 4.262817064624036673e-02 4.478321512428236062e-01
3.688831184197399748e-01 1.343687483084242684e-01 4.733469924857050537e-02 4.494134340232651681e-01
3.954915389516661106e-01 1.532739575600645943e-01 6.030700423847332875e-02 3.909274992497958623e-01
3.544224315438153639e-01 1.249622444444531133e-01 4.783185377252173465e-02 4.727834702392096911e-01
3.299886913924787168e-01 1.532454471800429319e-01 2.950130317422908210e-02 4.872645582532494912e-01
3.321475317380357950e-01 1.516743725872913007e-01 3.339698379822624713e-02 4.827811118764466780e-01
3.822880461885290737e-01 1.260807978635705429e-01 3.749499030756200252e-02 4.541361656403384850e-01
3.792897244471664098e-01 1.356196776204135757e-01 3.303849945101387797e-02 4.520520984814062060e-01
3.508390447619613162e-01 1.363201837146408024e-01 5.339034166147247490e-02 4.594504298619253579e-01
3.620615723674602826e-01 1.197321458556230983e-01 5.238419816252185002e-02 4.658220836143946442e-01
3.791789030838524921e-01 1.198879766211880804e-01 3.493638333554009712e-02 4.659967369594192887e-01
3.427049651062944458e-01 1.174774362814237638e-01 3.945555857223066731e-02 5.003620400400512480e-01
3.898622219783459686e-01 1.366813248657019197e-01 4.589229130712588201e-02 4.275641618488262297e-01
3.810867193368242534e-01 1.566641397381825229e-01 3.680348109763527387e-02 4.254456598273578805e-01
3.289535918163008499e-01 9.737662389345472236e-02 5.142148814551832786e-02 5.222482961447261207e-01
3.711699110279216840e-01 1.278718784963732702e-01 4.081857799053946467e-02 4.601396324851656505e-01
3.534074205941533653e-01 1.123491882510140871e-01 5.977815957289513149e-02 4.744652315819373745e-01
3.661243726099175366e-01 1.145980955125417700e-01 3.206258735393442000e-02 4.872149445236063081e-01
3.536033314019656482e-01 1.235150954332853157e-01 4.541901292864822942e-02 4.774625602361008969e-01
3.227944545905774842e-01 1.401400207755854610e-01 2.842766645553471486e-02 5.086378581783023156e-01
3.400817154871765835e-01 1.476090274468983832e-01 4.849183937313514270e-02 4.638174176927899461e-01
3.958092274102165131e-01 1.205353875697743604e-01 2.507971680605705980e-02 4.585756682139520146e-01
4.124906436757672656e-01 1.399777765498217419e-01 5.361499783546561093e-02 3.939165819389454648e-01
3.193478429867725454e-01 1.246734118842617312e-01 6.974291578056789065e-02 4.862358293483978189e-01
2.958847857454307007e-01 1.264882007505947759e-01 4.786488948422513295e-02 5.297621240197492032e-01
3.186547578270882419e-01 1.320820421764220542e-01 4.016241770588976912e-02 5.091007822905999625e-01
3.020540085260410290e-01 1.497294248502157310e-01 5.084863704530213913e-02 4.973679295784410037e-01
3.581504761234058365e-01 1.303046244893092953e-01 4.015979276462983832e-02 4.713851066226549258e-01
3.219973017099856949e-01 1.775159141962242559e-01 6.527721108521261639e-02 4.352095730085775438e-01
3.232648846563058176e-01 1.399301217931857577e-01 4.527720134922032236e-02 4.915277922012880052e-01
4.154499240193781362e-01 1.545259831128623085e-01 4.092336325528225793e-02 3.891007296124772696e-01
3.709869519581655006e-01 1.277711016380277398e-01 4.212897399362114381e-02 4.591129724101856158e-01
3.551344059113176188e-01 1.603387065784126764e-01 3.414003838450219847e-02 4.503868491257675410e-01
3.577642825499610657e-01 1.317025392364616354e-01 3.401644238576122248e-02 4.765167358278160070e-01
3.670461533096947560e-01 1.457990648627303376e-01 3.242620629690103756e-02 4.547285755306739174e-01
4.075524088470699469e-01 1.514565598166930649e-01 2.190358095798850685e-02 4.190874503782486271e-01
3.566117121878921159e-01 1.319940625487381891e-01 4.471786700698757860e-02 4.666763582563821511e-01
3.898109679139169503e-01 1.537317801247606586e-01 4.011231770628820303e-02 4.163449342550341048e-01
3.779381472311799106e-01 1.111141420785121958e-01 8.834577668273538298e-02 4.226019340075724551e-01
3.463911615196983429e-01 1.685272632876359811e-01 4.662193890824959525e-02 4.384596362844160877e-01
4.022314553574686813e-01 1.501871004832998902e-01 4.174533124894388297e-02 4.058361129102874276e-01
3.336104124127547976e-01 1.292162669756019011e-01 7.647678648560736481e-02 4.606965341260358393e-01
3.229416243088029659e-01 1.729206565110449900e-01 5.254669528124594063e-02 4.515910238989060965e-01
3.461278662170359510e-01 1.762907494095427297e-01 2.964767584156981564e-02 4.479337085318514378e-01
3.353933781135563508e-01 1.229736779443662414e-01 7.090253533586005075e-02 4.707304086062173432e-01
3.221690638043415711e-01 1.580235259495889610e-01 5.903308172886195110e-02 4.607743285172076764e-01
3.439478558323356694e-01 1.120333976169733126e-01 4.703920068387712483e-02 4.969795458668139765e-01
3.086080658301293411e-01 1.389576653936995254e-01 3.000596027761010323e-02 5.224283084985611447e-01
3.658338235700324126e-01 1.581082281094772779e-01 4.662500121591407753e-02 4.294329471045761348e-01
3.561817584772977718e-01 1.365335588571245096e-01 3.498173772288479949e-02 4.723029449426929260e-01
3.830278842948354745e-01 1.516619223128546079e-01 3.798247308460844102e-02 4.273277203077016084e-01
3.486337224671611223e-01 1.399185057190474590e-01 2.871792121444348075e-02 4.827298505993480315e-01
3.788050841167046046e-01 1.141158392389921700e-01 4.010114095555769587e-02 4.669779356887455712e-01
3.591675402752487201e-01 1.139401149905868577e-01 7.115682825728458782e-02 4.557355164768798761e-01
3.922190771444390989e-01 1.387988853625786168e-01 5.290666294908841910e-02 4.160753745438938722e-01
3.462403170118110718e-01 1.301395434980267829e-01 5.526515036539265957e-02 4.683549891247694719e-01
3.405185576331600239e-01 1.262909246998640544e-01 3.790371669815299077e-02 4.952868009688229933e-01
4.307108713356244123e-01 9.795242450427849024e-02 6.640095006957411061e-02 4.049357540905230146e-01
3.738333439669900282e-01 1.384173313061445310e-01 3.967113817209236976e-02 4.480781865547730503e-01
3.635719212293397340e-01 1.248620916816255838e-01 6.263653806074315211e-02 4.489294490282915162e-01
4.091549375236400721e-01 1.259125071415119479e-01 3.164938772874640455e-02 4.332831676061016379e-01
3.397697053679781254e-01 1.087884703952670395e-01 6.530661318778344104e-02 4.861352110489715050e-01
3.797643419993937397e-01 1.170471681641582079e-01 5.399205592618903926e-02 4.491964339102589299e-01
3.265297756314664568e-01 1.625247697730174135e-01 3.084174151865446897e-02 4.801037130768616712e-01
3.407575566669701073e-01 1.353249925744301196e-01 6.616813611386970773e-02 4.577493146447301209e-01
3.399323609124846324e-01 1.348665034146924735e-01 3.334868480396902674e-02 4.918524508688538188e-01
3.667086835686290125e-01 1.482839160293807634e-01 7.377996271855187527e-02 4.112274376834382239e-01
4.366794276147516474e-01 1.217628791656185511e-01 5.139045486842805377e-02 3.901672383512017617e-01
4.239431548488943324e-01 1.574017631998926581e-01 4.100676729239613461e-02 3.776483146588168194e-01
2.988569668684786240e-01 1.594241119332049372e-01 8.057232970308957076e-02 4.611465914952269096e-01
3.501367422415501696e-01 1.245073117330804530e-01 4.325011834806800903e-02 4.821058276773014240e-01
4.136452381922893218e-01 1.143901251774381289e-01 7.261774722229628887e-02 3.993468894079763576e-01
3.422220651996554786e-01 1.960703811829462295e-01 5.836985585940025062e-02 4.033376977579980482e-01
4.025335975107493525e-01 9.585881038722360303e-02 6.518050547586774768e-02 4.364270866261590887e-01
4.104644217901991521e-01 1.248619320816583417e-01 4.878450617714009951e-02 4.158891399510024067e-01
3.769599709205030957e-01 1.547387663016167036e-01 4.487329307868585110e-02 4.234279696991943842e-01
3.757452417151336821e-01 1.556200257296084521e-01 4.839999943641994790e-02 4.202347331188377999e-01
3.801556410418658882e-01 1.235844023332522690e-01 4.280463336207247782e-02 4.534553232628094621e-01
3.027256762295746362e-01 1.571707135064929761e-01 6.555944171567963663e-02 4.745441685482527649e-01
3.369734090396218629e-01 1.018752850913148961e-01 5.698363033033526648e-02 5.041676755387279885e-01
3.535195591204230436e-01 1.600885465018209997e-01 5.620474610235279972e-02 4.301871482754031639e-01
3.461869375620700851e-01 1.502246281915002868e-01 4.193128330846339347e-02 4.616571509379660543e-01
3.760345641169692277e-01 1.439515346482757030e-01 5.101476065526801273e-02 4.289991405794870150e-01
3.868593813157445438e-01 1.081190438129985831e-01 5.202104861160402466e-02 4.530005262596528692e-01
3.271237727945226492e-01 1.601333618713995655e-01 4.626123536719954632e-02 4.664816299668783639e-01
3.625362633092796272e-01 1.531670081555493446e-01 6.042485459562592365e-02 4.238718739395450630e-01
3.872493966787186603e-01 1.258081886860600296e-01 3.549676063649816193e-02 4.514456539987231620e-01
3.698871266827997717e-01 1.497619096424315788e-01 7.752820026915797913e-02 4.028227634056106843e-01
3.500163463776799211e-01 1.149919271930606168e-01 4.210346062958689184e-02 4.928882657996725425e-01
3.318043475086397964e-01 1.662430209494511757e-01 3.433889080624130674e-02 4.676137407356678044e-01
3.350921342645752365e-01 1.490112003108010064e-01 4.544103797956080409e-02 4.704556274450629183e-01
3.913872384451234088e-01 1.240713147509861780e-01 4.994906109586107201e-02 4.345923857080291608e-01
4.443592607329055477e-01 1.284219549154309026e-01 2.454071381840640387e-02 4.026780705332572152e-01
3.434459894110541422e-01 1.446044571440288362e-01 4.716500952999660989e-02 4.647845439149203561e-01
3.186941531691613316e-01 1.456851734068875248e-01 4.967661053890708167e-02 4.859440628850439925e-01
3.632152419049430869e-01 1.460626234200176343e-01 3.878514144502867578e-02 4.519369932300105752e-01
3.897686329406372385e-01 1.346519861520844852e-01 3.754512237979933109e-02 4.380342585274789036e-01
3.267243229245441749e-01 1.402335741110993794e-01 5.330882511747068314e-02 4.797332778468856307e-01
2.965683361161222664e-01 1.438204531312062828e-01 6.711341722976163493e-02 4.924977935229097326e-01
3.684975516192322553e-01 1.201763728462547920e-01 6.061579932340775689e-02 4.507102762111049876e-01
3.309970707283781399e-01 1.413839744179753721e-01 6.995489566929789793e-02 4.576640591843486039e-01
3.972151487398369318e-01 1.087545018145498754e-01 3.061564032472889260e-02 4.634147091208842828e-01
3.662847728439371231e-01 1.601661672852011109e-01 5.235158944364964179e-02 4.211974704272122283e-01
3.238716495226516279e-01 1.426191139104535377e-01 4.723834751761665784e-02 4.862708890492781211e-01
3.811318469637842710e-01 1.177746940529498243e-01 4.682592640319981764e-02 4.542675325800661912e-01
3.303031733389231173e-01 1.524424936052121982e-01 4.175787137129965271e-02 4.754964616845649972e-01
4.000351706576970034e-01 1.215420335686529657e-01 4.422365437601551846e-02 4.341991413976346581e-01
3.549116377674688683e-01 1.608206495431859784e-01 5.690523554960465191e-02 4.273624771397404598e-01
3.649702907927660500e-01 1.456453223987630441e-01 4.393637028486691021e-02 4.454480165236041067e-01
3.958612181611298464e-01 1.407925816450662226e-01 3.537313095489214715e-02 4.279730692389117075e-01
3.360705718891031646e-01 1.120694689331167143e-01 3.750820792949761256e-02 5.143517512482825849e-01
3.281522953723912672e-01 1.318301542898398515e-01 4.749124817150051497e-02 4.925263021662682483e-01
3.456315074733552484e-01 1.277145148693625831e-01 4.636592368987682566e-02 4.802880539674053706e-01
3.556675477093583226e-01 1.104755974533359192e-01 5.152507106025583372e-02 4.823317837770497718e-01
2.999619382890042485e-01 1.472426665380034139e-01 5.728385754089544007e-02 4.955115376320968212e-01
3.539413161943983366e-01 1.171851839187236649e-01 8.173627124793558796e-02 4.471372286389423967e-01
3.346963129903830492e-01 1.412948068179314676e-01 4.952282763166186014e-02 4.744860525600235746e-01
3.010750305855736664e-01 1.216892157170920141e-01 6.218374492854568392e-02 5.150520087687886495e-01
3.436796785473700266e-01 1.603343147389721113e-01 2.742025768571546701e-02 4.685657490279425130e-01
3.777203327951361711e-01 1.340552175249001277e-01 5.377017751713002863e-02 4.344542721628337212e-01
2.965278535572484220e-01 1.351781007282139291e-01 6.587408720292033115e-02 5.024199585116173594e-01
3.768122947534220946e-01 1.653490977833064479e-01 4.836161441272170819e-02 4.094769930505498534e-01
3.865208568168304049e-01 1.564683381290382369e-01 4.789178894265661013e-02 4.091190161114749424e-01
3.647590572645847962e-01 1.427894778540385878e-01 4.650028327706377806e-02 4.459511816043129073e-01
4.186107077979352997e-01 1.112973199527517165e-01 5.693414142133609857e-02 4.131578308279768019e-01
3.097874525430747705e-01 1.296147151348815696e-01 3.668459148598526842e-02 5.239132408360585025e-01
3.140285837021086768e-01 1.378670090995928466e-01 6.497067495523253799e-02 4.831337322430658832e-01
3.622166066095500181e-01 1.244970644466977666e-01 5.214242362315828216e-02 4.611439053205939609e-01
3.637830475341336522e-01 1.243370367341844474e-01 4.841816069139358997e-02 4.634617550402883590e-01
4.255462043827413776e-01 9.464119245333317554e-02 2.958222295894264234e-02 4.502303802049827941e-01
3.470398531961358390e-01 9.120312351382947602e-02 3.663907830445738145e-02 5.251179449855774006e-01
3.176920352664595049e-01 1.128821761509410521e-01 2.938651956281779221e-02 5.400392690197817203e-01
3.199896081216229149e-01 1.453809305099649229e-01 5.242311532779577593e-02 4.822063460406163515e-01
3.059271219376855089e-01 1.164113621100520135e-01 5.160377934788100418e-02 5.260577366043815983e-01
3.466244035524995715e-01 1.635660274515971235e-01 3.382238029164196663e-02 4.559871887042614702e-01
3.328720164820686556e-01 1.156634166932133806e-01 3.773565442917705542e-02 5.137289123955408598e-01
3.200672283503183113e-01 1.302649309746923001e-01 3.981414436387217815e-02 5.098536963111172104e-01
3.604429717220415941e-01 1.614944429376346524e-01 3.850770114425041551e-02 4.395548841960733588e-01
3.460867703431388387e-01 1.365336697338587757e-01 5.779418429969495480e-02 4.595853756233074794e-01
3.669861004180143271e-01 1.660060174084544149e-01 5.203920165250459917e-02 4.149686805210265339e-01
3.565722675327602786e-01 1.278603549259842154e-01 3.340861749110678874e-02 4.821587600501488491e-01
3.834489077302056237e-01 1.602859284964840425e-01 5.807465440545453439e-02 3.981905093678556606e-01
3.738232562202736253e-01 1.262322268353426036e-01 4.451977312979477075e-02 4.554247438145890281e-01
3.921522265157639797e-01 1.467808754327547538e-01 4.558095611411528553e-02 4.154859419373658769e-01
3.488117818221398991e-01 1.507704478700660489e-01 5.571437300898643419e-02 4.447033972988075901e-01
3.555275430497044087e-01 1.304762223482404393e-01 5.258741852136747386e-02 4.614088160806879002e-01
3.741577629188015952e-01 1.363209634946653814e-01 6.593020103844476898e-02 4.235910725480883099e-01
3.602206864464127523e-01 1.300877249811746017e-01 5.222926834759673842e-02 4.574623202248158660e-01
3.804027464352770505e-01 1.040979761462834802e-01 4.707802333783279308e-02 4.684212540806066971e-01
4.200577704159894621e-01 1.049731108238341343e-01 5.702930543790563772e-02 4.179398133222707590e-01
3.559724445636069379e-01 1.345211303294462368e-01 3.918330933901559288e-02 4.703231157679310104e-01
3.419576246810657194e-01 1.232179280936746418e-01 4.769354321281439602e-02 4.871309040124452427e-01
4.149744114494708369e-01 1.433215067825453493e-01 5.959775466881980788e-02 3.821063270991638117e-01
3.465210863045357081e-01 1.506626296441890278e-01 6.226233041547545727e-02 4.405539536357996333e-01
3.865932643005087765e-01 1.409718167970701042e-01 5.545828022601734936e-02 4.169766386764037214e-01
3.555811186763586651e-01 1.685753818031209550e-01 5.235198009199369673e-02 4.234915194285266415e-01
3.319650520034870822e-01 1.380500446987971419e-01 5.405030568122552725e-02 4.759345976164900405e-01
3.864427277891149815e-01 1.130302742660045934e-01 4.605976485758814937e-02 4.544672330872921995e-01
4.038176560252151881e-01 1.153777525251010877e-01 4.371007976308782794e-02 4.370945116865956881e-01
3.997115203434774000e-01 1.197575672676173819e-01 4.116173186948702406e-02 4.393691805194183675e-01
3.950369011362249161e-01 1.156012873698732957e-01 4.260562532546725151e-02 4.467561861684345437e-01
3.429720189441700651e-01 1.666064113402017932e-01 4.924698233061915176e-02 4.411745873850088651e-01
3.178886550897496721e-01 1.665677169552462478e-01 4.988744005623975408e-02 4.656561878987643399e-01
3.661706975873652015e-01 1.192513271544791975e-01 5.034808738862531913e-02 4.642298878695302888e-01
3.573768689724494685e-01 1.268208465989020817e-01 3.847482311322617671e-02 4.773274613154222523e-01
4.088106765150757438e-01 1.307608378296570006e-01 4.053404190543435232e-02 4.198944437498329241e-01
3.966123693035517039e-01 1.246436404469938447e-01 2.546513229362991348e-02 4.532788579558246211e-01
3.525052922171993952e-01 1.184353980373079734e-01 4.750964475895205069e-02 4.815496649865406154e-01
3.250168465708618282e-01 1.219476851696458253e-01 7.275676926816770917e-02 4.802786989913244708e-01
3.565153867731429838e-01 1.400600539330295324e-01 5.116638314962044382e-02 4.522581761442071024e-01
3.430761174076601971e-01 1.420610987134016401e-01 6.083898911291312633e-02 4.540237947660248907e-01
3.716786749317090854e-01 1.237692130184403910e-01 3.642044938763523004e-02 4.681316626622152310e-01
3.482295734238090024e-01 1.133188236164563018e-01 5.003901267085991700e-02 4.884125902888746817e-01
3.458918496776102747e-01 1.276876534442296651e-01 3.292087323142997568e-02 4.934996236467300013e-01
3.240360753669040417e-01 1.278857908161785684e-01 2.777484503263714585e-02 5.203032887842802268e-01
3.132629549404445379e-01 1.011055632042017344e-01 5.363985012591940271e-02 5.319916317294344221e-01
3.744617560196487061e-01 1.402533682238832347e-01 3.116730856876715264e-02 4.541175671877006881e-01
3.700462828293976103e-01 8.648539127151411154e-02 5.376238689334785631e-02 4.897059390057404982e-01
3.995156907970314197e-01 1.565021577148693610e-01 3.203608525786032224e-02 4.119460662302389387e-01
3.968326822539215981e-01 1.397329913369202425e-01 4.858736072552539975e-02 4.148469656836327735e-01
3.490618749469653337e-01 1.258280500107765709e-01 5.208180224158877325e-02 4.730282728006691695e-01
4.229872464718146818e-01 9.237064772370930099e-02 3.367816281947111356e-02 4.509639429850049730e-01
3.882310707605768907e-01 9.179135535289525971e-02 4.593944830988891392e-02 4.740381255766388247e-01
3.715912410598788407e-01 1.421982021545813157e-01 5.308739113209524213e-02 4.331231656534446084e-01
4.095287611532218985e-01 1.208254153943742887e-01 6.972025680022850280e-02 3.999255666521753239e-01
3.840433808912740443e-01 1.756831256689550813e-01 5.040543285393998818e-02 3.898680605858309001e-01
2.958338799435585309e-01 1.450685077226357422e-01 7.829495625532154057e-02 4.808026560784840475e-01
3.409795620542253602e-01 1.454224022473128708e-01 4.848857412798385225e-02 4.651094615704779445e-01
3.638992510441687589e-01 1.490864891587201368e-01 3.804409122849710528e-02 4.489701685686141586e-01
3.048383935967467484e-01 1.767649673667498755e-01 5.853047819025888887e-02 4.598661608462443762e-01
3.558724305020637413e-01 1.386618483559467763e-01 3.872158967801885010e-02 4.667441314639706462e-01
3.593698709689117088e-01 1.379064086378744280e-01 3.005727889808525524e-02 4.726664414951286530e-01
3.710249126091884064e-01 1.095611956318095909e-01 3.467500017153607450e-02 4.847388915874658588e-01
3.153372132551952589e-01 1.123655082778279718e-01 5.028939164368571857e-02 5.220078868232911340e-01
3.510525723686923061e-01 1.139991846563118555e-01 3.007314232856923494e-02 5.048751006464264890e-01
3.310183023422800797e-01 1.332028876257637384e-01 5.685076613213223273e-02 4.789280438998241296e-01
3.108681159727893495e-01 1.039820839303025740e-01 5.815417466856093870e-02 5.269956254283473251e-01
3.507492766275430718e-01 1.228643430372166889e-01 7.042053220924716916e-02 4.559658481259931118e-01
3.608000523441484697e-01 1.356515262266226873e-01 2.628810973953692870e-02 4.772603116896919628e-01
3.929172073288823008e-01 1.420510600736490103e-01 3.619473245103124737e-02 4.288370001464374415e-01
3.078322307665546931e-01 1.091007788568263553e-01 6.530899729116959596e-02 5.177579930854492307e-01
3.547636299849751262e-01 1.180111267042091849e-01 4.651258515625834866e-02 4.807126581545574373e-01
3.431975135829384294e-01 1.151371263016983254e-01 3.656951383385832755e-02 5.050958462815050565e-01
3.479395436409518649e-01 1.032505410954982078e-01 4.323944565141520091e-02 5.055704696121345876e-01
3.915290318297593442e-01 1.244186041917326041e-01 3.770910588912283062e-02 4.463432580893852419e-01
3.757916246627314161e-01 1.241387710236400155e-01 3.437535625457227573e-02 4.656942480590562927e-01
3.446737582473364259e-01 1.318990312873853099e-01 8.533798707985840171e-02 4.380892233854197237e-01
3.691938350409565972e-01 1.157781005982151529e-01 4.638097158660604152e-02 4.686470927742221737e-01
3.518865673934829519e-01 1.300399584482481441e-01 4.976929769973381656e-02 4.683041764585351707e-01
3.457238800303098492e-01 1.637338160898940131e-01 5.427759228533866886e-02 4.362647115944573994e-01
3.305313693869972869e-01 1.029282328663280732e-01 4.323699887360025335e-02 5.233033988730743102e-01
3.550102109272443851e-01 1.110478177155888729e-01 4.968113247787364628e-02 4.842608388792929985e-01
3.585410241722870039e-01 1.243994946917831856e-01 5.183999502182091990e-02 4.652194861141089599e-01
3.392407814426997015e-01 1.221911820632476525e-01 5.220554331415893506e-02 4.863624931798937179e-01
3.560822871702484238e-01 1.078200183450764293e-01 5.986275691355485984e-02 4.762349375711203980e-01
3.599241399001017472e-01 1.233631920731255577e-01 3.831636555529953359e-02 4.783963024714733003e-01
3.342396815807645583e-01 1.501536778287853313e-01 5.341360435966104048e-02 4.621930362307890006e-01
3.638557175393578036e-01 1.082543476746158501e-01 4.639970449451735063e-02 4.814902302915090027e-01
3.764363060908112457e-01 1.017144091151874347e-01 7.591425201736745620e-02 4.459350327766338773e-01
3.897395039154907814e-01 1.554454987015233547e-01 4.761930968633075467e-02 4.071956876966549843e-01
3.507208156899765394e-01 1.474035013825877038e-01 5.535969119646047543e-02 4.465159917309752258e-01
3.560998816763314978e-01 1.573135921604509602e-01 3.465641985221013660e-02 4.519301063110073291e-01
3.050495592344339979e-01 1.409258289533517339e-01 6.619448548510133146e-02 4.878301263271131449e-01
3.783387095672986478e-01 1.119364533503601072e-01 5.038651370753612080e-02 4.593383233748052907e-01
3.549933913770511040e-01 1.032101503804358916e-01 3.218625446597146722e-02 5.096102037765416481e-01
3.517616666384814628e-01 9.164698557529822598e-02 6.337420595735764051e-02 4.932171418288628373e-01
3.375252509586650906e-01 1.068902567733942682e-01 4.896637167183233441e-02 5.066181205961082235e-01
3.818923477665208122e-01 1.303726541642007686e-01 3.303860148089350635e-02 4.546963965883848990e-01
3.620286102451104049e-01 1.287845436404549959e-01 7.064921987047936836e-02 4.385376262439553141e-01
3.267971427462301737e-01 1.335192483527591345e-01 5.685762347344130996e-02 4.828259854275693819e-01
3.522518907389309284e-01 1.437160221796267567e-01 4.539839346310234336e-02 4.586336936183399438e-01
3.617178673687767576e-01 1.434317416586916860e-01 5.871869269099672106e-02 4.361316982815347520e-01
3.998612265898381923e-01 1.267209050828377870e-01 5.862489212320658172e-02 4.147929762041174251e-01
3.385802046573438417e-01 1.235743809262133536e-01 3.909674915167104386e-02 4.987486652647718510e-01
3.528152148730991922e-01 1.057092973657342977e-01 3.813769231985696118e-02 5.033377954413095212e-01
3.077894721136239520e-01 1.077912353066162593e-01 5.816951865688937268e-02 5.262497739228703120e-01
3.270099221685194291e-01 1.226166025374585411e-01 2.975330529579430644e-02 5.206201699982277997e-01
3.221496408486499430e-01 1.324544082129066880e-01 6.156841832616761351e-02 4.838275326122756792e-01
3.559368496442872898e-01 1.300946678948044222e-01 5.515057645458858182e-02 4.588179060063197201e-01
3.540493376851725493e-01 1.413093794420603178e-01 4.082523964397039712e-02 4.638160432287966040e-01
3.879902527432350090e-01 1.250077635006613952e-01 4.359858074498686176e-02 4.434034030111168034e-01
3.378540595639329402e-01 1.186269226971568003e-01 4.766468509382938007e-02 4.958543326450808308e-01
3.309677837545508816e-01 1.526293868866626102e-01 7.433309746099356352e-02 4.420697318977930834e-01
3.358922819202765364e-01 1.249539181138303867e-01 5.125081602943144798e-02 4.879029839364614207e-01
3.709795202901857158e-01 1.297948955104015756e-01 8.337955195064832015e-02 4.158460322487643746e-01
3.232333090016571431e-01 1.500787204624708104e-01 3.997494157186496505e-02 4.867130289640070884e-01
3.679726058374775954e-01 1.372559469297184864e-01 2.249930112917139513e-02 4.722721461036326618e-01
3.593352000619610687e-01 1.349465109810316643e-01 5.164489059209083355e-02 4.540733983649164474e-01
3.077072207079348809e-01 1.727060706605940410e-01 3.282271988313077010e-02 4.867639887483403149e-01
3.653663782605876542e-01 1.506221182748203880e-01 3.718155229305521864e-02 4.468299511715365657e-01
3.676180869497191472e-01 1.267440008927134820e-01 4.442754937592027775e-02 4.612103627816471763e-01
4.176974665686645771e-01 8.484513912438942929e-02 4.936517327330580684e-02 4.480922210336401590e-01
3.879682882841136715e-01 1.172107575140732133e-01 5.491100474693817041e-02 4.399099494548749933e-01
3.872186540364069285e-01 9.804491536057792500e-02 3.679035562048114244e-02 4.779460749825339416e-01
3.630035348419380359e-01 1.361266424790831542e-01 4.658743735892013904e-02 4.542823853200587125e-01
3.738534801126044416e-01 1.108414242626733631e-01 4.354657847860676084e-02 4.717585171461153304e-01
3.059422167187260677e-01 1.344059432873559168e-01 5.319546666528421341e-02 5.064563733286336911e-01
3.491308389470779705e-01 1.103269873029273790e-01 5.767983553550777576e-02 4.828623382144868748e-01
3.302492281912161598e-01 1.274356027158801141e-01 3.833459148037410974e-02 5.039805776125295678e-01
3.789182536636503951e-01 1.352165878918677178e-01 3.816812582526261932e-02 4.476970326192193372e-01
3.589457547662934234e-01 1.174918058927187786e-01 4.956447892100099978e-02 4.739979604199868191e-01
3.824216951865854752e-01 1.281010311344310537e-01 4.794868879556055813e-02 4.415285848834229476e-01
3.649701509446530157e-01 1.502356291548015699e-01 4.774943487643455026e-02 4.370447850241108712e-01
3.892142614716477267e-01 1.262515316073939409e-01 2.596654684585748135e-02 4.585676600751008025e-01
3.140324211561461021e-01 1.788268826240973219e-01 3.117765889186138728e-02 4.759630373278951887e-01
3.580111443616659783e-01 8.754699235038862493e-02 3.763115051427943364e-02 5.168107127736660811e-01
