4.617189398062400696e-01 1.756274582075946847e-02 2.854343718493559390e-01 2.352839425236445681e-01
3.642733128197390702e-01 3.472489279722857508e-02 3.778977372654477862e-01 2.231040571175845477e-01
4.653824788392977307e-01 3.513338102139652169e-02 2.575696991452267604e-01 2.419144409940790497e-01
4.341333873570904500e-01 3.679506308322359753e-02 2.884820376250918361e-01 2.405895119345942967e-01
4.051407766011375644e-01 3.290124569102385876e-02 2.534883386472388533e-01 3.084696390605998206e-01
4.718552142798760896e-01 2.891524988012891817e-02 2.733884346978463498e-01 2.258411011421485870e-01
3.596007602254586710e-01 5.138372627083159783e-02 3.576650280106244972e-01 2.313504854930851784e-01
4.645842079119538726e-01 2.840195643126826319e-02 2.514802276076587573e-01 2.555336080491189543e-01
4.225124283298242189e-01 2.406719605996250275e-02 3.173219883994198298e-01 2.360983872107933756e-01
4.724825335381104274e-01 3.579633635601181529e-02 2.585655632480477473e-01 2.331555668578300933e-01
4.370964281135861218e-01 3.035713193409303803e-02 2.960830159618628166e-01 2.364634239904579716e-01
4.404857976656005869e-01 3.364049400418899632e-02 2.881175385503394470e-01 2.377561697798710461e-01
4.013414004178452732e-01 5.717356550355015554e-02 3.317167680697786225e-01 2.097682660088261708e-01
4.144241899782274419e-01 1.758839591641748676e-02 3.038318978603218312e-01 2.641555162450332506e-01
4.554857053381495269e-01 3.037231510365233020e-02 2.637393867371731759e-01 2.504025928210248941e-01
4.357695518942706903e-01 4.738066675512327131e-02 2.501558831515643955e-01 2.666938981990416568e-01
4.086270499090702280e-01 3.685231369027315573e-02 3.048074537564610109e-01 2.497131826441955915e-01
4.180929921705610064e-01 5.336163771037560899e-02 2.801398881912928740e-01 2.484054819277703163e-01
4.617965833800345421e-01 2.552606913662103932e-02 2.377452630286958635e-01 2.749320844546485620e-01
4.138425478289517456e-01 1.757674942169098337e-02 3.200082755268598977e-01 2.485724272224975329e-01
4.233617642701457129e-01 3.054431319929477168e-02 2.789256592996400830e-01 2.671682632309193561e-01
4.524666255789005498e-01 2.607546440870012194e-02 3.042824961575965603e-01 2.171754138548027957e-01
4.183724734334252071e-01 5.093126994004508468e-02 3.130690576641376177e-01 2.176271989623919934e-01
4.237221394826467535e-01 1.517588236872189494e-02 3.220602297542579651e-01 2.390417483943734489e-01
4.172407971013709638e-01 2.339708863222581675e-02 3.107574411195454522e-01 2.486046731468578297e-01
4.720667382309392535e-01 1.863376391877841903e-02 3.133817014047016736e-01 1.959177964455805221e-01
4.701771634684538403e-01 3.350295923512622287e-02 2.642747813876049068e-01 2.320450959088150300e-01
3.930136901858401477e-01 6.908214470802617746e-02 3.348773520833057127e-01 2.030268130228280177e-01
4.127606905054445052e-01 3.792926215935100293e-02 3.039278209797736663e-01 2.453822263554308047e-01
3.421081700390740665e-01 2.110275519106107750e-02 3.334115371415945495e-01 3.033775376282704661e-01
3.772247439699704108e-01 3.219872136810988938e-02 3.399287024391092760e-01 2.506478322228103406e-01
4.841016989641405144e-01 3.358370555050536888e-02 2.813703242330589660e-01 2.009442712522951091e-01
4.533278816706418635e-01 2.255681314898937487e-02 3.005828871339626396e-01 2.235324180464061949e-01
4.189200435594790939e-01 6.475208801347676069e-02 3.022652504065175272e-01 2.140626180205266182e-01
4.327398920130303139e-01 4.584388576258033310e-02 2.703625336629082443e-01 2.510536885614811919e-01
4.152882268072434213e-01 1.610182935474528329e-02 3.386790377119129891e-01 2.299309061260984832e-01
5.036372981009799021e-01 3.930245007479653274e-02 2.437609050783065556e-01 2.132993467459169401e-01
4.534753073247024258e-01 2.114792361023431350e-02 3.102738448029213614e-01 2.151029242621417537e-01
4.396991777316555106e-01 4.098760904955058709e-02 2.878131678914589986e-01 2.315000453273348413e-01
4.459830538002573785e-01 1.912101969324758385e-02 2.812304287542466974e-01 2.536654977522483367e-01
4.357075262172735441e-01 2.668035036185413891e-02 2.796666117574512223e-01 2.579455116634211675e-01
3.862934087527478688e-01 1.961632902693644445e-02 3.034471413890140190e-01 2.906431208313017267e-01
4.393881566154099194e-01 2.220450258374357180e-02 3.457769233631109995e-01 1.926304174377354295e-01
4.302878894575046242e-01 7.307292140632186406e-02 2.351762889663567280e-01 2.614629001698167143e-01
4.108624938309322072e-01 2.121441303319244673e-02 2.657691096941728337e-01 3.021539834417025783e-01
4.952211133629011441e-01 1.443168047996590091e-02 2.924766351033721290e-01 1.978705710537607410e-01
4.220024018031551249e-01 2.673549031366592027e-02 3.272763841715290445e-01 2.239857237116497923e-01
4.713785989531408815e-01 2.321758506721334839e-02 3.051040677076158891e-01 2.002997482720297318e-01
4.470162304899323868e-01 3.812131780357835842e-02 3.175754057842273270e-01 1.972870459222619555e-01
3.744294183408174992e-01 3.581474373347803136e-02 3.105287216849967891e-01 2.792271162407077845e-01
4.752684329246914530e-01 2.374520942288498027e-02 3.122351077674533348e-01 1.887512498849700793e-01
3.904659102277572291e-01 2.996622380408724140e-02 3.068400888530565251e-01 2.727277771150991015e-01
3.965189905138540305e-01 3.149905953714506046e-02 3.158393793034668384e-01 2.561425706455338625e-01
4.461816279340046765e-01 2.137151314867950444e-02 2.830404139523834961e-01 2.494064449649323889e-01
4.454248317778205513e-01 4.362576151914957651e-02 2.545263703112082276e-01 2.564230363918217903e-01
4.406835590905086586e-01 2.769769744795465977e-02 2.834268034316490548e-01 2.481919400298876477e-01
4.638687539033523044e-01 2.522458640531458074e-02 3.116105145515885577e-01 1.992961451397444739e-01
4.696167369562228577e-01 3.375255019464638850e-02 2.816705497663072322e-01 2.149601630828235355e-01
4.297689040645405467e-01 2.176677194777529648e-02 2.934958127461320121e-01 2.549685112415521204e-01
3.839050634755245550e-01 3.915739818373329545e-02 3.042751552535396531e-01 2.726623830872024201e-01
3.989638438896509487e-01 1.909475041418429511e-02 3.257187354346787744e-01 2.562226702614858187e-01
4.922136854165516384e-01 1.424530405135011023e-02 2.800509112284331747e-01 2.134900993036649985e-01
4.078816643649568752e-01 5.804820213613092611e-02 3.376694461799652491e-01 1.964006873189469149e-01
4.237935646786746835e-01 2.926305138844292886e-02 3.253091401191015031e-01 2.216342438137807735e-01
4.374225960495061738e-01 5.860441191620446855e-02 2.502726140002486388e-01 2.537003780340407744e-01
4.741479863909709436e-01 3.467658940520133154e-02 2.576654862523592993e-01 2.335099379514683771e-01
4.573603463839163719e-01 4.422034796629135261e-02 2.842655201375395291e-01 2.141537855122529199e-01
4.532205575976319123e-01 2.330373861690782436e-02 2.880495942497213191e-01 2.354261095357389200e-01
4.290525568386187039e-01 3.285136682426938182e-02 3.097553678210495653e-01 2.283407085160624739e-01
4.182266152176729035e-01 4.490585735763275022e-02 2.759479179391353676e-01 2.609196094855589232e-01
4.739305909071860334e-01 2.353236703533176377e-02 2.572047844013352069e-01 2.453322576561469404e-01
4.135524325499465026e-01 2.931139384567618342e-02 2.964061079302333646e-01 2.607300656741440847e-01
4.237854364322951595e-01 1.860283555509302522e-02 3.159549471342975036e-01 2.416567808783142979e-01
4.759944143798855998e-01 3.757725103002866607e-02 2.579776798509436642e-01 2.284506547391420561e-01
4.445647589128324251e-01 1.994915008344855592e-02 2.768736340545241981e-01 2.586124569491949354e-01
4.620956959379052820e-01 3.890614489684998678e-02 2.765491262738619671e-01 2.224490328913827641e-01
4.953792000903015080e-01 3.893745729218436175e-02 2.450628564096380135e-01 2.206204862078759987e-01
5.202123540440801719e-01 1.572122716148734861e-02 2.671918079888958020e-01 1.968746108055366428e-01
4.886588950344047388e-01 3.681881227317436445e-02 2.728037062156116188e-01 2.017185864768092085e-01
4.546232516279167246e-01 5.230976076294504423e-02 2.274941614473673102e-01 2.655728261617709696e-01
3.951868420104927004e-01 3.235559250938736114e-02 3.462301902971651746e-01 2.262273751829547985e-01
4.268176559207992882e-01 3.808712786393883554e-02 2.857735785209565837e-01 2.493216376943054868e-01
3.966056145486026585e-01 1.948839215179778636e-02 3.181249708169009982e-01 2.657810224826986367e-01
3.864367048788014403e-01 5.224052451331542141e-02 3.705025619207317766e-01 1.908202086871512992e-01
4.598733728351169781e-01 2.518276148432207345e-02 2.817876257950474583e-01 2.331562398855134832e-01
4.156209229393101334e-01 2.085986528552376956e-02 3.427260289310724573e-01 2.207931828440935773e-01
4.533113694672696314e-01 3.092605376801969841e-02 2.994776958207696627e-01 2.162848809439409381e-01
4.121744853935454533e-01 4.928899088631542164e-02 2.703439406998068284e-01 2.681925830203322758e-01
4.556310313488166064e-01 2.893293928262090017e-02 2.943309855446046841e-01 2.211050438239579585e-01
4.212506042385943950e-01 4.610211968448924696e-02 2.840908149674904459e-01 2.485564611094260301e-01
4.674083182125378100e-01 2.220335456268165975e-02 2.967984647309815371e-01 2.135898624937988544e-01
4.705717871696918353e-01 2.530998316973794016e-02 2.613723384115472226e-01 2.427458912490229881e-01
4.421918512569079085e-01 2.661249615815016248e-02 3.321643141591839599e-01 1.990313384257579310e-01
4.587588413319664826e-01 1.244081557775811309e-02 2.715493669678274435e-01 2.572509761224477942e-01
4.426023872536843928e-01 6.068230108812137924e-02 2.763587323092945858e-01 2.203565793488997393e-01
4.363642727071178062e-01 4.287209890688650771e-02 2.810703513609287829e-01 2.396932770250669864e-01
3.957560928934527045e-01 2.938268785750193166e-02 3.520429099175419463e-01 2.228183093315034835e-01
4.973499253865102387e-01 3.489513158055310843e-02 2.682159739859802938e-01 1.995389690469562827e-01
4.828777238480078671e-01 4.155653607698350793e-02 2.907297257513105082e-01 1.848360143236981168e-01
5.008422282442533957e-01 1.954097761060657676e-02 3.022258069503102051e-01 1.773909871948299855e-01
4.369508827694517650e-01 4.507265733771566307e-02 3.143634247269567750e-01 2.036130351658755888e-01
4.559538738977969019e-01 1.261564495269128748e-02 2.953187801498420861e-01 2.361117009996697991e-01
5.303394116028282701e-01 1.256391242451280858e-02 2.636046181495506624e-01 1.934920578231083266e-01
4.254205709133253022e-01 3.870916733624393119e-02 2.816819711233246037e-01 2.541882906271062392e-01
4.330914476255352530e-01 2.273060194497320691e-02 2.787168678451131254e-01 2.654610825843784494e-01
4.815964699659175952e-01 2.044678653810972843e-02 2.858577545532048902e-01 2.120989889427678243e-01
4.134616007907534474e-01 3.074199529605706888e-02 3.072822331812357088e-01 2.485141707319538096e-01
4.018770610365852702e-01 4.234569478774389412e-02 2.850701775463482246e-01 2.707070666293225347e-01
4.153481514741548253e-01 3.098650951541670473e-02 3.228672021899882116e-01 2.307981368204403139e-01
4.474508692205141913e-01 3.147470345351246340e-02 2.857790772191490802e-01 2.352953501068242026e-01
4.799664718809819042e-01 3.929237364871950022e-02 2.560017478687048875e-01 2.247394066015937220e-01
4.169201125305129763e-01 3.123158012460958491e-02 2.880803948302099737e-01 2.637679125146676351e-01
4.367464845891005365e-01 2.706088843021794282e-02 3.252361288977290710e-01 2.109564980829524150e-01
4.076333278842748098e-01 4.148776177355055494e-02 2.711401809303954358e-01 2.797387294117791856e-01
4.060502287219400208e-01 4.394330904367291235e-02 3.114226357536877265e-01 2.385838264806993680e-01
4.068658915125530906e-01 3.645953006434781568e-02 3.284168073865937343e-01 2.282577710365054080e-01
4.296085039807394090e-01 1.197945895600742265e-02 3.401398836295367878e-01 2.182721534337165592e-01
4.544757747242695878e-01 2.021172495455139662e-02 3.011237765384130460e-01 2.241887237827659696e-01
3.623113732023416356e-01 2.532571438794752397e-02 3.694216831686715219e-01 2.429412292410391971e-01
5.032066037826785632e-01 3.761600282355447022e-02 2.322108119179892849e-01 2.269665814757775846e-01
4.756686915019922579e-01 3.394915309827612609e-02 2.539054454336176492e-01 2.364767099661140848e-01
4.381866376963297061e-01 2.195053756555315899e-02 3.222858242868395506e-01 2.175770004512775357e-01
4.100103321472536311e-01 3.974028030463749861e-02 3.293748861813325934e-01 2.208745013667763601e-01
4.097902084993127469e-01 1.340267607129162243e-02 3.161758014006268991e-01 2.606313140287688235e-01
4.118145130885258465e-01 5.464299605655872222e-02 2.920894680317153158e-01 2.414530228232002751e-01
4.720889329270868129e-01 3.884545593705365785e-02 2.553943952190930178e-01 2.336712159167666225e-01
4.369566048321406604e-01 4.194848438734911228e-02 2.650928561512144177e-01 2.560020546292959831e-01
4.110188069796774646e-01 2.622450611674547599e-02 2.836591810019708504e-01 2.790975059016060911e-01
4.482143022926169951e-01 2.596115852263981838e-02 2.906801937935283298e-01 2.351443453912146764e-01
4.915128089794356669e-01 4.893313588779974604e-02 2.762660447630987948e-01 1.832880103696656882e-01
4.530849107111730167e-01 2.032070053823020403e-02 3.189990246151624409e-01 2.075953641354343626e-01
4.315005526025654237e-01 2.461631424248112918e-02 3.280852718425176229e-01 2.157978613124359735e-01
3.837953637947032481e-01 1.561964903056424665e-02 3.256829038995753822e-01 2.749020832751571941e-01
3.950012286875163592e-01 3.868415230684765782e-02 3.404257268086263721e-01 2.258888921970095554e-01
3.806220363437964327e-01 4.191225214802198062e-02 3.621016211489724856e-01 2.153640903592089206e-01
3.924721718681331017e-01 3.165246677047564572e-02 2.890618702689151664e-01 2.868134910924761138e-01
4.114791978987972776e-01 4.978275558424128527e-02 3.305185552709982710e-01 2.082194912459630898e-01
4.493459867614090775e-01 3.565086566161144999e-02 2.621297175385525757e-01 2.528734300384269384e-01
4.030971240893237439e-01 2.637891368076249535e-02 3.067825094506084760e-01 2.637414527793052188e-01
4.521332599829025467e-01 2.052317852956400332e-02 2.821441845371652213e-01 2.451993769503683085e-01
4.111608979828921817e-01 4.160512370936902959e-02 3.433963647398184937e-01 2.038376135679201839e-01
4.887098977053804805e-01 2.658725511291462965e-02 2.768022618459876627e-01 2.079005853357171196e-01
4.699367956448237682e-01 1.975869462186828629e-02 2.978686166456762097e-01 2.124358930876316665e-01
4.007884626298944264e-01 2.340878466106433367e-02 3.314553438043140732e-01 2.443474089047271980e-01
3.630820152777246013e-01 2.983824637030087212e-02 3.027595755004376943e-01 3.043201628515370127e-01
4.267359176287817135e-01 1.526542026690004376e-02 3.081063974227376545e-01 2.498922646815806559e-01
4.780609065068261443e-01 1.536227935665095135e-02 3.168730030598362890e-01 1.897038110766866292e-01
4.384137641481378189e-01 1.565654772116644930e-02 3.364955372945834799e-01 2.094341508361123594e-01
4.301632011264217570e-01 3.374687582315253481e-02 2.773966381929328096e-01 2.586932848574928778e-01
4.303329811809301630e-01 3.550223933795974146e-02 2.897332141191534260e-01 2.444315653619567874e-01
4.724996907219172759e-01 1.647542508340776174e-02 2.691943448661064386e-01 2.418305393285685168e-01
4.147665680114045461e-01 4.194402285437039135e-02 3.254922044175342921e-01 2.177972047166907010e-01
4.221809904553248671e-01 3.931255797552783010e-02 2.895544171282097290e-01 2.489520344409375807e-01
4.153927160383185657e-01 4.567220099396637062e-02 2.723309951622000513e-01 2.666040878055149776e-01
4.480304872835506047e-01 2.316363687682467670e-02 2.651964892150474595e-01 2.636093866245772799e-01
4.441575688704965663e-01 2.146517384821079732e-02 2.847051507049472296e-01 2.496721065763453096e-01
4.204360802755068849e-01 5.238414144113986981e-02 3.028147157067557216e-01 2.243650625765974960e-01
4.153499681129221299e-01 3.724205371534120707e-02 3.325841385128842087e-01 2.148238396588523225e-01
4.988908807881782814e-01 4.215149667061400540e-02 2.556383288484903593e-01 2.033192936927173677e-01
4.227137286222759638e-01 2.878149083813870066e-02 3.223666735952849804e-01 2.261381069443003655e-01
4.706256639921078122e-01 2.220262371227000806e-02 2.849699022661248415e-01 2.222018100294972931e-01
4.172786104171677946e-01 5.432037341840595390e-02 2.964877218002188730e-01 2.319132943642073508e-01
4.560802378038240623e-01 6.177122625582234100e-02 2.993372957580629490e-01 1.828112401822906130e-01
4.500836543793380606e-01 1.847402234101433449e-02 3.106251344711697948e-01 2.208171888084778378e-01
4.102392992993920129e-01 1.983367648823895074e-02 3.132909706065927780e-01 2.566360536057762376e-01
4.600251891731926279e-01 3.407322191521704874e-02 2.947956175338540818e-01 2.111059713777361513e-01
4.801262359451877182e-01 3.405496496915504101e-02 2.695758139138626497e-01 2.162429851717946050e-01
4.596667710656359707e-01 2.528906647647039679e-02 2.597343212378523947e-01 2.553098412200412448e-01
5.063546011591772977e-01 3.213861588470768443e-02 2.577728155130915022e-01 2.037339674430236613e-01
4.238564610735038873e-01 1.847856842916454148e-02 3.036993681089567576e-01 2.539656023883748448e-01
4.656659150828821869e-01 2.911918995203753580e-02 3.085790667685825994e-01 1.966358281964976640e-01
4.576203898196877784e-01 2.415542381860291341e-02 2.980067787850065320e-01 2.202174075767029116e-01
4.264857286523446867e-01 3.893211590296710711e-02 3.101943107776107822e-01 2.243878446670773685e-01
4.140493168614425290e-01 2.900004056646526482e-02 2.733566412633336440e-01 2.835940013087586142e-01
4.545393827814953602e-01 2.946342370436239380e-02 3.186041054695545327e-01 1.973930880445876612e-01
4.039859924349903375e-01 3.539736026899500260e-02 2.746913495584299425e-01 2.859252977375846272e-01
4.527307569424621758e-01 4.094101606974075158e-02 3.011469327713635069e-01 2.051812942164335796e-01
4.588822010037732491e-01 2.633328614097189824e-02 2.968661155297170340e-01 2.179183973255378048e-01
3.893911429201394880e-01 3.575510363808229869e-02 3.037268052371465688e-01 2.711269482046316792e-01
4.586474662151632797e-01 3.249765029786863546e-02 3.066472057301264931e-01 2.022076777568415085e-01
4.375853074328872050e-01 2.007545626344800146e-02 3.139483783481920587e-01 2.283908579554727869e-01
4.489683829056496100e-01 6.328853974132557514e-02 2.812376013168178535e-01 2.065054760362070863e-01
4.035894554331095341e-01 2.712794251177287619e-02 2.905548226347278162e-01 2.787277794203896764e-01
4.291093452389718732e-01 5.032713040862680370e-02 2.951998033340866856e-01 2.253637210183146444e-01
4.289731065257414433e-01 3.666997581747365870e-02 2.777190978450476133e-01 2.566378198117371667e-01
4.312834855322296157e-01 2.985799665646662882e-02 2.881118555085335764e-01 2.507466623027700403e-01
3.929936942014254919e-01 2.705403140672736628e-02 3.289857700438150734e-01 2.509665043480320823e-01
4.317220501643306285e-01 4.720618997676360312e-02 3.315494729722368583e-01 1.895222868866690280e-01
3.988022477301539914e-01 2.458621881980797494e-02 3.213512620701243772e-01 2.552602713799137502e-01
4.237778714483967923e-01 1.066632375849347995e-02 3.426039675573012144e-01 2.229518372358085254e-01
4.185335788055584705e-01 4.733227348918016969e-02 3.154966799862816140e-01 2.186374677189798499e-01
4.307418221525403657e-01 2.159492877197921948e-02 2.948914853322017748e-01 2.527717637432787545e-01
4.547020088599143528e-01 3.601460812946429002e-02 2.881377228148667702e-01 2.211456601957545454e-01
4.617453169681602354e-01 3.365608345864990608e-02 2.763316045575535673e-01 2.282669950156362981e-01
4.361638080990630773e-01 2.938291169866364544e-02 3.019999394842824425e-01 2.324533407179908695e-01
4.008377608630160349e-01 3.943958788761016410e-02 2.923976259527265587e-01 2.673250252966473672e-01
4.127619950316596675e-01 3.047479484346347564e-02 3.112095978635678883e-01 2.455536122613088956e-01
4.052650086430557019e-01 2.658472013837292341e-02 3.048522724670128525e-01 2.632979987515583487e-01
4.108318652968244167e-01 2.480997492264198565e-02 3.183007415238421345e-01 2.460574182566915014e-01
4.347793862623305361e-01 3.095114182812345668e-02 2.862788260443764332e-01 2.479906458651696677e-01
4.469951596528209947e-01 1.821446057782731900e-02 2.892189404621879345e-01 2.455714393071635748e-01
4.411126944816252116e-01 3.451027300755828142e-02 2.597028158916721563e-01 2.646742166191443091e-01
4.574576137433327139e-01 2.130386415803737707e-02 2.845729729424720800e-01 2.366655491561577562e-01
4.522200743581251126e-01 4.163638993880988681e-02 3.050221093127650218e-01 2.011214263902999788e-01
4.499388617661588263e-01 3.009736947024171938e-02 3.326707944202709211e-01 1.872929743433285055e-01
4.652601181282797760e-01 4.406439032720793625e-02 2.846343615565996576e-01 2.060411299879126024e-01
4.540315654890043073e-01 1.527813969585842778e-02 2.969427750195589577e-01 2.337475197955784512e-01
4.255244022528635872e-01 2.635183725460833043e-02 3.424557616427459927e-01 2.056679988497821243e-01
4.046755686923716455e-01 4.151999608797056485e-02 2.946722377482615673e-01 2.591321974713963194e-01
4.394431105864736731e-01 1.136875118377068429e-02 2.942333743534051860e-01 2.549547638763504098e-01
4.470161369590537337e-01 2.998755793162332511e-02 3.128511033915134520e-01 2.101452017178094822e-01
4.113870538844892621e-01 3.051185807074727890e-02 3.067396540202791955e-01 2.513614340244842427e-01
4.012568355426651689e-01 2.105164483328130290e-02 2.960565005699966057e-01 2.816350190540568010e-01
4.232468908418597353e-01 2.710569627792252037e-02 2.980999250275950807e-01 2.515474878526226532e-01
4.503626702620247002e-01 3.156037752476306690e-02 3.073078536362012225e-01 2.107690985770109271e-01
4.570732582082237538e-01 3.782200034376344278e-02 2.828932622482333015e-01 2.222114791997794325e-01
4.167311830864051658e-01 2.822363007924332326e-02 2.555651146391046957e-01 2.994800721952466382e-01
4.500216783575117230e-01 2.293878992765447516e-02 2.831863115300457534e-01 2.438532201847880276e-01
4.170933198818257970e-01 4.176217619808875875e-02 3.242948979725500669e-01 2.168496059475353011e-01
3.901503018396048628e-01 3.314479668150554365e-02 3.236013340327629217e-01 2.531035674461266649e-01
4.729678933903082583e-01 1.868900123390388954e-02 2.706524156467327025e-01 2.376906897290551601e-01
4.108358500807269276e-01 4.144817372795552013e-02 3.293294489069380493e-01 2.183865272843795169e-01
4.195681395760727517e-01 3.158727425459046528e-02 3.331891921854439054e-01 2.156553939838928846e-01
3.968116889182078388e-01 3.175219675002108333e-02 3.393230917140210301e-01 2.321130226177501032e-01
4.161052298770320235e-01 2.935141884826612813e-02 3.428938955307813674e-01 2.116494557439204671e-01
4.199153438972818009e-01 4.132341272523971237e-02 2.949805002393446896e-01 2.437807431381337764e-01
4.226858127593636216e-01 2.951987582008619090e-02 3.057849975231146100e-01 2.420093138974355740e-01
4.435784176181282734e-01 2.747405510052765634e-02 3.220623116220236448e-01 2.068852156593204983e-01
4.658643258507424445e-01 3.003317105733555384e-02 2.488145277585208648e-01 2.552879753334010848e-01
5.209609432083722735e-01 2.253681405575700888e-02 2.561498910721637934e-01 2.003523516637067403e-01
4.694285600611696752e-01 1.549703157300183660e-02 2.942159410975208611e-01 2.208584672683076844e-01
4.417054854471466618e-01 3.974218619197785601e-02 2.594663396458345983e-01 2.590859887150408492e-01
4.070396488695161574e-01 3.647958255917960885e-02 3.045822699006971446e-01 2.518984986706070961e-01
4.285415333008774086e-01 2.249562712598922321e-02 3.004502582750935291e-01 2.485125812980398807e-01
4.324160023728169100e-01 2.545720667047093183e-02 3.066538427538123557e-01 2.354729482028998511e-01
4.204220125039119238e-01 1.952770170265909211e-02 2.930178524095762294e-01 2.670324333838525743e-01
4.739219996317493022e-01 2.977187297970522797e-02 2.653846841496186326e-01 2.309214432389268823e-01
3.732489084845638239e-01 4.106687991909456492e-02 2.979270981490108605e-01 2.877571134473308478e-01
4.349942817182252952e-01 3.572231215259635134e-02 3.181872980562837072e-01 2.110961080728946115e-01
4.495192590665230137e-01 1.735186627751206939e-02 3.320118669316307058e-01 2.011170077243341625e-01
4.264788076712618392e-01 3.188120808773876186e-02 2.899865327707674134e-01 2.516534514702320480e-01
3.730320625130424950e-01 4.317543485608399401e-02 3.215099820541227893e-01 2.622825205767506662e-01
3.723341742877044336e-01 1.620233521623799106e-02 2.860973352602126929e-01 3.253661552358450559e-01
4.619379651031570999e-01 5.138504847818017862e-02 2.820274378334890475e-01 2.046495485851736740e-01
4.184308109152015676e-01 3.786227349393292418e-02 2.525358985227991182e-01 2.911710170680665843e-01
4.426235942819307101e-01 3.300411820758185344e-02 3.027056495640242373e-01 2.216666379464632408e-01
4.579746327084062152e-01 1.950621917125371432e-02 3.058376344272236702e-01 2.166815136931164454e-01
4.388661247377453334e-01 3.009929871813038851e-02 2.856342219913118319e-01 2.454003545528123387e-01
4.255924435705549236e-01 2.486899424348608043e-02 3.251008186461616378e-01 2.244377435397973408e-01
4.149539075152754997e-01 3.106619244474979197e-02 2.928605796658539373e-01 2.611193203741207225e-01
4.337332890321168311e-01 4.601626256038434531e-02 2.908682885371645099e-01 2.293821598703341402e-01
4.147640988239920667e-01 2.151083484473889293e-02 3.235600920877361175e-01 2.401649742435329471e-01
3.903641651390618583e-01 5.944967702952350802e-02 2.706530034692871123e-01 2.795331543621276116e-01
4.613558351152921566e-01 2.710849142548288002e-02 3.305137387686065686e-01 1.810219346906183635e-01
4.181005771935801252e-01 3.475580101777556163e-02 2.985960205748612317e-01 2.485476012137829982e-01
4.414293453031644665e-01 2.739472138181309538e-02 3.098441389776027677e-01 2.213317943374197294e-01
4.234872476958062570e-01 5.294068179844974020e-02 2.912257343423927392e-01 2.323463361633513469e-01
4.177050939711181021e-01 2.284247200549030868e-02 3.194416473704937975e-01 2.400107866528977674e-01
4.342540161228668483e-01 3.657194467982387287e-02 2.858742609162412407e-01 2.432997782810680798e-01
3.927685868757347931e-01 4.061536188250659818e-02 3.213150188181013722e-01 2.453010324236571948e-01
4.686970191104783412e-01 2.147428805669890015e-02 2.605953813803182362e-01 2.492333114525046023e-01
4.206131773858458600e-01 3.264220340433335310e-02 3.275728656644560921e-01 2.191717535453646393e-01
4.673028962164608724e-01 1.963418054963856491e-02 3.163133760694178398e-01 1.967495471644828131e-01
4.473520470712354924e-01 1.971220891360676505e-02 2.849365830061987848e-01 2.479991610089588017e-01
4.112051353011684229e-01 3.499884249247321027e-02 2.681768739460538287e-01 2.856191482603043785e-01
4.356729081796841818e-01 2.410787519631972173e-02 2.910907643291698599e-01 2.491284522948262470e-01
4.456676791419381112e-01 1.963287263205885230e-02 2.891697411112377214e-01 2.455297071147652943e-01
3.845157914194489712e-01 4.258785497606953213e-02 3.366393575730461385e-01 2.362569960314352124e-01
4.215580032474000038e-01 3.030310612117743246e-02 3.075451546677238635e-01 2.405937359636986239e-01
4.005706814679774741e-01 3.324749436081042564e-02 3.124744954201321701e-01 2.537073287510799857e-01
4.235243157363693944e-01 3.327244930898117653e-02 2.835156812315998143e-01 2.596875537230497466e-01
5.256147928599428365e-01 2.437608279603952627e-02 2.774263325367098965e-01 1.725827918073076506e-01
4.082544078756272232e-01 4.491502817404225550e-02 2.919154633452991088e-01 2.549151006050314194e-01
4.741812180282136691e-01 1.207315207020561235e-02 2.418338523546056107e-01 2.719117775469750975e-01
3.876512188733824971e-01 3.089846029200221666e-02 2.960144688947624614e-01 2.854358519398529359e-01
3.796001925302260327e-01 3.009872532638881854e-02 3.372239575251050892e-01 2.530771246182801359e-01
4.559732482896293182e-01 1.609697444572318059e-02 2.658710656477347167e-01 2.620587116169128539e-01
4.353920043580550292e-01 3.208756996603718409e-02 3.061379902765152816e-01 2.263824353993925398e-01
4.868573686516072252e-01 3.354614778614398857e-02 2.456201657860037080e-01 2.339763177762451962e-01
4.903355851463678250e-01 2.504013686004845363e-02 3.081352251149436783e-01 1.764890528786399737e-01
4.344120273353634931e-01 3.545929414556497211e-02 3.220282784538931464e-01 2.081004000651784924e-01
4.266566147396503861e-01 3.688045300809362353e-02 3.226782094264491474e-01 2.137847228258069332e-01
3.792007163449553908e-01 4.473747560670982698e-02 3.529851479938269643e-01 2.230766600545079081e-01
4.177907587917969456e-01 3.070467802405729696e-02 2.592359996349670737e-01 2.922685635491786282e-01
4.667552634990007610e-01 1.384979280084485190e-02 2.627229477897065069e-01 2.566719959104478144e-01
4.443925872182321601e-01 2.121809034177037784e-02 3.253557313392154149e-01 2.090335911007818459e-01
4.772901898336345816e-01 3.390836654640895509e-02 2.848431780993290197e-01 2.039582655206274298e-01
3.909692042685651292e-01 2.600660091831742682e-02 3.015581003347832523e-01 2.814660944783341501e-01
4.282519718211402204e-01 1.597459838841230884e-02 2.737706011800868922e-01 2.820028286103604676e-01
4.309828409560673701e-01 4.221516541943038520e-02 2.922767451523733961e-01 2.345252484721288555e-01
4.244692902586867378e-01 2.761780899734602238e-02 2.893485898561201641e-01 2.585643108878472041e-01
3.709009638801429865e-01 4.331170032441088169e-02 2.945481031680620698e-01 2.912392326273841592e-01
4.545900097836657605e-01 2.836790072783607758e-02 2.908064695210115791e-01 2.262356199674866730e-01
4.522230730512828423e-01 3.390725332184453544e-02 3.037624470653143005e-01 2.101072265615583912e-01
4.329242619597870601e-01 1.850128502889949664e-02 2.908541716098337337e-01 2.577202814014797339e-01
4.109186288777245677e-01 3.112883468290974023e-02 2.971472232560727345e-01 2.608053131832929750e-01
4.197798073517512440e-01 2.710607235613934907e-02 2.982730576511806730e-01 2.548410626409285396e-01
3.998929041539772689e-01 2.124752251821735230e-02 3.140088987035847823e-01 2.648506746242206278e-01
4.307284446925834231e-01 3.342935920439514541e-02 2.921552455101014134e-01 2.436869505929200319e-01
4.631660819328327627e-01 3.964898205576913859e-02 2.857718243447027739e-01 2.114131116666952970e-01
4.155405823883387417e-01 3.185688618682591677e-02 2.780454682531871002e-01 2.745570631716481858e-01
4.993678659300073708e-01 1.658532696835826950e-02 2.520454761369455565e-01 2.320013309646887789e-01
4.541725464820539626e-01 3.415959775019151295e-02 2.603987487221910979e-01 2.512691070455633224e-01
3.935432511928744215e-01 3.468221830954450191e-02 3.389172966440589518e-01 2.328572338535220276e-01
4.861984600753115893e-01 4.681656276878133627e-02 2.355746372731192806e-01 2.314103398827877245e-01
3.901473015216293527e-01 3.074709917243192286e-02 3.236826856834061350e-01 2.554229136225324992e-01
4.311008963920097692e-01 1.567650277312902449e-02 2.840968628560811560e-01 2.691257379787801440e-01
4.504129011761457413e-01 1.967136469731346066e-02 2.888682935001856689e-01 2.410474406263552194e-01
4.552901665118316843e-01 4.997355015111915044e-02 2.932632833814847184e-01 2.014729999555644469e-01
3.796665700508889407e-01 4.022496004953271531e-02 2.966755247679901397e-01 2.834329451315882320e-01
4.395756866732563606e-01 1.666007703917297272e-02 3.102280560154575539e-01 2.335361802721129532e-01
4.468109540116731448e-01 3.137971672375133858e-02 2.703740646232035139e-01 2.514352646413719472e-01
4.574581762130916496e-01 2.303540803375099533e-02 2.554348878502359366e-01 2.640715279029213214e-01
4.365668403275220766e-01 2.409641166539144147e-02 2.680971570252044245e-01 2.712395909818820505e-01
4.146914247924279318e-01 1.700991894163352697e-02 2.891966942031917731e-01 2.791019620627467335e-01
4.238111695570314086e-01 3.489572198202436915e-02 3.100952757208099153e-01 2.311978327401342792e-01
4.241724652578142685e-01 2.306225140788923170e-02 2.982976699588261171e-01 2.544676133754705250e-01
4.621754298803295580e-01 1.723069644680733786e-02 2.777753406060776697e-01 2.428185330667853303e-01
4.509759050297693639e-01 1.177457240208210076e-02 2.730323803998520038e-01 2.642171421682966148e-01
4.493284230751363739e-01 1.943538874612975309e-02 2.911065298105614541e-01 2.401296583681724051e-01
4.041201393606834169e-01 2.470865770250072271e-02 3.274745729199471933e-01 2.436966300168686705e-01
4.104626421317761342e-01 3.980078016559578102e-02 3.057114445033543570e-01 2.440251331992737416e-01
4.250336058270562378e-01 2.971484671252981255e-02 3.322099883803115161e-01 2.130415590801023884e-01
4.711224655209503287e-01 2.538527092416412514e-02 2.939892666926070541e-01 2.095029968622784677e-01
4.264605972179930093e-01 4.166443047425527624e-02 3.207659011947264771e-01 2.111090711130251818e-01
4.121940631357037255e-01 2.102536620416986177e-02 3.233471386998877373e-01 2.434334319602386443e-01
3.502641876200395243e-01 2.965829576237185433e-02 3.604227894354264938e-01 2.596547271821620928e-01
4.392293652943713433e-01 2.371405718430045009e-02 3.297064135888577163e-01 2.073501639324704382e-01
4.409679420556503193e-01 4.830424783830708502e-02 3.045578521105895553e-01 2.061699579954529571e-01
4.392461689252635249e-01 3.445846949267316467e-02 2.911310315567045559e-01 2.351643300253588031e-01
3.919853512063801726e-01 2.580660639090227512e-02 3.510240136464262695e-01 2.311840287562913487e-01
3.876527762373605523e-01 3.056416167768750622e-02 3.114716184276793420e-01 2.703114436572724988e-01
4.303607101893500708e-01 3.347620026662063292e-02 2.664202938118683250e-01 2.697427957321609227e-01
4.465626776712813273e-01 4.281303981112488666e-02 2.544963708381607348e-01 2.561279116794331068e-01
3.857443944157758486e-01 2.356141659454034573e-02 2.995754302724547569e-01 2.911187587172290869e-01
4.314924694911234093e-01 3.622984207593674816e-02 2.532822473436043831e-01 2.789954410893353831e-01
4.466445052867386578e-01 4.583281169733482985e-02 2.827360723852567759e-01 2.247866106306697642e-01
3.694307795831698327e-01 2.392271590888900984e-02 3.490651632780866209e-01 2.575813412298545990e-01
4.612462369305480037e-01 4.252155985231149959e-02 2.431578220131637713e-01 2.530743812039767948e-01
4.096284909561562770e-01 2.669400772343071340e-02 3.276591856312489059e-01 2.360183156891639822e-01
3.854467519441914236e-01 2.872118211088549658e-02 3.268784787867644592e-01 2.589535871581586934e-01
4.241359816189392284e-01 5.689554836565893781e-02 2.837640412013777147e-01 2.352044288140240635e-01
4.177065646957484057e-01 3.459921550349556035e-02 3.016226998630255340e-01 2.460715199377305484e-01
4.164019742109220656e-01 2.271740233924937277e-02 2.933082949437688103e-01 2.675723285060597201e-01
3.734543159526984013e-01 4.997024941043440999e-02 2.845093368500186681e-01 2.920660977868485553e-01
4.068744766155137915e-01 3.011286334338891466e-02 2.726100614769705888e-01 2.904025985641267571e-01
4.820515208244885441e-01 3.352497358886536577e-02 2.465193731608620598e-01 2.379041324257839263e-01
4.085528965323808048e-01 3.255863310172125991e-02 3.199549745760343344e-01 2.389334957898635869e-01
4.234171231957124526e-01 3.381447599703423651e-02 2.803370954993306130e-01 2.624313053079226910e-01
4.312908316830674771e-01 3.023033208038955824e-02 3.166798458119510218e-01 2.217989904245918908e-01
4.009700138560495786e-01 3.618574955230766110e-02 2.784252703466124634e-01 2.844189662450303246e-01
4.034127611628121057e-01 2.513703065080290580e-02 3.152419497617006683e-01 2.562082584246843098e-01
4.265423450524612470e-01 2.767057757951976726e-02 2.575995134441836920e-01 2.881875639238352105e-01
4.244482047460457763e-01 4.501098340957997851e-02 2.872154718846543497e-01 2.433253399597198885e-01
4.015073444113343992e-01 3.561633510661006002e-02 3.042695363830563160e-01 2.586067840989991207e-01
4.483464536520919141e-01 3.825724531734969042e-02 2.792492775571439045e-01 2.341470234734144562e-01
4.582732926733917300e-01 4.061260269609091172e-02 3.172221339587136257e-01 1.838919706718038505e-01
4.324423626816788491e-01 3.163659225655265222e-02 3.066064310243205027e-01 2.293146140374480724e-01
3.973584956433278692e-01 3.229591414467462146e-02 3.625563924087294998e-01 2.077891978032681830e-01
4.299249565318757904e-01 3.564584199342734488e-02 3.433409244673174543e-01 1.910882770073794867e-01
4.050086939045259848e-01 1.659901849234920318e-02 3.149867047444828150e-01 2.634055828586419623e-01
4.476441930668675351e-01 1.196611651133469047e-02 3.102840481578025278e-01 2.301056422639953247e-01
4.718385918413633973e-01 5.177388035418946377e-02 2.709457486276820593e-01 2.054417791767650658e-01
3.940229482970287189e-01 1.957762556429460538e-02 3.306258505308769524e-01 2.557735756077997302e-01
4.402372969204972897e-01 2.788649905165674001e-02 3.261166089584836558e-01 2.057595950693623110e-01
4.167730985754865558e-01 2.021592376755933229e-02 3.063620500647739053e-01 2.566489275921803315e-01
4.491521243879678660e-01 1.733943585583534036e-02 3.489931955546174969e-01 1.845152442015791372e-01
4.397595945486616476e-01 3.621805587820291911e-02 2.436046358214590535e-01 2.804177137516764007e-01
4.713790979012088544e-01 3.052601228127764868e-02 2.884439708395601931e-01 2.096509189779532378e-01
4.337925678833774445e-01 1.920261693670103492e-02 3.001075951458772040e-01 2.468972200340442680e-01
4.579464034824483054e-01 2.707600251372322894e-02 3.057919767167021075e-01 2.091856172871263686e-01
4.235477723837779429e-01 4.426635107457756180e-02 2.727401859991487321e-01 2.594456905424958326e-01
3.934037727107096427e-01 2.260847170200828288e-02 2.921376248573588352e-01 2.918501307299232739e-01
4.271307370544994431e-01 1.625400680047462548e-02 3.159840393036700834e-01 2.406312168413556607e-01
4.439266638585924740e-01 2.412627809700805190e-02 2.919423447599889254e-01 2.400047132844104758e-01
4.002831981996657906e-01 3.930764923106930264e-02 2.910579044457769493e-01 2.693512481234879852e-01
4.255856647316084707e-01 2.603978273313783953e-02 2.631520279250407213e-01 2.852225246102128575e-01
4.187180527816107833e-01 2.098390535534266216e-02 3.013814364316206307e-01 2.589166054314260834e-01
4.112072259658014484e-01 2.735484623021402356e-02 3.348222093889665629e-01 2.266157184150178749e-01
4.595302841344787170e-01 2.805218010097580358e-02 2.944813718030655503e-01 2.179361639614798007e-01
4.187300771590065085e-01 2.159653130557440820e-02 2.812438584042228906e-01 2.784295331311963384e-01
4.976009955915195460e-01 3.757873685675234415e-02 2.694673936981438200e-01 1.953528738535843523e-01
4.687578246136228644e-01 1.946336775891398946e-02 2.878975093907576999e-01 2.238812982367054394e-01
4.491860291224352708e-01 2.882333395822051295e-02 2.979140294970178404e-01 2.240766074223264070e-01
3.981831824505987494e-01 3.475609212728180547e-02 3.084409469587729991e-01 2.586197784633463836e-01
4.466096221581012937e-01 3.822491467898580381e-02 2.905983548555503559e-01 2.245671083073625118e-01
4.141921538322402285e-01 1.442815479556536044e-02 3.297362411488691247e-01 2.416434502233252291e-01
4.999285701605642451e-01 4.506310895576878806e-02 2.217390791443745734e-01 2.332692417392923934e-01
4.563073792336189705e-01 1.891096932288243229e-02 2.693424307296198861e-01 2.554392207138787563e-01
4.421789560145829023e-01 2.393399307362955794e-02 3.162274506312664490e-01 2.176596002805209484e-01
4.191987605992572585e-01 2.340622216571190337e-02 2.864937189753489766e-01 2.709012982596817887e-01
4.727705705308618556e-01 2.699035001975539153e-02 3.031072779448523158e-01 1.971318015045304683e-01
4.498757953967246204e-01 3.818439000086439050e-02 3.037012236010585009e-01 2.082385910013523911e-01
4.249250850482806929e-01 3.702680278038840422e-02 3.269363311540582906e-01 2.111117810172725151e-01
4.454573175243836114e-01 2.557080489538157003e-02 2.635628042152183825e-01 2.654090733650164013e-01
4.540176531605876198e-01 2.419469805649777927e-02 2.759228298931593604e-01 2.458648188897552544e-01
4.201119609971747382e-01 3.816033680469217704e-02 3.316586841294352772e-01 2.100690180686977104e-01
4.376471974797753184e-01 3.965974808837010451e-02 2.824201904026187870e-01 2.402728640292357276e-01
3.808058942874427144e-01 1.406045578833322457e-02 2.969723617624137058e-01 3.081612881618103761e-01
4.625055601646284043e-01 7.968909020790317099e-03 2.859392920335780963e-01 2.435862387810031338e-01
