1.962910957292783865e-01 2.110425365557924982e-01 2.700013589842422540e-02 5.656662318165048831e-01
2.731449509289242128e-01 2.850629446501635189e-01 3.523888627702344289e-02 4.065532181438888948e-01
3.010630362179589348e-01 2.260018443332289795e-01 3.165982339670755236e-02 4.412752960521045820e-01
2.244678068842398677e-01 2.715954075163790615e-01 3.562773420263489615e-02 4.683090513967461677e-01
2.784718142480007708e-01 2.272328456318613576e-01 4.667207983933381599e-02 4.476232602808041805e-01
2.299231895011506488e-01 2.377776739510296666e-01 2.202117528221849904e-02 5.102779612656012098e-01
2.463358219619672385e-01 2.253257836430886951e-01 2.409228095211451981e-02 5.042461134428296576e-01
2.391310799886343097e-01 2.009641615540057047e-01 1.464195380591642483e-02 5.452628046514435001e-01
2.076019998946548040e-01 2.364977653095461374e-01 5.400234272235297089e-02 5.018978920734461502e-01
2.101599079828020411e-01 2.412214654773039701e-01 2.517865701803005327e-02 5.234399695218640014e-01
2.158266048257672931e-01 2.231570941103344363e-01 2.983147067835585295e-02 5.311848303855424280e-01
2.149282366222325380e-01 2.371969811284895258e-01 3.347436513442984124e-02 5.144004171148481852e-01
1.716542811979772098e-01 2.331514429173318637e-01 3.072256815919030201e-02 5.644717077255007043e-01
1.965639865252383212e-01 2.465944312805793404e-01 3.815683645012853814e-02 5.186847457440538767e-01
2.056357841524137642e-01 2.486602644046662369e-01 4.142606485445932130e-02 5.042778865884606221e-01
2.158612995327890138e-01 2.396540659991762134e-01 3.850062049488642973e-02 5.059840139731482944e-01
2.366907171709443924e-01 1.973996382876876676e-01 3.041912439077974067e-02 5.354905201505881784e-01
2.880792156102022217e-01 2.159737821104114608e-01 2.258569760935077997e-02 4.733613046700354543e-01
2.686691544321404557e-01 2.456326746272818051e-01 3.843663410494273930e-02 4.472615368356350207e-01
2.609142969885684948e-01 2.138298363108003530e-01 5.961968017978930279e-02 4.656361865208419326e-01
1.829279294784339760e-01 2.329289800745512340e-01 3.810107177575770138e-02 5.460420186712571233e-01
2.135465575341732869e-01 2.046990087940296077e-01 3.514705024816876244e-02 5.466073834236283568e-01
2.340553113961072740e-01 1.862641454368924310e-01 4.328074819654902095e-02 5.363997949704513157e-01
2.470994786442941016e-01 1.827046580499689099e-01 4.139810497472649897e-02 5.287977583310106144e-01
2.217712813118226656e-01 2.699976643860916847e-01 3.476614600746845418e-02 4.734649082946172371e-01
2.643578175737200109e-01 2.109500958535860671e-01 2.476460894729041323e-02 4.999274776254034602e-01
2.446844425350497010e-01 2.223479677394227805e-01 2.421432538191571268e-02 5.087532643436118995e-01
2.087861283912936794e-01 2.255781350520024153e-01 2.774496633357667261e-02 5.378907702231272570e-01
1.950028430670061319e-01 2.016364855927130495e-01 4.197854503921472080e-02 5.613821263010660978e-01
2.245947003625461957e-01 2.090893614413075752e-01 5.114748842118092831e-02 5.151684497749651204e-01
2.672710589303920470e-01 2.101292983146507976e-01 1.904524195946563636e-02 5.035544007954917411e-01
2.601223524008081656e-01 1.988874478971221493e-01 4.049937343821705116e-02 5.004908262638525507e-01
3.044080677740559349e-01 1.997371607877757582e-01 3.068304255575384290e-02 4.651717288824145924e-01
2.605628822775092335e-01 1.772113914467250972e-01 3.342997198613235910e-02 5.287957542896332130e-01
2.372445265714806795e-01 2.268705127774973962e-01 2.735039434258892954e-02 5.085345663084329670e-01
2.138225767106950725e-01 2.212150100954953236e-01 3.266075153247816054e-02 5.323016616613313046e-01
2.020474568003056970e-01 2.522918562430451761e-01 3.317789696794777587e-02 5.124827899887014482e-01
2.208216768139616704e-01 2.269306766892994764e-01 5.071534256114067912e-02 5.015323039355982226e-01
2.035960879617299546e-01 2.171403689735137144e-01 5.473134763214489856e-02 5.245321954326114255e-01
2.380703626473899270e-01 1.815011741387169697e-01 6.043888518577315155e-02 5.199895780281198476e-01
2.440348782888814294e-01 2.067239340764542299e-01 3.381862008765430805e-02 5.154225675470101020e-01
3.029349467448080313e-01 2.493511848719087709e-01 1.662998723095697809e-02 4.310838811523262093e-01
2.229350873869155591e-01 2.218166707373165347e-01 2.513163130982646459e-02 5.301166105659413930e-01
2.193813007004063176e-01 2.406241053804216157e-01 4.842993917028576983e-02 4.915646547488862206e-01
2.030247501097887652e-01 2.125310789930881517e-01 4.416860920787534645e-02 5.402755616892478407e-01
2.195705347489731729e-01 2.157687018751402175e-01 4.199123709004804611e-02 5.226695262858385149e-01
2.618113413587102589e-01 2.043781621581452212e-01 4.969359300767222515e-02 4.841169034754723710e-01
2.538959076695190831e-01 2.044211625758320661e-01 5.933599816971231455e-02 4.823469315849366335e-01
1.939047803730389041e-01 2.378762640475143575e-01 3.827347312305560273e-02 5.299454824563910593e-01
2.546894684875937731e-01 2.517848292147646383e-01 2.209833571653138998e-02 4.714273665811101743e-01
2.278199274874829205e-01 2.159532471640909224e-01 4.582209791743457189e-02 5.104047274309915228e-01
2.323073184435438809e-01 2.089699886739432300e-01 3.259564845520809828e-02 5.261270444273047353e-01
2.619743812909820502e-01 2.249727672788471300e-01 3.831718789388338653e-02 4.747356635362873778e-01
2.169373996203165789e-01 2.446633044718998506e-01 4.848200465495677153e-02 4.899172912528267365e-01
2.937066585365988858e-01 2.283147343586818534e-01 4.074653569091088445e-02 4.372320714138083209e-01
2.939034733496669327e-01 1.885855199965332796e-01 6.506158312024311330e-02 4.524494235335566605e-01
2.199433073896687463e-01 2.676780951990025414e-01 2.995716096051945568e-02 4.824214364508091490e-01
2.038381279957320602e-01 2.016531781573484561e-01 4.571337183130968346e-02 5.487953220156099876e-01
2.349902721937321137e-01 2.367957483503947413e-01 5.213540147955005033e-02 4.760785779763230252e-01
2.312532468313757694e-01 2.495641564936055545e-01 2.707364326917610642e-02 4.921089534058425974e-01
2.158419118374957646e-01 2.547650292312766962e-01 2.785786337648431948e-02 5.015351955547432405e-01
2.245323719420753983e-01 2.134028774436907139e-01 3.661380652460523299e-02 5.254509440896287797e-01
2.263080504528462156e-01 1.961822103496282110e-01 3.037000887333712873e-02 5.471397303241882781e-01
2.559889279221786440e-01 1.969191491920838089e-01 4.619131058520519612e-02 5.009006123005322886e-01
2.401126593149278121e-01 2.032237350694576783e-01 7.339396952736919333e-02 4.832696360882452469e-01
2.547151444115038355e-01 2.266747661043404805e-01 2.018665111878405888e-02 4.984234383653716183e-01
2.037834713406313225e-01 2.587759598473728384e-01 5.530632605233881671e-02 4.821342427596570501e-01
2.289012937006705828e-01 1.836107675623093738e-01 5.637265414134282060e-02 5.311152845956772506e-01
2.548046183845041890e-01 2.362003920408068669e-01 4.231527020599318983e-02 4.666797193686957890e-01
2.214634014746520441e-01 2.228331823930404798e-01 4.672962224207689863e-02 5.089737938902307857e-01
2.715624961321052022e-01 2.075220348183428321e-01 2.960319869092802036e-02 4.913122703586238482e-01
2.212427697741527199e-01 1.970091347713186780e-01 2.268995112291249602e-02 5.590581443316161581e-01
2.671668984508424605e-01 2.310748142087313828e-01 5.479994393086059373e-02 4.469583434095655838e-01
2.173483902719601513e-01 2.551471663112463983e-01 7.444708440290452589e-02 4.530573590138888274e-01
2.212513445683097213e-01 1.828115012968288267e-01 4.614789815271524293e-02 5.497892559821461189e-01
2.552174591092710720e-01 2.299487070208233452e-01 2.255274276965676949e-02 4.922810911002489243e-01
2.425159021588122743e-01 2.364602447263739193e-01 4.272908169703661801e-02 4.782947714177772647e-01
2.649949281617655639e-01 2.186527445489966637e-01 1.954858555489927610e-02 4.968037417343386108e-01
2.523605100409557767e-01 2.156699511949582426e-01 4.955379589093399789e-02 4.824157428731520869e-01
2.658324491964644820e-01 2.284581588717224943e-01 4.872831752253082432e-02 4.569810744092821508e-01
1.895488447918882713e-01 2.688559740665637521e-01 4.432093490533665220e-02 4.972742462362113036e-01
2.077725010127119964e-01 2.484891256051064701e-01 2.753368952395763777e-02 5.162046838582239339e-01
2.549333860322527401e-01 2.286217925938870688e-01 4.448493039168038149e-02 4.719598909821797750e-01
2.463855883121367496e-01 2.090864132836459943e-01 5.471079636067504443e-02 4.898172020435420659e-01
1.940575200321741078e-01 2.324959473500703422e-01 5.569949748086852614e-02 5.177470351368870238e-01
2.386146343159162297e-01 2.703636457574976060e-01 4.148091396275992854e-02 4.495408059638261733e-01
2.535276986223190532e-01 2.079086488197434968e-01 3.941472179045254348e-02 4.991489307674848441e-01
1.958403822856036036e-01 2.117473235743856652e-01 7.070562017265469290e-02 5.217066739673560383e-01
2.184524962912000601e-01 2.215656756793006055e-01 5.906417296698257546e-02 5.009176550625167312e-01
2.371497571758882095e-01 2.372225300804658710e-01 2.605269266772811815e-02 4.995750200759178083e-01
2.468512994238960534e-01 2.093923057778810382e-01 3.684258014069929227e-02 5.069138146575236092e-01
2.672939774784319211e-01 2.009096875028671403e-01 4.693532603922478258e-02 4.848610089794762046e-01
2.347337022217414471e-01 2.104983431869160704e-01 5.630620367487604999e-02 4.984617509164664950e-01
2.522044519046316990e-01 2.535044408773228231e-01 2.989138384680143853e-02 4.643997233712440220e-01
2.105186974546291445e-01 2.284995339307428208e-01 5.089370696029490299e-02 5.100880616543330692e-01
2.230412033292843987e-01 2.354033320242953919e-01 2.165114693912891311e-02 5.199043177072913968e-01
2.128212991036351476e-01 1.983554126553098429e-01 3.459770963180767295e-02 5.542255786092472603e-01
2.076597620868834981e-01 1.815544626546650719e-01 6.493627165573363780e-02 5.458495036027178893e-01
2.649210919512570706e-01 2.123756198338710988e-01 2.174527219307744244e-02 5.009580160217943501e-01
2.156654221849021447e-01 2.949508664826856474e-01 3.968278949773690334e-02 4.497009218346752490e-01
2.576493078124247882e-01 1.730002157775057947e-01 3.479104516434053385e-02 5.345594312457289110e-01
2.027766272730378017e-01 2.313690798423185535e-01 3.290088790282153647e-02 5.329534049818219765e-01
2.371573053867716829e-01 1.603238486846207955e-01 4.863360806062808767e-02 5.538852378679794963e-01
2.689537922952193183e-01 2.303799907412180659e-01 3.332438031989299471e-02 4.673418366436697391e-01
1.980870279067747097e-01 2.333617844585799128e-01 4.814716259168268231e-02 5.204040250429629033e-01
2.400299783846328028e-01 2.064856927410691489e-01 5.596093155134906905e-02 4.975233973229489792e-01
2.534190037023515973e-01 2.292588455836416239e-01 2.466406274950580860e-02 4.926580879645008348e-01
2.218011856836889228e-01 2.263609557911315795e-01 5.495451083212761489e-02 4.968833476930517579e-01
2.392915078052365030e-01 2.269185953474395501e-01 5.885222980858498265e-02 4.749376670387388533e-01
2.596885087479832710e-01 2.736993497864272373e-01 3.434526505290309839e-02 4.322668764126864627e-01
2.173062451158067343e-01 1.944358258316796206e-01 4.595769806681611336e-02 5.423002309856975733e-01
2.373382243050585760e-01 2.258819192316121327e-01 1.595204035347450727e-02 5.208278161098548464e-01
2.228601453783488062e-01 2.289315282116995420e-01 3.784744202315857425e-02 5.103608843867930567e-01
2.840115924098000622e-01 1.872102728787947978e-01 5.513682554467573549e-02 4.736413091667295849e-01
2.541876291445998026e-01 1.725484373267637539e-01 6.780081710563934383e-02 5.054631164229970164e-01
2.345600729726615707e-01 1.985270792395232298e-01 5.325287050969002706e-02 5.136599772781250683e-01
2.397276049115120156e-01 1.932302977513798148e-01 2.927251151577519445e-02 5.377695858213329405e-01
1.834281916989134731e-01 2.493524736895846305e-01 4.352037563730385555e-02 5.236989589741979367e-01
2.644198236545948211e-01 1.805643291160849706e-01 3.865802569890922774e-02 5.163578215304108765e-01
2.329764888206279361e-01 2.644444085323269245e-01 6.647728941053261675e-02 4.361018132365125366e-01
2.485131456156111085e-01 2.296812126533222531e-01 3.239818163907593612e-02 4.894074600919906537e-01
2.761924381038198262e-01 2.417963153733762860e-01 4.461837921844280519e-02 4.373928673043610549e-01
2.004160282055100772e-01 2.780339168866701183e-01 1.956680022274325664e-02 5.019832546850766519e-01
2.143216888383871754e-01 2.351622927725815215e-01 3.985282543029444041e-02 5.106631929587368557e-01
2.406429269800001713e-01 2.131565874463575705e-01 4.224721859459192042e-02 5.039532669790505182e-01
2.671932154832953321e-01 2.241206336605986449e-01 1.082973030426158043e-02 4.978564205518445362e-01
2.090986230962507408e-01 2.638422284173450594e-01 2.963889311486277850e-02 4.974202553715413866e-01
1.909125238870033603e-01 1.869935776153933416e-01 1.146718095631622455e-02 6.106267175412870563e-01
2.077421273649999456e-01 1.899812235246186309e-01 3.356302036078573359e-02 5.687136287495957454e-01
2.290215456282330142e-01 2.261185863884633551e-01 4.897169965036334699e-02 4.958881683329401380e-01
2.641256537079555433e-01 1.719341851512856678e-01 4.071011503132888898e-02 5.232300461094300248e-01
2.252672104222645244e-01 2.454610536280008304e-01 3.886565175860956511e-02 4.904060841911250801e-01
2.796841602741310107e-01 1.838265080297530052e-01 2.534006248240082068e-02 5.111492692137152849e-01
2.561756897652842091e-01 2.357514906418890221e-01 1.723788814667351690e-02 4.908349314461533108e-01
2.672501619504567549e-01 2.360491575116973051e-01 2.876709566176558278e-02 4.679335848760803884e-01
1.677846996333471064e-01 2.248486404613375955e-01 4.978505002379055716e-02 5.575816098815248312e-01
2.405881832375496576e-01 2.040752719255290726e-01 7.802053885671431099e-02 4.773160059802069588e-01
2.897663271310603750e-01 2.137684990858522982e-01 2.677628203917471750e-02 4.696888917439124289e-01
2.769495806644047819e-01 1.894563125447658314e-01 3.636974058220917433e-02 4.972243662086202609e-01
2.104353582396308875e-01 2.602939534971860924e-01 2.761573072875263962e-02 5.016549575344303458e-01
2.541426095974239074e-01 2.122543021499187776e-01 3.426304137703377328e-02 4.993400468756235555e-01
1.750621765511870265e-01 2.617309480389804488e-01 1.794490021242808528e-02 5.452619751974043805e-01
1.998335115607799972e-01 2.578269988107089183e-01 2.374173405668588213e-02 5.185977555718251919e-01
2.800836165317114324e-01 2.099341224262668004e-01 2.230676156720325792e-02 4.876754994748186411e-01
2.292037665135645552e-01 2.532415136889234475e-01 4.968413856879930202e-02 4.678705812287127230e-01
2.271457034491945470e-01 2.260930628246810847e-01 2.711658765181055100e-02 5.196446460743138207e-01
2.407961324273756032e-01 2.432121987586411127e-01 3.719649232268159439e-02 4.787951764913017105e-01
2.364365069369558092e-01 2.316774815202337356e-01 3.010012316392378720e-02 5.017858883788866020e-01
1.785985667975771019e-01 2.228443295301356375e-01 2.793560425539847597e-02 5.706214994168888888e-01
2.238717064515751975e-01 2.222622358680384491e-01 4.208959159889085616e-02 5.117764660814954070e-01
2.581512528848327048e-01 2.284021330159189123e-01 1.156630212449769046e-02 5.018803119747508035e-01
2.393643502274899748e-01 2.235947140185570725e-01 4.897215271560175637e-02 4.880687830383512171e-01
2.429688883866236992e-01 2.323340699993801939e-01 3.017578860130345347e-02 4.945212530126927297e-01
2.362467904151856479e-01 2.146653666008332406e-01 3.911850098096551070e-02 5.099693420030155799e-01
2.522107807976635696e-01 2.352697280657113088e-01 3.626538591846686227e-02 4.762541052181583634e-01
2.205395187821852510e-01 2.678842274793276634e-01 3.767147236397049709e-02 4.739047813745164150e-01
2.264795666933550611e-01 2.626751226788223703e-01 2.639474499066549532e-02 4.844505656371570490e-01
2.517034106960950868e-01 1.989137214460948988e-01 3.817941472728313135e-02 5.112034531305268414e-01
2.108614814794246839e-01 2.352911742674114737e-01 3.442640748744700552e-02 5.194209367657166565e-01
2.306885822931709351e-01 2.232258644282740789e-01 3.602475715900254477e-02 5.100607961195524620e-01
1.696526536418716813e-01 1.888964964422252812e-01 2.450253232309637652e-02 6.169483175928067720e-01
1.945859689633855916e-01 2.457897862395646837e-01 4.077468367197557148e-02 5.188495611250741879e-01
2.594789497983328030e-01 1.977311282652952362e-01 3.332891778946741462e-02 5.094610041469046502e-01
2.279999141099644799e-01 1.895270602978951224e-01 4.309463200579647518e-02 5.393783935863438739e-01
2.665920378014682846e-01 1.938931759477360017e-01 6.449388653117246739e-02 4.750208997196231353e-01
2.373110136421165139e-01 1.822876915768060213e-01 2.427897720116872424e-02 5.561223175799087093e-01
2.049397023980458199e-01 2.140780161438740337e-01 4.061489825684724136e-02 5.403673832012326761e-01
2.245388070398647018e-01 2.283428905384863872e-01 2.755525635106168339e-02 5.195630460705872311e-01
2.287966927896176728e-01 2.091335896684474172e-01 5.873195886708960228e-02 5.033377586748453147e-01
2.254589799059805999e-01 2.204275044649818827e-01 2.265143697325936942e-02 5.314620786557782139e-01
2.020591772754913862e-01 2.580688114868018301e-01 5.588996416749120177e-02 4.839820470702155819e-01
2.655709094145990989e-01 2.067277155213313455e-01 3.547686609461526280e-02 4.922245089694542441e-01
2.299715256815107467e-01 2.171986907701793368e-01 2.577376983776757252e-02 5.270560137105424481e-01
1.883712511293579583e-01 2.217730399343930681e-01 2.763863060684403766e-02 5.622170783294049290e-01
2.326399522124837083e-01 2.747765159795448886e-01 2.466231361291016180e-02 4.679212181950613281e-01
2.418427697858362424e-01 2.150806714387461516e-01 4.648916016318094951e-02 4.965873986122366079e-01
2.531762142397750992e-01 1.994081733182390681e-01 2.393227015151659989e-02 5.234833422904692224e-01
2.280854413870952724e-01 1.848389079333436213e-01 3.005646275505295326e-02 5.570191879245081079e-01
2.235973091766070842e-01 2.000423760199399881e-01 2.335267501044384700e-02 5.530076397930090426e-01
2.818930047406586481e-01 2.259201831720175635e-01 3.582062876918500754e-02 4.563661833181386629e-01
2.638618781048745476e-01 2.232317671664767467e-01 2.459911138966362765e-02 4.883072433389850087e-01
2.320882682548035536e-01 1.791063923243575995e-01 4.215724736233785602e-02 5.466480920585009562e-01
2.060345260057055983e-01 2.451623792297432936e-01 4.790618232397828025e-02 5.008969124405728834e-01
2.100622934081824156e-01 2.429259235306862885e-01 5.631363275823787762e-02 4.906981503028933211e-01
2.227735668316715989e-01 2.175335295443985850e-01 5.895816721647054170e-02 5.007347364074594687e-01
2.453617840723527344e-01 2.196708645217611000e-01 3.330155704695018926e-02 5.016657943589361013e-01
2.576089478930652099e-01 2.396348877649105424e-01 1.829260960558996493e-02 4.844635547364342099e-01
2.087718360061448231e-01 2.319697537869417903e-01 4.764440265579184680e-02 5.116140075511215191e-01
1.797784613468114134e-01 1.895143173717660778e-01 3.081203737349230004e-02 5.998951839079301740e-01
2.464431266278482302e-01 2.321240765341139323e-01 2.994745718159944753e-02 4.914853396564383137e-01
1.875166765516863010e-01 2.136149137781669094e-01 3.298760588148524214e-02 5.658808037886615683e-01
2.550580365319619625e-01 1.647305958339752852e-01 3.986366376668667305e-02 5.403477038673761834e-01
1.883270963092369132e-01 2.496639743692648239e-01 2.281569545121506573e-02 5.391932338702832839e-01
2.346685472084602264e-01 1.970474917499895895e-01 1.786804566145328357e-02 5.504159153800969317e-01
2.522269716316194454e-01 2.415210915772867672e-01 3.114988717601523821e-02 4.751020496150785144e-01
2.539709916667476364e-01 1.818605667549337834e-01 3.764049958746228108e-02 5.265279419908561742e-01
2.122209626433091967e-01 1.894932247157682104e-01 5.709101860534979839e-02 5.411947940355726905e-01
2.391628551675230863e-01 2.189746458613353319e-01 4.316243092503744411e-02 4.987000680461041169e-01
2.299284563823586758e-01 2.545579343989623489e-01 1.828770701343404581e-02 4.972259022052449851e-01
2.126608668901595334e-01 2.114445642442248086e-01 3.044283990531846534e-02 5.454517289602972552e-01
2.487433986981734957e-01 2.198224807682003790e-01 3.316240657580609569e-02 4.982717139578199395e-01
2.664595245495548492e-01 1.756537261311189591e-01 2.343538934027319942e-02 5.344513599790531311e-01
1.875504590604555322e-01 1.920834997485065532e-01 3.325027607077509634e-02 5.871157651202628669e-01
2.241329663014566265e-01 2.416189949809888216e-01 6.093703763865161716e-02 4.733110010789028377e-01
2.511434448108557649e-01 2.115051778593675935e-01 2.339803831148662763e-02 5.139533390182899897e-01
1.699869525038252005e-01 2.921521924409868354e-01 4.774828400067504530e-02 4.901125710545128356e-01
1.849467867733404214e-01 2.646347006348568343e-01 3.283816860854212039e-02 5.175803439832605823e-01
2.561811577191072109e-01 2.300558914003086319e-01 2.023436901271661453e-02 4.935285818678674663e-01
2.472051258610155067e-01 2.216177276996504353e-01 5.207624868466640550e-02 4.791008977546676872e-01
2.496514767411180391e-01 2.360821236674156554e-01 5.224897602999413471e-02 4.620174235614720737e-01
2.583263798275649559e-01 2.155265331664662776e-01 4.933971329760414998e-02 4.768073737083646235e-01
2.314059561376045626e-01 1.895824531390700451e-01 3.058273135418327834e-02 5.484288593691420965e-01
1.913652536801917214e-01 2.634242871852776058e-01 2.698936978689631810e-02 5.182210893476344449e-01
2.835956414079938703e-01 2.321555613519428185e-01 2.387175233561970866e-02 4.603770449044436441e-01
2.005544682251696464e-01 1.641711241351765938e-01 4.758129375097950448e-02 5.876931138886742900e-01
2.414439863025655830e-01 2.098975142666002491e-01 4.068995560149955143e-02 5.079685438293345401e-01
2.237756430847564204e-01 2.180139813365762069e-01 5.680059300882774054e-02 5.014097825698397015e-01
1.837625623814200249e-01 2.187219359471319624e-01 3.318163481252919822e-02 5.643338668589187312e-01
2.368169203238905673e-01 2.170654384554889516e-01 3.545775112977061355e-02 5.106598900908498884e-01
2.623170588836628014e-01 2.194898898482054717e-01 2.446850088687323177e-02 4.937245503812583425e-01
2.430366252985730890e-01 2.581578550818889872e-01 2.702038553963180892e-02 4.717851340799060766e-01
2.056465892889307590e-01 2.596429370382064006e-01 2.472789035784772257e-02 5.099825833150152254e-01
2.341406641854096304e-01 1.977104068600122611e-01 5.547621783002378015e-02 5.126727111245542590e-01
2.329085806481056564e-01 1.756928047543180604e-01 4.418701330382336645e-02 5.472116012937529028e-01
2.189150368113696454e-01 2.568465806069420987e-01 3.870722188660413732e-02 4.855311606950841186e-01
2.431895193375004649e-01 1.697574773112209001e-01 5.761006923239228583e-02 5.294429341188865434e-01
2.229588831995479303e-01 1.849763480124827220e-01 2.610248064422131947e-02 5.659622881437479380e-01
2.647306329003812908e-01 2.218640770028217912e-01 1.779763562690843751e-02 4.956076544698885811e-01
2.204088610793359937e-01 2.380638014358550103e-01 2.947996565764689561e-02 5.120473718271620900e-01
2.151944290070324228e-01 2.340874742647513218e-01 4.815108660161373372e-02 5.025670101266024314e-01
2.724636197096220736e-01 2.052758980051833104e-01 4.595810614471664002e-02 4.763023761404781564e-01
2.082956865443207073e-01 2.742124918367863096e-01 4.650752379844007994e-02 4.709842978204527575e-01
1.956614635775180688e-01 2.426744918726382039e-01 4.541945384090409488e-02 5.162445907089396879e-01
2.521863166065187456e-01 2.404130109867368137e-01 3.973279396688830789e-02 4.676678784398561883e-01
2.462675404250289080e-01 2.172665317275941366e-01 2.407227267233778834e-02 5.123936551750393198e-01
2.209983274353660154e-01 2.347425389834773279e-01 2.886249605546045705e-02 5.153966375256961996e-01
2.169427920238851948e-01 2.218933977737678753e-01 7.643075951506402010e-02 4.847330506872827849e-01
2.288967260009202032e-01 2.224475519770674203e-01 2.944895577627139327e-02 5.192067662457411359e-01
1.970891693773853537e-01 2.283296420319706199e-01 5.114294221974773763e-02 5.234382463708960875e-01
2.242165911846580872e-01 2.324531161612435337e-01 2.860402527527116170e-02 5.147262673788273180e-01
2.218704949510525715e-01 2.632005645501110935e-01 3.964518590443762841e-02 4.752837545943986441e-01
2.798915753289460406e-01 2.350966179256459565e-01 2.144316160523530856e-02 4.635686451401726527e-01
2.802719049447370270e-01 2.089568031379913093e-01 3.123908655629809711e-02 4.795322053609736845e-01
2.496720526262874718e-01 2.414354287249056707e-01 2.520108382479422510e-02 4.836914348240126116e-01
2.159839314436888535e-01 2.370307336291585798e-01 3.074391209378379494e-02 5.162414228333689348e-01
2.034394758224321864e-01 2.564332717006195250e-01 3.125241996849650872e-02 5.088748325084516688e-01
2.408928949831588284e-01 2.177303604316586372e-01 3.685435389782188570e-02 5.045223906873607111e-01
2.770336214428671950e-01 2.097956080043811566e-01 2.462945390589563882e-02 4.885413166468559609e-01
2.559100789877520876e-01 2.327725423040441777e-01 4.514593167055347411e-02 4.661714470376501773e-01
2.796287828880897885e-01 2.043246748668615664e-01 5.545306664537351382e-02 4.605934755996753394e-01
2.446600373530059824e-01 2.062178750878880529e-01 2.847128344774959435e-02 5.206508041113563356e-01
2.305149444905674194e-01 2.054737051702107964e-01 4.226236944576087368e-02 5.217489808934610007e-01
2.351949918382966742e-01 2.283926568893140385e-01 5.238917359390167505e-02 4.840231776784875151e-01
2.506852231843816892e-01 2.181821446247274032e-01 2.625253756681332484e-02 5.048800946240775689e-01
2.249879026412452132e-01 2.435510021975202943e-01 3.059045014378889565e-02 5.008706450174456037e-01
2.162698463380777203e-01 2.744809561447026369e-01 3.097278008939725186e-02 4.782764174278222868e-01
2.308015574913095391e-01 2.884784478196740221e-01 4.588337462287932211e-02 4.348366200661370473e-01
2.436335001093465902e-01 1.888943921633748080e-01 3.357747121222159903e-02 5.338946365150569751e-01
2.100914455695763183e-01 2.398769234059624222e-01 5.332562466690225073e-02 4.967060063575589601e-01
2.405385515592440016e-01 2.116804497292633647e-01 2.190961262083119393e-02 5.258713860906614190e-01
1.895354308705760049e-01 1.838556193049788456e-01 7.643468660928028069e-02 5.501742632151649381e-01
2.526307680078993534e-01 2.252744455235189958e-01 2.226072712875265189e-02 4.998340593398289400e-01
2.217497426657691340e-01 2.021924125643749792e-01 4.312774964537927080e-02 5.329300951244765328e-01
2.294974226033700548e-01 2.219262681321438890e-01 2.000238115961092134e-02 5.285739281048751348e-01
2.923544812652708047e-01 2.527704561822853302e-01 2.891265199393875523e-02 4.259624105585050335e-01
2.437132548621267492e-01 2.235996756495233773e-01 2.391665488624941313e-02 5.087704146021003737e-01
2.028159397712812062e-01 2.255674091310914398e-01 4.172314537873110518e-02 5.298935057188963738e-01
2.494715570345716338e-01 2.015545372071002594e-01 3.502504918307024206e-02 5.139488565752579063e-01
2.255389909376736557e-01 2.656859200202452698e-01 2.143066378263039015e-02 4.873444252594506532e-01
2.583489453883873743e-01 1.938529986877468858e-01 3.330425662467603048e-02 5.144937992991897024e-01
2.060424792324606347e-01 2.753618085113677116e-01 2.600511156361220988e-02 4.925906006925595548e-01
2.496843724719360336e-01 1.822423754547667085e-01 4.460240025081960852e-02 5.234708518224775453e-01
2.407530193207486346e-01 2.185441200557026731e-01 3.420346702017687535e-02 5.064993936033718169e-01
2.510136197769313737e-01 2.152530926174675285e-01 2.639476490531252745e-02 5.073385227002886744e-01
2.335579294339682477e-01 2.436140570370521063e-01 3.885184937319793169e-02 4.839761641557818739e-01
2.302751286564596600e-01 1.966954555097366331e-01 3.121230692758307501e-02 5.418171089062207013e-01
2.033020697437213642e-01 2.269187430030684682e-01 4.237979221211030795e-02 5.273993950410997833e-01
2.832035624978971877e-01 2.145288890716039731e-01 2.033916727021100462e-02 4.819283811602879108e-01
2.671023741017965469e-01 2.405400378460297861e-01 3.307466928832328984e-02 4.592829187638502453e-01
2.419259447831283716e-01 2.170821818706951123e-01 2.316130404282795360e-02 5.178305693033485868e-01
2.332016906147829638e-01 2.197160611751289849e-01 2.808892123499339907e-02 5.189933269750948153e-01
1.838681245463391345e-01 2.332777336841919402e-01 3.407999249631907257e-02 5.487741492731499360e-01
2.418337265945987857e-01 2.611036925135502562e-01 2.333754076294479451e-02 4.737250401289060942e-01
1.979601957123530431e-01 2.788512347667344016e-01 3.425379870462474247e-02 4.889347708162877781e-01
2.045536103608610878e-01 1.897026342878479210e-01 3.598874083368739513e-02 5.697550145176035752e-01
2.088268630557177652e-01 2.497067260217630535e-01 4.150423257354300677e-02 4.999621783489761051e-01
2.429273331301309569e-01 2.041015974781294207e-01 2.773935882822883836e-02 5.252317105635107009e-01
2.377491723991237427e-01 2.226938125308858540e-01 3.116973723290815054e-02 5.083872778370822632e-01
2.169744749747253287e-01 2.218872027853619755e-01 4.063889468189677695e-02 5.204994275580159258e-01
2.169187820874927952e-01 2.162717157431205683e-01 2.998498660551037961e-02 5.368245155638761146e-01
2.579619369472522794e-01 1.690076877086400531e-01 6.323309094285411991e-02 5.097972844012536031e-01
2.453876045049829258e-01 2.299781592566245425e-01 3.550739195008484339e-02 4.891268442883077716e-01
2.524029462737796825e-01 1.681806499242805841e-01 2.912727648278388981e-02 5.502891273191559129e-01
2.443265814252071899e-01 2.247324927100015912e-01 4.562414757298996482e-02 4.853167782918012541e-01
1.939104569141839041e-01 2.257600912020509554e-01 2.916019989799566864e-02 5.511692519857693817e-01
2.163385795420057489e-01 2.341501028830889064e-01 3.860518633210403838e-02 5.109061312428012647e-01
2.099905680148548559e-01 2.112936805440088495e-01 2.275705527757419799e-02 5.559586961635619717e-01
1.879391705189721040e-01 2.255835592676408985e-01 3.859108364683036529e-02 5.478861865665566322e-01
2.281411558266851769e-01 2.390307022828581929e-01 3.148552652561676518e-02 5.013426153648397054e-01
2.411694029249940030e-01 2.035323185818317671e-01 4.856934398082257687e-02 5.067289345123516808e-01
2.408960689586050197e-01 2.222044100901337249e-01 5.437002655376257237e-02 4.825294943974985373e-01
2.560249428032418395e-01 1.597310968747648330e-01 2.916168372248092652e-02 5.550822765995123698e-01
2.052885841527638255e-01 2.582479383109591020e-01 3.079181288706635961e-02 5.056716646492107614e-01
2.260967080062545320e-01 2.118263910069128064e-01 4.404687359479610154e-02 5.180300273920365184e-01
2.385286921448687147e-01 2.251989862610048743e-01 3.916603289242714947e-02 4.971062887016992615e-01
2.157752501048389171e-01 2.757381973974504241e-01 4.541461737534322612e-02 4.630719351223673286e-01
2.115366316630312993e-01 2.422970360715301641e-01 4.650364882624571927e-02 4.996626834391929006e-01
2.481467294931664069e-01 2.278614519782446446e-01 3.214648255195150239e-02 4.918453359766373212e-01
1.928982468493102842e-01 2.265122381286106823e-01 2.875956255012129467e-02 5.518299524719578741e-01
1.980714673191847353e-01 2.370343458364764788e-01 3.469771519123678732e-02 5.301964716531021304e-01
2.274729485929455342e-01 2.159224853818594581e-01 4.440776271923783242e-02 5.121968033059572933e-01
2.367731762265189166e-01 2.282024728151816895e-01 2.623727953719333372e-02 5.087870714211059076e-01
2.804789360814315402e-01 1.912965800711591280e-01 2.010254649520442846e-02 5.081219373522048999e-01
2.214326480751613035e-01 2.591358086653006154e-01 2.993429424104593339e-02 4.894972490184921199e-01
2.112752003615420426e-01 2.128324392487952188e-01 3.650310393960137789e-02 5.393892564500614162e-01
2.363976146703680170e-01 2.012223405836621459e-01 3.194056755499386641e-02 5.304394771909759498e-01
2.213357212015100162e-01 2.372771341238909260e-01 3.489572284504905558e-02 5.064914218295500925e-01
2.493756384080803301e-01 2.370164198360239505e-01 3.315054844766128495e-02 4.804573933082345039e-01
2.429547809473423525e-01 2.228397112155723059e-01 4.317989795886280346e-02 4.910256098782226908e-01
2.053431433802097028e-01 2.231451132109789626e-01 2.648918581934364344e-02 5.450225575894674934e-01
2.497247286732235394e-01 2.199116549176823032e-01 2.062420235357573933e-02 5.097394140555183695e-01
2.122400663006938915e-01 2.149995352004901439e-01 2.684059877894948154e-02 5.459197997198664831e-01
2.181389067223632738e-01 2.229976712677550488e-01 3.159839135739429122e-02 5.272650306524874209e-01
2.171357238024228531e-01 2.111123517673527683e-01 2.918866250485098457e-02 5.425632619253734079e-01
1.983185987809612527e-01 2.270234308433708437e-01 4.872294926117091279e-02 5.259350211144968590e-01
2.621359063268970946e-01 2.411670898667339635e-01 3.259567859009893098e-02 4.641013252162699554e-01
2.071141673392112026e-01 2.296780784815159182e-01 4.363010277880429583e-02 5.195776514004685209e-01
2.002779460085823415e-01 2.714924226711032396e-01 2.837958413607204536e-02 4.998500471842424742e-01
2.659583953276578039e-01 2.013742876934210002e-01 2.344598127649234406e-02 5.092213357024287790e-01
2.549835563506416269e-01 2.383322294375659345e-01 5.167000374342094887e-02 4.550142104683714273e-01
2.849308079955917838e-01 2.116489312686196111e-01 3.087560562417530907e-02 4.725446551116131988e-01
2.625449554988301681e-01 1.709598558743777308e-01 4.620269187234667119e-02 5.202924967544454438e-01
2.433686175503001758e-01 2.315129023191508928e-01 4.385607197296536447e-02 4.812624081575834767e-01
2.714440560935068580e-01 2.317214169116860178e-01 3.129471771847534833e-02 4.655398092763318729e-01
2.440909117642935389e-01 2.084187338667434775e-01 3.911891479731023635e-02 5.083714395716527612e-01
2.397356355735957567e-01 2.357057155017830419e-01 2.707434883731244316e-02 4.974843000873089283e-01
2.535234761339514864e-01 1.997113477027283313e-01 3.217919533765549456e-02 5.145859808256647572e-01
2.459373929055266306e-01 2.477495509401074769e-01 2.540199160861970548e-02 4.809110645457462252e-01
2.223489861711868965e-01 2.113800177707033934e-01 5.132016750864087928e-02 5.149508285494688309e-01
2.460452940461597682e-01 2.301996121335362355e-01 2.538640911247221424e-02 4.983686847078319104e-01
2.607245218977287116e-01 1.613827861783643514e-01 3.719602961873956504e-02 5.406966623051673304e-01
2.017657063071900680e-01 2.438463938247541485e-01 4.027646792341799814e-02 5.141114319446377090e-01
2.844595248631160422e-01 2.313200740245238696e-01 3.250326540257447716e-02 4.517171357097857776e-01
2.456962991517656070e-01 2.232293249971592786e-01 2.213093628220859366e-02 5.089434395688663404e-01
1.958152148750728627e-01 2.515725499378194119e-01 2.986778989731260839e-02 5.227444452897952454e-01
2.453624591417693235e-01 2.147504086158520675e-01 3.147496120255332402e-02 5.084121710398253891e-01
2.153870124611709236e-01 2.388133404158316042e-01 3.071448685392464892e-02 5.150851602690728059e-01
1.926104350255277708e-01 2.484994273846111157e-01 3.584561684229463363e-02 5.230445207475664660e-01
2.141485304958321567e-01 2.367924026382171310e-01 2.678649828363624183e-02 5.222725685823144115e-01
2.331478380393197103e-01 2.256597859209905632e-01 3.961582324091676710e-02 5.015765527987728900e-01
2.397104485011199992e-01 1.979225415735638705e-01 3.957386794155778875e-02 5.227931419837583693e-01
1.926670752032119682e-01 2.265716042000681107e-01 3.358112480732288602e-02 5.471801957893971391e-01
2.356620875199042509e-01 2.354647443153138897e-01 5.536375149408101493e-02 4.735094166707009000e-01
2.202210014651855008e-01 2.167326304573126416e-01 5.031493249711330162e-02 5.127314355803885837e-01
2.252041167649098397e-01 1.563463245456751805e-01 3.516415823731641743e-02 5.832854004520986457e-01
2.247954950552250863e-01 2.403188888615181984e-01 2.649315059717282858e-02 5.083924654860838555e-01
2.593735381040729315e-01 2.206179849200747556e-01 3.459396702069652413e-02 4.854145099551558373e-01
2.224621419998377425e-01 2.137259300121181482e-01 3.891089664493738859e-02 5.249010313431069497e-01
2.187206467317341363e-01 2.477867875744387549e-01 4.328781725601203723e-02 4.902047484378148634e-01
1.961750216180977446e-01 2.366119065513626885e-01 3.995920472509479487e-02 5.272538671054446402e-01
2.132714936689630303e-01 1.951951362187568650e-01 5.097570314921402029e-02 5.405576669630660636e-01
2.828152141186764945e-01 2.079267647879941838e-01 1.591216408612361119e-02 4.933458570072058458e-01
1.898988856931209668e-01 2.684191147632454810e-01 1.729938007865436042e-02 5.243826194649792161e-01
2.034756253641569201e-01 2.072764319680109601e-01 3.066552146391044939e-02 5.585824212039217640e-01
1.995653156303200115e-01 2.465879849511035671e-01 2.281186219539882432e-02 5.310348372231776803e-01
2.655232308883733738e-01 2.016487636946841522e-01 3.159908214510178531e-02 5.012289232718407650e-01
2.085326739288580478e-01 2.525244972477194150e-01 3.236366861141332096e-02 5.065791602120092163e-01
2.581109203719904044e-01 2.160252306117537435e-01 3.017022212722623303e-02 4.956936268890296260e-01
2.486797389982948470e-01 2.375308921751769498e-01 3.122383780381421739e-02 4.825655310227138783e-01
2.310835092232830790e-01 2.357949584443908009e-01 3.529107925532816437e-02 4.978304530769981362e-01
2.918435914208122317e-01 2.011933922050552215e-01 4.030290522509070994e-02 4.666601111490417675e-01
2.328614416975680612e-01 1.828340173305852967e-01 3.334451397826154739e-02 5.509600269935850392e-01
2.340779682511326398e-01 2.179357906014708357e-01 3.346204291910791218e-02 5.145241982282885429e-01
2.087112449596712493e-01 2.631457054730990675e-01 3.957225528377743967e-02 4.885707942834521811e-01
2.511424901174281743e-01 2.149674374916163977e-01 3.710221362230808201e-02 4.967878587686473946e-01
2.583881924677414177e-01 2.088230008255916592e-01 5.131600980254226452e-02 4.814727969041247002e-01
2.954334471197998524e-01 2.177595703755502987e-01 2.865167533708896930e-02 4.581553071675609767e-01
1.931111733727547408e-01 2.381879561622139985e-01 3.687642407195498850e-02 5.318244463930763555e-01
2.227608585163945165e-01 2.169412187056782848e-01 3.376860066762937818e-02 5.265293221102977927e-01
2.351979467379134436e-01 1.936173218097621274e-01 3.314195672732934278e-02 5.380427747249950654e-01
2.651991199718334302e-01 1.719247724371439912e-01 3.894521167806582612e-02 5.239308959129566068e-01
2.172743634559672066e-01 2.049501755169899075e-01 3.482889500641869057e-02 5.429465660206242994e-01
2.056503747944332661e-01 2.319984480103477187e-01 3.040664602614867595e-02 5.319445311690702560e-01
2.216526409774315642e-01 1.683096425510870464e-01 3.802845036162393055e-02 5.720092661098573616e-01
1.844468976582692155e-01 2.234305022281938835e-01 2.364778957349839700e-02 5.684748105400384555e-01
2.751799451576344979e-01 2.245696943665653200e-01 3.903670875316025274e-02 4.612136517226398391e-01
2.239197778740264211e-01 1.806788872737546126e-01 5.476488253515282567e-02 5.406364523170661407e-01
2.641245248915267130e-01 1.944703127242697338e-01 2.599163207860523406e-02 5.154135303055984441e-01
2.319006123421006593e-01 2.402506116193160179e-01 6.498806389040023834e-02 4.628607121481830844e-01
2.080204153523295685e-01 2.158128466285602620e-01 2.161604975126220698e-02 5.545506882678479244e-01
1.958937782281481577e-01 2.469590040543841181e-01 1.669673583252383881e-02 5.404504818849439340e-01
2.432692267072939507e-01 1.983370125755332114e-01 4.624550908344692707e-02 5.121482516337259039e-01
2.244106843847729627e-01 2.126430065674080327e-01 3.938196451087590949e-02 5.235643445369430049e-01
2.045613408309705505e-01 2.245926578390170791e-01 2.926200988815867363e-02 5.415839914418538736e-01
2.134643368894697801e-01 2.142923125260521866e-01 3.030066175407050699e-02 5.419426888304076373e-01
2.256498874157223666e-01 2.235964250050949120e-01 1.833325169515829731e-02 5.324204358840243234e-01
2.102342930097417240e-01 2.384646565999080647e-01 1.761392877243847521e-02 5.336871216179117638e-01
2.372319298747379013e-01 2.164059444106345431e-01 2.486163606924689240e-02 5.215004896453807604e-01
1.923635473428516041e-01 2.320081027501818827e-01 3.718016428281198382e-02 5.384481856241545294e-01
2.093384856813713391e-01 2.031417880739010973e-01 5.549316526419902779e-02 5.320265609805284734e-01
