2.681322225611011412e-01 4.768902643374623995e-01 2.399064732026339256e-02 2.309868657811732784e-01
2.886295105343075207e-01 4.914294667500920255e-01 1.951366338510421988e-02 2.004273593304962409e-01
2.768708122768705482e-01 5.080613170523354816e-01 1.925444962821204475e-02 1.958134210425821198e-01
2.928621259473009331e-01 4.565349677090522751e-01 3.042864193230499295e-02 2.201742644113418856e-01
3.007294205252765695e-01 4.877264079667926189e-01 3.066272653145185947e-02 1.808814449764790944e-01
3.266831492506993562e-01 5.145045964800104565e-01 1.053064109568930921e-02 1.482816131736009735e-01
3.239198462562261627e-01 4.509990622966700835e-01 5.147415216491692258e-02 1.736069392821867341e-01
3.106800351056570597e-01 4.597457130961872251e-01 3.452759542339653431e-02 1.950466563747591531e-01
2.507755592901808606e-01 5.088338780320329491e-01 4.420909290364882088e-02 1.961814697741374180e-01
2.506691053277406156e-01 5.331850427066656684e-01 4.056125007627921913e-02 1.755846018893144345e-01
2.885663995637464674e-01 4.995649170909025605e-01 1.754950376624984237e-02 1.943191795791012477e-01
2.235415896313111550e-01 5.657328371821468416e-01 4.345267894393742975e-02 1.672728942426045529e-01
2.605507434021717694e-01 4.858563778958123747e-01 3.980579798470049863e-02 2.137870807173153087e-01
3.147307406670603047e-01 4.770300421781936695e-01 2.539979576290598423e-02 1.828394213918399791e-01
2.598240874092568875e-01 4.799952908214585312e-01 2.333947046715663040e-02 2.368411513021278780e-01
2.632874555451485410e-01 4.234954612644480920e-01 4.999059534512912545e-02 2.632264878452742485e-01
2.807798124010573160e-01 4.967085446962910544e-01 1.096692593394775657e-02 2.115447169687038609e-01
3.107030457343118446e-01 4.619092784224663739e-01 4.083840894304726493e-02 1.865492669001745096e-01
2.429677427750267515e-01 5.520383752965406510e-01 3.674360106130850762e-02 1.682502808671240135e-01
2.585179591133848764e-01 4.995982497455702664e-01 4.459131610677407459e-02 1.972924750342709421e-01
2.422074283862283295e-01 5.329283998025268199e-01 5.508949970062283069e-02 1.697746721106219991e-01
3.389606485164138316e-01 4.699772816762148309e-01 1.703921773808858217e-02 1.740228520692827519e-01
2.981375423171613304e-01 4.894495464662024231e-01 1.600520794198272145e-02 1.964077032746536222e-01
2.914804461106567657e-01 5.367254321210170875e-01 1.631078046572840071e-02 1.554833413025977495e-01
3.108496594793274670e-01 4.227454737691114794e-01 2.134709087939986108e-02 2.450577758721612931e-01
2.722761175637016251e-01 5.209448510393414056e-01 2.180279215265525788e-02 1.849762392443017600e-01
2.555406111288289761e-01 4.183516206710437557e-01 3.575137736748548040e-02 2.903563908326417531e-01
2.892917805634551143e-01 4.893402853142594378e-01 2.819837617109696021e-02 1.931695579511884531e-01
2.887897249114997900e-01 5.014197592900098144e-01 3.437701443132257229e-02 1.754135013671677956e-01
2.768713187837736900e-01 4.447316593166295018e-01 4.755359939768088323e-02 2.308434225019158625e-01
2.915507367272725525e-01 5.017680437884891598e-01 5.919324831599950820e-02 1.474879711682386407e-01
2.957292013873283887e-01 4.658105776986715685e-01 2.269635160285218833e-02 2.157638693111478545e-01
2.900800414276307193e-01 4.673229638324745139e-01 4.524813624523062877e-02 1.973488584946641033e-01
2.681433765115408541e-01 4.528246015740304831e-01 2.916320751325544858e-02 2.498688144011731449e-01
3.134191241148043816e-01 4.795187947575662024e-01 2.072567677940971922e-02 1.863364043482196863e-01
3.098151583272729659e-01 5.003277894446155338e-01 3.595816166901749655e-02 1.538988905590940592e-01
2.735237877873178958e-01 4.737828620885434217e-01 4.275039339385418302e-02 2.099429567302844579e-01
3.010244581209841064e-01 4.785800498704985695e-01 3.930783750905744028e-02 1.810876544994599324e-01
2.585214163877685434e-01 5.315724614275374460e-01 2.744909349807281990e-02 1.824570286866211699e-01
2.503205049888961309e-01 5.051136610931896698e-01 4.440168063866783282e-02 2.001641532792462763e-01
2.681658156452255692e-01 4.934262625383551981e-01 5.983346575088158148e-02 1.785744560655376512e-01
2.482506101945943511e-01 4.950193732944189184e-01 2.282163755736908717e-02 2.339083789536175462e-01
2.612465608329015976e-01 5.284480769076441709e-01 3.914289043562269033e-02 1.711624718238316523e-01
3.029553047662319476e-01 4.771437777166709915e-01 3.668476307852365503e-02 1.832161544385733642e-01
2.348329474553108309e-01 5.646693049274632559e-01 3.269032638678828762e-02 1.678074212304375978e-01
2.529767932531823971e-01 5.415239681188992460e-01 5.365483991549076237e-02 1.518443987124277472e-01
2.797969511799398568e-01 5.224256929196609001e-01 2.884165038412067963e-02 1.689357055162784282e-01
2.778176973740068001e-01 5.258881070350511777e-01 4.134248609443873235e-02 1.549517094965032760e-01
2.800960901352553822e-01 4.664421955470901549e-01 5.288938666303823893e-02 2.005723276546160228e-01
2.765279888741229986e-01 4.646092914232185511e-01 3.124057937515491157e-02 2.276221403275036081e-01
2.672124007810196544e-01 5.370427006197782127e-01 3.730856594234479434e-02 1.584363326568573871e-01
2.394244966792254403e-01 4.796796579339818178e-01 3.597360819237532120e-02 2.449222371944171639e-01
2.698715685686354226e-01 5.036676471714297554e-01 2.805517008576982607e-02 1.984056141741650792e-01
2.542281367169471062e-01 4.913089830409027026e-01 5.098043931707806065e-02 2.034824409250721999e-01
2.449878488764461182e-01 5.018755215442254336e-01 4.179248102892909461e-02 2.113441485503992356e-01
2.820589137560395865e-01 4.490059059312985767e-01 3.042986258658959831e-02 2.385053177260723078e-01
2.362054611239046142e-01 5.312741799053215530e-01 4.212781792025645927e-02 1.903925410505172833e-01
2.383515199324550971e-01 5.074498510840739218e-01 3.516262271388727323e-02 2.190360062695837495e-01
3.052356312631069879e-01 4.587008127987443618e-01 1.058713460869822182e-02 2.254764213294503661e-01
2.603092780610363199e-01 5.168766876039494473e-01 6.071259897940733258e-02 1.621014353556068932e-01
2.818734661268715858e-01 4.823889540175511081e-01 4.324351276328770866e-02 1.924940670922894725e-01
2.745719267289358778e-01 5.393835913253967052e-01 2.066278062899329707e-02 1.653817013166740679e-01
2.985934061990214716e-01 4.888046109634718861e-01 3.777373596058611338e-02 1.748282468769204734e-01
2.209234754257668465e-01 5.668086048980244263e-01 1.956212389004766128e-02 1.927057957861611770e-01
2.633904334416592441e-01 5.113895561500985121e-01 3.414768656612431064e-02 1.910723238421179471e-01
2.758480424300101541e-01 4.680004365925948262e-01 4.231679658935981470e-02 2.138347243880352189e-01
2.723015990054113988e-01 5.335168585161198518e-01 3.330576038334124439e-02 1.608757820951274564e-01
2.746541426097964256e-01 4.819230554715383530e-01 2.233591942623809612e-02 2.210868824924270004e-01
2.972420012702902681e-01 4.930067773301439749e-01 2.793882035494561072e-02 1.818124010446201533e-01
2.889446755414458723e-01 4.539318378603959814e-01 5.264861998232288343e-02 2.044748666158353323e-01
2.466706737480398592e-01 5.343293223406141434e-01 7.286004708862028889e-02 1.461399568227257362e-01
1.945674619199209143e-01 5.298649058378609444e-01 2.981567809995924398e-02 2.457519541422590326e-01
2.624967212544987438e-01 4.985532130416411301e-01 3.323831105352914594e-02 2.057117546503310912e-01
3.017291048043373447e-01 4.291640411719890302e-01 3.485214686305187354e-02 2.342547071606218279e-01
2.203611081455148502e-01 5.246446242905058455e-01 6.376755000007836016e-02 1.912267175639010552e-01
2.850980548149019689e-01 5.097681572658780969e-01 3.716334308697449851e-02 1.679704448322453803e-01
2.678324601527027338e-01 5.145900033700779863e-01 3.079965940757265278e-02 1.867778770696466029e-01
2.013013343065706284e-01 5.045464938948268641e-01 2.569227497242347613e-02 2.684598968261790453e-01
3.063263961004651925e-01 4.654448228012520450e-01 4.148278626255958584e-02 1.867459948357233224e-01
2.704433879251710859e-01 5.076638127323030991e-01 4.228721166630253214e-02 1.796055876762232273e-01
2.851527200740995305e-01 4.771947141384685342e-01 5.667189056945063502e-02 1.809806752179811962e-01
2.807160373589889235e-01 4.809589589642420671e-01 2.650410694233570549e-02 2.118208967344332450e-01
2.469392375294687247e-01 4.965527217583679542e-01 5.450706062134834384e-02 2.020009800908149356e-01
2.753575117732288136e-01 4.883004443097995195e-01 5.424771646144493920e-02 1.820943274555265334e-01
2.265115145358644333e-01 5.283138864323519979e-01 3.834111790084401145e-02 2.068334811309395227e-01
2.627576553646607249e-01 5.056941402937317198e-01 3.032306234307462559e-02 2.012251419985327805e-01
2.880535937676249603e-01 5.017750496704552754e-01 2.177934988298390814e-02 1.883920066789358805e-01
2.487172840419745456e-01 5.224645337379991705e-01 6.356720904131360483e-02 1.652509731787125680e-01
3.514418431604952042e-01 4.606207773356649771e-01 1.601278073379588593e-02 1.719245987700438738e-01
2.391295255164778144e-01 5.684180585004542374e-01 1.519559988881902073e-02 1.772568160942488702e-01
2.481284604760979062e-01 5.327697179486492463e-01 2.715447001748434036e-02 1.919473515577686529e-01
3.502067684053700725e-01 3.968076423940208874e-01 7.130510895702873997e-02 1.816804802435803834e-01
2.865277857407119155e-01 4.521390475408079701e-01 1.793735632219320766e-02 2.433958103962868547e-01
2.961034197902145393e-01 4.716331785348232275e-01 2.628594808360288498e-02 2.059774535913594662e-01
2.369445077092275087e-01 5.299146949598465550e-01 5.341807338469702071e-02 1.797227239462288739e-01
2.452864884107002208e-01 5.647522551157067028e-01 1.691425699398235033e-02 1.730469994796106914e-01
2.951332715263411677e-01 4.751535402961228338e-01 2.707545878907716488e-02 2.026377293884588371e-01
2.657037027747998770e-01 5.329050553564166348e-01 2.135550070149099672e-02 1.800357411672925956e-01
3.056682359461004306e-01 4.705814071868846815e-01 2.228714382145085410e-02 2.014632130455641101e-01
3.200854593830831929e-01 4.573555863082505168e-01 2.244855508085784324e-02 2.001103992278086274e-01
2.551572666617679119e-01 4.938023850966791750e-01 2.325947425622788833e-02 2.277808739853251496e-01
2.767773480628250016e-01 5.316103960501967762e-01 4.115696128726065162e-02 1.504552945997176538e-01
2.882377748056456634e-01 4.620741158263411696e-01 4.311396001845856085e-02 2.065741493495544812e-01
2.540419942629202343e-01 5.166918349289479906e-01 3.571451371649499162e-02 1.935516570916367973e-01
2.571438230608932285e-01 5.147251823516785230e-01 2.967231874075357267e-02 1.984586758466746204e-01
3.070645150381988153e-01 4.724165659811491169e-01 3.247729668273167253e-02 1.880416222979204854e-01
2.973362361680703669e-01 4.849459847793212708e-01 2.190549687445701027e-02 1.958122821781513589e-01
2.926190794753004143e-01 4.596722966112612996e-01 4.936030788027189614e-02 1.983483160331663275e-01
2.677644606510389269e-01 4.983587367813357982e-01 2.589368558171293438e-02 2.079831169859124307e-01
2.660514278174913039e-01 5.034923238677512236e-01 2.709612051804678040e-02 2.033601277967106435e-01
2.680991824625489350e-01 4.410796477247609371e-01 5.717822395301044164e-02 2.336429458596796238e-01
2.993666438421638265e-01 4.994146437044548192e-01 3.057378349280802030e-02 1.706449289605733721e-01
3.065392752537684506e-01 4.502951566980358811e-01 4.243068997447971974e-02 2.007348780737159555e-01
2.547198682053729568e-01 5.460773638550874276e-01 4.207951471568487090e-02 1.571232532238548973e-01
2.364462786085837487e-01 5.512779247624522982e-01 3.878787321128815413e-02 1.734879234176757989e-01
2.846095456017619929e-01 4.630763800191132207e-01 5.178386424407131067e-02 2.005302101350533717e-01
2.834692432692170194e-01 4.685909351095474129e-01 3.927145070452898318e-02 2.086683709167066747e-01
2.702853410511087406e-01 4.846574100515144701e-01 4.853753163931803088e-02 1.965197172580586682e-01
2.749874602452984096e-01 4.449369587895587452e-01 4.999990405249118280e-02 2.300756769126517387e-01
2.614304947802943979e-01 4.800189008955159653e-01 2.710623584273855885e-02 2.314443684814510016e-01
2.554560340590175116e-01 4.865423643655876207e-01 3.830373520135439691e-02 2.196978663740404847e-01
3.387608497105193961e-01 4.271284994346203345e-01 3.248434425682650284e-02 2.016263065980339053e-01
2.936157070598788832e-01 4.964208481907744219e-01 3.157569334520173715e-02 1.783877514041447565e-01
2.863708279504248999e-01 4.596182702245342200e-01 4.265206688713396588e-02 2.113588349379069142e-01
2.777199760628516478e-01 4.952186045855179186e-01 2.962364164800695282e-02 1.974377777036234738e-01
2.351279514780064694e-01 5.637984612961174369e-01 2.423239788297844310e-02 1.768411893428975812e-01
2.596630897849694919e-01 5.025842665064977899e-01 5.429352558427277819e-02 1.834591181242599400e-01
2.770990360487333715e-01 5.107742760209916799e-01 2.202263895265090324e-02 1.901040489776240350e-01
2.376673959385921797e-01 5.323484810627352459e-01 5.237618328895689984e-02 1.776079397097157231e-01
3.129284320656486318e-01 4.615410971525368833e-01 3.416778957321889992e-02 1.913626812085954254e-01
2.928555414743483354e-01 5.198648233460146928e-01 2.952698545879071587e-02 1.577526497208463774e-01
2.872300836191299389e-01 5.047392806868933324e-01 2.435078428570176812e-02 1.836798514082748912e-01
2.705586970696219895e-01 5.564444571386529814e-01 2.478501418575047507e-02 1.482118316059745367e-01
3.304344251780459429e-01 4.454937949240355688e-01 2.798266540990431914e-02 1.960891144880140824e-01
2.822567782493246580e-01 5.302612557895001189e-01 4.149073476318321935e-02 1.459912311979918720e-01
2.715340222223817102e-01 5.050805575764335531e-01 1.722344077847957552e-02 2.061619794227051716e-01
2.639640887480637632e-01 5.259325203150423400e-01 3.179041251536357526e-02 1.783129784215303770e-01
2.946289590540440706e-01 4.736328449073486935e-01 3.280021032934814229e-02 1.989379857092590798e-01
2.694418013895758524e-01 4.902553144392578499e-01 3.772568324192279027e-02 2.025772009292435283e-01
3.096523375846130244e-01 4.554897596668716075e-01 1.742311143784610120e-02 2.174347913106692287e-01
3.284559919424371310e-01 4.840488082164197126e-01 3.036672630542371076e-02 1.571284735357196538e-01
3.085540190003673300e-01 5.077134801699274558e-01 2.158102465460019076e-02 1.621514761751049749e-01
2.285500798518776966e-01 5.014863469058818968e-01 3.022217023160359353e-02 2.397414030106368166e-01
2.851490747116002811e-01 5.043706618973641254e-01 6.691009918163856596e-02 1.435701642093972497e-01
2.446479341037928468e-01 4.973722783671084557e-01 1.614955211262009485e-02 2.418302354164785783e-01
3.184559474858486561e-01 4.658774578431220115e-01 4.159040924481958307e-02 1.740761854262097841e-01
2.927923394052938666e-01 4.643457229294325472e-01 4.399916505402758776e-02 1.988627726112459915e-01
2.713454248845604821e-01 4.936176784771393877e-01 1.746561498144874255e-02 2.175712816568516061e-01
2.522754036716918780e-01 5.194410823775500452e-01 2.473730513861763236e-02 2.035462088121405277e-01
2.788547618672224115e-01 4.933827415900535751e-01 2.713520046606588895e-02 2.006272960766580515e-01
2.944106391652209220e-01 4.784510837027782792e-01 2.447467715738057409e-02 2.026635999746201622e-01
3.063686149203138642e-01 5.095633824137527634e-01 2.794968108632687673e-02 1.561183215796065893e-01
3.046507345413765888e-01 4.688544156566725740e-01 3.548565502675735117e-02 1.910091947751932639e-01
2.577438315653729495e-01 4.986754461327166377e-01 1.623691633881142043e-02 2.273438059630988606e-01
3.339903314487137620e-01 4.397777351099499410e-01 2.088722131118786116e-02 2.053447121301485434e-01
2.911958721076479684e-01 4.844190960509439647e-01 2.458252337702939230e-02 1.998025084643785809e-01
2.602992448233775735e-01 4.775460609392659928e-01 4.022442814633059305e-02 2.219302660910257574e-01
2.635277057601997375e-01 5.303357218431469233e-01 4.611137983769673931e-02 1.600251925589565027e-01
2.887054020178401181e-01 4.719365079280959385e-01 3.519649281910319089e-02 2.041615972349608288e-01
3.018133982208067168e-01 5.035973016067870622e-01 2.335541744139321349e-02 1.712338827310130596e-01
2.740552539474717664e-01 4.754444538953313537e-01 2.838022948915344679e-02 2.221200626680433221e-01
2.791457890048847368e-01 5.142473199218199342e-01 2.072967523481309554e-02 1.858772158384820461e-01
3.167788488123075008e-01 4.521531720469716409e-01 3.878135571087602818e-02 1.922866234298449273e-01
2.352409077421405703e-01 5.357480026123346839e-01 2.294367662599820085e-02 2.060674130195266907e-01
2.653062436891200360e-01 5.232336501218523006e-01 2.823534167400468253e-02 1.832247645150231197e-01
3.231628233086495383e-01 5.006822697523756194e-01 2.882367566265502112e-02 1.473312312763198906e-01
2.983300168695973698e-01 4.868770933160246894e-01 1.931786869894156281e-02 1.954750211154364370e-01
2.985039336599533133e-01 4.756208360883991126e-01 4.841628633288522915e-02 1.774589439187622963e-01
2.722954420572523682e-01 5.328145917576455615e-01 4.485910162664785011e-02 1.500308645584541856e-01
2.359043023925150306e-01 5.222689237897693015e-01 1.859651794070447950e-02 2.232302558770110634e-01
2.888138194948065562e-01 4.378133246077038354e-01 3.341188089211387380e-02 2.399609750053757762e-01
2.620599172864390147e-01 4.775067596895941069e-01 6.774385754502110224e-02 1.926894654789455819e-01
2.687698076973099037e-01 4.746106293309388380e-01 1.230170854913609571e-02 2.443178544226150550e-01
2.949541637190050691e-01 4.853947570885571716e-01 2.913729625544968227e-02 1.905137829369880909e-01
2.916625098516088532e-01 5.059388870799450544e-01 2.777797247258717572e-02 1.746206305958588612e-01
2.884290993528469405e-01 4.232137111157490139e-01 2.827258382256585267e-02 2.600846057088381236e-01
2.585972960100071383e-01 4.851366946294828342e-01 4.561358577232077494e-02 2.106524235881891971e-01
3.063727839990231239e-01 5.167585927376365795e-01 3.067635581273306378e-02 1.461922674506073994e-01
2.521009617125187785e-01 5.174376664550036642e-01 1.403183472214661678e-02 2.164295371103306942e-01
2.208128019639671868e-01 4.944198626237625849e-01 3.719425582349758508e-02 2.475730795887726710e-01
3.078556990856749498e-01 4.274584093455791045e-01 2.003865505051708601e-02 2.446472365182290332e-01
2.250618049659755260e-01 4.685802389226914055e-01 5.230606942211707411e-02 2.540518866892160221e-01
2.520448794545046001e-01 5.192223961630492157e-01 3.654405197577007686e-02 1.921886724066761143e-01
2.818696456788796212e-01 4.990963522533943819e-01 2.631975476557357058e-02 1.927142473021525582e-01
2.404045391405293108e-01 5.437880260288764367e-01 2.791205110477101500e-02 1.878953837258231785e-01
2.668538857865213054e-01 4.937984491758420913e-01 3.213698053163702162e-02 2.072106845059995817e-01
2.372533536399447918e-01 5.221365376324115237e-01 3.532945634621738329e-02 2.052806523814261208e-01
2.879396506061983052e-01 4.464988493833255134e-01 4.372396170531617915e-02 2.218375383051599814e-01
2.781100926784780270e-01 4.893250088198295433e-01 6.137091715817350607e-02 1.711939813435190416e-01
2.847998843203485286e-01 4.728034468066959484e-01 4.187139984849366087e-02 2.005252690244621327e-01
2.593300050072773200e-01 5.014705772943246487e-01 2.661570011821562387e-02 2.125837175801824908e-01
2.591180259340525871e-01 4.925862683801855435e-01 4.759305196271744476e-02 2.007026537230443275e-01
2.819879501114514464e-01 4.475782073760249946e-01 2.930732552906840579e-02 2.411265169834549971e-01
2.608536995793037105e-01 5.175410393350406979e-01 3.286777653824191070e-02 1.887374845474136253e-01
2.341970755722692088e-01 5.289555278963936624e-01 3.980486334897313100e-02 1.970425331823638937e-01
2.842046185531210134e-01 4.636254454623073840e-01 4.191774936083175057e-02 2.102521866237398729e-01
2.898049916336585818e-01 4.660496512788467327e-01 5.991923401164388902e-02 1.842261230758509283e-01
2.708591758208123146e-01 5.067847053002395574e-01 1.665711100435360997e-02 2.056990078745945250e-01
2.860108599369040050e-01 4.958129532769036119e-01 3.665041395531322410e-02 1.815257728308792007e-01
2.696661863363589706e-01 5.027559073052675354e-01 3.736655491252977718e-02 1.902113514458438071e-01
3.443874419762296135e-01 4.484779351030902528e-01 1.600364747335621118e-02 1.911309754473239086e-01
2.838035447069447437e-01 5.064102332839383047e-01 2.401695015279831438e-02 1.857692718563187795e-01
3.216972731593241708e-01 4.769237497303497331e-01 1.880277787218680163e-02 1.825761992381393084e-01
2.515044596548310918e-01 5.360024115288262170e-01 2.923048685046983342e-02 1.832626419658728856e-01
2.180620518593600066e-01 5.103096764535690610e-01 5.673690030519105976e-02 2.148913713818798865e-01
2.335153631553159859e-01 5.232182938957954388e-01 3.566943154448642961e-02 2.075969114044020902e-01
2.856322955127151841e-01 5.147144823888403220e-01 2.810669942803103311e-02 1.715465226704135093e-01
3.246831251622360748e-01 4.386406148052882648e-01 3.368155865277332878e-02 2.029947013797022970e-01
2.544189141229332707e-01 5.116895535913096316e-01 7.889767155614449065e-03 2.260017651301425012e-01
2.730288016540532436e-01 5.071889586894682278e-01 2.589606080091679668e-02 1.938861788555616972e-01
2.485540034766968165e-01 4.923607880650855972e-01 3.162630986110737813e-02 2.274588985971101041e-01
2.416720231751234849e-01 5.383333485748511560e-01 2.448457552456882388e-02 1.955100527254565179e-01
3.042014153763313855e-01 4.838917185075329308e-01 3.210021395880148509e-02 1.798066521573341014e-01
2.811455426387865497e-01 4.631001154024249056e-01 4.834978841787781340e-02 2.074045535409106966e-01
2.771599103335418701e-01 4.863191322246288584e-01 3.927950592210287251e-02 1.972414515197264406e-01
2.675283583429091117e-01 4.968745126943592827e-01 3.164434001828460991e-02 2.039527889444469333e-01
2.532222680322060437e-01 4.850592825667486285e-01 3.916537304177462875e-02 2.225530763592706296e-01
2.877936228901629145e-01 4.645261363852473679e-01 5.258151537063716213e-02 1.950987253539525346e-01
3.074017052503810743e-01 5.024498343235406228e-01 2.563429789322425184e-02 1.645141625328540580e-01
2.954185851622945225e-01 4.868553516222081656e-01 2.482579365698714055e-02 1.929002695585101679e-01
2.590979631741165412e-01 4.800707775170622860e-01 5.399702957492263228e-02 2.068342297338985891e-01
3.355981137079552812e-01 4.526830557526236865e-01 2.323931297750300023e-02 1.884795175619180252e-01
3.158979286923930263e-01 4.639650734663121612e-01 3.294378139394776167e-02 1.871932164473470717e-01
3.275959462518915344e-01 4.612810324031367815e-01 3.422274708789107417e-02 1.769002742570805198e-01
2.992407724810290381e-01 5.003351697340219228e-01 4.018550501679574172e-02 1.602385527681532695e-01
3.014126484740538570e-01 4.943961550063799559e-01 2.463822922090510778e-02 1.795529672986610481e-01
2.749268262535169427e-01 5.030672434126565173e-01 4.033604291662053198e-02 1.816698874172059108e-01
3.628364624742882460e-01 4.390234388618768357e-01 1.542012592199197563e-02 1.827199727418430120e-01
2.131110337217052564e-01 5.434838926296775563e-01 1.946814844615240778e-02 2.239369252024647761e-01
2.622064132443783779e-01 5.188500321576684504e-01 3.692399924750114359e-02 1.820195553504519448e-01
2.212300978828455056e-01 5.378492749710510612e-01 2.913490302398226081e-02 2.117857241221211551e-01
2.841795407487576197e-01 5.399829854903389625e-01 2.903696252523816149e-02 1.468005112356650099e-01
2.919389917704630077e-01 4.792334849915478867e-01 2.191396652993574459e-02 2.069135567080533367e-01
2.753177333143145278e-01 4.988071086062107473e-01 1.990076356304201766e-02 2.059743945164327072e-01
2.791032346904788186e-01 5.156394081781074945e-01 3.201877460671980619e-02 1.732385825246938182e-01
3.267383252121691672e-01 4.874200261136300560e-01 2.201124012410546685e-02 1.638304085500953688e-01
3.486579800194319345e-01 4.137614534550418388e-01 5.168336169333498376e-02 1.858972048321912984e-01
3.008575580715319719e-01 4.718083393886057797e-01 2.587268719239936565e-02 2.014614153474629799e-01
2.828544366019350997e-01 4.841484583168089162e-01 1.598740614203533403e-02 2.170096989392206466e-01
3.135322323114234089e-01 5.209566701190369020e-01 2.652983750712046424e-02 1.389812600624191485e-01
3.226136312824997576e-01 4.399178441675002382e-01 5.562351550574105158e-02 1.818450090442589040e-01
3.218738686565588702e-01 4.611984806187322539e-01 1.691268116236848210e-02 2.000149695623405499e-01
3.341026201938135931e-01 4.864191245354534399e-01 3.080172500355428042e-02 1.486765302671786138e-01
2.422239819610924327e-01 4.985719930341794282e-01 2.443123090218203564e-02 2.347727941025462006e-01
2.767479608831328597e-01 4.950184713365150535e-01 4.289719571412524413e-02 1.853363720662268010e-01
2.528190394168916000e-01 4.830494698213204097e-01 4.282918355990046611e-02 2.213023072018875104e-01
3.174984890783665858e-01 4.628020517332240846e-01 2.682311986959975622e-02 1.928763393188095976e-01
2.884165406174181157e-01 4.883740827686815500e-01 2.741726060457420205e-02 1.957921160093261670e-01
2.945839256686700325e-01 4.588715348657744220e-01 3.184255514207734450e-02 2.147019843234781455e-01
2.679789320953148146e-01 4.924454145793532023e-01 4.842283213920040019e-02 1.911528211861314996e-01
2.787525552054665456e-01 5.259642665361713432e-01 2.653562739452646965e-02 1.687475508638355270e-01
2.809776241405071984e-01 5.043395061894441200e-01 3.454488222700954209e-02 1.801379874430391881e-01
2.796824368839262998e-01 5.167542525841221090e-01 2.899951712762977030e-02 1.745637934043217654e-01
2.464766096573213494e-01 4.628069751468462667e-01 2.829805104332213522e-02 2.624183641525101862e-01
2.616840264750765477e-01 5.328159089318433850e-01 3.475285857433870612e-02 1.707472060187412433e-01
3.117202522071001458e-01 4.658103805381809681e-01 4.142209390675827274e-02 1.810472733479604746e-01
2.884173558151398864e-01 4.481271925139584389e-01 3.318561101322872048e-02 2.302698406576730861e-01
3.322035789203867107e-01 4.316514961076115542e-01 3.070116249014064047e-02 2.054437624818612473e-01
2.808217133245477504e-01 4.763034197549372295e-01 3.782029256011752022e-02 2.050545743603973958e-01
2.945022732833055823e-01 4.513655055148915740e-01 4.908021161488246298e-02 2.050520095869203530e-01
2.829257908131158628e-01 4.855616224721941432e-01 3.423728150582828339e-02 1.972753052088615511e-01
2.691162392069941789e-01 4.705462569198846645e-01 5.517687249413355532e-02 2.051606313789876568e-01
2.698695410064645417e-01 4.368798531041436783e-01 6.377566381058662193e-02 2.294749420788051719e-01
2.588306570817022756e-01 5.063027169270234440e-01 1.562588934892011200e-02 2.192407366423541615e-01
2.603184681605285045e-01 5.573413918525393917e-01 2.343046921000056793e-02 1.589096707769315775e-01
2.828542025505612068e-01 4.767113004176823932e-01 3.115866227499632449e-02 2.092758347567600929e-01
2.886252091827043453e-01 4.860488558255275371e-01 4.446188409998166197e-02 1.808640508917864487e-01
3.140750785631158393e-01 4.983443675648879800e-01 3.853242618320815854e-02 1.490481276887881401e-01
2.954580917710455390e-01 4.917882528137614284e-01 3.503411057201485934e-02 1.777195448431782010e-01
2.794515408657275990e-01 4.834330368195290939e-01 1.750738266514554123e-02 2.196080396495978526e-01
2.916618080448086237e-01 4.910010778382143948e-01 4.155211320580885076e-02 1.757850009111678879e-01
2.429052058477958187e-01 5.129508114570102695e-01 4.335845273720543430e-02 2.007855299579884290e-01
2.847064680103501555e-01 4.698272280958236125e-01 4.113891145013990475e-02 2.043273924436862510e-01
3.458766071964639033e-01 4.424726160066568270e-01 3.452855760010183073e-02 1.771222191967775639e-01
2.761556046767219552e-01 4.894730134607713223e-01 3.381911560097750763e-02 2.005522662615292218e-01
3.038498670975529614e-01 4.738624436938003726e-01 2.251614971572100596e-02 1.997715394929255872e-01
2.890044705448617801e-01 4.752664422562126734e-01 3.241826885163177907e-02 2.033108183472938368e-01
2.765319317422431644e-01 5.280248387677122235e-01 4.413724801956272342e-02 1.513059814704816597e-01
2.729700188561530738e-01 5.117197748897308607e-01 4.201991314299022978e-02 1.732902931111259814e-01
2.433470078038074413e-01 5.128542012423542573e-01 2.200626622649961769e-02 2.217925247273386802e-01
2.655017366559596637e-01 5.148510835008683895e-01 2.522504366829401989e-02 1.944221361748779964e-01
2.613560538175103143e-01 4.624901903833201766e-01 4.512917640053098339e-02 2.310245793986384077e-01
2.916065942346809381e-01 4.418833890419431309e-01 1.843517450641799643e-02 2.480748422169580525e-01
2.935954504827091860e-01 4.756996950800760349e-01 2.413600731872368732e-02 2.065688471184911612e-01
2.514410369479592178e-01 5.155881299540808760e-01 3.237067475529244870e-02 2.006001583426673673e-01
3.073582394798495265e-01 4.741753957180582235e-01 2.452411900485896440e-02 1.939422457972333480e-01
3.272059225164540286e-01 4.573494359525001052e-01 1.413732545714391220e-02 2.013073160739019263e-01
2.514349483056127488e-01 5.351016609263450352e-01 1.807379041774482414e-02 1.953896003502974266e-01
2.695017511258428478e-01 5.043181582297149301e-01 2.421943204731844337e-02 2.019606585971238655e-01
2.597445617977172660e-01 5.261622068816231845e-01 2.335528573056111848e-02 1.907379455900984067e-01
3.013808976384947380e-01 4.547903067023399415e-01 3.005197634828851022e-02 2.137768193108770254e-01
2.997119452824213992e-01 5.137185662143725073e-01 2.096125887931479109e-02 1.656082296238912122e-01
2.820301235897194059e-01 4.937975687993563234e-01 2.291894945096842676e-02 2.012533581599558197e-01
2.811960019042683001e-01 5.106685797111870651e-01 2.873780811991749964e-02 1.793976102646272219e-01
2.751944087946692208e-01 5.003207902070688773e-01 3.685331439765891781e-02 1.876314866006031645e-01
3.368177989618973411e-01 4.480663041954222048e-01 4.156261010196411060e-02 1.735532867407162672e-01
2.307606547192324609e-01 5.389211519192288469e-01 4.740553666798802412e-02 1.829126566935506959e-01
2.705095636874360610e-01 5.151672999821652610e-01 3.004194475119288665e-02 1.842811915792059163e-01
2.982497413204920900e-01 4.339277806723914055e-01 2.667163725014858391e-02 2.411508407569678269e-01
2.795759801404263944e-01 4.769792157743737993e-01 3.684470997182662938e-02 2.066000941133730728e-01
2.939828063559073446e-01 4.730430286542862128e-01 4.238430794942251584e-02 1.905898570403840031e-01
3.388553459722756234e-01 4.820181139362235689e-01 2.151533860708385038e-02 1.576112014844170961e-01
2.718772308210987143e-01 4.953693970892978360e-01 1.979584052065331765e-02 2.129575315689499759e-01
2.459484572552917414e-01 5.585036095258806288e-01 2.979075663696318516e-02 1.657571765818643683e-01
2.348553096167434739e-01 5.074481888512624161e-01 2.510708862357841423e-02 2.325894129084155881e-01
2.580629252140619889e-01 5.154169683533426083e-01 3.070159640832801490e-02 1.958185100242673116e-01
2.414117190653212452e-01 5.256638764378536166e-01 3.289603005718190476e-02 2.000283744396432473e-01
2.783691424946229676e-01 5.058624677487908450e-01 3.014149959442826224e-02 1.856268901621579426e-01
2.587699723061831492e-01 4.913504743245907802e-01 2.598684668087198127e-02 2.238927066883541483e-01
2.826947502520540945e-01 4.739793359597114231e-01 6.062852853216924021e-02 1.826973852560652423e-01
3.261982482241081449e-01 4.127080436012478537e-01 6.460149264547869474e-02 1.964922155291652373e-01
2.925928333973534801e-01 5.048714214711476078e-01 2.915197124069615620e-02 1.733837738908027559e-01
2.661523481920821665e-01 4.994441977990781711e-01 1.856869175372065361e-02 2.158347622551190503e-01
3.007616637771396984e-01 4.628911730572106698e-01 2.929775400498823429e-02 2.070494091606612796e-01
2.907978959264995167e-01 4.353242709288790424e-01 2.494428260274339157e-02 2.489335505418781014e-01
3.431845391513158039e-01 4.757601858314017829e-01 1.634758013451806380e-02 1.647076948827642662e-01
2.672646977440009119e-01 5.388047033126991403e-01 1.392677930773237975e-02 1.800038196355676079e-01
2.814241600168230772e-01 5.343162138734887101e-01 2.574460262998508678e-02 1.585150234797032542e-01
2.928271553740678379e-01 4.959467509265380603e-01 2.629734045808816006e-02 1.849287532413058932e-01
2.930136643793725959e-01 4.776166051178132310e-01 2.560507993430908083e-02 2.037646505685050402e-01
3.125304168455283471e-01 4.538664782771202333e-01 6.011220345342132426e-02 1.734909014239301162e-01
2.722518168418153195e-01 4.611989443473342720e-01 2.382157712480298395e-02 2.427276616860475078e-01
2.625578258627404016e-01 5.167383665370551826e-01 2.680092898024138970e-02 1.939028786199630816e-01
2.568044235136098807e-01 5.129331615678734968e-01 2.795886322009605296e-02 2.023035516984204307e-01
2.841369803948710082e-01 5.369955188155751680e-01 2.916913999388261181e-02 1.496983607956712814e-01
2.936925158807598413e-01 4.912037942674685187e-01 2.239282865734915084e-02 1.927108611944224614e-01
2.312815447976434846e-01 5.816901904751903274e-01 2.547839154874073642e-02 1.615498731784253961e-01
2.777862412865103048e-01 5.081735502008315475e-01 2.876791026790122621e-02 1.852722982447569944e-01
3.130035004646630759e-01 4.486753312167595653e-01 2.965242096377890962e-02 2.086687473547984839e-01
2.863502622864262381e-01 5.083970699535884652e-01 1.424494532162572276e-02 1.910077224383597005e-01
2.875559499294741417e-01 4.936358674371538746e-01 2.994722857533137217e-02 1.888609540580405977e-01
2.667449852793373766e-01 5.207052821707959245e-01 2.716612060121228675e-02 1.853836119486542422e-01
2.651696178071412113e-01 4.866590256767040490e-01 5.039639577176884683e-02 1.977749607443858859e-01
2.524933836845736912e-01 5.461422092152239394e-01 2.193898812472694707e-02 1.794254189754753981e-01
3.375565551155206290e-01 4.371876421671478385e-01 2.507200053953259969e-02 2.001838021777988252e-01
2.096202282571984765e-01 5.551953623914316349e-01 2.154366455543421655e-02 2.136407447959357830e-01
2.857932513078442205e-01 5.170339920256162847e-01 2.722234072262320545e-02 1.699504159439163276e-01
2.900399006601642182e-01 5.234012433530703667e-01 2.273739917120302240e-02 1.638214568155623718e-01
2.714943519054299759e-01 5.078319110884244036e-01 1.394834822617755342e-02 2.067253887799679057e-01
2.960797288840030794e-01 4.993478264477518858e-01 2.306509036757359299e-02 1.815073543006715528e-01
3.031744001770860231e-01 4.724337876434924199e-01 3.029600148086892750e-02 1.940958106985526399e-01
2.432174357184728741e-01 5.127973485756244232e-01 4.852024094936358001e-02 1.954649747565391504e-01
3.002733008049870422e-01 5.047423057956820225e-01 2.247111019783439717e-02 1.725132832014965312e-01
2.318283614439588525e-01 5.927046300602168971e-01 3.025509770011352087e-02 1.452119107957106636e-01
2.724839904700672721e-01 5.277190338554245130e-01 2.439998927326540376e-02 1.753969864012428492e-01
3.206701348552620789e-01 4.398197049027031680e-01 2.930117024610556786e-02 2.102089899959291852e-01
2.570234379245286971e-01 4.931753872157862428e-01 2.377716506008306641e-02 2.260240097996019937e-01
2.432925095503767898e-01 4.837507780398742074e-01 3.561169179275328056e-02 2.373450206169957499e-01
2.882407783994881956e-01 5.146438047806084493e-01 3.904331637273592698e-02 1.580721004471675184e-01
2.687285258888101880e-01 5.075117511952285110e-01 1.343486297132156365e-02 2.103248599446398970e-01
2.718444587359216680e-01 4.947566802366837879e-01 3.601454265621081841e-02 1.973843183711836702e-01
3.128498918898903747e-01 4.611525272906603634e-01 2.779588201288573507e-02 1.982016988065635754e-01
2.278135451648313214e-01 5.206832408631204556e-01 3.569543717515103604e-02 2.158077767968972771e-01
2.543751233336780659e-01 5.016812556067431483e-01 2.300455038732024393e-02 2.209390706722584863e-01
2.720316655801869876e-01 5.216186824480982809e-01 3.903703579794148837e-02 1.673126161737732431e-01
2.424800915055692618e-01 5.499205475419303157e-01 3.578261517425379568e-02 1.718167457782466545e-01
2.474304895105901292e-01 5.269219666725935003e-01 4.690179398275699102e-02 1.787457498340594142e-01
2.540271055531209132e-01 5.300522365966212623e-01 2.850722337097064130e-02 1.874134344792872664e-01
2.548856970627986218e-01 5.393779322474485660e-01 1.418819091846442761e-02 1.915481797712884626e-01
2.869296529633748594e-01 5.119634458661931342e-01 3.074026329159440171e-02 1.703666378788376290e-01
2.688940019891483124e-01 5.422981455952728957e-01 2.332922714427591512e-02 1.654786252713029704e-01
3.113565170067156274e-01 4.737793176131029349e-01 4.349075572377981980e-02 1.713734096564015486e-01
2.557960097663599108e-01 4.637003398832879597e-01 2.214528368586482845e-02 2.583583666644872490e-01
3.272030997699964527e-01 4.582260597767729982e-01 2.263659188037498576e-02 1.919342485728555980e-01
3.139348889410260579e-01 4.509062999751450307e-01 3.506371170805954590e-02 2.000950993757694973e-01
2.957990486794071505e-01 4.785772449651539695e-01 2.857239343886009905e-02 1.970513129165787081e-01
2.962609336578045927e-01 4.829131192291220009e-01 1.916211687089092175e-02 2.016638302421824569e-01
2.743921191056904463e-01 4.932719408559054775e-01 2.943313990681088038e-02 2.029028001315932306e-01
2.655603936914633367e-01 5.175383273089789737e-01 3.552105567855030899e-02 1.813802233210074777e-01
2.602198911264778092e-01 4.940518593251539414e-01 3.229679251509447874e-02 2.134314570332737915e-01
2.531931733468364421e-01 5.227519429408782337e-01 3.356713569214161280e-02 1.904877480201436768e-01
3.032994992534370771e-01 4.495495215623924179e-01 5.855251277703709539e-02 1.885984664071334305e-01
3.152492046374896772e-01 4.731690948416230058e-01 2.568712082152040804e-02 1.858945796993669297e-01
2.399160605943181923e-01 5.213080337492619343e-01 2.935789410863273025e-02 2.094180115477870807e-01
2.766138155092568440e-01 5.208654906219942760e-01 2.330243646222407081e-02 1.792182574065245837e-01
3.115517975361293823e-01 4.921253478378844193e-01 3.136174023896946828e-02 1.649611143870168828e-01
3.209547000274994843e-01 4.414662643092915895e-01 2.341379525271544693e-02 2.141652404104935070e-01
2.668679357377424788e-01 5.039280623084940736e-01 4.250999616095579858e-02 1.866940057928077878e-01
2.913406352210790029e-01 4.648485480272649961e-01 5.038550051761227222e-02 1.934253162340437426e-01
2.602506735321171161e-01 5.016223884033101932e-01 4.298000054945304987e-02 1.951469375151194952e-01
2.509863332356406795e-01 5.412335286933407374e-01 4.139848830178551736e-02 1.663816497692330865e-01
2.857546717175754591e-01 5.116668804615670529e-01 2.316244107579904649e-02 1.794160067450583929e-01
2.644866979701796517e-01 4.900610670022050308e-01 4.148710032323417451e-02 2.039651347043810459e-01
3.098946658638496165e-01 4.778006155156452328e-01 1.249650978350082438e-02 1.998082088370043696e-01
2.824017981812588785e-01 4.874915955065703410e-01 4.661433284698879992e-02 1.834922734651819320e-01
2.619474610036075513e-01 4.876206812818145719e-01 3.893845104889753772e-02 2.114934066656804501e-01
2.572650979354799139e-01 5.144572095607774509e-01 2.445176584777498593e-02 2.038259266559676319e-01
2.934770636900486673e-01 4.611776770947190740e-01 4.242249466927311419e-02 2.029227645459591167e-01
2.834038324382502916e-01 4.987942141963629950e-01 3.168593622050003972e-02 1.861160171448866252e-01
2.664050476174602555e-01 5.337819592546418912e-01 4.130990490641180818e-02 1.585030882214860104e-01
2.644953874371790969e-01 4.652036622330464888e-01 2.587745552811460126e-02 2.444234948016599240e-01
2.823194151153611831e-01 5.496633090919010867e-01 2.732218948312213624e-02 1.406950863096153581e-01
2.403073044077053688e-01 5.201462870702987518e-01 3.514997157067276806e-02 2.043964369513232016e-01
2.592988918802632825e-01 4.825208413891449166e-01 4.152001887053949347e-02 2.166602478600522241e-01
2.736795666334422839e-01 4.545699155201208264e-01 2.083503768973547776e-02 2.509154801567012871e-01
3.011292279334997768e-01 4.878882828000967176e-01 4.562397217899244461e-02 1.653585170874110333e-01
2.874409142916658499e-01 4.806449041953443357e-01 4.333114728591702658e-02 1.885830342270726212e-01
2.832123411428056903e-01 4.871726080580162099e-01 3.904905067901779520e-02 1.905660001201602560e-01
2.264881502632408172e-01 5.773821458184459354e-01 1.795469190044683000e-02 1.781750120178663688e-01
2.906723797278621402e-01 4.098661697345237220e-01 5.054598058490666207e-02 2.489154699527073300e-01
