6.914429727332094267e-02 5.111749821359883317e-01 3.184945832948528621e-01 1.011861372958378497e-01
6.309501745800524808e-02 4.490274004084668924e-01 3.462521022589281627e-01 1.416254798745996968e-01
9.642851944692670818e-02 5.354480173315503411e-01 2.756140591259106931e-01 9.250940409561220212e-02
7.876113002146649389e-02 4.772228952177667294e-01 3.228812294741381095e-01 1.211347452866287783e-01
6.219476275977468133e-02 4.938694956928370017e-01 2.837314508239468513e-01 1.602042907234414726e-01
8.809639500111658694e-02 5.433439965559428986e-01 2.578018293045751252e-01 1.107577791383654170e-01
9.347019208625462205e-02 4.277123172725131872e-01 3.437891700959911923e-01 1.350283205452409707e-01
7.354771758819386718e-02 4.915916461787806502e-01 3.482294513252142121e-01 8.663118490781143710e-02
1.053164332367479972e-01 4.670079739587915668e-01 3.259666109717778149e-01 1.017089818326826073e-01
6.756450593869429977e-02 4.973263523712004863e-01 3.334922491165636105e-01 1.016168925735416034e-01
7.031653547173605245e-02 5.470965739224675772e-01 2.719867434393288819e-01 1.106001471664674884e-01
6.720035314724608078e-02 4.460778602055874842e-01 3.540529529380960216e-01 1.326688337090703995e-01
1.176922826653552107e-01 4.864484713069330279e-01 3.014486598469375833e-01 9.441058618077428910e-02
5.740025384784688128e-02 4.987074721387803611e-01 3.492756921909554446e-01 9.461658182241731996e-02
1.119675124729121451e-01 4.359573184375390431e-01 3.529365883049540575e-01 9.913858078459475420e-02
5.013458796572566045e-02 4.447223132084975328e-01 3.580805837300602978e-01 1.470625150957164395e-01
8.913955460341517478e-02 4.583035513952940510e-01 3.430797948461609681e-01 1.094770991551298894e-01
9.498248421434893340e-02 4.243416838180809614e-01 4.011579221505928161e-01 7.951790981697721972e-02
7.647755334150130313e-02 5.140485529291817235e-01 2.908642222900440499e-01 1.186096714392728818e-01
7.198374579214056324e-02 4.764108210142418698e-01 3.445561395601757226e-01 1.070492936334418582e-01
1.001609510600026953e-01 4.213636031259873072e-01 3.516992882953463573e-01 1.267761575186636680e-01
8.922025552231427348e-02 4.994886255102898853e-01 3.112801763055603188e-01 1.000109426618356612e-01
6.701496241629685546e-02 5.392435827766237644e-01 2.864622520083496271e-01 1.072792027987296976e-01
1.186612663291284342e-01 4.462925371987068734e-01 3.278582540970974568e-01 1.071879423750671523e-01
1.014471607696130345e-01 4.626894508301418463e-01 3.186560789818387862e-01 1.172073094184063469e-01
7.870706494805254638e-02 4.901747546313836579e-01 3.347830481788802159e-01 9.633513224168366307e-02
6.631148400057884640e-02 4.171597110951120735e-01 3.970949603627744184e-01 1.194338445415346339e-01
8.189689509596685679e-02 5.016019958777727661e-01 3.191790380682905659e-01 9.732207095796983898e-02
6.976595393560573732e-02 5.028958537170031828e-01 3.186682058096768633e-01 1.086699865377142027e-01
1.115640883475765288e-01 4.774229080328998287e-01 3.333534609105229252e-01 7.765954270900070344e-02
9.062419391219281306e-02 5.679497314839782041e-01 2.779321522291194890e-01 6.349392237470970202e-02
8.262319687846098049e-02 4.566677697588200080e-01 3.526839954341809413e-01 1.080250379285380424e-01
6.384303078845678103e-02 5.184634308886827414e-01 3.059328379741145798e-01 1.117607003487458700e-01
7.799565883902763452e-02 4.859288202632314202e-01 3.257554596413760328e-01 1.103200612563649818e-01
7.509705286548917780e-02 5.136570232742340147e-01 3.231574705839650452e-01 8.808845327631166511e-02
5.766295763873691832e-02 4.473633103157830249e-01 4.082461815269870509e-01 8.672755051849315167e-02
9.974096335434731730e-02 4.780526482078060191e-01 2.884378900445358496e-01 1.337684983933109528e-01
1.036130679706183111e-01 4.677386633380982706e-01 2.852911590582788981e-01 1.433571096330044925e-01
1.528778503104736841e-01 4.553572886421773380e-01 2.986177863833778257e-01 9.314707466397133262e-02
9.862497860454617904e-02 4.703074874862764876e-01 3.260064051134434204e-01 1.050611287957340240e-01
1.096212076005169678e-01 4.413138057011836701e-01 3.175471889252051150e-01 1.315177977730943859e-01
7.914490317361598526e-02 4.907620841694537162e-01 2.989111477609555645e-01 1.311818648959746647e-01
9.048861677749291121e-02 4.430885204601967553e-01 3.156096745084470689e-01 1.508131882538632507e-01
1.352406569381986723e-01 4.672249673347727006e-01 3.095447961550956695e-01 8.798957957193288826e-02
1.000143440635260783e-01 4.830134169752453022e-01 2.929075310599497661e-01 1.240647079012787840e-01
9.288724981466116304e-02 5.071955083308967716e-01 2.971900298729129308e-01 1.027272119815292178e-01
8.074229864605661500e-02 4.492801440272760627e-01 3.799652180173886951e-01 9.001233930927862725e-02
8.652183823389190953e-02 4.781846356632357131e-01 3.133236730300979489e-01 1.219698530727743174e-01
7.726472029884710879e-02 4.838151679032590136e-01 3.314295618212793060e-01 1.074905499766143913e-01
8.613097870062147443e-02 5.187671952248692486e-01 2.765163344139177637e-01 1.185854916605914300e-01
9.704175090635139278e-02 4.872498847541367195e-01 2.926183794427567042e-01 1.230899848967552668e-01
1.017128066784940416e-01 4.529491004764426565e-01 3.344745654859250239e-01 1.108635273591384168e-01
6.353242519829423174e-02 5.130070754109410380e-01 2.582998146129529826e-01 1.651606847778118170e-01
7.166095653408659227e-02 5.146398018690283571e-01 3.108458380170717739e-01 1.028534035798131518e-01
5.991302122002317709e-02 4.764089681876944038e-01 3.471620790136915047e-01 1.165159315785908173e-01
8.720515764366106037e-02 4.745141106894304461e-01 3.362005641770606790e-01 1.020801674898477590e-01
6.036405697039696344e-02 5.170788199481183289e-01 3.461180609980823442e-01 7.643906208340225938e-02
5.251034504643502937e-02 5.190610274732763152e-01 3.139654212076770645e-01 1.144632062726116256e-01
9.989856083502327011e-02 4.360356833824602374e-01 3.385431327618623198e-01 1.255226230206540894e-01
8.007465041500580472e-02 5.318382735446423037e-01 2.759718411662294701e-01 1.121152348741225047e-01
7.240183553817493289e-02 4.587315314605096561e-01 3.992062171985389929e-01 6.966041580277636258e-02
6.425108413228476645e-02 5.156227764207729214e-01 3.082878144839768519e-01 1.118383249629654463e-01
8.155473103610505481e-02 4.541997037644328605e-01 3.358380599907495045e-01 1.284075052087125524e-01
4.737205933463792956e-02 4.538540128247264827e-01 3.704505524928895510e-01 1.283233753477459327e-01
7.400445950002958184e-02 4.322742422917687510e-01 3.577626107873549954e-01 1.359586874208465745e-01
5.828313069593198115e-02 5.268477076410439386e-01 3.356498194966174853e-01 7.921934216640659498e-02
1.117494241872233895e-01 5.578653384776508517e-01 2.648394816609911939e-01 6.554575567413466197e-02
6.219084895952321085e-02 5.079306404992223190e-01 3.148808086777630799e-01 1.149977018634913556e-01
9.675814500852961131e-02 4.581926448536070007e-01 3.210925801114756784e-01 1.239566300263877097e-01
5.786787707864628899e-02 5.140713884714486204e-01 3.362423529885195661e-01 9.181838146138546208e-02
9.567708543677463928e-02 5.027304496470129669e-01 3.236608784652109105e-01 7.793158645100142778e-02
9.397538217650737435e-02 5.079222530830119764e-01 2.957966343481247540e-01 1.023057303923559092e-01
4.466412153824494274e-02 5.187388700879095316e-01 3.149903121346213641e-01 1.216066962392242795e-01
9.169623801500331739e-02 4.925324226598419841e-01 3.168841452002302828e-01 9.888719412492436023e-02
8.184066453801061569e-02 5.346889781032079236e-01 2.958375699441104789e-01 8.763278741467077360e-02
9.732573080436643376e-02 4.656721902700684534e-01 3.041118687058071979e-01 1.328902102197578594e-01
8.420682453694404435e-02 5.153863296055026799e-01 2.715712855589868524e-01 1.288355602985664372e-01
1.055393054266716563e-01 4.366175104357475356e-01 3.079456664628437146e-01 1.498975176747371074e-01
1.117731889955587699e-01 4.171687742825213596e-01 3.412754768379733239e-01 1.297825598839465466e-01
9.105120947109156260e-02 4.882096850118008424e-01 3.036793306050048491e-01 1.170597749121026210e-01
1.054104011822630249e-01 4.700164297705854977e-01 3.340650214541859842e-01 9.050814759296564593e-02
5.697283556289668011e-02 5.068143145144633488e-01 3.043930717680626841e-01 1.318197781545772107e-01
8.859250422447570439e-02 5.196530194307434902e-01 2.802732331171263191e-01 1.114812432276546389e-01
7.183355881874715909e-02 5.262653239979209197e-01 3.346707628215322972e-01 6.723035436179965185e-02
1.047130830552664982e-01 4.777485896747246108e-01 3.121318447442993915e-01 1.054064825257092913e-01
5.965805809687834554e-02 5.517628438567184768e-01 2.879199677797124046e-01 1.006591302666906967e-01
6.029060871825937806e-02 4.907827762914811487e-01 3.553989340945853392e-01 9.352768089567409238e-02
8.398433090306921256e-02 4.696737466901337310e-01 3.213915933026368910e-01 1.249503291041601377e-01
9.672406875246848668e-02 5.052185585775023080e-01 2.910620823342929264e-01 1.069952903357363067e-01
9.241043659580826242e-02 5.073431668189469779e-01 2.901872433796724438e-01 1.100591532055722743e-01
8.933345580259072216e-02 4.676855725824980436e-01 3.533077527711590005e-01 8.967321884375209495e-02
7.896921098732977151e-02 4.753713110989338797e-01 3.376994205836286733e-01 1.079600573301076338e-01
7.210894789659702542e-02 5.306769803616622205e-01 2.773355724576300751e-01 1.198784992841106928e-01
7.980761724843037086e-02 4.917233290539265722e-01 2.960569225475147004e-01 1.324121311501282039e-01
6.098938275508386520e-02 5.011556807507492328e-01 3.379313250352724562e-01 9.992361145889445961e-02
6.521470790202327228e-02 5.834571642732867547e-01 2.804644753549588310e-01 7.086365246973103105e-02
1.052518215503270987e-01 4.701787633350497098e-01 3.124981542900447384e-01 1.120712608245785918e-01
8.993133382700677081e-02 4.724953912184060023e-01 3.109784106926571923e-01 1.265948642619300346e-01
9.158841852724215749e-02 5.060718566872588475e-01 2.681153319182644768e-01 1.342243928672345876e-01
8.653791756420076142e-02 4.802975341063094872e-01 3.607816215709835350e-01 7.238292675850621638e-02
6.861755002044181428e-02 4.437537761369964029e-01 3.369138212050982184e-01 1.507148526374634534e-01
5.925714648967043280e-02 4.875418189243088674e-01 3.381582366452300925e-01 1.150427979407904894e-01
7.588484302227972711e-02 4.257577416858915331e-01 3.979760172798204043e-01 1.003813980120084465e-01
8.840732309522301990e-02 4.380921163005138674e-01 3.413042809580411618e-01 1.321962796462218814e-01
7.874714419583669911e-02 4.952037449456471174e-01 3.272112934256610206e-01 9.883781743285513510e-02
9.455178716510556636e-02 4.668736234644006444e-01 3.239021286793727361e-01 1.146724606911210947e-01
3.626631894585249233e-02 4.897966785477911866e-01 3.563255447053979563e-01 1.176114578009583578e-01
9.837924514163766399e-02 4.231485784564383290e-01 3.623080758840551141e-01 1.161641005178689345e-01
5.571483176669838472e-02 5.091238989631063916e-01 3.046456762447725120e-01 1.305155930254226770e-01
1.046087246761262385e-01 4.734934076625405552e-01 3.247919340780149322e-01 9.710593358331813529e-02
7.859700780519586483e-02 5.011923267701984264e-01 2.834107864274113542e-01 1.367998789971943963e-01
9.703169835080678596e-02 4.868084514201740376e-01 3.267660444809589171e-01 8.939380574806028712e-02
1.053042759365966780e-01 5.065126884190426226e-01 2.839175714673107254e-01 1.042654641770498908e-01
6.971698039729458396e-02 5.440960454474043084e-01 2.918692459352298374e-01 9.431772822007128410e-02
8.746544684509521828e-02 4.951577886589297872e-01 3.173819196189293645e-01 9.999484487704554669e-02
6.990273038883725032e-02 5.042307554111256085e-01 3.094271119155239114e-01 1.164394022845130910e-01
1.114450226098977620e-01 4.929794539405062404e-01 3.050259826369863259e-01 9.054954081260964405e-02
5.307279936752795635e-02 5.113430102674423328e-01 3.565150516730446473e-01 7.906913869198509137e-02
5.705718002972019753e-02 4.733790362093477366e-01 3.843221046987644329e-01 8.524167906216756352e-02
8.665917326956194822e-02 4.642852027476011001e-01 3.178203085511918102e-01 1.312353154316450721e-01
7.917955303427365310e-02 4.607178115131760898e-01 3.403350554046413734e-01 1.197675800479088698e-01
6.456347610335143317e-02 4.921275351952871246e-01 3.327301391376232820e-01 1.105788495637379382e-01
7.922011282924780462e-02 4.750099243025776574e-01 3.355480614196622025e-01 1.102219014485123771e-01
6.228559455331795364e-02 5.374487267506835586e-01 3.063734782534526802e-01 9.389220044254577291e-02
4.472949485699867500e-02 4.714770751197502885e-01 3.827696516198356713e-01 1.010237784034154207e-01
8.226150579422610021e-02 5.069761273242689992e-01 2.982424825615896391e-01 1.125198843199151227e-01
9.782430621217112765e-02 4.450568163104820507e-01 3.557143817330233326e-01 1.014044957443235029e-01
1.028535782862751297e-01 5.062471380518588360e-01 2.896672413397729517e-01 1.012320423220930132e-01
8.916041428052798312e-02 5.018480087260358546e-01 3.387711708042455694e-01 7.022040618919057897e-02
8.129157584202655051e-02 5.102998595559762318e-01 3.252153470029116034e-01 8.319321759908569758e-02
8.300604549415259437e-02 4.567806635063011433e-01 3.536110716655305741e-01 1.066022193340155355e-01
1.180377319590261292e-01 4.616763858574106649e-01 3.130574757228413718e-01 1.072284064607217230e-01
9.271559131357604011e-02 4.928943979144919663e-01 3.089002559863641695e-01 1.054897547855679074e-01
7.321218792916420193e-02 5.085419613845596487e-01 2.995970960720693577e-01 1.186487546142066668e-01
9.455097690391862930e-02 4.942365212398954766e-01 3.267075301354901984e-01 8.450497172069573737e-02
7.996140749725462460e-02 4.961774162845887237e-01 3.174986784026056497e-01 1.063624978155510159e-01
6.546146628191100436e-02 4.661777563166175087e-01 3.447419833751375617e-01 1.236187940263338975e-01
7.464796632192552406e-02 4.665811249480837919e-01 3.380592629946573835e-01 1.207116457353331895e-01
7.325136846830748727e-02 5.373980504654329859e-01 2.705931291458867904e-01 1.187574519203727086e-01
9.187789715155866843e-02 4.919109547924471748e-01 3.055549765114566885e-01 1.106561715445374405e-01
6.056524712157611290e-02 4.575507454611708047e-01 3.792696229427218735e-01 1.026143844745313338e-01
6.673230582793998611e-02 4.847040277138947584e-01 3.507408112491142704e-01 9.782285520905090181e-02
8.468516306953037531e-02 5.031357390084720826e-01 2.846900125128249970e-01 1.274890854091724757e-01
1.060566710816953223e-01 4.920231817572575106e-01 3.080123880127096925e-01 9.390775914833744686e-02
7.154341791198177980e-02 4.416740129796308256e-01 3.458505856879086071e-01 1.409319834204788291e-01
8.039891123296040443e-02 4.974912725518427781e-01 3.309175384171517686e-01 9.119227779804504885e-02
6.323734684515355808e-02 4.703300416725436084e-01 3.213263905036893853e-01 1.451062209786134483e-01
7.857417869208907502e-02 4.588525048252548588e-01 3.462998128599268366e-01 1.162735036227291741e-01
1.323847379747292163e-01 4.714479729074789738e-01 3.010229158470734134e-01 9.514437327071835482e-02
1.162623162282681172e-01 5.258737736753849035e-01 2.692481937195101427e-01 8.861571637683693381e-02
7.616159442866685114e-02 5.100737855204892091e-01 3.081365866105268414e-01 1.056280334403168902e-01
1.175881487316540047e-01 4.562971297646023494e-01 3.195909349483512796e-01 1.065237865553923385e-01
7.449136008630324879e-02 5.266500391951810522e-01 2.978244813067398855e-01 1.010341194117757718e-01
7.871129062965770418e-02 5.401720187398388884e-01 3.135519415408142274e-01 6.756474908968924942e-02
8.075756220413057851e-02 4.859128141206101037e-01 2.908994515588232410e-01 1.424301721164360490e-01
6.896245658354040187e-02 5.207710677869589189e-01 3.525929982854244527e-01 5.767347734407621968e-02
8.087265191564878275e-02 4.763914046196743857e-01 3.402927599482045706e-01 1.024431835164721222e-01
7.610746009817916102e-02 4.714198626387878233e-01 3.465291618176319366e-01 1.059435154454009959e-01
7.994743307269980281e-02 4.592385829762773430e-01 3.588844303150954818e-01 1.019295536359272059e-01
8.204602955503885464e-02 4.339165867581161184e-01 3.869720965517078337e-01 9.706528713513719320e-02
7.848678257497328226e-02 4.586246990719291539e-01 3.569819529822335635e-01 1.059065653708640142e-01
8.881368057568572727e-02 4.949470224780193606e-01 2.958385645087537319e-01 1.204007324375412635e-01
5.254638590690379613e-02 5.188349515518320132e-01 3.038382553461381197e-01 1.247804071951262167e-01
9.241735409355242292e-02 4.542107004690801308e-01 2.997832623177738021e-01 1.535886831195936442e-01
7.940763494847685733e-02 4.773018258875838526e-01 3.373699487140538467e-01 1.059205904498854989e-01
8.561416033796906411e-02 4.956408542739651479e-01 2.897726586916474778e-01 1.289723266964183102e-01
5.047448540584111715e-02 4.766939066057003793e-01 2.902668938678661381e-01 1.825647141205923030e-01
7.071803730988668324e-02 4.381386623668846458e-01 3.511263493246315481e-01 1.400169509985970673e-01
7.313733095433960774e-02 5.128366579621853605e-01 3.002313717202247378e-01 1.137946393632501413e-01
9.291345343508503052e-02 4.470620404456553953e-01 3.549881566193001659e-01 1.050363494999594222e-01
1.196687855990886118e-01 4.708215968151723829e-01 3.043549936770216791e-01 1.051546239087173956e-01
9.124788226135981117e-02 5.012665058021767983e-01 3.005033712064070217e-01 1.069822407300564104e-01
8.937403980903481371e-02 4.832972972897758290e-01 3.242505256798183799e-01 1.030781372213707969e-01
6.522063965792490592e-02 4.500589200800581002e-01 3.535680735974764954e-01 1.311523666645404429e-01
6.896288701999167547e-02 4.937596321026865853e-01 3.177226225153715888e-01 1.195548583619501642e-01
8.053976140387548999e-02 5.043366237732519464e-01 3.019382280230071824e-01 1.131853867998652979e-01
8.048961764138841402e-02 4.524114455449655958e-01 3.304101779989403465e-01 1.366887588147056576e-01
6.158984843360602868e-02 4.623802131386530734e-01 3.605863596053272002e-01 1.154435788224136422e-01
9.737323467560027312e-02 5.050755823332130356e-01 3.004123525367389247e-01 9.713883045444783593e-02
8.003673567255165100e-02 4.857759147205431005e-01 2.984694545116627351e-01 1.357178950952426522e-01
5.429110619133924870e-02 5.538720889601901343e-01 3.012448852119031240e-01 9.059191963656752777e-02
6.615284155575097691e-02 4.809550400066142095e-01 3.159401947292927448e-01 1.369519237083420826e-01
9.748846827301449469e-02 4.878661449288681506e-01 3.241365045462374916e-01 9.050888225187987690e-02
7.482135457689351177e-02 5.230274817456743719e-01 3.084531222325854194e-01 9.369804144484679409e-02
5.804004364682921469e-02 4.949198831298703971e-01 3.406806710330335664e-01 1.063594021902667802e-01
7.735629449639280786e-02 5.187490185466059334e-01 3.029066094262224951e-01 1.009880775307786249e-01
8.257332227225963606e-02 4.914353810157184865e-01 3.257344019396469781e-01 1.002568947723751352e-01
8.111995407787747636e-02 4.610397120989682684e-01 3.349390202843202102e-01 1.229013135388341144e-01
8.751439178356573700e-02 5.060354678552588803e-01 3.378906648486913467e-01 6.855947551248395277e-02
8.038388762395309861e-02 4.849277485236117569e-01 3.387760644310207070e-01 9.591229942141467346e-02
5.163464407329514810e-02 5.375809825106868667e-01 3.318166415245169532e-01 7.896773189150099737e-02
7.716785412422984269e-02 5.183141050444683984e-01 2.785405467206453767e-01 1.259774941106563684e-01
8.893973798285050025e-02 4.365710127757883585e-01 3.703659082996719198e-01 1.041233409416890687e-01
8.686141509127064120e-02 4.735869707396613837e-01 3.165543111404266474e-01 1.229973030286413416e-01
7.233968150687196397e-02 4.678177800977911249e-01 3.435782039929651810e-01 1.162643344023717440e-01
4.797045952911737493e-02 4.659353602856053378e-01 3.217089694929050614e-01 1.643852106923721634e-01
7.201159764195651236e-02 5.598315459822243989e-01 2.732801584296525865e-01 9.487669794616658547e-02
9.194816796661491043e-02 5.034448832897903126e-01 3.256632640703672199e-01 7.894368467322752936e-02
7.419668423213214570e-02 5.145378517072015656e-01 3.108475421389113591e-01 1.004179219217548047e-01
8.739627281728314101e-02 5.203288269774678509e-01 2.927815274321770578e-01 9.949337277307186700e-02
1.002800586375389019e-01 4.374957227669815096e-01 3.724874264625852582e-01 8.973679213289442735e-02
7.037672456606330895e-02 5.519456808949174675e-01 2.724386208181782121e-01 1.052389737208407894e-01
7.517211047792222989e-02 4.736709273595238745e-01 3.115107518883817872e-01 1.396462102741719835e-01
7.517350613560609685e-02 4.799730920680160828e-01 3.356625737539060128e-01 1.091908280424719185e-01
8.197766881911756898e-02 4.369799092333931378e-01 3.387819969794216290e-01 1.422604249680676225e-01
7.126255637400756571e-02 4.614057253907540845e-01 3.463605961729344096e-01 1.209711220623038708e-01
6.452826575891762451e-02 5.384440291818904933e-01 2.650466385440981565e-01 1.319810665150936702e-01
6.944624408918895209e-02 5.022547932167013007e-01 3.394388535943004825e-01 8.886010909980925077e-02
8.256177588895323438e-02 4.885391620046279915e-01 3.429588933662554018e-01 8.594016874016330299e-02
9.735031737880238401e-02 5.042103349904193399e-01 2.888415795531191210e-01 1.095977680776592106e-01
5.866455897982843920e-02 5.588976398037975857e-01 2.978063871133560525e-01 8.463141410301792955e-02
9.161822299783288492e-02 4.892075699185726712e-01 3.468523659651598923e-01 7.232184111843446839e-02
8.900346449914484093e-02 4.275345755792798741e-01 3.469792110618640235e-01 1.364827488597111782e-01
9.480443618875360190e-02 4.832114032770202794e-01 3.060760139115639711e-01 1.159081466226622309e-01
6.704993942050364863e-02 5.259163894304155207e-01 3.104698788445722224e-01 9.656379230450860829e-02
5.395967043754729825e-02 4.996746695603831445e-01 3.252846839550511682e-01 1.210809760470183960e-01
8.239757364497697634e-02 5.377942195199889586e-01 2.661850614250809155e-01 1.136231454099531357e-01
6.410693812211899767e-02 5.445096101673725375e-01 2.957378270671923715e-01 9.564562464331612113e-02
9.997982240668622234e-02 4.514323074889626253e-01 3.254217939530976156e-01 1.231660761512534535e-01
8.059699125988226132e-02 5.005253317072242414e-01 3.115187695326648298e-01 1.073589075002286397e-01
3.816093177956569882e-02 5.053451839104537990e-01 3.560765049365709478e-01 1.004173793734095543e-01
1.003777427182892534e-01 4.292638124922166787e-01 3.583204440732275509e-01 1.120380007162664615e-01
1.209637889694222118e-01 4.764850733603278043e-01 2.993958543687871843e-01 1.031552833014628828e-01
9.043190498874714711e-02 4.596887698123015564e-01 3.444699649423498822e-01 1.054093602566014698e-01
6.777048836085446115e-02 4.870691532240113419e-01 3.386539130533199882e-01 1.065064453618143198e-01
8.825943040520244087e-02 4.982079015616465156e-01 3.355106326672160355e-01 7.802203536593481370e-02
9.134538208923514979e-02 4.699169159647409444e-01 3.442367551671626780e-01 9.450094677886115846e-02
6.700233120611802373e-02 4.403108186023982351e-01 3.657653978984233833e-01 1.269214522930604827e-01
8.073282161915809607e-02 4.845025230407578043e-01 3.269074406788999299e-01 1.078572146611841698e-01
5.775441733822134216e-02 5.058833237133457672e-01 3.039070557597832734e-01 1.324552031886495895e-01
1.138028622345495650e-01 4.784930092722090578e-01 3.029861854435646484e-01 1.047179430496766872e-01
6.549047866828737463e-02 4.735899765615640411e-01 3.288615391667292220e-01 1.320580056034194039e-01
1.279772574605903546e-01 4.750274495357796334e-01 2.841987027472973604e-01 1.127965902563327627e-01
7.293193557383631509e-02 4.976425468862809565e-01 3.304338789622423000e-01 9.899163857764053942e-02
5.945230043157612165e-02 5.151487675887813644e-01 3.337776501501071857e-01 9.162128182953542532e-02
6.908472607481565275e-02 4.761637824313001977e-01 3.499192654362414112e-01 1.048322260576427939e-01
9.495584999625812650e-02 4.490756252076272270e-01 3.692352005339017418e-01 8.673332426221291858e-02
7.993180072111366608e-02 5.064561416424915308e-01 3.117822135520270654e-01 1.018298440843677377e-01
8.447881729877214363e-02 5.113483280468887893e-01 3.050949645371636709e-01 9.907789011717531291e-02
9.647331901143063604e-02 4.376611470657676417e-01 3.792774586345419863e-01 8.658807528825952782e-02
8.483511824144483737e-02 4.847792599823167459e-01 3.237588381074272825e-01 1.066267836688109677e-01
8.894482767909817067e-02 4.994869617493575831e-01 3.299258555611535582e-01 8.164235501039053544e-02
7.609571560420473613e-02 4.612530413405329655e-01 3.447147697978252268e-01 1.179364732574370161e-01
1.164424604740108976e-01 4.844187555138842471e-01 3.003966968821933925e-01 9.874208712991167092e-02
5.527751643408862492e-02 5.382096799865548897e-01 3.024253658714110005e-01 1.040874377079455126e-01
7.072449416929690869e-02 4.883595005727059957e-01 3.612460676714215890e-01 7.966993758657531233e-02
7.041908589170410571e-02 4.833896954684985259e-01 3.534418247849479555e-01 9.274939385484939902e-02
8.759592691158139821e-02 5.132430255574174094e-01 3.312014668411911722e-01 6.795958068981013123e-02
9.086411494086268914e-02 4.651346513880225131e-01 3.328774967492497128e-01 1.111237369218650017e-01
6.556254924244572790e-02 4.664554318000551647e-01 3.638811860714332158e-01 1.041008328860659332e-01
6.525789896864711559e-02 4.610013260846895222e-01 3.741840799044809929e-01 9.955669504218238319e-02
7.607415455358086664e-02 4.822203542801420939e-01 3.005743500084275266e-01 1.411311411578494990e-01
7.150880430150219347e-02 4.913727002240044217e-01 2.957978282923282021e-01 1.413206671821654326e-01
1.241844508820530574e-01 4.399479553895951356e-01 3.135631443633928872e-01 1.223044493649589753e-01
1.069617629855535018e-01 4.820434956646632574e-01 2.926387737053361970e-01 1.183559676444470715e-01
8.456238823328066090e-02 5.248071973241607013e-01 2.835169651149956338e-01 1.071134493275631289e-01
8.995552544312993004e-02 5.019817109250089837e-01 2.689508205437097232e-01 1.391119430881512520e-01
8.518957640622383531e-02 5.215896275213162125e-01 2.981691066252486477e-01 9.505168944721138768e-02
8.261795983339374760e-02 4.758437863189557415e-01 3.523247489053327186e-01 8.921350494231772288e-02
8.672200200850262164e-02 4.934695967789269888e-01 2.755950650106134270e-01 1.442133362019569209e-01
1.017564858391152016e-01 4.750248633917353303e-01 3.052715867272460248e-01 1.179470640419032629e-01
5.895442096453660380e-02 5.109325411779999104e-01 3.462864685889142646e-01 8.382656926854920032e-02
8.006558267570344778e-02 4.705024258765147516e-01 3.445087126177189263e-01 1.049232788300629854e-01
8.364899876243753196e-02 4.593323022824672419e-01 3.439304532883203369e-01 1.130882456667749864e-01
1.131834167837547367e-01 4.249469317285974879e-01 3.655062434700836471e-01 9.636340801756407282e-02
8.129414314070315672e-02 5.383381285783437331e-01 2.928459858481607947e-01 8.752174243279239874e-02
6.398151773225835282e-02 4.967375376425725020e-01 3.190582613083899899e-01 1.202226833167791969e-01
8.176641197203511624e-02 5.183327226325632475e-01 3.147245753242236543e-01 8.517629007117810680e-02
9.387352085296390980e-02 4.821873473288507683e-01 3.097269997833520527e-01 1.142121320348332414e-01
8.779372442002625343e-02 4.842433213083022214e-01 3.324417117076181594e-01 9.552124256405331026e-02
6.147850260252071819e-02 5.193433535075661078e-01 3.425040397763766675e-01 7.667410411353657584e-02
1.084272178010507043e-01 4.579151526684021034e-01 3.380706941806241317e-01 9.558693534992319940e-02
8.578732300079179585e-02 4.759273113130934041e-01 3.436365888698216242e-01 9.464877681629316197e-02
6.511301641470980395e-02 5.085644433742959603e-01 3.072673384383909911e-01 1.190552017726033696e-01
6.502009670986226564e-02 4.990188302811085497e-01 3.325745198608641151e-01 1.033865531481651112e-01
8.397715758633028660e-02 4.922093766753926070e-01 3.291362483379015047e-01 9.467721740037558786e-02
8.085062636958834092e-02 4.630044392891466964e-01 3.805493608370938974e-01 7.559557350417112076e-02
9.309078535223715145e-02 5.317287412616944486e-01 3.012690051160214488e-01 7.391146827004702047e-02
8.065963414096269379e-02 4.664075405209909819e-01 3.476020623861395542e-01 1.053307629519066729e-01
8.602333412577893579e-02 4.744660465601916455e-01 3.544461927454617411e-01 8.506442656856755269e-02
7.681114563432255016e-02 5.377778062704284823e-01 2.719845984124861782e-01 1.134264496827629282e-01
1.039805296658573158e-01 4.293903153494896818e-01 3.661316184199974733e-01 1.004975365646554597e-01
6.666399404391812333e-02 4.853409330083836570e-01 3.295909600585263943e-01 1.184041128891717143e-01
9.155067541456285429e-02 4.801743630453946809e-01 3.568246412114175481e-01 7.145032032862488891e-02
9.242257532904171735e-02 4.902758709444325902e-01 2.960997313231435446e-01 1.212018224033821756e-01
6.406364627184245319e-02 5.750531311379236676e-01 2.869405234808801164e-01 7.394269910935367951e-02
8.480373562712976987e-02 4.783375370991903575e-01 3.512354040338541705e-01 8.562332323982578541e-02
1.035459480140858701e-01 5.218881422233303535e-01 3.066952729109480025e-01 6.787063685163574611e-02
8.958240223028961224e-02 4.047582483345546489e-01 4.195522144701307465e-01 8.610713496502497843e-02
6.888401686723102935e-02 5.431963379216568910e-01 2.894075755611285605e-01 9.851206964998361626e-02
7.328773024539236847e-02 5.151197625982402162e-01 2.857731132764536608e-01 1.258193938799137268e-01
6.504590429345473435e-02 4.683495750260038837e-01 3.468800830074686425e-01 1.197244376730727949e-01
6.950281003264978386e-02 4.535661231869158594e-01 3.595304982328875743e-01 1.174005685475466298e-01
8.333325876252101194e-02 4.967164615791400673e-01 3.305189636518686136e-01 8.943131600647039048e-02
9.665257865236169532e-02 4.963233629443740691e-01 3.096602905108262194e-01 9.736376789243787744e-02
6.843550370362823376e-02 4.751295029211896614e-01 3.315148634938432370e-01 1.249201298813387290e-01
7.078640441658527738e-02 4.652840983581610912e-01 3.656111416661247948e-01 9.831835555912887825e-02
7.218341814993067818e-02 5.248062131345445636e-01 3.051085201219091991e-01 9.790184859361565628e-02
1.109841870779223610e-01 5.077113474150054540e-01 2.786832899982836231e-01 1.026211755087886313e-01
5.589161972985191157e-02 5.289682806709760099e-01 2.952291279592229034e-01 1.199109716399492237e-01
7.575433233362996455e-02 5.255567513290169135e-01 2.754071276135000579e-01 1.232817887238530363e-01
8.254721382758510584e-02 5.077281969791208605e-01 3.145500325864667435e-01 9.517455660682735963e-02
8.018461965873356634e-02 4.479856627911910083e-01 3.333074933241195748e-01 1.385222242259557257e-01
9.285026069678560534e-02 4.504365378192295433e-01 3.611987696521219426e-01 9.551443183186307528e-02
9.115966909193699841e-02 4.652895160012944786e-01 3.532926954736905212e-01 9.025811943307802954e-02
7.472736172219715534e-02 4.587033218580061078e-01 3.586264890607587796e-01 1.079428273590378740e-01
8.986560109235565419e-02 4.960979696704009845e-01 3.210832395222712465e-01 9.295318971497210092e-02
8.462158483623068161e-02 4.178281903645658657e-01 4.167269399175506650e-01 8.082328488165291258e-02
9.608291288086531767e-02 4.556410358515178283e-01 3.443176947812262578e-01 1.039583564863904991e-01
7.518129859430276729e-02 4.942254653125072728e-01 3.353820229699623345e-01 9.521121312322766705e-02
7.366129845093957740e-02 4.950483355548015441e-01 3.190829658767712629e-01 1.122074001174878100e-01
1.004689070203749757e-01 4.834361628677561473e-01 3.379719601865565082e-01 7.812296992531253537e-02
9.221819006828074761e-02 4.265458146361317260e-01 3.925335573247692444e-01 8.870243797081830972e-02
6.591175391238703052e-02 5.127886632802398648e-01 3.410726907796970964e-01 8.022689202767596672e-02
7.312434455648307574e-02 5.299151346368570215e-01 2.915865699398985100e-01 1.053739508667614622e-01
8.823284793027051653e-02 4.760191728395863908e-01 3.159924634983454217e-01 1.197555157317976710e-01
1.050552906595068614e-01 4.796154543835697281e-01 2.771051294133398124e-01 1.382241255435837368e-01
6.475783483808685015e-02 5.012210514753012713e-01 3.148220397232266432e-01 1.191990739633853047e-01
7.382150756266316061e-02 5.158909502510040657e-01 3.293035167514375416e-01 8.098402543489519045e-02
6.112386893820105638e-02 5.040529323750089219e-01 3.206851809576469203e-01 1.141380177291431708e-01
7.512318590533008378e-02 5.343026131305359527e-01 2.819611599875930241e-01 1.086130409765407867e-01
8.363569903944360895e-02 4.700028268105834739e-01 3.441234388545813538e-01 1.022380352953913274e-01
1.161793230683096645e-01 4.931293936785390297e-01 2.824520625781501426e-01 1.082392206750010383e-01
8.657727900763481643e-02 4.160262001564380419e-01 3.406428395611361681e-01 1.567536812747910568e-01
1.030706373807023929e-01 4.685690207304961108e-01 3.470531393547950372e-01 8.130720253400629260e-02
8.945596282994418280e-02 4.976144309205653982e-01 3.269662995354828960e-01 8.596330671400757850e-02
6.504892680748189382e-02 4.684695877362123340e-01 3.915894869780222609e-01 7.489199847828351131e-02
7.668309896633575262e-02 4.649580427730463650e-01 3.688674175891385465e-01 8.949144067147943304e-02
8.414739453690062154e-02 4.796274631768078223e-01 3.377068417421046909e-01 9.851830054418685145e-02
1.109036534903455884e-01 4.247550294489638167e-01 3.499938858195036362e-01 1.143474312411867783e-01
5.517443705359728612e-02 5.250620192109038964e-01 3.267335398368142463e-01 9.303000389868465447e-02
1.139283808751992699e-01 5.024085021825593911e-01 2.902062123195296994e-01 9.345690462271157017e-02
8.065019170322765274e-02 5.111913738764424231e-01 3.025255146709411314e-01 1.056329197493888900e-01
6.428887051195580904e-02 5.092430505682067343e-01 3.109688912675125927e-01 1.154991876523247113e-01
8.901290215530868744e-02 4.371743125857431300e-01 3.583054496099242203e-01 1.155073356490241565e-01
9.221845388005853184e-02 4.808307830694604212e-01 3.177427663939084712e-01 1.092079966565726451e-01
5.682422896844784715e-02 5.325932211340432820e-01 3.109240456047259182e-01 9.965850429278313993e-02
5.966298237675415200e-02 4.773567167839911640e-01 3.382547088852435602e-01 1.247255919540110058e-01
8.185220526585382239e-02 5.057163276782400407e-01 3.074030640772706380e-01 1.050284029786356654e-01
7.673144648990035122e-02 4.977259126763455832e-01 3.214447476672414039e-01 1.040978931665125090e-01
8.034757360027597328e-02 4.898298723954699341e-01 3.490999271455973441e-01 8.072262685865672083e-02
7.943370383600034668e-02 4.499032524593098992e-01 3.590197941641111723e-01 1.116432495405785541e-01
1.187740810745629982e-01 4.580637681770421965e-01 2.936379822619304969e-01 1.295241684864642528e-01
8.197362887015406663e-02 4.850112734943668458e-01 3.389661708770673187e-01 9.404892675841181049e-02
9.517767999839206461e-02 5.843347794588922284e-01 2.595983571893479280e-01 6.088918335336770959e-02
6.459704386958799172e-02 4.488026720168898365e-01 3.371028375196447047e-01 1.494974465938772312e-01
6.089423768546083082e-02 5.223036414966090168e-01 3.270623660114505560e-01 8.973975480647962411e-02
7.531605167477203877e-02 5.476969300311402833e-01 2.729039658961562864e-01 1.040830523979314332e-01
8.056765400104637376e-02 4.208424586385096089e-01 3.916087653198919161e-01 1.069811220405522956e-01
8.107857865001757980e-02 4.680525273721193869e-01 3.565629003759590021e-01 9.430599360190421165e-02
8.481675203184479983e-02 4.554427254497466770e-01 3.919783880045178415e-01 6.776213451389068165e-02
8.379107722752060505e-02 4.485546887083692313e-01 3.421169072565212188e-01 1.255373268075889170e-01
7.483312151285090308e-02 4.893709424213643633e-01 3.441365619775502149e-01 9.165937408823462973e-02
8.512762501691246986e-02 4.883126361746842337e-01 3.058848498654339609e-01 1.206748889429693078e-01
7.008631555279874747e-02 5.187428794414790101e-01 2.831901772190931754e-01 1.279806277866290254e-01
7.913456877161649528e-02 4.934328978231532492e-01 3.200222944901195410e-01 1.074102389151107007e-01
8.644518184573228570e-02 4.987599044460079289e-01 3.022817876909691392e-01 1.125131260172906739e-01
6.545646219086258266e-02 4.898812241737925954e-01 3.416138932897854752e-01 1.030484203455593051e-01
9.816028123865311317e-02 4.277743780606026447e-01 3.604415306309134981e-01 1.136238100698307024e-01
7.571317900765367481e-02 5.225725893066149874e-01 2.808902665565649048e-01 1.208239651291662387e-01
1.024318093050612527e-01 4.969680733758710112e-01 3.033639715427698946e-01 9.723614577629771660e-02
7.266315621318703011e-02 5.247755265991940199e-01 3.148133706517164954e-01 8.774794653590244076e-02
9.266135020079266371e-02 5.072578915487064855e-01 2.942915600959038480e-01 1.057891981545971000e-01
6.325371478278712933e-02 4.836386549806745427e-01 3.454712256485245048e-01 1.076364045880137815e-01
6.496663892015297481e-02 5.010140411432052465e-01 3.150414109978428301e-01 1.189779089387990180e-01
9.358966021009228198e-02 4.440511525401766302e-01 3.567237930552977221e-01 1.056353941944332964e-01
8.203059800880876939e-02 4.607550712739203469e-01 3.644978658818754935e-01 9.271646483539543182e-02
8.135497975598142417e-02 4.671310107223707320e-01 3.363753739121518316e-01 1.151386356094959706e-01
7.417516209464083965e-02 4.767026705911810991e-01 3.285776526286339205e-01 1.205445146855439881e-01
8.408486321832606136e-02 5.246661576359834545e-01 2.978547719993330789e-01 9.339420714635721099e-02
8.350438502350016057e-02 5.106803880552254205e-01 3.003189107283887882e-01 1.054963161928856585e-01
7.191769211142978735e-02 4.574074883993750062e-01 3.557282648935632952e-01 1.149465545956319390e-01
8.312392544666530325e-02 4.754764775281697942e-01 3.540460669208558842e-01 8.735353010430919884e-02
7.545758761332581332e-02 4.299653277431456089e-01 3.793725838011229867e-01 1.152045008424056466e-01
8.763959613399645299e-02 4.705227584793736928e-01 3.374968076287613861e-01 1.043408377578684265e-01
8.698162203849388319e-02 5.001437670452207884e-01 3.133887709595637450e-01 9.948583995672158342e-02
6.152609263542904022e-02 4.590532423683881258e-01 3.763297919497833322e-01 1.030908730463995782e-01
1.017048539753357822e-01 4.622881529590415761e-01 3.090867020186041647e-01 1.269202910470184908e-01
7.128191038231510013e-02 4.835242296521150562e-01 3.346800563373775739e-01 1.105138036281921310e-01
6.446437366961881021e-02 4.765909000143378482e-01 3.744853629683341234e-01 8.445936334770932918e-02
7.860127870864488941e-02 5.204058095198326184e-01 2.950727157267307166e-01 1.059201960447917340e-01
6.522683449758943930e-02 4.904243738610620240e-01 2.957648806112626039e-01 1.485839110300859744e-01
7.579738020699854084e-02 5.261602088206639438e-01 3.090710896931933016e-01 8.897132127914418598e-02
6.461360813154297389e-02 4.659537154952540505e-01 3.519254145616034224e-01 1.175072618115993034e-01
9.079616967410888972e-02 4.706084484899654696e-01 3.228423139503212025e-01 1.157530678856043965e-01
9.414866115792892842e-02 4.436164299357421292e-01 3.089638950663083361e-01 1.532710138400207867e-01
8.577602244879625748e-02 4.787010797857724209e-01 3.531444006540158109e-01 8.237849711141559395e-02
8.922229409572005054e-02 5.032920054986866898e-01 3.065872286091964605e-01 1.008984717963966604e-01
7.991547057397585530e-02 4.271012175973267766e-01 3.588115092352778257e-01 1.341718025934197644e-01
8.204461926738393363e-02 4.805409433236044747e-01 3.284977022639293254e-01 1.089167351450823495e-01
9.429770029064202252e-02 4.360893856360664178e-01 3.464536586464635470e-01 1.231592554268280820e-01
7.442991841298519928e-02 4.783927555867817927e-01 3.375522692334811392e-01 1.096250567667519660e-01
7.064953379431056224e-02 5.525506460550047017e-01 2.761422567111063708e-01 1.006575634395785734e-01
8.040014859097352473e-02 4.589461651183290858e-01 3.621313071530021799e-01 9.852237913769527899e-02
6.848032805828437042e-02 4.753628622333878062e-01 3.351399138128562938e-01 1.210168958954714741e-01
9.504305567113001396e-02 4.462526040437658215e-01 3.264700814124358863e-01 1.322342588726682922e-01
6.765086225443560364e-02 4.928943806245560944e-01 3.506972536105031346e-01 8.875750351050501474e-02
8.792821128751547588e-02 5.284918332592888346e-01 2.975861532153025180e-01 8.599380223789314381e-02
6.855878098877572768e-02 4.551353391299234885e-01 3.654514676441352750e-01 1.108544122371654672e-01
6.323522065456507746e-02 4.735216654307068396e-01 3.847133487964481957e-01 7.852976511827991501e-02
