4.437710957980784410e-01 3.883185558785052366e-02 2.831021295101064927e-01 2.342949191039646328e-01
4.316722036302050314e-01 6.569783324527833646e-02 2.943176447968559040e-01 2.083123183276606727e-01
4.643675660474275713e-01 4.580144800834804603e-02 2.925866873267233825e-01 1.972442986175009516e-01
4.244110425103924111e-01 4.582835876823785487e-02 3.239849859479890792e-01 2.057756127733807450e-01
4.465846405019030518e-01 4.705743145163097940e-02 2.988757774373120291e-01 2.074821506091539536e-01
4.100930958535303206e-01 5.778726695257484225e-02 2.761928742222361510e-01 2.559267629716587833e-01
4.657295865268993307e-01 3.134976203892530372e-02 2.809784061361071950e-01 2.219422452980681082e-01
4.230130866060927697e-01 4.630271290967619136e-02 3.416667343639422927e-01 1.890174661202888295e-01
5.264409839062578200e-01 5.490693710924504645e-02 2.389131762382573632e-01 1.797389027462397704e-01
4.415733228924991205e-01 3.262712063552729996e-02 3.173805852686816253e-01 2.084189712032920860e-01
4.277144782331782635e-01 2.644706717952019503e-02 3.241195780264817250e-01 2.217188765608197609e-01
4.433899564338173449e-01 2.563058552633962206e-02 3.406202957626700001e-01 1.903591622771728664e-01
4.137840023120857302e-01 3.099716295520671405e-02 3.421697687269591448e-01 2.130490660057484387e-01
4.574669228876370175e-01 2.315162158144236718e-02 3.073429257874998877e-01 2.120385297434206895e-01
4.189528181457151668e-01 6.416430078743830256e-02 3.058547598196290629e-01 2.110281212472175094e-01
4.084838966549612649e-01 5.701942690566329242e-02 2.982967971227306614e-01 2.361998793166448229e-01
3.680999253969968188e-01 6.942919545611132837e-02 3.501701765273206868e-01 2.123007026195712355e-01
4.718649270315791178e-01 5.404777432108946039e-02 2.891901455443720015e-01 1.848971531029594551e-01
4.009539389671829546e-01 5.705627862019643087e-02 3.277937252916701127e-01 2.141960571209503283e-01
4.670958266648594370e-01 4.382411399311077205e-02 2.845943219752092301e-01 2.044857373668206302e-01
4.316203992753641638e-01 2.502849396578935709e-02 3.379738843833989259e-01 2.053772223754474491e-01
4.142240915601122508e-01 5.348980758619321929e-02 2.906543303478201223e-01 2.416317705058742826e-01
3.977877798513523300e-01 3.792775631463406877e-02 3.461941172039609826e-01 2.180903466300526117e-01
4.476887776927466200e-01 5.925743905424703944e-02 2.912083804698986644e-01 2.018454027831077247e-01
4.108322691749417555e-01 3.661809370179932438e-02 3.112399086277584659e-01 2.413097284955003641e-01
4.231403763604269508e-01 1.887673548472513368e-02 3.559711463572791668e-01 2.020117417975688390e-01
4.522410117976770061e-01 3.817931432196670222e-02 3.115315833539740731e-01 1.980480905263823088e-01
4.569769163292501379e-01 3.109116225565981481e-02 2.694419033767640470e-01 2.424900180383260662e-01
4.734984454892545158e-01 4.119405498727216064e-02 3.045919634625472994e-01 1.807155360609260797e-01
5.353600036906889237e-01 4.878427001010885583e-02 2.678852151402311699e-01 1.479705111589711686e-01
4.441877757074056410e-01 5.162821118121379421e-02 2.890501749174023138e-01 2.151338381939782995e-01
3.991686591525115402e-01 5.544981645828190447e-02 2.965204062856251488e-01 2.488611181035814690e-01
4.084053632913693388e-01 3.977982117461601602e-02 2.912508883445998897e-01 2.605639271894149012e-01
4.819388184692122157e-01 4.001074076744571412e-02 2.962392802834019623e-01 1.818111604799400316e-01
4.466277624610308083e-01 4.461312407765359589e-02 3.142758160413073876e-01 1.944832974200081388e-01
4.139478944899930291e-01 4.868584065578188819e-02 3.392193506350428267e-01 1.981469142191820965e-01
4.420603225172173856e-01 6.448049759351449917e-02 2.811209103472275261e-01 2.123382695420406030e-01
4.478571004705944048e-01 5.052338255972545905e-02 3.147811536364633067e-01 1.868383633332166560e-01
4.039407182246104733e-01 3.291594147691054295e-02 3.407599208435000970e-01 2.223834194549788590e-01
4.300631052623508088e-01 4.519770272942944672e-02 3.357742485226959395e-01 1.889649434855237564e-01
4.318919899678292929e-01 3.051964651254309921e-02 2.777165286240181885e-01 2.598718348956093882e-01
3.952054508992499104e-01 6.046186803569991719e-02 3.449117919484741557e-01 1.994208891165761000e-01
4.024683652533909695e-01 3.485685290582040546e-02 3.528525932294334089e-01 2.098221886113552370e-01
3.808843573139682470e-01 4.582613112493089808e-02 3.255980940906518240e-01 2.476914174704489824e-01
4.123268241891283048e-01 4.275282590623347839e-02 3.581573008273959413e-01 1.867630490772421992e-01
4.356264593926355011e-01 2.642201023229395068e-02 2.865543285489128289e-01 2.513972018261575458e-01
4.345092323930828671e-01 7.204334362037670414e-02 2.899805209510793458e-01 2.034669030354610553e-01
4.728359632431496928e-01 3.514735514528524035e-02 2.881254836732151103e-01 2.038911979383500050e-01
4.739932509122847804e-01 3.599855527111144732e-02 2.811205989385148762e-01 2.088875948780889724e-01
4.790116678820822149e-01 2.387602909971912879e-02 3.214071782557544887e-01 1.757051247624441259e-01
4.931598777845641601e-01 2.271053917373812292e-02 2.982795762569701026e-01 1.858500067847274895e-01
4.006826247263312046e-01 2.070975375415336911e-02 3.226058365423589147e-01 2.560017849771565324e-01
4.675567663330453261e-01 4.020453732312517792e-02 2.851786978399782346e-01 2.070599985038512891e-01
4.868059417799752708e-01 4.991862716332704647e-02 2.771059312446301770e-01 1.861694998120673461e-01
3.970202831386666076e-01 5.521785597983328714e-02 3.543263507531886902e-01 1.934355101283113942e-01
4.110834044388111952e-01 5.214868606342945578e-02 2.487858694255786762e-01 2.879820400721806450e-01
4.159007281965891312e-01 5.166622953786923628e-02 3.278638704690322592e-01 2.045691717965093248e-01
4.609609001128122108e-01 7.354741106765518011e-02 2.843203261807707993e-01 1.811713626387617959e-01
4.750108155066818938e-01 4.355802484006544156e-02 2.797793304561793648e-01 2.016518291970731958e-01
4.274815163915403060e-01 7.872759705194264102e-02 2.685812693797614004e-01 2.252096171767555555e-01
4.452799201945086272e-01 4.918835799197392861e-02 3.357446558319402974e-01 1.697870659815771954e-01
4.352452999590198379e-01 6.627916889489640639e-02 3.105095335061578976e-01 1.879659976399257748e-01
4.904069255911835956e-01 4.125895323444324359e-02 3.113710156101289761e-01 1.569631055642441153e-01
4.715110885632395887e-01 2.874247570191406850e-02 3.293211390910195102e-01 1.704252966438268291e-01
4.300476808888203384e-01 5.914933027161579926e-02 3.048203173528090670e-01 2.059826714867548092e-01
4.052313759164608564e-01 6.353013153164500937e-02 2.854299633384707602e-01 2.458085292134234712e-01
4.663310331722688717e-01 5.070929705001647747e-02 3.257935062978538077e-01 1.571661634798607043e-01
4.610913593679475952e-01 2.738796071071067373e-02 2.751346900628442449e-01 2.363859898584974306e-01
4.726772769640478211e-01 4.440040397370048630e-02 2.815627995288146890e-01 2.013595195334370314e-01
3.849926742990760209e-01 2.209752331508321385e-02 3.174372841360357800e-01 2.754725182498048430e-01
4.124135800405317465e-01 7.032110644196197524e-02 2.899478865786343507e-01 2.273174269388718860e-01
5.016032400943937208e-01 4.114067306928492762e-02 2.786721558857601644e-01 1.785839309505612427e-01
4.953873488585368579e-01 5.191938437033562920e-02 2.546692651695136589e-01 1.980240016016138749e-01
4.729328125424016593e-01 4.446037726499179471e-02 3.048220560597661999e-01 1.777847541328403669e-01
4.422114131298465756e-01 3.495617658993471072e-02 3.196106524773972279e-01 2.032217578028215621e-01
4.485375626079194378e-01 6.611402086937163969e-02 2.986658573870586975e-01 1.866825591356503777e-01
4.254405266980934575e-01 4.199011415447469892e-02 3.019075389150454036e-01 2.306618202323863220e-01
3.899583893573131954e-01 3.789678655309458577e-02 3.573533929926510089e-01 2.147914310969412655e-01
4.263604776453667755e-01 4.041523723443129351e-02 3.386108710202865302e-01 1.946134140999155326e-01
4.367519604401817190e-01 4.152959831685545250e-02 3.152199634179461141e-01 2.064984778250168185e-01
4.040030044402814768e-01 2.688476811015445486e-02 2.716801466280460153e-01 2.974320808215180079e-01
4.354371237868797095e-01 4.287492007290340246e-02 2.949043719144061049e-01 2.267835842258109080e-01
4.172950018075428646e-01 2.186081516624320889e-02 3.348400009815451495e-01 2.260041820446687388e-01
4.151180309074256058e-01 3.674193222387116264e-02 3.601638070725117213e-01 1.879762297961913853e-01
4.565038431709762534e-01 3.226136417970876941e-02 2.589954251944796559e-01 2.522393674548354392e-01
3.869325199645083924e-01 5.082064121897716252e-02 3.712034673953928388e-01 1.910433714211215717e-01
4.351333959394441675e-01 7.088718360744473979e-02 3.122255749713934159e-01 1.817538454817177185e-01
4.687810452948655837e-01 3.858091750010505389e-02 3.032271856468534699e-01 1.894108515581760799e-01
4.214402056471894253e-01 5.210181484260918011e-02 2.646385293137273886e-01 2.618194501964738463e-01
3.768950839763587912e-01 5.943293345357775204e-02 3.325919355250109288e-01 2.310800470450525557e-01
4.005949318538543080e-01 5.301330126566348999e-02 3.221582200245761141e-01 2.242335468559059075e-01
3.822262480153147401e-01 6.758982601628828191e-02 3.279499407660038113e-01 2.222339852023931528e-01
4.405134363326686509e-01 4.634924617238041916e-02 2.787134471709683536e-01 2.344238703239825694e-01
4.072240849545894492e-01 5.412593757380260162e-02 3.217412014074131354e-01 2.169087760641947304e-01
4.563769975647788968e-01 5.211770933292867586e-02 2.631778937878591629e-01 2.283273993144331049e-01
4.268601781693995845e-01 2.061999461327258809e-02 2.925545206540660637e-01 2.599653065632617222e-01
4.312401143655053004e-01 4.031884524718476470e-02 3.605041463104955435e-01 1.679368940768143914e-01
4.188647964207128371e-01 5.425868067496782132e-02 2.804155576913549552e-01 2.464609652129644279e-01
3.907187336587069071e-01 3.130124973723140414e-02 3.930146864225425585e-01 1.849653301815190332e-01
4.615571067750134926e-01 4.013304728140509176e-02 2.628657511769625921e-01 2.354440947666186779e-01
4.056994490213295390e-01 2.955335374138024981e-02 3.615911193123012568e-01 2.031560779249889925e-01
4.020750068363466712e-01 4.050236652852078761e-02 3.307120986239974192e-01 2.267105280111351429e-01
4.576985558786063613e-01 4.379596450276626585e-02 2.772570040511398437e-01 2.212484755674875014e-01
4.772025614265676396e-01 4.278713508212075856e-02 2.999470049024095530e-01 1.800632985889020210e-01
4.175187323061024247e-01 3.039447948229243371e-02 3.757869822420091821e-01 1.762998059695957964e-01
4.273959305576904288e-01 3.392423693217095498e-02 3.057284245722210470e-01 2.329514079379174374e-01
4.520749048070399900e-01 4.903727236520163957e-02 2.849154668654620970e-01 2.139723559622964122e-01
4.327630109682400472e-01 2.031396963123725460e-02 3.502613432163195206e-01 1.966616761842031880e-01
3.991155028822075956e-01 2.610748372100790693e-02 3.805118076320440079e-01 1.942652057647404340e-01
4.216036377311876415e-01 5.789202379065109400e-02 3.136439389165303626e-01 2.068603995616307978e-01
4.503633144933827381e-01 4.964775065120949349e-02 2.792259604056364086e-01 2.207629744497713320e-01
3.855853641513365959e-01 3.615519124592565109e-02 3.195897771630171191e-01 2.586696674397206963e-01
3.787916337395479394e-01 5.464746726918807279e-02 3.573205061199699606e-01 2.092403928712940619e-01
4.601096466044796718e-01 1.706533396388512300e-02 3.253970895763964033e-01 1.974279298552386597e-01
4.160638377874538163e-01 6.298421864099155998e-02 2.996464357721121963e-01 2.213055077994424968e-01
4.295190910789726257e-01 3.439721514778197597e-02 3.459325188664754691e-01 1.901511749067698598e-01
4.565094335026093075e-01 3.924828558962113745e-02 2.893255073997691440e-01 2.149167735080003416e-01
4.911450748609552663e-01 1.866550059713227919e-02 2.753380647185073027e-01 2.148513598234051969e-01
3.789041669257774969e-01 7.050068346695478883e-02 3.227323990517995678e-01 2.278627505554682020e-01
4.124682023332248981e-01 6.527545367219288186e-02 3.194281274434170315e-01 2.028282165511651469e-01
4.201345761260865674e-01 4.645187099018202592e-02 2.886617985354141269e-01 2.447517543483173352e-01
4.885269402466184130e-01 4.420223261248717311e-02 2.341405841947129807e-01 2.331302429461812598e-01
4.117103586964091511e-01 4.366320845610394130e-02 2.851705071578324313e-01 2.594559256896546429e-01
4.616900582140668896e-01 1.767178937112734785e-02 2.701417407279362859e-01 2.504964116868694801e-01
4.662593515766335628e-01 2.788676441357714961e-02 3.169322842264895024e-01 1.889215997832998373e-01
4.113242647586407008e-01 4.036962880892645128e-02 2.614051791398769309e-01 2.869009272925558962e-01
4.713710341514247282e-01 5.445224075132762409e-02 2.472504294898058563e-01 2.269262956074417359e-01
4.826179581479272951e-01 5.035820828863277199e-02 2.634176981137997253e-01 2.036061354496402076e-01
4.390476281975658202e-01 5.373936508319226285e-02 2.798003539031396758e-01 2.274126528161022898e-01
4.729309658896485025e-01 4.296902125202708977e-02 3.030047084984643924e-01 1.810953043598602374e-01
5.030478558400687250e-01 4.781696016312936282e-02 2.758612455323378176e-01 1.732739384644640668e-01
4.620261236532892113e-01 2.864923980227586375e-02 2.863374268125282174e-01 2.229872097319066937e-01
4.243225531307444065e-01 2.100739712228134881e-02 3.430090990537646434e-01 2.116609506932096707e-01
3.917348265832287790e-01 4.180407574760398176e-02 3.128319838030418909e-01 2.536291138661252442e-01
4.335364910880318834e-01 5.159637433272828283e-02 2.817618840614348752e-01 2.331052505178051459e-01
3.965644898210480829e-01 5.252802187388678351e-02 3.614188185060090430e-01 1.894886697990559032e-01
4.606431079070738566e-01 4.631956800274617675e-02 2.772134571739298115e-01 2.158238669162503565e-01
4.353141151372244555e-01 3.882477317836177666e-02 3.401667812659072143e-01 1.856943304185064147e-01
4.536242776697207990e-01 3.463091710396783152e-02 2.397744116797766445e-01 2.719703935465346833e-01
4.010047595569188883e-01 4.414527349894743075e-02 3.305339693074183516e-01 2.243159976367154196e-01
4.710093731441622467e-01 3.684402953060473412e-02 3.038132087331731901e-01 1.883333885920599193e-01
4.477072061206234244e-01 7.675346743734468014e-02 2.832233289499136997e-01 1.923159974921183901e-01
4.328052282534368689e-01 1.875900388682305575e-02 3.102628174544049267e-01 2.381729504053351487e-01
4.317143162844090942e-01 5.176517575501084212e-02 3.203757321224153243e-01 1.961447758381648365e-01
4.291342516813136942e-01 3.219617409567385874e-02 2.925229418191184205e-01 2.461466324038939779e-01
4.623435547690306624e-01 4.472795422491857020e-02 2.831973452923238210e-01 2.097311457137270574e-01
4.149784714325270296e-01 4.312915024345212456e-02 2.984304945921099073e-01 2.434618837319108831e-01
4.412997790864914838e-01 3.562473704668533275e-02 2.903482534721513741e-01 2.327272303946718301e-01
4.639097630301576292e-01 4.105496511381291624e-02 2.932011730524963777e-01 2.018340988035330352e-01
4.701078225850045533e-01 3.952822274460379010e-02 3.147114641611302166e-01 1.756524905092615441e-01
4.435986548824538689e-01 4.811115136351736682e-02 3.081345309260066223e-01 2.001556628280221906e-01
4.772814593706202757e-01 4.675192091644046755e-02 2.850022333963842525e-01 1.909643863165549627e-01
4.627071158505020598e-01 4.652390231329044112e-02 2.977395805585300592e-01 1.930294012776773982e-01
4.723331936089518179e-01 4.032685011258801966e-02 2.372485980022786545e-01 2.500913582761816745e-01
4.725292060512581993e-01 5.436173645368352209e-02 3.021809483669655183e-01 1.709281091280926701e-01
5.163569877150498977e-01 3.840743093430719346e-02 2.636411162254049811e-01 1.815944651252378306e-01
4.501240868881451473e-01 6.351323710070920503e-02 2.813845890868229560e-01 2.049780869243225667e-01
3.867398226902513114e-01 5.641998103194850733e-02 3.306390700197593402e-01 2.262011262580408411e-01
4.178442761652751414e-01 5.267774565900989331e-02 2.900677829502972260e-01 2.394101952254177046e-01
4.990118590491873785e-01 2.847177446618271227e-02 2.780175681408469379e-01 1.944987983437830859e-01
4.548301382008291815e-01 3.817865732622609254e-02 2.892533711362169080e-01 2.177378333367279706e-01
4.282945032536258911e-01 6.217600529507804480e-02 3.200042419832057061e-01 1.895252494680904343e-01
4.862252008224719479e-01 2.590332822399502369e-02 3.104857466642289010e-01 1.773857242893040753e-01
4.558897738883453954e-01 2.985641142819237676e-02 2.973885649221729155e-01 2.168652497612894858e-01
3.908914479318591484e-01 5.571865916674158953e-02 2.678947054472336498e-01 2.854951874541656887e-01
4.274070014807030971e-01 3.987909294095418056e-02 3.373781771252787887e-01 1.953357284530639892e-01
4.145655414777632553e-01 4.271406048086742735e-02 3.294891896331009207e-01 2.132312084082682857e-01
3.879097824817290263e-01 3.732620087524013419e-02 3.271597912415895593e-01 2.476042254014411970e-01
4.147718175421895581e-01 3.970665581325698301e-02 3.006729566581839430e-01 2.448485699863696130e-01
3.954088403025490250e-01 4.466804587759802547e-02 3.691502494126837064e-01 1.907728644071691737e-01
4.625673798823253247e-01 2.742661662895681113e-02 3.157920220490187391e-01 1.942139814396991182e-01
4.621737982498176911e-01 4.337379996823644696e-02 2.962376359246459701e-01 1.982147658572998850e-01
4.788228793551838613e-01 6.798785811014394775e-02 2.759642495061516709e-01 1.772250130285206171e-01
4.601087795657483603e-01 6.206729282576102513e-02 2.620854023018991952e-01 2.157385253065915443e-01
4.909059091317987678e-01 2.998828936262010886e-02 2.733856009571230539e-01 2.057202005484580487e-01
4.591029228659945782e-01 4.366892799139459463e-02 3.237203835117689610e-01 1.735077656308417204e-01
4.751700495233052157e-01 3.491801485500677094e-02 3.053680128404047678e-01 1.845439227812832872e-01
4.045344190120527816e-01 4.082791024920068290e-02 2.713180824290637450e-01 2.833195883096826240e-01
4.865008372015076077e-01 4.402932102762462108e-02 2.707387831454733940e-01 1.987310586253944467e-01
4.160095235552044857e-01 5.093894349169038327e-02 2.835474285279381279e-01 2.495041044251669893e-01
4.313142201704692758e-01 4.461446037064542569e-02 3.267074488413521660e-01 1.973638706175330493e-01
4.000936529818510112e-01 5.133067932208171258e-02 2.974203991083499421e-01 2.511552685877172508e-01
4.109290550996506641e-01 4.346335387788736321e-02 3.089750167857974739e-01 2.366325742366645335e-01
3.584842070194037000e-01 4.058370436382567614e-02 3.306814954830197828e-01 2.702505931337509937e-01
3.943241181340955692e-01 4.902070454344193556e-02 3.593070378093673467e-01 1.973481395130950722e-01
4.417200176620799112e-01 4.425350912749029253e-02 3.242304416816079171e-01 1.897960315288218236e-01
4.259299139866706274e-01 3.737575599593639941e-02 3.288225585813275842e-01 2.078717714360654445e-01
4.511276277927759315e-01 5.198216461270415562e-02 2.735822124998654181e-01 2.233079950946544323e-01
3.977830340899567996e-01 5.523219325660379958e-02 2.794894038482810261e-01 2.674953688051582845e-01
4.220554734893745552e-01 3.991616493477694039e-02 3.036601535963407983e-01 2.343682079795077200e-01
4.488069425807250656e-01 3.718923651174685374e-02 2.645852402225412625e-01 2.494185806849868181e-01
4.621974134206677243e-01 3.066134824802072695e-02 2.965196067388968792e-01 2.106216315924147320e-01
4.356037632083336608e-01 5.880478691131671432e-02 3.192326655833893634e-01 1.863587842969603448e-01
4.522232374712528702e-01 2.564033965498109871e-02 3.167626715023657558e-01 2.053737513714004315e-01
4.566376343578880115e-01 4.349237577478434064e-02 2.734089034383568317e-01 2.264610864289708092e-01
4.315766872172359658e-01 3.555101455678429806e-02 3.236742415429855746e-01 2.091980566829941823e-01
4.462916004771744771e-01 2.637027528412683522e-02 2.974310959602204929e-01 2.299070282784781705e-01
4.167497427291846357e-01 4.062853769551766359e-02 3.035001582696450484e-01 2.391215613056527356e-01
4.596450721864579481e-01 3.819405623551547224e-02 2.811373540270972193e-01 2.210235175509293326e-01
4.290416608224022488e-01 2.542157915466473558e-02 3.436580051756861764e-01 2.018787548472470161e-01
3.996839546775195484e-01 8.161867062030150888e-02 3.344774276898204723e-01 1.842199470123585536e-01
4.808761462068865122e-01 2.153220583883126010e-02 3.066687512767070078e-01 1.909228966775752545e-01
4.329075109487915962e-01 6.300784105584729400e-02 2.784234216022793418e-01 2.256612263930818374e-01
4.307927137699078535e-01 3.551513552173501953e-02 3.509307875631146323e-01 1.827613631452424392e-01
4.349208609767732936e-01 3.623801558624487745e-02 3.026909771435999374e-01 2.261501462933818984e-01
4.985227882673028965e-01 3.945151286292980508e-02 2.598911207440982585e-01 2.021345781256689567e-01
4.017579029789168366e-01 2.433923583268058841e-02 3.487777017087152487e-01 2.251251594796872535e-01
3.923298892948662298e-01 3.630824691882916788e-02 3.436077828391089217e-01 2.277540809471956529e-01
4.919378717541360024e-01 2.866084290294695913e-02 2.676600608885386645e-01 2.117412244543783462e-01
4.523627053681152921e-01 3.333917207678675082e-02 3.160485162412899340e-01 1.982496063138079190e-01
4.368434585097111800e-01 6.625349610231809350e-02 2.837806156620472087e-01 2.131224297259236289e-01
3.823153417890881589e-01 4.929643101200940902e-02 2.904919691858015018e-01 2.778962580131007498e-01
4.588192919741443387e-01 3.985487197178905205e-02 2.792757277537059601e-01 2.220501083003607046e-01
4.016976377888767935e-01 5.261108081225119443e-02 3.083837683173548116e-01 2.373075130815173461e-01
4.391577197064687743e-01 3.121671532251062489e-02 2.906036730573149374e-01 2.390218919137057363e-01
4.864732189169559406e-01 5.909317290135918110e-02 2.809979617381767603e-01 1.734356464435081457e-01
4.298830108325544797e-01 3.927082650987027967e-02 3.413317142147093142e-01 1.895144484428657738e-01
4.584136678717053992e-01 2.713188048267314509e-02 2.981263239717196201e-01 2.163281276739019154e-01
3.903639528498237254e-01 4.778032295318330319e-02 3.384269325080793145e-01 2.234287916889137471e-01
4.218419260586448449e-01 4.685716345744207062e-02 3.248502493390864609e-01 2.064506611448264639e-01
4.306471258194050078e-01 5.682259178466845390e-02 2.821399401111929772e-01 2.303903422847334848e-01
3.884821580140625508e-01 6.909449994223477998e-02 3.262080970164155103e-01 2.162152450272871174e-01
4.469213175733051102e-01 3.927751123521600052e-02 2.872612602278461491e-01 2.265399109636328234e-01
4.987174915243034468e-01 2.286608477662634489e-02 2.899482349163184924e-01 1.884681887827515390e-01
4.216170051107254735e-01 6.246141006748451296e-02 3.005079685442283988e-01 2.154136162775616425e-01
4.328247817123175301e-01 3.045426833586751397e-02 3.021399291954605104e-01 2.345810207563543970e-01
3.959307920300694228e-01 3.867675122483240496e-02 3.221562199263558468e-01 2.432362368187422630e-01
4.378523399557929796e-01 5.747073458450661920e-02 2.849835254054559064e-01 2.196934000542444809e-01
4.287894132942864922e-01 6.200157693266070830e-02 3.170822974354918777e-01 1.921267123375609565e-01
3.858503997865981860e-01 4.898840362010067201e-02 3.436291445876002992e-01 2.215320520057008635e-01
4.548444866010109000e-01 3.588149028801147084e-02 3.018668916709757455e-01 2.074071314400018073e-01
4.591302927791167665e-01 2.967793395961819056e-02 2.672169698239043600e-01 2.439748034373608043e-01
3.886666999531158684e-01 4.155235480893904043e-02 3.144990736715685409e-01 2.552818715663764393e-01
4.531536369211516257e-01 3.456719485341494535e-02 3.222226162181726083e-01 1.900565520072608205e-01
3.849226306644523699e-01 4.524070588808006693e-02 3.349536651045922353e-01 2.348829983428754875e-01
4.355207234437273311e-01 5.733119831254633592e-02 2.989956131949217943e-01 2.081524650488044137e-01
4.571079130073489316e-01 2.399750384178147428e-02 3.438667272237352357e-01 1.750278559271343237e-01
4.557052779448581559e-01 3.635601450572118615e-02 3.143502246455178728e-01 1.935884829039027089e-01
4.009844915555738076e-01 3.833455318271337953e-02 3.791939605253457080e-01 1.814869947363670910e-01
5.135400712374964538e-01 3.492078175596143724e-02 2.899321096318663304e-01 1.616070373746758548e-01
4.601073277948845575e-01 5.266079878422716409e-02 2.670146773826230779e-01 2.202171960382650895e-01
4.296573119895371051e-01 4.937850907284972723e-02 2.931304646869166142e-01 2.278337142506966784e-01
4.446237034059384863e-01 3.819770627916606320e-02 3.058967134816016342e-01 2.112818768332937747e-01
4.572678605115442219e-01 4.862611657487449918e-02 2.802376422751332585e-01 2.138683806384480690e-01
4.232043349588649472e-01 5.086214778588105806e-02 3.141212238844866556e-01 2.118122933707672906e-01
4.319847860409896656e-01 6.124947592530984031e-02 2.807421632887511231e-01 2.260235747449493848e-01
4.454383042942571258e-01 4.548819929972950510e-02 3.007927628656545394e-01 2.082807335403588089e-01
4.286320396874204186e-01 3.982555342981930480e-02 3.414897111836553423e-01 1.900526956991050731e-01
4.583911496700679988e-01 6.711337929444081973e-02 2.596448897698210301e-01 2.148505812656701930e-01
4.185125725046123790e-01 5.916409731568657293e-02 3.190937283594105223e-01 2.032296018202903454e-01
4.785573357850086418e-01 2.992754505610493304e-02 3.028328840158082680e-01 1.886822351430781641e-01
4.289734709954515224e-01 5.704215998310160213e-02 3.441696666111131453e-01 1.698147024103335567e-01
4.360812768031258058e-01 4.399009213301728616e-02 3.131659460725987332e-01 2.067626849912583276e-01
4.157670339510142754e-01 3.786842478536153744e-02 3.361701587956781312e-01 2.101943824679460004e-01
4.441132313231848094e-01 3.565765056097360691e-02 3.204033649087872360e-01 1.998257532070543685e-01
4.486998595189750638e-01 4.726246536272539489e-02 2.878724312482338066e-01 2.161652438700658041e-01
3.909305550756426717e-01 3.913834983971635484e-02 3.360287114067920800e-01 2.339023836778489629e-01
4.147211366975995794e-01 2.269336539295371130e-02 3.344939628668814890e-01 2.280915350425651023e-01
4.104757032167991038e-01 3.443931225339803143e-02 3.232206167126689400e-01 2.318643678171340705e-01
4.517238328673613412e-01 3.430080024576092484e-02 2.919226702430819942e-01 2.220526966437957606e-01
4.507845766577092683e-01 4.107714255005751047e-02 2.761426320364362974e-01 2.319956487557968128e-01
4.532432182206364568e-01 5.044545712884891675e-02 3.109422908288351217e-01 1.853690338216794631e-01
4.283682171831718066e-01 4.225644298884193711e-02 3.099295978891005166e-01 2.194457419388858299e-01
4.157621062637629761e-01 5.128588163313029663e-02 3.360226787068643639e-01 1.969293333962423842e-01
4.338627022757845508e-01 5.078872090077409668e-02 3.236706893468935808e-01 1.916778874765477092e-01
4.820871039909107592e-01 3.529607963610897209e-02 2.775745800756286297e-01 2.050422362973517154e-01
4.423828455252813985e-01 4.997074871188023071e-02 3.131684247777886121e-01 1.944779809850498697e-01
4.273558610530978630e-01 4.928439232314649199e-02 2.514535035029488164e-01 2.719062431208067454e-01
5.051260645364336055e-01 4.850712768826013349e-02 2.802015133119383217e-01 1.661652944633678075e-01
4.168089627871564562e-01 2.907601979004939552e-02 3.114114201722010811e-01 2.427035972505929839e-01
4.283097402007838284e-01 4.274447334943867055e-02 3.199929065159604624e-01 2.089528799338171705e-01
4.236387762883236374e-01 2.944560327941082856e-02 3.137460673354485197e-01 2.331695530968170560e-01
4.097829275885540579e-01 4.249048529773586519e-02 3.556484977857455876e-01 1.920780893279644130e-01
4.530179415525524833e-01 6.718166116372949193e-02 2.920674234530864499e-01 1.877329738306314777e-01
4.367187276775437166e-01 4.839797727619195994e-02 3.163348376059699207e-01 1.985484574402944513e-01
4.618829487916332188e-01 3.221428621053266939e-02 2.878661887197021541e-01 2.180365762781319439e-01
4.060900467302273054e-01 4.465733236564991410e-02 3.064683949032234178e-01 2.427842260008994113e-01
3.727790992490501720e-01 4.365227502037814095e-02 3.459328987242042963e-01 2.376357270063673699e-01
4.319384634872937001e-01 4.522661892532031658e-02 3.005797491203766048e-01 2.222551684670092953e-01
4.952252196115174421e-01 5.800222592225982854e-02 2.549736218627913220e-01 1.917989326034313102e-01
4.251903099147347764e-01 5.143842969870031367e-02 3.181657760501839793e-01 2.052054843363809167e-01
4.218878016629016292e-01 4.638446232109873918e-02 3.325896518373552824e-01 1.991380841786443978e-01
4.888965385330773517e-01 2.114233074200117315e-02 2.977072795037254416e-01 1.922538512211961481e-01
4.171079944623216629e-01 4.355775811568825262e-02 2.711980831100679890e-01 2.681361643119220539e-01
4.437079834311465909e-01 3.917136651634981620e-02 2.871406262497808171e-01 2.299800238027226440e-01
4.673965491956533769e-01 4.306850955807673548e-02 2.760461270341522666e-01 2.134888142121176280e-01
4.939636357626481789e-01 4.155042779289769284e-02 2.351889928032735722e-01 2.292969436411806394e-01
4.602582389658125828e-01 6.182535471647379599e-02 2.965905226222289026e-01 1.813258836954848574e-01
4.258792153602311559e-01 4.381438183092387778e-02 3.113789373759558443e-01 2.189274654328891012e-01
3.899471060973579428e-01 5.070956444849477468e-02 3.386522877256573083e-01 2.206910417284899950e-01
4.836750196849534666e-01 2.859730499499435474e-02 2.681523149331030975e-01 2.195753603869490256e-01
4.565527185547220701e-01 5.815320356958161852e-02 3.237099021146706557e-01 1.615841757610255169e-01
4.562593508675168996e-01 2.375649405396948813e-02 3.255833599645414633e-01 1.944007951139720969e-01
4.255611168131877564e-01 4.220193756341940328e-02 3.317029277675054844e-01 2.005340178558871755e-01
4.355473369559259011e-01 4.788400321205295296e-02 2.605138580582834762e-01 2.560548017737376836e-01
4.790163301270724538e-01 3.102977245288920244e-02 2.694720038006143681e-01 2.204818936194241630e-01
4.635530669665460235e-01 4.351104989870341333e-02 3.084262450864056482e-01 1.845096380483449428e-01
4.465031325784222238e-01 3.588813704356379197e-02 3.075483269385830276e-01 2.100604034394309427e-01
4.422273954064138701e-01 3.042456896613774178e-02 3.152934338153657312e-01 2.120546018120826326e-01
4.800757764506232705e-01 3.155003230382954355e-02 3.261680126002506341e-01 1.622061786452965171e-01
4.508108752649244155e-01 3.471444350677561214e-02 3.365597623378888126e-01 1.779149188904111667e-01
4.328840663941040945e-01 4.416081459586455871e-02 3.181525636127313095e-01 2.048025553973000512e-01
4.816883285666892500e-01 3.157372283916033695e-02 2.859209962224215085e-01 2.008169523717289462e-01
3.973666568480235806e-01 2.359120565949269707e-02 2.925523411217383907e-01 2.864897963707452311e-01
4.893530797337687921e-01 5.971948162438455582e-02 2.864397176621056862e-01 1.644877209797409867e-01
4.424819522002284011e-01 3.497185066988311303e-02 3.074266283021384050e-01 2.151195688277502405e-01
5.038041915994976305e-01 4.022585861810928920e-02 2.689961684612011683e-01 1.869737813211917732e-01
4.592733539040924629e-01 3.874360663389074533e-02 2.828446045518092089e-01 2.191384349102075690e-01
4.149711420906467274e-01 3.958542745828995402e-02 3.146924355943214735e-01 2.307509948567418034e-01
3.791804914807461180e-01 4.071180854521740111e-02 3.105331311134086891e-01 2.695745688606278612e-01
4.890195556274278266e-01 3.993559745514823484e-02 2.700651330789377025e-01 2.009797138384862569e-01
4.243949703146046026e-01 4.726930454500149342e-02 2.832846680376426285e-01 2.450510571027513240e-01
4.651211977980876933e-01 6.048474479329624814e-02 2.916609802962155107e-01 1.827330771124005548e-01
4.550613423323124351e-01 4.306189399039858645e-02 2.730914392086695175e-01 2.287853244686194332e-01
4.622784408290029901e-01 3.434610656031591991e-02 2.800085737580417233e-01 2.233668788526392002e-01
4.686215680351626944e-01 5.950318617596069004e-02 3.006469122850400355e-01 1.712283335038364274e-01
4.886286182003722334e-01 2.790933650245583028e-02 2.844421031496877639e-01 1.990199421474842523e-01
4.900682960076654382e-01 3.517293635940774849e-02 2.702158951441852031e-01 2.045428724887417837e-01
4.687434535118709666e-01 5.240920734997616542e-02 2.922690868189537494e-01 1.865782523191993059e-01
4.753441212678402583e-01 3.352089207985978203e-02 2.867940187299408694e-01 2.043409679223589792e-01
5.034135239768404713e-01 3.914437970669400191e-02 2.707842112835983639e-01 1.866578850328670380e-01
3.829421338060622348e-01 4.776692141569899297e-02 3.131290164631929662e-01 2.561619283150458060e-01
4.187068792390434280e-01 4.989749277617396006e-02 3.114429521501924092e-01 2.199526758345901056e-01
4.715429799588780613e-01 4.297599333710342556e-02 2.282681005609014935e-01 2.572129261431171376e-01
4.021986403219215966e-01 3.229574781541121042e-02 3.199108712334104987e-01 2.455947406292566804e-01
4.356533233098734414e-01 2.969628182117133031e-02 3.340533979812876364e-01 2.005969968876676057e-01
5.064823549934291957e-01 3.538884814690452379e-02 3.006938732591293295e-01 1.574349236005371244e-01
4.749425361155878988e-01 6.429407595505572115e-02 2.645097135674145949e-01 1.962536743619418544e-01
4.608017065019977543e-01 3.572630132940693426e-02 3.215295115086013178e-01 1.819424806599939382e-01
3.892169596309460466e-01 3.743623181556407498e-02 3.204341258174789875e-01 2.529126827360110852e-01
3.697796544376201200e-01 4.506412656590990523e-02 3.238937205164773014e-01 2.612624984799926664e-01
4.935995197866360207e-01 4.346081813555014578e-02 2.637456002239255137e-01 1.991940618538883268e-01
3.779944093925008408e-01 4.506474993760800629e-02 3.314640762219697168e-01 2.454767644479213251e-01
4.020413737715526348e-01 3.501843441897162929e-02 3.106776570558433259e-01 2.522625347536324170e-01
4.599102311135031540e-01 4.932552788776365521e-02 3.114236457150206250e-01 1.793405952837125172e-01
4.521344301801396015e-01 4.043526220377942348e-02 3.170675978778790816e-01 1.903627097382019351e-01
4.806974435626840125e-01 3.453915247815018963e-02 3.208008747440467823e-01 1.639625292151190294e-01
4.207238146352121899e-01 3.935513008398093537e-02 3.344424107588482298e-01 2.054786445219586311e-01
4.684880824308331193e-01 3.843056430753002961e-02 2.802635252029132551e-01 2.128178280587234850e-01
5.065254923131516929e-01 4.675553831325082038e-02 2.607115600753392437e-01 1.860074092982583471e-01
3.766112982759601824e-01 4.933454266316778664e-02 3.567216701188291594e-01 2.173324889420427952e-01
4.556309380884028815e-01 4.593273514132635571e-02 3.652678138179852874e-01 1.331685129522856004e-01
4.133842001486755513e-01 2.739235599334213095e-02 2.754124112554161563e-01 2.838110326025662933e-01
4.218039251741512174e-01 5.476070855393163489e-02 3.207966871510635753e-01 2.026386791208536486e-01
4.374569602085961462e-01 3.382424370423648546e-02 2.962493824109005414e-01 2.324694136762668062e-01
4.471698007291711185e-01 4.406107588025440919e-02 3.170939857060757761e-01 1.916751376844987309e-01
4.590093482564873706e-01 3.037317533293974400e-02 3.243831705619468209e-01 1.862343058486260750e-01
4.223409266562387909e-01 4.688638620240434540e-02 3.310189310067463975e-01 1.997537561346105217e-01
4.342283757608117467e-01 3.087902702020777629e-02 3.186494389235385305e-01 2.162431582954419673e-01
4.524868386344208515e-01 5.243496690457612186e-02 3.137540921948651085e-01 1.813241022661379320e-01
4.888271707924046749e-01 3.240242950993325877e-02 2.784927376780514940e-01 2.002776620196106139e-01
4.580548457573913601e-01 4.707335464197587305e-02 3.070608226022081833e-01 1.878109769984245836e-01
4.323629864972290404e-01 7.705505075545572569e-02 3.347849287028550891e-01 1.557970340444600477e-01
3.971705084106592065e-01 3.457281565173853793e-02 3.521703389576560927e-01 2.160863369799461420e-01
3.953592716220823977e-01 4.253819940879229045e-02 3.259483258679928830e-01 2.361542031011323040e-01
4.752247218537216100e-01 4.899990419181958490e-02 2.735932327813478393e-01 2.021821411731109797e-01
4.055671678799392943e-01 5.048755654590260378e-02 3.245955275715791122e-01 2.193497480025790591e-01
4.509425732584911861e-01 5.197982888795763673e-02 3.371781792247250387e-01 1.598994186288262842e-01
4.420143961301699065e-01 5.283710015110349573e-02 2.778356455643984368e-01 2.273128581543281401e-01
4.377894561002833029e-01 3.999852545101093004e-02 3.042780018773101891e-01 2.179340165713957445e-01
4.810053132972037515e-01 4.201569738181634706e-02 2.664817004168624215e-01 2.104972889041173689e-01
4.382521093829246372e-01 4.828212125017486422e-02 3.346442781978717917e-01 1.788214911690285680e-01
4.410719582069210776e-01 3.915783183582927096e-02 3.264429670970057651e-01 1.933272428602438309e-01
3.827352666165471096e-01 5.820333778141011105e-02 3.074973388231310167e-01 2.515640567789117488e-01
4.463276099704396316e-01 3.115414046936269832e-02 2.971024454574404117e-01 2.254158041027572723e-01
4.430978299685049970e-01 4.090085030009484729e-02 3.373020794672997869e-01 1.786992402641003341e-01
4.383735413276922399e-01 3.076262120469833161e-02 3.138437132176014055e-01 2.170201242500080230e-01
4.194348868119343599e-01 4.743189591017012152e-02 2.941141243112301296e-01 2.390190929666652087e-01
4.241491404138038601e-01 4.706924222076681180e-02 3.228450748508735479e-01 2.059365425145557871e-01
4.262504881211303109e-01 3.009116401451196812e-02 3.135550345758436053e-01 2.301033132885139665e-01
4.436355550121922620e-01 4.111563762429482072e-02 3.057996944953575991e-01 2.094491128681554015e-01
4.043878182579772051e-01 3.833141689211529840e-02 3.379709357702149752e-01 2.193098290796924865e-01
4.108184693294311129e-01 3.377595789955313565e-02 3.402482586199547243e-01 2.151573141510611520e-01
4.644600604051006276e-01 3.857965566263920482e-02 3.070874088394702217e-01 1.898728750927898834e-01
4.764900387610018773e-01 3.137879207731461562e-02 2.997933926610948374e-01 1.923377765005886142e-01
4.461052916411951119e-01 2.119312365254540781e-02 3.062084150968235607e-01 2.264931696094359681e-01
4.673922064611480409e-01 3.876790853582355589e-02 3.190524073175454722e-01 1.747874776854829448e-01
4.413891507300478079e-01 5.069907498047711986e-02 2.685143122095466350e-01 2.393974620799284581e-01
4.703982568606185910e-01 4.727022216117462289e-02 2.823618659766353733e-01 1.999696550015713503e-01
4.298496715133238166e-01 4.506414206977300135e-02 3.404262060380564003e-01 1.846599803788467886e-01
4.483209666393540016e-01 3.834834814644957207e-02 3.556748976145470698e-01 1.576557875996494607e-01
4.046335822270862859e-01 4.388566758114485766e-02 3.538264255628078003e-01 1.976543246289610978e-01
3.878505672269564331e-01 5.595583849032698120e-02 3.004553694622139615e-01 2.557382248205026798e-01
3.998943319128670515e-01 5.604320733253018855e-02 2.955605457036286077e-01 2.485019150509741037e-01
4.330214734426272027e-01 4.605667793565007551e-02 3.254503924614619570e-01 1.954714561602607925e-01
4.010799255894231252e-01 3.765432808236149342e-02 3.383683228831855794e-01 2.228974234450298020e-01
4.946458998441363164e-01 4.502867419759561812e-02 2.040978193261789586e-01 2.562276066320889889e-01
4.349074047850610136e-01 4.210929735379123628e-02 3.263960920001612309e-01 1.965872058609865469e-01
4.504554377451241431e-01 3.034617294230749357e-02 2.916622447476777680e-01 2.275361445648904357e-01
4.129867986165230431e-01 5.411045334090451575e-02 3.107151007415296928e-01 2.221876473010429009e-01
4.575331418272875483e-01 5.491914275115787614e-02 2.736700748677429185e-01 2.138776405538114767e-01
4.496494200229027571e-01 4.584257441803354233e-02 3.123183951504405198e-01 1.921896104086231460e-01
4.295866237192723092e-01 3.780239323993402067e-02 2.781213567089127481e-01 2.544896263318811025e-01
4.151209039999353978e-01 3.540715534341076776e-02 3.397586584779405117e-01 2.097132821787133505e-01
4.363335877158756593e-01 3.765616611362105487e-02 3.327861270645103287e-01 1.932241191059930474e-01
4.677974664955174000e-01 3.668680999723011871e-02 2.775601912574539032e-01 2.179555322497985781e-01
4.287003027483696216e-01 2.920650217524613235e-02 3.110970116908605698e-01 2.309961833855236069e-01
4.332291854452313129e-01 3.322117452619181149e-02 3.337752447643904663e-01 1.997743952641863052e-01
4.541777675962114236e-01 4.563028611789573391e-02 2.864333957717737356e-01 2.137585505141190723e-01
4.119770394748951126e-01 4.489662237404160039e-02 3.374920918564006111e-01 2.056342462946625649e-01
