3.568722287092691015e-01 1.683264530342608659e-02 3.481290972774492287e-01 2.781660287098556283e-01
3.448788979716805869e-01 1.958837660888903751e-02 3.382618769754340282e-01 2.972708484439962606e-01
3.566273143348838159e-01 1.722642353062603729e-02 3.505262679702920159e-01 2.756199941641981899e-01
3.902514148341955647e-01 3.398055519587198092e-02 3.300291654418927578e-01 2.457388645280397799e-01
3.518081750549408859e-01 6.350969280666968544e-03 4.072903251456970186e-01 2.345505305186950662e-01
3.200332062135636813e-01 5.843377418150982883e-03 4.023406413226506828e-01 2.717827750456345837e-01
3.742410856428656230e-01 7.857717282577239559e-03 3.065906171709071315e-01 3.113105799036499644e-01
3.402198660893696047e-01 1.623147092668872924e-03 3.876232810094325520e-01 2.705337058085290347e-01
3.276175371818107473e-01 1.359743493430749274e-02 3.939090285485767340e-01 2.648759993353049236e-01
3.581267669654560892e-01 2.408093561140606589e-02 3.486432412587146534e-01 2.691490561644233614e-01
3.538093478301853057e-01 3.884181759523946346e-03 3.660587032322364376e-01 2.762477671780542710e-01
4.064700971935870100e-01 1.763524663488460001e-02 3.320491845105764117e-01 2.438454716609518846e-01
3.464873102559563045e-01 1.952388476141095341e-02 4.163370200338735727e-01 2.176517849487592249e-01
3.828891439669657726e-01 2.067399900406815053e-02 3.548106679039069733e-01 2.416261891250589822e-01
3.378888444515233958e-01 2.122592463794715709e-02 4.128186757590506240e-01 2.280665551514788614e-01
3.319254844812759009e-01 1.386636770380380787e-02 3.995985592795156527e-01 2.546095885354047184e-01
4.193397737945878112e-01 1.158647223539176555e-02 2.934826547368502569e-01 2.755910992331702669e-01
4.120170904934077338e-01 3.551793962940880383e-03 3.008530465437839196e-01 2.835780689998675941e-01
3.768410903252406019e-01 3.243269991092900817e-02 3.864712140759839487e-01 2.042549956878464967e-01
3.417722496664485909e-01 8.392171821849129035e-03 3.969248682158359465e-01 2.529107102958664255e-01
4.356056683560525222e-01 1.023835738773637427e-02 2.967123961242809083e-01 2.574435781319300842e-01
3.674970071082457879e-01 1.010515457120363461e-02 3.053529118874205861e-01 3.170449264331299255e-01
3.289655866383044414e-01 2.203980357721286101e-02 3.828492164895796468e-01 2.661453932949032208e-01
3.487306000984972121e-01 1.042543423541565824e-02 3.984156859342879442e-01 2.424282797317992288e-01
3.505972871495583454e-01 9.886394287619320459e-03 4.089914466693825301e-01 2.305248718934396757e-01
3.897146327181413850e-01 1.082969668879226778e-02 3.628999360748792480e-01 2.365557345181872051e-01
3.380824511262453536e-01 2.556614305240146809e-02 4.121563485504655122e-01 2.241950572708877876e-01
4.280733608408069935e-01 1.262155566735915363e-02 3.625906958023051296e-01 1.967143876895288412e-01
2.921588142966876078e-01 2.646999306274248898e-02 3.950781991237796165e-01 2.862929935167902729e-01
3.594715350369042661e-01 1.717741280312190533e-02 3.580780363512587328e-01 2.652730158087150403e-01
3.484659443665367173e-01 2.457541033679981959e-02 3.860599103744090099e-01 2.408987349222545260e-01
3.736194555574183229e-01 8.010834832000856762e-03 3.864978941273135571e-01 2.318718154832672962e-01
4.065141905278186751e-01 7.720509393373910234e-03 3.425649894680717344e-01 2.432003106107357149e-01
3.567808416639113300e-01 6.747658821594408086e-03 3.696931081345993797e-01 2.667783913798948969e-01
3.272783238996087585e-01 9.349895926198420470e-03 4.229201717369069358e-01 2.404516084372858853e-01
3.712379046550581818e-01 9.985927532927671088e-03 3.266114245216552581e-01 2.921647432903589636e-01
3.643967995171938368e-01 1.615014237191055024e-02 3.513357771557621412e-01 2.681172809551334857e-01
3.294958026773177062e-01 1.785687581316315262e-02 3.905552374710100638e-01 2.620920840385090878e-01
3.617732517329783626e-01 1.073290564657262969e-02 4.003925952518270770e-01 2.271012473686218613e-01
4.024972386608408059e-01 1.250052935354998770e-02 3.247405810043471064e-01 2.602616509812622492e-01
3.592637716890755284e-01 9.631354430238667566e-03 3.792344912985996519e-01 2.518703825820859943e-01
3.076276230945639290e-01 8.532851391529438362e-03 3.998889146877719902e-01 2.839506108261347084e-01
3.845372380132150991e-01 1.152648007132062689e-02 4.088469191126407609e-01 1.950893628028236015e-01
3.988904379019433399e-01 2.239457164321135511e-03 3.763486639909776610e-01 2.225214409427578865e-01
3.339268864173897677e-01 2.431196420597544344e-02 3.568408774592725652e-01 2.849202719173621889e-01
3.384428054231647387e-01 6.280043325309782494e-03 3.676016579346532698e-01 2.876754933168720330e-01
3.507182433314408598e-01 1.831648980840327665e-02 3.752752535081841367e-01 2.556900133519718343e-01
3.845567130707883141e-01 7.828460486025121817e-03 3.972123256052383367e-01 2.104025008379483419e-01
3.498527236053964873e-01 7.544150062370901313e-03 4.024827986240191446e-01 2.401203277082135934e-01
3.644770534833006170e-01 1.275460567318597443e-02 3.808014427034829286e-01 2.419668981400303898e-01
3.108490233261178570e-01 2.514255435544050093e-02 3.933663702100559378e-01 2.706420521083858777e-01
4.049059890539870032e-01 3.456060043809422184e-03 3.580390568255444328e-01 2.335988940766592636e-01
3.373431765400759508e-01 2.337746742036843003e-02 4.204998768204464277e-01 2.187794792191093129e-01
3.573404722781683418e-01 1.783791148400410906e-02 3.377980129020426436e-01 2.870236033357848604e-01
3.891546797979466565e-01 1.657378435929347804e-02 3.598790278121780095e-01 2.343925080305818420e-01
3.881832183028239291e-01 1.314097736351230693e-02 3.563053504898130996e-01 2.423704538438506972e-01
3.951779168819380406e-01 1.564070762221788508e-02 3.154417123248280941e-01 2.737396631710159456e-01
3.642789124439910209e-01 9.353246855842104607e-03 4.051713693728724586e-01 2.211964713272944472e-01
3.937282889088318805e-01 1.028205531990165206e-02 2.977642463008814411e-01 2.982254094703851166e-01
3.868032813917968160e-01 1.821304138253008326e-02 3.408394434989203137e-01 2.541442337267527662e-01
4.001769160984550155e-01 5.837902340734861181e-03 3.596183908105340388e-01 2.343667907502761383e-01
3.427182379725949302e-01 2.769550069690527097e-02 3.999293769355800054e-01 2.296568843949197691e-01
3.903675871830640798e-01 1.299255771740626987e-02 3.411275959321820039e-01 2.555122591673476551e-01
3.813553141137524527e-01 9.083527861597032529e-03 3.033068963893920666e-01 3.062542616352583180e-01
4.033055761270463169e-01 2.069675141469879548e-02 2.903750928516529162e-01 2.856225796066018674e-01
3.975032011421071321e-01 2.102173417855282209e-02 3.186089950785080394e-01 2.628660696008320863e-01
3.372394474979712453e-01 1.440756354644530390e-02 3.624477256034465134e-01 2.859052633521368403e-01
3.411930119155365260e-01 2.895901754096676453e-02 3.848342070819322225e-01 2.450137634615645044e-01
3.346102279577172212e-01 2.574805578166279932e-02 3.716423364680946917e-01 2.679993797925253052e-01
3.625912252932011470e-01 1.306396320076820203e-02 4.037845557854101153e-01 2.205602557206207681e-01
3.170767634175679084e-01 1.256077080805082305e-02 4.069472582811128336e-01 2.634152074932686327e-01
3.566815028451732483e-01 7.151649215128359945e-03 3.258769268148578591e-01 3.102899211248404954e-01
3.834279944983395305e-01 1.453052394494474923e-02 3.235311304792460319e-01 2.785103510774696312e-01
3.719820215950810360e-01 4.875185649608987891e-03 3.814790169601895986e-01 2.416637757951203003e-01
3.582715844824280738e-01 2.068913929360987475e-02 3.769172385259033087e-01 2.441220376980587081e-01
3.383434964482230911e-01 1.255981177764154029e-02 3.476735393668660690e-01 3.014231524072692459e-01
3.582245115241122768e-01 1.546545619767312855e-02 3.554621247671496675e-01 2.708479075110649115e-01
4.118375829640730790e-01 5.387654489524662527e-03 3.235358739996305744e-01 2.592388885467716286e-01
3.531691823573989697e-01 7.005723365220238759e-03 3.829866438817415286e-01 2.568384503956393505e-01
3.411667800066357503e-01 1.379998859119755707e-02 4.032593182616878158e-01 2.417739131404788022e-01
3.191224968711737775e-01 2.236940878903541721e-02 3.777664007161848914e-01 2.807416936236059035e-01
3.885196703115128547e-01 5.487184167856169054e-03 4.095723664432280309e-01 1.964207790774027962e-01
4.400783660083175119e-01 1.443627903062069196e-03 3.284088991462938423e-01 2.300691069423264068e-01
3.546031447789241842e-01 1.367422313834640822e-02 3.615635783387854962e-01 2.701590537439439443e-01
3.454838268525890488e-01 1.782920106438062521e-02 4.186106029258817030e-01 2.180763691571486751e-01
3.721176603173480535e-01 3.277948407511524671e-03 3.404800999132115424e-01 2.841242913619289046e-01
3.828155649595135213e-01 7.471304390283585624e-03 3.218868491054902581e-01 2.878262815447127920e-01
3.922432410825852367e-01 2.664559187030149379e-02 2.827339596183588433e-01 2.983772074287542875e-01
3.618940117165129200e-01 1.423002209751844140e-02 3.674140553503436046e-01 2.564619108356249177e-01
3.392638080977981585e-01 2.179821526378601659e-02 3.740156289289208180e-01 2.649223477094949097e-01
3.528760496586877959e-01 2.713062938610832225e-02 3.972499792913974370e-01 2.227433416638067154e-01
3.451034587134098608e-01 5.442531189305196970e-03 4.272849921644455984e-01 2.221690179328394410e-01
3.537559256634769111e-01 1.614372631201714536e-02 3.540671962617813473e-01 2.760331517627246378e-01
2.865178986325292998e-01 2.194114516961001224e-02 3.502463801699711721e-01 3.412945760278893736e-01
3.595085757237254098e-01 9.806166263924661480e-03 3.273917570892852513e-01 3.032935009230647294e-01
3.212634753586748326e-01 1.760059183464579569e-02 4.005413528471616358e-01 2.605945799595178469e-01
3.345653924604400919e-01 3.713006725172839344e-03 3.993896316039831640e-01 2.623319692104038592e-01
3.714606544842447011e-01 1.484392927337382234e-02 3.575796122810658839e-01 2.561158039613156134e-01
3.705072481724360767e-01 1.209538678737459572e-02 3.804109951354638364e-01 2.369863699047255745e-01
3.939786062575649228e-01 5.274363947182398281e-03 3.766144763835987952e-01 2.241325534116538898e-01
4.480597731437822029e-01 2.123389414463861674e-02 3.058861238596293775e-01 2.248202088519499764e-01
3.901984108661997186e-01 1.097401771640840566e-02 3.329097914306080597e-01 2.659177799867837311e-01
3.544323471100879197e-01 6.463417824506531573e-03 3.478029993402158015e-01 2.913012357251897888e-01
3.630850367210635143e-01 5.653044834466824931e-03 3.641318261754641350e-01 2.671300922690054702e-01
3.550837045524185553e-01 1.816325015006554217e-02 3.559196997462703571e-01 2.708333455512456078e-01
3.507553726430729935e-01 1.240943230492749100e-02 3.726699063234142351e-01 2.641652887285852458e-01
3.355208190924436895e-01 4.371971748727262151e-03 4.555304156009328809e-01 2.045767935578961250e-01
3.983000003617266360e-01 2.650816479943422961e-03 3.775796803493349230e-01 2.214695028089949669e-01
3.728111061796574588e-01 7.645502238110310315e-03 3.739748811055173539e-01 2.455685104767150184e-01
3.422653134754889415e-01 1.653097254411543815e-02 3.586761746559731789e-01 2.825275393244225386e-01
3.520800514222205413e-01 1.096432115324475105e-02 3.548508708739954165e-01 2.821047565505394594e-01
4.220300877347028523e-01 3.084398015134162327e-02 2.944878743209870531e-01 2.526380577929686067e-01
3.422317031522611464e-01 1.737458647049141061e-02 3.641301619560857739e-01 2.762635484211617976e-01
3.351838856565781399e-01 1.531253666399330637e-02 4.020310971912165465e-01 2.474724804882119933e-01
4.001949664836522702e-01 2.218473746489834156e-02 3.277383440807996040e-01 2.498819519706498016e-01
3.521166470342546595e-01 7.108948313552794322e-03 3.994959799186315608e-01 2.412784247335608423e-01
3.666255166694577516e-01 1.297458949648543081e-02 3.574428430673856627e-01 2.629570507666713075e-01
3.074263140061632149e-01 1.393064929459196001e-02 3.795644469403664512e-01 2.990785897588783548e-01
3.732746204148756908e-01 1.093379965462145005e-02 4.130359065047864431e-01 2.027556734257165150e-01
3.140120246139450622e-01 1.893599111372184715e-02 3.811748640241533481e-01 2.858771202481796836e-01
3.800382356020018393e-01 1.358438195486591851e-02 3.377686452164428421e-01 2.686087372266893758e-01
3.767158995002209410e-01 1.577751304342465966e-02 3.613343713587876538e-01 2.461722160975668150e-01
3.449041361538677242e-01 2.296934785314038927e-02 3.743946758125086260e-01 2.577318401804832848e-01
3.351360178404751422e-01 1.304479959780924930e-02 3.481197367823372080e-01 3.036994457793784630e-01
3.126971148656239041e-01 1.862914399984176572e-02 3.951852789825376910e-01 2.734884621519966252e-01
3.661724645455921578e-01 2.740813703198869897e-02 3.857208644596494262e-01 2.206985339627696996e-01
3.806620145795319710e-01 1.182460660586444855e-02 3.452596372680201142e-01 2.622537415465834854e-01
3.890630122821303605e-01 1.231295762128980717e-02 3.266317331284470105e-01 2.719922969681327629e-01
3.807921868464974047e-01 4.533570236744796297e-03 3.399266689545929476e-01 2.747475739621647595e-01
3.222625087199198490e-01 3.492324376659189725e-03 4.531101252092097909e-01 2.211350416942109987e-01
3.272560912281379242e-01 1.570702986056433936e-02 3.371913169999195548e-01 3.198455619113781956e-01
3.699105202431385298e-01 5.023800558917090701e-03 3.204866146417010841e-01 3.045790645562432286e-01
4.026603084052589043e-01 1.733232356177501210e-02 3.302640366719651888e-01 2.497433313610008532e-01
3.065150401508712763e-01 1.087418111304108703e-02 3.789071551660947446e-01 3.037036235699928644e-01
3.535105501797510819e-01 1.733767816644327456e-02 4.047988041389283254e-01 2.243529675148772662e-01
3.640676808024324029e-01 5.536782545301974223e-03 3.686868120965600681e-01 2.617087245557056518e-01
3.354803087149193508e-01 7.973634743003232134e-03 3.597423597548337071e-01 2.968036967872436649e-01
3.285628255998127578e-01 1.779292784993542764e-02 4.061039138086389166e-01 2.475403327416128840e-01
3.899884626541252897e-01 1.917900285083067383e-02 3.882603167705724889e-01 2.025722177244716204e-01
3.750329343448622343e-01 1.537660817603017996e-02 3.609030053611053113e-01 2.486874521180022224e-01
3.606951247008883810e-01 9.613229808882262431e-03 4.054898317259387763e-01 2.242018137642906306e-01
3.717108318276390322e-01 7.931891361491697628e-03 3.622958258584105806e-01 2.580614509524586930e-01
3.571302546535450317e-01 1.489102075764932656e-02 3.736092709566920522e-01 2.543694536321134403e-01
3.638555216255482394e-01 1.173775707192163155e-02 3.731616697553712392e-01 2.512450515471588153e-01
4.001444353465262171e-01 1.421140028915176580e-02 3.593579034950937778e-01 2.262862608692283450e-01
3.464892927143994328e-01 7.425319985015613015e-03 3.576461667491389051e-01 2.884392205514459406e-01
3.606713610602215181e-01 2.577564093578825835e-02 3.932818468231251141e-01 2.202711511808650435e-01
3.403327285357810039e-01 1.153286499405009949e-02 3.420092306104957069e-01 3.061251758596731376e-01
3.899876278699652699e-01 5.119509404621539785e-03 3.195537923189489815e-01 2.853390704064641681e-01
3.615388673434085098e-01 6.388534044124820517e-03 3.778373596620253627e-01 2.542352389504413668e-01
3.599230377883779197e-01 1.467552761407692023e-02 3.546331909009635130e-01 2.707682436965817563e-01
3.691543957761583283e-01 1.098370083934038267e-02 3.337292219318981346e-01 2.861326814526031215e-01
3.638122947301210552e-01 1.494364706252439452e-02 3.271435641722379439e-01 2.941004940351167329e-01
3.819664589395702636e-01 1.182633205449343770e-02 3.742593447364410686e-01 2.319478642694951243e-01
3.985330594093959289e-01 5.758752586289087386e-03 3.729758136185258866e-01 2.227323743857890781e-01
3.863958452261697651e-01 4.819029725105014941e-03 3.749447273562704352e-01 2.338403976924545991e-01
3.326662723126340704e-01 1.833061237355034304e-02 3.526910231707545140e-01 2.963120921430609789e-01
3.043831987228905467e-01 9.153425578918699193e-03 3.884225940438920666e-01 2.980407816542985922e-01
3.576344360735087546e-01 6.552208211996468461e-03 3.989187979512883175e-01 2.368945577632064203e-01
3.103633980084794519e-01 4.006423402996981548e-03 3.929370812407462776e-01 2.926930973477772646e-01
4.392339316358799817e-01 1.513396718602317420e-02 2.985127023092244980e-01 2.471193988688724086e-01
3.596580404663366481e-01 1.189795008770126207e-02 3.707045039986865409e-01 2.577395054472754188e-01
3.760954661322168935e-01 2.028646517522526838e-02 3.631989230385493372e-01 2.404191456540084593e-01
3.672975046020655610e-01 1.125724218873991322e-02 3.667293761103485594e-01 2.547158770988459109e-01
3.468179011430907455e-01 1.038880643972451417e-02 3.560543332526072136e-01 2.867389591645773117e-01
3.420407721516215416e-01 7.627874514191970885e-03 4.273776364103263337e-01 2.229537169238601235e-01
3.230759154405314915e-01 4.918326882533638825e-03 3.479880245334743827e-01 3.240177331434603847e-01
4.229166414566175591e-01 1.068045043827506139e-02 3.540867327663264064e-01 2.123161753387810269e-01
3.317637655043109146e-01 2.207466745651677151e-02 3.842202496469214745e-01 2.619413173922508498e-01
3.229336236324592546e-01 2.210926650917730343e-02 3.922111106102415534e-01 2.627459992481218642e-01
3.906624769194307345e-01 1.443263427535026837e-02 4.030383627677321390e-01 1.918665260374868009e-01
4.095327216133440862e-01 7.197273534153995900e-03 3.290601309556789311e-01 2.542098738968229799e-01
3.877688496910691174e-01 9.821481821548022281e-03 3.515578072967462941e-01 2.508518611906366269e-01
3.699997282858352166e-01 1.369905099155495874e-02 3.965667522851225590e-01 2.197344684374872570e-01
3.519657373938973599e-01 1.490274271129393875e-02 3.749978596316241863e-01 2.581336602631845722e-01
3.231241651163696549e-01 6.404065353681129974e-03 4.093614474501913181e-01 2.611103220797579838e-01
3.594535931937065110e-01 1.281322399177031550e-02 3.796666370128441437e-01 2.480665458016790559e-01
3.013011085398807909e-01 2.088309864861466122e-02 4.097319819951692477e-01 2.680838108163352551e-01
4.022161556723117815e-01 1.766032231215360765e-02 3.699045325060632550e-01 2.102189895094714600e-01
3.564359099760784355e-01 8.104877540421271884e-03 3.666997799096791133e-01 2.687594325738210665e-01
3.564933262068087916e-01 1.034005826896659819e-02 3.752640619212334050e-01 2.579025536029912469e-01
3.987357817769957014e-01 1.344735904591621949e-02 3.611793121331642320e-01 2.266375470439238871e-01
4.297163741199696574e-01 9.882029334288982420e-03 3.520256714857639135e-01 2.083759250599774848e-01
3.531059202292376464e-01 9.715399862930492250e-03 3.519958954692616881e-01 2.851827844385703692e-01
3.390150286442014660e-01 1.912858706289674582e-02 3.412379233891761343e-01 3.006184609037257371e-01
3.285381561119777305e-01 1.291074691255882263e-02 4.043404179531834841e-01 2.542106790222798951e-01
3.637631269279898438e-01 1.569753429724035990e-02 3.537178490172193657e-01 2.668214897575504896e-01
3.654726320840855358e-01 2.535606045013992851e-02 3.689367581385165074e-01 2.402345493272579069e-01
3.390834860901404957e-01 8.102602909469314510e-03 3.408986658733673680e-01 3.119152451270228443e-01
3.524173356122142775e-01 1.215198427108767076e-02 3.717155923051204680e-01 2.637150878115777641e-01
4.005366314848106124e-01 1.138710710776168721e-02 3.576444854512165206e-01 2.304317759562112267e-01
3.436585657192304799e-01 1.648574731913733313e-02 3.712026342184703287e-01 2.686530527431618132e-01
3.815390608576417208e-01 5.943486756282046098e-03 3.613323313223461009e-01 2.511851210637301435e-01
3.146080653878018940e-01 5.012203474394115801e-03 3.747366957456816361e-01 3.056430353921222309e-01
3.223577701280035956e-01 1.430750007418829690e-02 3.561828737706426717e-01 3.071518560271655485e-01
3.792346731233658952e-01 7.030885643858306687e-03 3.787510136874254751e-01 2.349834275453503984e-01
3.538252470546343065e-01 1.205592488669337409e-02 3.842294997010872737e-01 2.498893283575851221e-01
3.547621687437462756e-01 1.740964005255130412e-02 3.838292144476850298e-01 2.439989767560174494e-01
3.517996651818565135e-01 9.492050318062137532e-03 3.925659759994192810e-01 2.461423085006620159e-01
3.639383052710186139e-01 1.279535076608763304e-02 3.672600820103522068e-01 2.560062619525415029e-01
3.603576883029702693e-01 1.232740903124072973e-02 3.502082805511092523e-01 2.771066221146797348e-01
4.091203905965994370e-01 2.201970417667403063e-02 3.239932847924945070e-01 2.448666204342319908e-01
3.232296680180833381e-01 1.511934390031645023e-02 4.072995334052824101e-01 2.543514546763178119e-01
3.783520096429945911e-01 1.140416602412750585e-02 3.903514430462877716e-01 2.198923812865900274e-01
3.612936045269334873e-01 2.669435532217649242e-03 3.914228171630498299e-01 2.446141427777990818e-01
3.578302112947293612e-01 2.088477704507911772e-02 3.425348632212474875e-01 2.787501484389441342e-01
3.639851120287225794e-01 1.342307132034579326e-02 3.613110221734011640e-01 2.612807944775304980e-01
3.337414824648433642e-01 2.092238929640384808e-03 3.796371979042519884e-01 2.845290807012643142e-01
3.069965759777593672e-01 2.285268422389334295e-02 4.047490705952630496e-01 2.654016692030841118e-01
2.978268944655745876e-01 9.117081240542546788e-03 4.234055120020331353e-01 2.696505122918498309e-01
3.164217828598737681e-01 1.537143666449376431e-02 3.822717983365629402e-01 2.859349821390695934e-01
3.790009069323550528e-01 1.546895496432323241e-02 3.590536211235358932e-01 2.464765169797857591e-01
3.538911050608329889e-01 4.646328592003381129e-03 4.013554040312893312e-01 2.401071623158743673e-01
2.891602672346691993e-01 1.229296091638665787e-02 4.065937255457641175e-01 2.919530463031800305e-01
3.757950468294031787e-01 1.817679082043524227e-02 3.406526502518650856e-01 2.653755120982964066e-01
3.432800929723233141e-01 1.367122585821142593e-02 3.835853132898462969e-01 2.594633678796188780e-01
3.917948492457439813e-01 3.786162660633415888e-02 3.287114838973326236e-01 2.416320402505892084e-01
4.027555068145632355e-01 1.224718797140311212e-02 3.221165389848998362e-01 2.628807662291340330e-01
3.782561391750141611e-01 1.282500808206799535e-02 3.426955348550747571e-01 2.662233178878431472e-01
3.899019098861348787e-01 9.278178328706426434e-03 3.451947648044180195e-01 2.556251469807406806e-01
3.340262076246559020e-01 1.936177508998387919e-02 3.862008958942556025e-01 2.604111213911045053e-01
3.693904301109752208e-01 1.071094481435431317e-02 3.833285952836222865e-01 2.365700297910482419e-01
3.359262413522207669e-01 1.170354213423790458e-02 4.000002060195773645e-01 2.523700104939640143e-01
3.646822918591806073e-01 6.297370535967739859e-03 3.609218349721079466e-01 2.680985026327438181e-01
3.483488260274579806e-01 1.157776255390513369e-02 3.726710349024963120e-01 2.674023765161405164e-01
3.359257158874896509e-01 2.011513100114854791e-02 3.485700940001878467e-01 2.953890591111739683e-01
3.606197062909078377e-01 3.551315977646079397e-02 3.737325040260304765e-01 2.301346299066008849e-01
4.101292428708415705e-01 1.430177609881087830e-02 3.022626731036325842e-01 2.733063079267150641e-01
3.088805019566864818e-01 2.844740727319346532e-02 3.954047704470555757e-01 2.672673203230644390e-01
3.833575912361013582e-01 9.696027502153117122e-03 3.919010605022501537e-01 2.150453207594954230e-01
3.821496069996204170e-01 2.728947693726319675e-03 3.791719459915519064e-01 2.359494993151014797e-01
3.647513620256851441e-01 7.637537146075061567e-03 3.143066162590806845e-01 3.133044845691591029e-01
3.550847674242746388e-01 2.439896827722994738e-02 3.604312994228527911e-01 2.600849648756425325e-01
3.819976182297187828e-01 1.963626853823203719e-02 3.152242877631023510e-01 2.831418254689468950e-01
3.101208120035501281e-01 3.945843397083790421e-02 3.281777685058132610e-01 3.222429855197985749e-01
3.547439822398721354e-01 1.963762103854055016e-02 3.741339446491552256e-01 2.514844520724320298e-01
3.296337023049730752e-01 2.669958307800323477e-02 4.034754462393063124e-01 2.401912683777174817e-01
3.305963841754732124e-01 8.938824137672485987e-03 3.581572161027404277e-01 3.023075755841139745e-01
3.838517461768191641e-01 2.787641729718800740e-02 3.335064785056844894e-01 2.547653580203083634e-01
3.467595860301111443e-01 1.776564881164033674e-02 3.490455094766288235e-01 2.864292556816197544e-01
3.195941090251550598e-01 2.280436705290599803e-02 3.726336429647003623e-01 2.849678809572385174e-01
3.403929249450189376e-01 8.252961501186276139e-03 3.365039189091978411e-01 3.148501946445968480e-01
3.571436223322858039e-01 1.148864087567609028e-02 3.507797709810467901e-01 2.805879658109913799e-01
3.925888182283676642e-01 3.766974426878952949e-03 3.297870003497390679e-01 2.738572069950143684e-01
3.094918187791226849e-01 4.853673654923101183e-03 3.779330353861622416e-01 3.077214721797920105e-01
3.944501430507198481e-01 2.159570832847728869e-02 3.676261267670545840e-01 2.163280218537483868e-01
4.227664031439148928e-01 1.527753878425860100e-02 3.541158330711610125e-01 2.078402250006655128e-01
3.431769769026769001e-01 2.043829195153345005e-02 3.721909137665374567e-01 2.641938173792522382e-01
3.754903690147149420e-01 2.021563066326503844e-02 3.717980020423189980e-01 2.324959982797009106e-01
4.051024252046332430e-01 1.800598871419750377e-02 3.478015945755946192e-01 2.290899915055746860e-01
3.708643329621134077e-01 9.319856198602831723e-03 3.458776115652655303e-01 2.739381992740181349e-01
3.111999494584655190e-01 5.854970570469112193e-03 3.883639478130237466e-01 2.945811321580416031e-01
3.557156743830988122e-01 1.948831924668949223e-02 3.781208212945285085e-01 2.466751850756831455e-01
3.466899217007800016e-01 1.026123128098421940e-02 4.039121856464765736e-01 2.391366613717591794e-01
3.906989974202271232e-01 1.991626700303884834e-02 3.567866518868850201e-01 2.325980836898489945e-01
3.992917441550460356e-01 6.482718536472626032e-03 3.479492082911833095e-01 2.462763290172979846e-01
3.612158792120772621e-01 1.113026175557563051e-02 3.502473314081261946e-01 2.774065276242209666e-01
3.498064114431674310e-01 1.314748696454627781e-02 3.401375235786281426e-01 2.969085780136581088e-01
3.493430253858845758e-01 8.276442101433783421e-03 3.856228861081845150e-01 2.567576464044969975e-01
3.844321100798662183e-01 1.671227771828580344e-02 3.276394394716901637e-01 2.712161727301579672e-01
3.668351812562196113e-01 2.217049082401499269e-02 3.188020855970988277e-01 2.921922423226666066e-01
3.341691312374345246e-01 9.668779913440599810e-03 3.715030139266726761e-01 2.846590749224520711e-01
3.946630928797197346e-01 1.392832984319155275e-02 3.703410384673911371e-01 2.210675388096974281e-01
4.057204188033251002e-01 7.558578090215969068e-03 3.327238394182241432e-01 2.539971636882347727e-01
3.584309092693372945e-01 1.259399616874804298e-02 3.778896410871839251e-01 2.510854534747306022e-01
3.401098611950950090e-01 1.491267218472867341e-02 3.653669176291805543e-01 2.796105489909957997e-01
3.698335962108174058e-01 3.119284368220097414e-02 3.980461714474517465e-01 2.009273886595300540e-01
3.448879468142401206e-01 1.130152780415735921e-02 3.542382089651853749e-01 2.895723164164171193e-01
3.669001566110175472e-01 9.411075580414813083e-03 3.277651294473610255e-01 2.959236383612066090e-01
3.586699682975818537e-01 1.192073628987816956e-02 3.624177010386575581e-01 2.669915943738825348e-01
3.551162672425469125e-01 8.237001031384935321e-03 3.798471344007061656e-01 2.567995973253618947e-01
3.529284721043215445e-01 1.960391983859018777e-02 3.788886110967598642e-01 2.485789969603284799e-01
3.321520337336924533e-01 2.357260497778078043e-02 3.986605088180343315e-01 2.456148524704925007e-01
3.912286862594730463e-01 1.668856937407262389e-02 3.258531115612515738e-01 2.662296328052027872e-01
3.165709347674913743e-01 1.604276023640981153e-02 3.762712369721045724e-01 2.911150680239942279e-01
3.475019019643919016e-01 2.124101681363655889e-02 3.749632437767481674e-01 2.562938374452234380e-01
3.047406879115148737e-01 2.973272945986116939e-02 4.012382841237387976e-01 2.642882985048851108e-01
3.794322711032943607e-01 7.622486410242174798e-03 3.600469693128963145e-01 2.528982731735672784e-01
3.508087396252225210e-01 7.046197495370382438e-03 3.893704540607017539e-01 2.527746088187054485e-01
3.515000192946354240e-01 4.964513795754771364e-03 4.075689846833848717e-01 2.359664822262249051e-01
3.703637648934743343e-01 1.996974298564499831e-02 3.380826835436364086e-01 2.715838085772442345e-01
3.496732153337061555e-01 2.734410820274227327e-02 3.551139952584863591e-01 2.678686812050652954e-01
3.479994499072211478e-01 1.466812516853068134e-02 3.311278947449100007e-01 3.062045301793381302e-01
3.325645790702209670e-01 2.295298532214855303e-02 4.084053754508706890e-01 2.360770601567598048e-01
3.486135455840984609e-01 1.626331399545400888e-02 3.652544327868710305e-01 2.698687076335764545e-01
3.488455698628352142e-01 1.344286382328418496e-02 3.594831991385438741e-01 2.782283671753367216e-01
3.284231551124208726e-01 2.474758621725078184e-02 3.921184158694475119e-01 2.547108428008807990e-01
3.351479949400315017e-01 1.685423294891656015e-02 3.530416380603250137e-01 2.949561340507269036e-01
3.920481587377366850e-01 1.410353516318009828e-02 3.658493917836453391e-01 2.279989143154380615e-01
3.854610254510083545e-01 1.567335585609060805e-02 3.452263939909471224e-01 2.536392247019538249e-01
3.379144400096957823e-01 9.198141109261866871e-03 4.222187535615120613e-01 2.306686653195302306e-01
3.154682681424775259e-01 1.028964179088583467e-02 4.096743886295636794e-01 2.645677014370729219e-01
3.410117466081280524e-01 2.498108819141968764e-02 3.685854341236763920e-01 2.654217310767757465e-01
3.484643000243921040e-01 1.606158020958246488e-02 3.876230837728238399e-01 2.478510359932015461e-01
3.684677930776552590e-01 3.774062824587647632e-03 3.994134790795379475e-01 2.283446650182192061e-01
3.721784605694612447e-01 1.481263081376494109e-02 3.213983869695967166e-01 2.916105216471772676e-01
3.627502468378486222e-01 1.132566101671767488e-02 3.469626947479661494e-01 2.789613973974674477e-01
3.418747978183040437e-01 1.303676175559863142e-02 3.700255684554718538e-01 2.750628719706256775e-01
3.546739031257374331e-01 1.843879415622291101e-02 3.639087380196288635e-01 2.629785646984109104e-01
3.474911233029308044e-01 7.739586403516247014e-03 3.772773413474529991e-01 2.674919489460999555e-01
3.439787923082402998e-01 1.547964433284238286e-02 3.500767394155139267e-01 2.904648239434033385e-01
3.711408720532582417e-01 1.527759436696553459e-02 3.721801866132256054e-01 2.414013469665505784e-01
3.211209056597599809e-01 4.504494858408354327e-03 4.278804928455228196e-01 2.464941066363088296e-01
3.740091704633818348e-01 1.338611818927466952e-02 3.244887771435414070e-01 2.881159342038019933e-01
3.439065011468293576e-01 1.302482182761852993e-02 3.361939449255297307e-01 3.068747321000224182e-01
3.399825223854448519e-01 1.704117546594422286e-02 3.801428492950368332e-01 2.628334528535740677e-01
3.428109839290885974e-01 6.038751719832765631e-03 4.021936963528146003e-01 2.489565679982640445e-01
4.036352826792091730e-01 1.474366513420414908e-02 3.663394065547066480e-01 2.152816456318800420e-01
3.795709883491964476e-01 5.972305082801217940e-03 3.743007755788949065e-01 2.401559309891075078e-01
3.963180805433648146e-01 3.979890144322650869e-03 3.643268319070011030e-01 2.353751974053113760e-01
2.926057338487452197e-01 2.052045160660603135e-02 3.635182059599212923e-01 3.233556085847273942e-01
3.507606647086580764e-01 1.618031429663149834e-02 3.638612886982258710e-01 2.691977322964845265e-01
3.062454118221976107e-01 2.512074592394279021e-02 3.753125178433786568e-01 2.933213244104809214e-01
3.655860823666029491e-01 1.845526774594225330e-02 3.365615639589499830e-01 2.793970859285048736e-01
3.623035922032529776e-01 1.288598858776552475e-02 3.569461200015425217e-01 2.678642992074389828e-01
3.650370882779162551e-01 1.568818299164796010e-02 3.392989698513957375e-01 2.799757588790399709e-01
3.514791487999206487e-01 1.727997494850248665e-03 3.592962690426006467e-01 2.874965846626285071e-01
3.815399695265122570e-01 1.932074671114920872e-02 3.698772448660587742e-01 2.292620388962796352e-01
3.644200808983675821e-01 2.280598608349950970e-02 3.712200602154117068e-01 2.415538728027212534e-01
3.085531498656252647e-01 6.312902801664316971e-03 4.328735344739252366e-01 2.522604128587851990e-01
3.444168012222222353e-01 5.668866250145645352e-03 3.957693401481627293e-01 2.541449923794694143e-01
3.584693062787158713e-01 1.863387410150659299e-02 4.205396375820405486e-01 2.023571820377371711e-01
3.723026750144706187e-01 2.441360034610530819e-02 3.388870199814874029e-01 2.643967046579367985e-01
3.631838003731818199e-01 1.266013809779135621e-02 3.974719824251951583e-01 2.266840791038317038e-01
3.544457419061509129e-01 3.560722901035118931e-02 3.382075793677137843e-01 2.717394497157841760e-01
3.454263451730779089e-01 2.229267192364150357e-02 3.895792951273678306e-01 2.427016877759125557e-01
3.765231382277486327e-01 1.117412661800956837e-02 3.487670938175443935e-01 2.635356413366975459e-01
3.764949218753089744e-01 1.958800587741018825e-02 3.568736498821359904e-01 2.470434223651448158e-01
3.421639270342264894e-01 9.485155597020901788e-03 3.586202654634542131e-01 2.897306519052982865e-01
3.046566601070623825e-01 9.686929901884806793e-03 3.694541873405901566e-01 3.162022226504626610e-01
3.686069369664917161e-01 1.024352737643461665e-02 4.008319958586927800e-01 2.203175397983807848e-01
3.507950809415633087e-01 2.890112867257329035e-02 3.442346723657039309e-01 2.760691180201593764e-01
3.343561169158718038e-01 1.650302702163330623e-02 3.644034894248955880e-01 2.847373666375992984e-01
3.603234282693602020e-01 1.486441466353567720e-02 3.858078701983789771e-01 2.390042868687251576e-01
2.815035117953711419e-01 1.520789711649838012e-02 4.562458173892526836e-01 2.470427736988776990e-01
3.897217882919927767e-01 8.057644718585128124e-03 3.718758193615557817e-01 2.303447476278663308e-01
3.448459578387187419e-01 1.634300952971484699e-02 3.793654975057899059e-01 2.594455351257762832e-01
3.352847596225831395e-01 6.818436120039987267e-03 3.747653205369579354e-01 2.831314837204189083e-01
3.218696072241842288e-01 9.068853462595389062e-03 4.279725929934060091e-01 2.410889463198145066e-01
3.938367279328257031e-01 2.168684486242547851e-02 3.277502650970897657e-01 2.567261621076591394e-01
3.628333564581300852e-01 1.504458262122615811e-02 3.705798715186054970e-01 2.515421894020383187e-01
3.647939645989267121e-01 1.286773383340373937e-02 3.723344725367118691e-01 2.500038290309577471e-01
3.450140976653861546e-01 1.100648402071916290e-02 3.804393515886940746e-01 2.635400667252006390e-01
3.496514096017162010e-01 1.376471386371653366e-02 3.499608660726975518e-01 2.866230104618697760e-01
3.795596279688719377e-01 1.912401918984130492e-02 3.523812336524230759e-01 2.489351191888636017e-01
3.314113782651288975e-01 1.230087659746591927e-02 3.539060779604417672e-01 3.023816671769633535e-01
3.737468603651816212e-01 1.461782274706819630e-02 3.561046407779653866e-01 2.555306761097849155e-01
3.106462653053327916e-01 1.633700404577336299e-02 4.052995779496392226e-01 2.677171526992547235e-01
3.499735860563665257e-01 1.160456821661955649e-02 3.623775024834986480e-01 2.760443432435153444e-01
3.568191086546855795e-01 1.087114360687990895e-02 3.467840872358406989e-01 2.855256605025938699e-01
3.342768867555782064e-01 7.517225072165459147e-03 4.058080348063579090e-01 2.523978533658985945e-01
3.860507524654457345e-01 8.244047633019585541e-03 3.385425604489562534e-01 2.671626394525783987e-01
3.840843922916685194e-01 1.858136480279067373e-02 3.351526178099838438e-01 2.621816250955569805e-01
3.608300053602823132e-01 5.800308134087777887e-03 3.614533376159666522e-01 2.719163488896632064e-01
3.095892450045364397e-01 1.353382413886757875e-02 3.770375062154182055e-01 2.998394246411777986e-01
3.401841373530209989e-01 2.021742866422675255e-02 3.805373447757224303e-01 2.590610892070297488e-01
3.432604321426417915e-01 8.451889858290715166e-03 3.664528806630270030e-01 2.818347973360405545e-01
3.356458679992159744e-01 1.671590023148929877e-02 3.771013985771223820e-01 2.705368331921722547e-01
3.537986268378855992e-01 9.751058716417591865e-03 3.859074176114036803e-01 2.505428968342931495e-01
3.768114714544022470e-01 1.094673327067484554e-02 3.438672144804684194e-01 2.683745807944544759e-01
3.977086968559084279e-01 1.808148311052541410e-02 3.363266691367646777e-01 2.478831508968015740e-01
3.799140332852719570e-01 9.357757791154682966e-03 3.592285761817862744e-01 2.514996327417869937e-01
3.291986844481367136e-01 1.226072599642925517e-02 4.061923483804686374e-01 2.523482411749654042e-01
3.720762925872094229e-01 8.338184584623591078e-03 3.845424801894131717e-01 2.350430426387538629e-01
3.247103145100461163e-01 6.106432344395839283e-03 3.746141960566627960e-01 2.945690570888951365e-01
3.674016106171997254e-01 5.721190428736597569e-03 3.638833510133796523e-01 2.629938479406841445e-01
3.781695149387668820e-01 8.216063532010067089e-03 3.667045115370007324e-01 2.469099099922223151e-01
3.513876605818636034e-01 2.896999798186779967e-02 3.978157960669077009e-01 2.218265453693610001e-01
3.646548827435828199e-01 1.423442831542965324e-02 3.759460634451579630e-01 2.451646254958294302e-01
3.091025025943038851e-01 1.076550573233550460e-02 4.104075426606120791e-01 2.697244490127484462e-01
3.720711941586109517e-01 1.550944573481852912e-02 3.746779451545807493e-01 2.377414149519896658e-01
3.594198643960554995e-01 1.154622754711174745e-02 4.004082796693912427e-01 2.286256283874416040e-01
3.840695504475288846e-01 1.121709947695612337e-02 3.555111239924510502e-01 2.492022260830639990e-01
3.448605707836524537e-01 1.053547947347299382e-02 4.014577147831447923e-01 2.431462349597298678e-01
3.708904917836600146e-01 1.542335484657043378e-02 3.480795383960462175e-01 2.656066149737235094e-01
3.529341139133233551e-01 1.118866446625274222e-02 3.807072991059827771e-01 2.551699225144410943e-01
3.247674422476996559e-01 6.811356240609118748e-03 3.996797479147672916e-01 2.687414535969239737e-01
3.835664575479711402e-01 6.399388721011136857e-03 3.308445781948072817e-01 2.791895755362105436e-01
3.904823840265825297e-01 1.338083796999838850e-02 4.003025643442874038e-01 1.958342136591317006e-01
3.687017257198261233e-01 1.635278540457778262e-02 3.920143619544312896e-01 2.229311269211647073e-01
3.500049405161597682e-01 7.953223833674116436e-03 3.219773219823082733e-01 3.200645136678579306e-01
3.955577682069526535e-01 1.328908966001965918e-02 3.451376191333709875e-01 2.460155229996565940e-01
3.792192765260468112e-01 1.954036021246836896e-02 3.065142920693089690e-01 2.947260711921759202e-01
3.226219649000579004e-01 5.126060432950223407e-03 3.681751123987451191e-01 3.040768622682468170e-01
3.512610645657239794e-01 1.585633865230327497e-02 4.172314360385052101e-01 2.156511607434676847e-01
3.091317314572145647e-01 1.684784365450294960e-02 3.968823048612908355e-01 2.771381200269917855e-01
3.850299228260833373e-01 8.271675763076831792e-03 3.185031014076662448e-01 2.881953000031735601e-01
3.709080890076625892e-01 2.184518520899288857e-02 3.614114365012450203e-01 2.458352892820995228e-01
3.506393368258885479e-01 1.793346609368874980e-02 3.625644638268923914e-01 2.688627332535303283e-01
3.119966909193265248e-01 6.223752400099943557e-03 4.345002155099085273e-01 2.472793411706651068e-01
3.682377926690898473e-01 2.309047983137910848e-02 3.550940190067662927e-01 2.535777084927646197e-01
3.679249938193021041e-01 1.565992690291119482e-02 3.659686864160557884e-01 2.504463928617308155e-01
3.846036954793250473e-01 8.090409943061592155e-03 3.723933934698984705e-01 2.349125011077149161e-01
3.644956597481626148e-01 1.726233204189345574e-02 3.509415286050149851e-01 2.673004796049288645e-01
3.144932493778246352e-01 1.623886424346756424e-02 4.236471884379882091e-01 2.456206979407195845e-01
3.635916026774672072e-01 1.518623546210703251e-02 3.919633779020572639e-01 2.292587839583686005e-01
3.006619451637411178e-01 4.878189422588332172e-03 4.226212601840215743e-01 2.718386052296489774e-01
4.190642937225151909e-01 1.577076364498643940e-02 3.099753436182473565e-01 2.551895990142510340e-01
3.355088874730180470e-01 5.190844985273199846e-03 4.162489236869909015e-01 2.430513438547178551e-01
3.831443261705630987e-01 6.986476017501448352e-03 3.680873030988315309e-01 2.417818947131039620e-01
