6.784418663818740924e-01 1.627585439394146904e-01 2.342157249130106741e-02 1.353780171874100768e-01
6.194022893297568277e-01 1.890290585426005199e-01 6.208027345586478174e-02 1.294883786717778429e-01
5.944258038958631918e-01 1.641737965953151968e-01 6.793370152713079646e-02 1.734666979816909260e-01
6.196534524826453616e-01 1.859350306902475269e-01 5.618471096712164548e-02 1.382268058599853688e-01
6.231298845449020352e-01 1.572977272275778715e-01 4.868831547047641761e-02 1.708840727570435924e-01
5.716153182788228371e-01 1.611213663812518515e-01 5.985593137895561799e-02 2.074073839609697489e-01
6.067766376870229461e-01 2.053156389140515514e-01 6.973661440990386318e-02 1.181711089890215144e-01
6.437236620964309486e-01 1.387491476992553374e-01 6.105647614155373243e-02 1.564707140627600301e-01
5.669474194868711070e-01 2.489901773935496443e-01 6.358482522422494176e-02 1.204775778953541543e-01
6.006157932987288284e-01 1.942425950509368837e-01 5.294066002508024393e-02 1.522009516252541272e-01
6.989350510976418684e-01 1.199319359121162887e-01 5.669821928082176277e-02 1.244347937094199275e-01
6.646657736576784270e-01 1.330202836291974888e-01 4.579052488220775735e-02 1.565234178309163893e-01
6.194829920039178761e-01 1.612007984111360759e-01 7.096564553705006495e-02 1.483505640478961496e-01
6.092360582660387713e-01 1.758023662273314469e-01 5.508536842226809810e-02 1.598762070843615934e-01
6.469529877110158367e-01 1.657539133216395510e-01 4.224845267933108328e-02 1.450446462880133902e-01
5.485742725537862130e-01 1.702938525087650257e-01 9.124898736223571727e-02 1.898828875752130718e-01
6.622375104920624755e-01 1.728168435811202608e-01 6.706050282984828137e-02 9.788514309696888516e-02
6.498313820786151274e-01 1.482772898641823156e-01 6.049012305254826416e-02 1.414012050046542512e-01
5.387285990049363038e-01 1.810162019789357257e-01 9.821616829803682391e-02 1.820390307180911604e-01
6.048190537921136478e-01 2.138475365087803282e-01 4.504032929027254606e-02 1.362930804088336723e-01
6.829694266962245131e-01 1.425958574843792792e-01 3.221475031238809489e-02 1.422199655070080226e-01
6.739564923235517035e-01 1.349615545446883058e-01 6.052730034668662995e-02 1.305546527850734717e-01
5.674635997621968464e-01 1.780373322325420060e-01 4.653230159742961780e-02 2.079667664078313771e-01
6.404907862036788302e-01 1.569179941066171091e-01 5.117256126902407221e-02 1.514186584206799191e-01
5.391653064105552673e-01 1.849036699137857342e-01 4.040630398583868604e-02 2.355247196898203332e-01
5.777850898458042339e-01 1.953211101958745588e-01 9.091913494410462648e-02 1.359746650142166779e-01
6.437950266919445497e-01 1.720842481178515848e-01 5.941690995161579003e-02 1.247038152385878257e-01
6.473456369994902149e-01 1.727422192121435274e-01 7.547126189869809987e-02 1.044408818896680885e-01
6.168380704463392039e-01 1.934493734006134391e-01 4.603146219520364707e-02 1.436810939578438695e-01
6.288405380334874950e-01 1.578626997520106157e-01 6.227420157511864840e-02 1.510225606393832132e-01
6.335757297977016034e-01 1.709397732163180916e-01 3.442534124714610039e-02 1.610591557388341977e-01
6.211939000903841102e-01 1.639659921263538489e-01 4.495170317688059608e-02 1.698884046063816322e-01
6.287413518585789340e-01 1.772265083320868351e-01 3.847965661134713361e-02 1.555524831979870626e-01
6.379566940582148682e-01 1.574904147444418645e-01 3.471018209815326244e-02 1.698427090991900812e-01
6.396572200058541213e-01 1.788232566524566580e-01 3.415580834558110124e-02 1.473637149961079251e-01
6.171889870319801075e-01 1.793487177715251679e-01 5.614860281193834873e-02 1.473136923845564938e-01
6.559639789493763029e-01 1.368098605179417504e-01 3.762025408070446275e-02 1.696059064519774839e-01
6.829704491145068834e-01 1.301110428574304700e-01 3.739524239490256419e-02 1.495232656331602350e-01
6.666314134522390855e-01 1.619854439895584974e-01 4.203509481158797245e-02 1.293480477466145417e-01
6.337293832729818943e-01 1.432909362472964687e-01 6.618859081753698803e-02 1.567910896621846628e-01
6.675903019541862271e-01 1.282567891056981546e-01 3.697749054329414753e-02 1.671754183968214291e-01
5.982959342349195575e-01 1.575662454443167992e-01 8.058608664695181278e-02 1.635517336738119276e-01
6.754317881740035112e-01 1.388469207280121631e-01 5.583472123663294623e-02 1.298865698613513586e-01
5.980315815594603457e-01 1.950893124856832306e-01 5.283085148074372073e-02 1.540482544741127724e-01
6.271460879949938283e-01 1.948116211040863965e-01 4.155579314212336228e-02 1.364864977587964823e-01
6.159244522740238148e-01 1.809401613658782604e-01 4.868224120543281769e-02 1.544531451546650447e-01
6.527855394632541275e-01 1.955783914850559302e-01 3.255799663482820960e-02 1.190780724168616633e-01
6.256062136976427990e-01 1.622117526076413685e-01 5.379123015052981321e-02 1.583908035441859152e-01
6.346158978234756054e-01 1.648839763285623039e-01 8.387318447065275628e-02 1.166269413773091818e-01
5.320164762236765377e-01 2.291619213456769222e-01 7.874279505350494091e-02 1.600788073771416409e-01
6.313269113121785514e-01 1.756500007360603799e-01 6.214792726883029694e-02 1.308751606829307856e-01
6.354418961075987138e-01 1.260547842151578946e-01 7.040285978733258621e-02 1.681004598899107638e-01
6.048736673389604190e-01 1.537133809184871303e-01 8.857449035643528978e-02 1.528384613861172303e-01
6.375470188167871033e-01 1.343685383045381820e-01 7.282162636868839967e-02 1.552628165099862734e-01
5.749832324664675420e-01 2.034919203472764504e-01 5.976519551767199567e-02 1.617596516685840258e-01
6.666755262774815005e-01 1.623916447073191216e-01 5.103683660645458309e-02 1.198959924087446005e-01
6.060823305921398951e-01 1.932018109701753861e-01 6.649608189534818303e-02 1.342197765423366052e-01
6.098881105848833473e-01 2.078646629077981478e-01 3.757288448166427181e-02 1.446743420256542401e-01
6.209347582279650668e-01 1.730878708197932658e-01 5.961038831882666672e-02 1.463669826334150770e-01
6.575837852548495066e-01 1.505193494972535684e-01 5.155948015011384278e-02 1.403373850977829851e-01
5.877782634006867291e-01 2.085142891578161128e-01 4.313025201900182182e-02 1.605771954224954612e-01
6.162830030173341855e-01 2.103234461933560784e-01 2.556319824562426624e-02 1.478303525436854560e-01
6.214386308918077306e-01 1.625011832597065831e-01 6.600099503424051994e-02 1.500591908142450692e-01
5.874857671529919445e-01 1.569419799449913999e-01 7.190780083724690463e-02 1.836644520647697509e-01
6.287773491873354104e-01 1.685864399194398622e-01 6.654815921693404968e-02 1.360880516762906500e-01
6.681528117631720942e-01 1.301209959588081055e-01 6.128648860924876263e-02 1.404397036687710099e-01
6.190219944765914528e-01 1.540295036470799295e-01 4.610660637290392438e-02 1.808418955034246101e-01
6.113286122198376971e-01 1.247442512126419462e-01 1.317938893361878527e-01 1.321332472313325734e-01
6.925264571481102305e-01 1.528319749680340234e-01 4.834830367082685459e-02 1.062932642130289124e-01
5.966890084932775506e-01 2.044120888126228497e-01 3.574787124888184620e-02 1.631510314452177257e-01
6.154368692669682783e-01 1.508519703292975078e-01 7.790714490777435330e-02 1.558040154959596801e-01
5.864660957528596841e-01 2.034230540618226779e-01 5.424678262050745825e-02 1.558640675648102769e-01
6.166768821604061701e-01 1.682641642404942017e-01 3.360716421787815489e-02 1.814517893812215843e-01
6.315621662401849079e-01 1.762000148653923848e-01 7.528324843070408057e-02 1.169545704637186684e-01
6.078361127558269406e-01 1.547589205726012107e-01 5.427675856953081274e-02 1.831282081020410846e-01
6.231125675226906191e-01 1.590754450962915123e-01 4.712166810643970277e-02 1.706903192745780617e-01
6.064573221054072594e-01 1.727093224675654570e-01 7.854215897832204918e-02 1.422911964487053038e-01
6.156989556412553188e-01 1.824489448297120786e-01 4.035905948213047018e-02 1.614930400469021810e-01
6.466705378923178760e-01 1.871816225989107185e-01 5.458328109499707009e-02 1.115645584137742452e-01
6.041546761697635937e-01 1.593341057970615038e-01 8.043594505047109433e-02 1.560752729827037943e-01
6.248850454947513233e-01 1.582949387841496580e-01 4.786411232629558116e-02 1.689559033948032085e-01
6.621200357875877129e-01 1.724030602693017444e-01 5.007815357983037841e-02 1.153987503632802197e-01
5.627266135283207626e-01 2.066774836761019474e-01 7.353181932937809251e-02 1.570640834661990171e-01
6.722844431163439438e-01 1.334595665351426541e-01 7.454785907695060665e-02 1.197081312715629203e-01
6.091083878005851826e-01 1.757618427233448022e-01 5.830462438178554002e-02 1.568251450942843850e-01
6.036690844058330008e-01 2.188527116211135826e-01 4.680225350096979542e-02 1.306759504720836074e-01
5.646700883181886566e-01 1.896465388316987688e-01 4.483133652712839590e-02 2.008520363229842343e-01
6.069366474639600328e-01 1.647181499040402675e-01 7.128743150806225726e-02 1.570577711239375673e-01
6.679891248221228039e-01 1.240007130808978980e-01 6.251118737928255953e-02 1.454989747176967940e-01
6.295646230379456920e-01 1.675471090940432450e-01 3.993666285198500809e-02 1.629516050160259855e-01
6.272929731091861916e-01 1.767732476947034559e-01 3.017560401419347449e-02 1.657581751819169058e-01
6.219713964033036779e-01 1.620434334870987092e-01 6.081359747282000933e-02 1.551715726367773884e-01
6.407977891097922374e-01 1.356748600437030494e-01 7.186458017990410285e-02 1.516627706666006103e-01
6.467372405082254527e-01 1.571133959925283263e-01 2.809854547524398907e-02 1.680508180240022909e-01
6.430681337060670799e-01 1.755856921770192203e-01 5.218256361135959615e-02 1.291636105055541106e-01
6.405942492392762144e-01 1.674216578782659337e-01 5.753726802598581325e-02 1.344468248564721080e-01
6.337756978753513737e-01 1.567551516347318041e-01 8.873221223123398116e-02 1.207369382586828271e-01
6.198701515404344553e-01 1.288573181734569695e-01 5.865594077260535139e-02 1.926165895135032169e-01
6.208483264593483986e-01 1.853099934204762989e-01 6.239469338862744380e-02 1.314469867315478657e-01
5.787688861221332859e-01 2.606059966795949978e-01 3.432942242233619212e-02 1.262956947759353854e-01
5.562305324841853027e-01 2.109984917807937177e-01 4.092558105032190197e-02 1.918453946846991054e-01
5.973348158785228845e-01 1.667869123692910238e-01 5.879585740928652826e-02 1.770824143428995912e-01
5.963100670579634111e-01 1.538373829748327926e-01 4.867025618938892323e-02 2.011822937778150466e-01
6.677009875603776567e-01 1.601315864799714994e-01 4.582116561108540848e-02 1.263462603485655256e-01
6.072040011394467252e-01 1.971827932631311786e-01 6.833076399813901858e-02 1.272824415992830083e-01
6.172356632266041698e-01 1.503921102642269414e-01 8.074906711626331224e-02 1.516231593929054378e-01
6.268416890632215743e-01 1.182754058096824740e-01 6.167851084720692850e-02 1.932043942798888081e-01
6.421146934393802130e-01 1.585391690782212981e-01 6.073231249088117262e-02 1.386138249915172815e-01
6.175473086259113398e-01 1.822926047566791607e-01 5.610278170765488348e-02 1.440573049097546299e-01
5.988196892073451849e-01 1.871739877533317442e-01 5.324578693921074718e-02 1.607605361001121780e-01
6.570763617587249694e-01 1.329578802639500845e-01 5.600277413990079056e-02 1.539629838374241277e-01
6.241998863285271870e-01 1.835666629626564739e-01 4.369143561763073197e-02 1.485420150911857806e-01
6.210235284979418457e-01 1.604927063745971993e-01 7.560046141593167179e-02 1.428833037115291860e-01
6.296865114030513189e-01 1.565312854209829629e-01 6.063941484671479809e-02 1.531427883292509617e-01
5.798740746841747340e-01 2.010510701290429136e-01 4.924713025590556070e-02 1.698277249308766668e-01
6.095260633743213585e-01 1.761292499615060014e-01 5.502225670131469237e-02 1.593224299628578644e-01
6.758496250403119854e-01 1.319498047772819926e-01 4.108141939976246021e-02 1.511191507826433744e-01
6.057474321422883223e-01 1.666161156152957679e-01 4.640757295096913093e-02 1.812288792914467928e-01
5.928772002960063237e-01 1.818912166137312547e-01 6.239577347582686562e-02 1.628358096144353895e-01
5.923651961291439560e-01 1.649773326097479509e-01 5.396249001608940249e-02 1.886949812450187669e-01
5.934475470835491873e-01 1.886203778171233469e-01 3.522198520667935845e-02 1.827100898926480033e-01
6.211853970856853202e-01 1.786999170868034115e-01 5.766812233205899363e-02 1.424465634954523163e-01
5.899580745188661712e-01 1.955062194946598497e-01 5.193633380777315511e-02 1.625993721787009627e-01
5.666645773491540972e-01 2.238340866511306926e-01 5.250891184036172998e-02 1.569924241593533831e-01
6.939655018503351203e-01 1.549644438723034312e-01 2.956803701137319593e-02 1.215020172659883185e-01
6.234738898978133825e-01 1.554088153087150315e-01 5.771806101393278654e-02 1.633992337795389105e-01
6.502835074691316608e-01 1.693197231459583618e-01 4.980320111070887790e-02 1.305935682742011272e-01
5.912332881306130439e-01 1.946858602504503710e-01 4.540152175843320537e-02 1.686793298605033520e-01
6.416875454786337141e-01 1.706795739640331044e-01 4.922664837492908563e-02 1.384062321824042208e-01
6.330231003112537502e-01 1.529693411277987525e-01 3.450275851743962729e-02 1.795048000435079394e-01
5.921415467598263316e-01 1.912755828486067122e-01 7.050115241284159173e-02 1.460817179787252673e-01
5.898960760853947383e-01 1.835553299403110961e-01 5.119925682261827760e-02 1.753493371516757215e-01
6.019869062450650121e-01 1.677899409113576545e-01 5.670525573501085381e-02 1.735178971085664656e-01
5.613251167252075735e-01 2.174581795570357523e-01 5.701223887804837687e-02 1.642044648397082418e-01
6.712118361469583405e-01 1.740114183335456921e-01 3.258311464045936939e-02 1.221936308790366327e-01
6.137782745426587638e-01 1.521664758907761983e-01 5.678934077077155834e-02 1.772659087957934310e-01
6.464328849952859501e-01 1.588975476953427279e-01 5.446256550213685738e-02 1.402070018072343605e-01
6.376252522650979193e-01 1.740214846769468915e-01 6.603584697771795742e-02 1.223174160802371346e-01
6.494527140805571586e-01 1.246307056468450442e-01 3.706854738481827477e-02 1.888480328877794601e-01
6.325864209628457857e-01 1.575178406307084500e-01 6.540753251257941381e-02 1.444882058938662395e-01
5.730892919335577318e-01 1.851900915975914219e-01 7.279739189830995716e-02 1.689232245705409308e-01
6.260327098800554380e-01 1.975648241818195594e-01 7.373151721842308159e-02 1.026709487197020321e-01
6.275198706657567627e-01 1.586027605175777677e-01 3.913426183204057884e-02 1.747431069846249185e-01
6.044686608729360477e-01 1.894405200277854140e-01 5.134981848522660042e-02 1.547410006140518268e-01
5.938372847562787271e-01 1.591752729163728453e-01 4.265914066501411139e-02 2.043283016623342885e-01
6.372230170026000895e-01 1.653499195466874017e-01 8.076166267504651664e-02 1.166654007756659922e-01
6.369949271811787828e-01 2.072010587479101995e-01 3.577307865771679057e-02 1.200309354131941370e-01
6.396182141529168641e-01 1.537074112271525350e-01 3.987469567096693646e-02 1.667996789489637477e-01
5.994097518067743602e-01 1.961673006546599818e-01 5.684804344766049983e-02 1.475749040909051235e-01
6.732176320381770829e-01 1.658463107576430562e-01 3.957574143559899893e-02 1.213603157685808204e-01
5.944655661620681375e-01 1.531748661569545256e-01 5.162006029569538718e-02 2.007395073852820955e-01
5.839816418467712600e-01 1.994020433151625915e-01 5.345763225408034502e-02 1.631586825839857757e-01
5.866070331177449804e-01 1.571135330992662060e-01 5.010385071660519718e-02 2.061755830663836442e-01
6.238340413273690821e-01 1.524498096435736860e-01 5.660091637676942233e-02 1.671152326522877818e-01
6.490045614797007589e-01 1.711514929390657858e-01 5.502568352445485339e-02 1.248182620567784562e-01
6.058546047121197153e-01 1.644528585550207311e-01 5.215197984140885340e-02 1.775405568914507626e-01
6.451725272884134554e-01 1.537763912140103217e-01 4.481643531478546327e-02 1.562346461827906763e-01
6.173377987771206943e-01 1.809417382676823671e-01 5.088886323469412470e-02 1.508315997205027792e-01
5.821094992059379081e-01 1.797717223826069410e-01 5.094147562115802774e-02 1.871773027902970399e-01
5.502313513375776122e-01 2.540665825216220641e-01 4.297727322504330677e-02 1.527247929157570516e-01
6.183508308375728069e-01 1.741949490244159293e-01 3.499617384499573852e-02 1.724580462930155877e-01
5.547185733054673662e-01 2.219177150548907185e-01 4.157790235796476191e-02 1.817858092816772575e-01
6.372288548969008426e-01 1.704649047366487979e-01 4.072552736726665901e-02 1.515807129991836866e-01
6.216797301431720157e-01 1.528002605513073819e-01 5.359841842310587162e-02 1.719215908824147376e-01
6.360640245186733877e-01 1.674861435263551579e-01 4.117350663352196960e-02 1.552763253214495542e-01
6.640207125130633825e-01 1.548911542079714487e-01 5.090333380516634532e-02 1.301847994737988790e-01
6.301495801956988885e-01 1.768981481457840566e-01 4.968253680034943193e-02 1.432697348581674912e-01
6.387451568192827889e-01 1.454617591682657862e-01 6.465687692364378847e-02 1.511362070888076503e-01
6.620821221236616871e-01 1.290184411225686889e-01 6.146258172728748248e-02 1.474368550264822386e-01
6.572550991541441512e-01 1.700886313558996055e-01 4.099293881428026781e-02 1.316633306756758992e-01
6.061643139817307624e-01 1.846239220169096362e-01 6.166920713577417335e-02 1.475425568655853170e-01
6.460590126673378952e-01 1.552622518178984889e-01 5.027074335581980385e-02 1.484079921589437634e-01
6.288762537212265746e-01 1.712577322851453476e-01 4.995769522910280258e-02 1.499083187645254556e-01
6.066332606129846150e-01 1.920453365142251179e-01 5.258185246420140485e-02 1.487395504085889386e-01
5.767365697175285133e-01 1.606674166448727181e-01 4.958008538151291444e-02 2.130159282560858403e-01
5.690563058512343453e-01 2.257295540529135891e-01 4.890039407851074632e-02 1.563137460173414373e-01
6.039733642089604171e-01 1.572195195139281243e-01 5.889549011607463774e-02 1.799116261610367862e-01
6.196632146984825118e-01 1.693430935162694995e-01 3.858089591074799485e-02 1.724127958745002021e-01
6.321130049812881957e-01 1.691399387091700734e-01 5.860119745553077353e-02 1.401458588540109851e-01
6.391045200548526317e-01 1.580422548195861698e-01 5.552299559047663147e-02 1.473302295350847058e-01
6.163161735339289793e-01 1.829337022162400017e-01 5.604779420533833462e-02 1.447023300444926497e-01
6.280103483962166111e-01 1.245876253537523959e-01 5.140179837659251960e-02 1.960002278734384873e-01
5.837619956146874456e-01 2.067774024495801777e-01 5.284125422398622957e-02 1.566193477117459321e-01
6.606307175404705356e-01 1.444023163126997578e-01 6.829555586760086006e-02 1.266714102792289853e-01
6.404554154761364915e-01 2.181904716418194556e-01 3.640514704978353722e-02 1.049489658322606545e-01
5.834969286614427597e-01 1.587472902103814754e-01 7.528371488229530784e-02 1.824720662458803044e-01
6.135917666253810632e-01 1.703020182813678729e-01 6.127737050244100314e-02 1.548288445908100885e-01
5.798150320639764432e-01 1.767454264729942104e-01 8.933436193729263342e-02 1.541051795257367130e-01
6.606582940023901784e-01 1.178532428078855609e-01 5.282760537231057096e-02 1.686608578174138284e-01
6.146360788551145093e-01 1.592859242551692145e-01 6.872060976749892747e-02 1.573573871222174458e-01
6.358025734241313787e-01 1.790107943228302079e-01 4.148339457976191191e-02 1.437032376732767236e-01
6.418940808007088661e-01 1.750866787086295950e-01 4.596900752109367438e-02 1.370502329695679200e-01
6.204035515340555751e-01 1.459773436963589244e-01 6.984106522165310638e-02 1.637780395479325191e-01
7.152345790484431198e-01 1.178651613175236978e-01 3.904791306820048352e-02 1.278523465658325531e-01
6.675124669838786717e-01 1.298831252590915974e-01 8.773151216644635431e-02 1.148728955905834320e-01
6.222563632577930992e-01 1.476627686500349423e-01 5.871834260445041309e-02 1.713625254877216286e-01
6.990470957961044673e-01 1.208450992001537383e-01 4.622498101597587172e-02 1.338828239877659088e-01
6.077473348032558231e-01 2.140561905955816746e-01 3.279860230592432369e-02 1.453978722952380953e-01
5.948331421130108598e-01 2.093260835607742010e-01 4.107580502548586338e-02 1.547649693007289440e-01
6.362868953970358676e-01 1.880491577247399015e-01 5.882542592416561272e-02 1.168385209540586112e-01
6.276468603988230033e-01 1.531285370587386896e-01 4.993678499944016747e-02 1.692878175429981258e-01
6.101630438597738237e-01 1.711523903709452621e-01 5.911446880486999345e-02 1.595700969644109346e-01
7.026006702574391083e-01 1.440414412653428788e-01 4.316132772068458079e-02 1.101965607565333211e-01
6.378538423827778692e-01 1.478283924372679470e-01 7.796638618439369339e-02 1.363513789955605460e-01
6.315850994480767255e-01 1.343288371655877722e-01 6.951345441120940216e-02 1.645726089751262389e-01
6.066588341302583398e-01 1.669979964344397716e-01 4.864682628537855824e-02 1.776963431499232748e-01
6.213633131825333500e-01 1.487804319533677644e-01 7.046444865733667018e-02 1.593918062067621322e-01
6.441276456992152122e-01 1.430533131136902669e-01 5.965052508692415129e-02 1.531685161001703488e-01
6.657300613344155904e-01 1.480968199914832195e-01 4.099297655386825029e-02 1.451801421202329745e-01
6.317079507622412882e-01 1.624726442840268570e-01 4.954966031930217729e-02 1.562697446344298580e-01
5.934566610723581714e-01 2.065037767549960102e-01 7.416308329409324052e-02 1.258764788785526612e-01
5.739732746358776616e-01 1.859951347647871289e-01 6.408383174819415329e-02 1.759477588511411672e-01
6.044273809614860715e-01 1.982947789896842561e-01 6.973971503110169834e-02 1.275381250177279047e-01
6.093814888143179731e-01 1.854712433872553468e-01 5.383636704451817689e-02 1.513109007539083506e-01
5.949456935751071818e-01 1.548398294837354250e-01 4.820400887138998058e-02 2.020104680697673849e-01
6.528910710585167365e-01 1.367092426602273814e-01 5.184193555847001200e-02 1.585577507227859950e-01
6.281561811383888916e-01 1.771282647408950472e-01 6.847013617271617558e-02 1.262454179479997884e-01
6.072469736094957549e-01 1.748021753325732786e-01 6.719387898076432941e-02 1.507569720771666510e-01
6.655245467335551002e-01 1.328934625552589399e-01 7.110781034777347021e-02 1.304741803634124342e-01
5.858874814782946139e-01 2.400215717997481735e-01 3.970588981204027645e-02 1.343850569099168391e-01
6.547219909573454011e-01 1.162632891331858154e-01 7.020677576313223700e-02 1.588079441463365604e-01
6.289807931756921100e-01 1.205563966655661678e-01 6.228906876300571022e-02 1.881737413957358940e-01
5.981025138408463393e-01 1.803662683800353606e-01 5.469016825079069805e-02 1.668410495283276784e-01
6.304177247389011196e-01 1.481657239536337822e-01 4.655103894741793175e-02 1.748655123600472705e-01
5.502660858800946242e-01 1.807777882633275490e-01 7.062569907932331192e-02 1.983304267772545704e-01
5.566863534570627436e-01 2.268130442841595207e-01 9.048137414847351456e-02 1.260192281103043599e-01
6.558287081542431007e-01 1.611956701039995721e-01 3.911620431211546012e-02 1.438594174296416450e-01
6.035430332354388971e-01 1.714944142778912772e-01 4.804086692324494728e-02 1.769216855634249685e-01
6.754803754880980282e-01 1.479159697322756373e-01 3.081050192942953042e-02 1.457931528501968110e-01
6.363096192014675578e-01 1.656688723879842229e-01 3.661079066572490298e-02 1.614107177448233787e-01
6.030576550144340908e-01 1.805237297155652121e-01 4.815245585987461274e-02 1.682661594101260427e-01
6.409177457597746708e-01 1.730263704861835783e-01 3.485576608887416827e-02 1.512001176651675272e-01
6.421195528955497833e-01 1.406104581435590750e-01 4.346486687758453066e-02 1.738051220833067290e-01
6.205714473014349863e-01 1.410895866910225616e-01 4.931247273986970325e-02 1.890264932676727627e-01
6.435485795386101104e-01 1.536794132722908712e-01 6.945328951040394272e-02 1.333187176786950479e-01
6.500697333476402884e-01 1.655956688949602185e-01 5.144056184534798876e-02 1.328940359120516224e-01
6.357095001001876744e-01 1.302898398902639920e-01 5.629409659469775812e-02 1.777065634148507212e-01
5.980642726853319102e-01 1.920493538581847515e-01 8.350832685134325362e-02 1.263780466051402374e-01
6.195342092891563679e-01 1.904130178205910295e-01 5.071106949883195936e-02 1.393417033914206016e-01
5.826411047479033156e-01 1.910154086840802901e-01 7.488718531642604703e-02 1.514563012515904028e-01
6.480573752383945729e-01 1.228763702595118967e-01 6.749050249629380549e-02 1.615757520057998220e-01
6.276219060490598745e-01 1.846301664430433642e-01 5.447228137787676894e-02 1.332756461300200201e-01
6.140960526099704664e-01 1.697251343849221494e-01 7.275984112323785613e-02 1.434189718818694448e-01
6.602583115493465549e-01 1.515014745782437000e-01 6.291908618850206025e-02 1.253211276839075461e-01
6.106405717561803614e-01 1.701143165950549374e-01 5.699160112941605016e-02 1.622535105193486094e-01
6.310114171144506345e-01 1.280326623304600675e-01 7.668819398312459734e-02 1.642677265719646174e-01
6.284795846532997832e-01 1.571963532721725731e-01 5.644890502932877613e-02 1.578751570451989161e-01
6.822734323547727797e-01 1.420564116551155387e-01 4.012865041860534665e-02 1.355415055715063211e-01
6.545408240877290673e-01 1.731930254410437020e-01 3.874996742121553095e-02 1.335161830500116997e-01
6.423442247214529166e-01 1.626401597851545311e-01 5.152827848840717956e-02 1.434873370049854213e-01
6.497137506033301424e-01 1.391891835229817076e-01 4.793158265037258947e-02 1.631654832233155883e-01
6.313087688801924946e-01 1.822764894782688272e-01 5.428945476523683311e-02 1.321252868763019006e-01
5.889821409834733457e-01 2.074789098630815121e-01 6.781833618706385736e-02 1.357206129663811323e-01
6.406093919472246601e-01 1.264924436008535991e-01 7.022729735364507953e-02 1.626708670982765781e-01
6.453379906387580744e-01 1.673692357866068126e-01 3.384251674605341653e-02 1.534502568285817936e-01
5.903382649446112795e-01 1.947311479961372216e-01 6.736956797356456750e-02 1.475610190856871118e-01
6.157749121299427308e-01 1.617864371627525388e-01 5.707283919241679104e-02 1.653658115148880503e-01
6.419413157906151968e-01 1.593747526390952018e-01 5.359868475883634853e-02 1.450852468114534055e-01
6.364418941570728627e-01 1.842736170501861892e-01 3.434135237244379663e-02 1.449431364202972139e-01
6.520288033545595940e-01 1.485876680101102243e-01 5.626165933831129423e-02 1.431218692970189776e-01
5.986617958289001118e-01 1.874815640318981680e-01 3.931296803578696042e-02 1.745436721034148431e-01
6.383194697160105013e-01 1.807422678606113442e-01 5.301477695616962221e-02 1.279234854672086086e-01
6.386314939108360678e-01 1.734948647120035659e-01 4.079653029610340320e-02 1.470771110810568660e-01
6.982960798318783580e-01 1.392773734188914592e-01 4.299272910670430548e-02 1.194338176425260162e-01
6.438411137979669352e-01 1.988577694056115064e-01 4.095852845119810071e-02 1.163425883452235826e-01
6.005026107780327971e-01 1.521369165939569224e-01 6.806362078053514175e-02 1.792968518474752915e-01
6.570759116828572832e-01 1.625395432578407018e-01 4.824877499101316858e-02 1.321357700682889436e-01
6.783378184352309992e-01 1.584140309734178298e-01 6.090890074903162338e-02 1.023392498423195268e-01
6.303663058131993013e-01 1.901808138332886366e-01 5.477917565293326935e-02 1.246737047005788968e-01
5.961971063547476524e-01 1.916802713379061052e-01 3.869983231937038082e-02 1.734227899879758061e-01
6.142180617066851367e-01 1.622490283553084667e-01 7.121868671976590293e-02 1.523142232182406186e-01
5.683623508205425390e-01 1.886965211509994966e-01 6.570484649216609685e-02 1.772362815362917843e-01
6.613603260401534900e-01 1.565525462699228487e-01 3.522491635139272242e-02 1.468622113385309735e-01
5.570547388751507789e-01 2.355924890562573759e-01 5.712039904761094522e-02 1.502323730209809693e-01
6.188130930058397539e-01 1.869370012186188090e-01 6.984452908745779343e-02 1.244053766880836853e-01
5.997855019408826482e-01 1.722076595480410144e-01 5.075710651287588387e-02 1.772497319982004882e-01
6.544870710877567221e-01 1.541287595302456293e-01 4.368003140597746803e-02 1.477041379760201389e-01
6.101130205359843739e-01 1.588063967071192129e-01 6.481547335962621614e-02 1.662651093972702943e-01
6.831016681638384380e-01 1.402775970987522047e-01 5.263207143739877941e-02 1.239886633000105015e-01
6.455922184736572200e-01 1.423832382586370238e-01 4.968845466105292763e-02 1.623360886066527176e-01
6.730032500954025165e-01 1.487971071467269757e-01 3.762451907211472601e-02 1.405751236857556152e-01
6.039612559208171749e-01 1.538128777429021710e-01 8.961770631341900439e-02 1.526081600228617052e-01
6.280478330215838456e-01 1.747897279939120696e-01 2.787817377023908694e-02 1.692842652142649840e-01
6.449131532843677128e-01 1.407053522139257717e-01 5.224730457540183171e-02 1.621341899263045727e-01
5.885873744313109279e-01 1.804783417465240514e-01 5.570691741390479401e-02 1.752273664082602267e-01
5.999093431335527082e-01 1.535194632147251215e-01 6.158064114107345000e-02 1.849905525106486925e-01
6.837149073724559933e-01 1.373662439166189742e-01 6.218733796726857305e-02 1.167315107436565774e-01
5.929174280682909526e-01 1.886606928260770311e-01 8.266067358160116008e-02 1.357612055240308424e-01
6.115226588284109477e-01 1.729007138914774311e-01 4.927973007563170305e-02 1.662968972044797933e-01
6.553717087969668231e-01 1.317669952649312137e-01 5.496151915870967769e-02 1.578997767793921814e-01
6.304184169496752643e-01 1.628531462174470645e-01 4.203314755782717321e-02 1.646952892750505049e-01
5.786832470547493834e-01 1.814333994749690593e-01 5.402908082288793157e-02 1.858542726473936813e-01
6.189143547053784777e-01 1.678906112662584549e-01 4.974115450607243666e-02 1.634538795222906793e-01
6.612260157196727661e-01 1.336345869511695317e-01 5.118359254955154314e-02 1.539558047796062146e-01
6.562283873754597430e-01 1.384276983736306699e-01 5.304158214535816679e-02 1.523023321055514412e-01
6.253162381028024575e-01 1.738716557367137316e-01 4.466535856465921051e-02 1.561467475958245588e-01
6.255682570903815520e-01 1.962360926207840639e-01 4.743632299967742022e-02 1.307593272891568181e-01
6.694452630109950508e-01 1.532887293461922262e-01 3.269174906730548669e-02 1.445742585755073750e-01
5.903800077460171769e-01 1.711115143902957048e-01 5.313176262160927005e-02 1.853767152420777720e-01
6.168212742752726685e-01 1.709475025824221395e-01 6.416357263198246841e-02 1.480676505103227791e-01
5.945714860929183221e-01 1.673466407492793795e-01 5.459883237716241927e-02 1.834830407806397334e-01
6.249888710009061654e-01 1.647149628631933704e-01 5.735008031976279730e-02 1.529460858161376946e-01
6.616780753614797117e-01 1.503302047106017392e-01 4.510856347871514821e-02 1.428831564492035189e-01
6.263748819907660748e-01 1.992327170057702213e-01 5.124986293736162601e-02 1.231425380661018143e-01
6.316981603592650707e-01 1.707188117885504175e-01 4.140700925516800635e-02 1.561760185970166026e-01
6.190749703129637682e-01 1.543547327675003911e-01 6.969601884890960775e-02 1.568742780706262607e-01
6.278334416712839650e-01 1.503857370079068889e-01 5.643661060253743478e-02 1.653442107182716281e-01
6.422828745747912738e-01 1.437532328200228360e-01 6.981511317071473210e-02 1.441487794344712692e-01
6.144587277312512086e-01 1.844236264444739926e-01 5.855813740219260183e-02 1.425595084220822317e-01
6.378557117329981541e-01 1.699103360855050704e-01 5.422292714821386889e-02 1.380110250332829414e-01
6.307918248451755971e-01 1.612416581305525787e-01 4.081022719663129905e-02 1.671562898276406084e-01
6.261468772795928395e-01 1.853591415984037760e-01 5.708659951036954006e-02 1.314073816116338722e-01
6.540786771688693602e-01 1.447074822879791944e-01 4.957805993550173235e-02 1.516357806076497894e-01
6.391111705622944950e-01 1.569835930503669097e-01 5.052465037562815092e-02 1.533805860117104514e-01
6.525456666700627517e-01 1.419583060595225599e-01 5.654787474613711534e-02 1.489481525242775661e-01
6.449954255617202925e-01 1.897485773039783996e-01 4.207609194166504751e-02 1.231799051926363575e-01
6.424809926227207368e-01 1.593611504327152595e-01 5.474050943164879279e-02 1.434173475129152109e-01
6.367966105313823677e-01 1.769397386340953726e-01 4.380357911714004987e-02 1.424600717173822306e-01
6.489181347296613112e-01 1.383999805380384529e-01 4.714787727544375584e-02 1.655340074568567299e-01
5.755614149683061509e-01 1.837463576039932434e-01 5.972836087765224372e-02 1.809638665500483690e-01
6.537040311125386083e-01 1.418047231257837659e-01 5.010548226144817541e-02 1.543857635002294781e-01
6.647771463066530773e-01 1.491699264563371430e-01 5.530707714827826083e-02 1.307458500887315467e-01
5.842698458558548413e-01 2.132570942990908713e-01 3.619347312692261509e-02 1.662795867181315057e-01
6.225555171386729647e-01 1.656934982873896900e-01 8.351624933036586040e-02 1.282347352435716237e-01
6.084756110626849956e-01 1.919479137374428546e-01 5.779757519755785583e-02 1.417789000023143287e-01
6.017382523456971111e-01 2.073036587142357556e-01 5.138372835501749808e-02 1.395743605850495728e-01
6.469314865492387101e-01 1.716030293027535625e-01 5.746938888305985760e-02 1.239960952649477727e-01
6.225951952556085800e-01 1.778139206424912133e-01 4.626267853102451061e-02 1.533282055708756475e-01
6.189748797810156189e-01 1.645110661944737818e-01 5.926408006487828700e-02 1.572499739596322221e-01
5.673074843302240433e-01 2.206785371767010784e-01 4.705433224775604911e-02 1.649596462453187806e-01
5.766259461950397069e-01 1.670900094333798158e-01 6.661181777506394730e-02 1.896722265965164467e-01
6.419968495957424359e-01 1.744651709328284284e-01 6.128119789556275843e-02 1.222567815758665299e-01
6.031930976178607740e-01 1.582734887152155434e-01 7.601525366207030621e-02 1.625181600048532515e-01
6.463334764628715368e-01 1.908739969515640678e-01 3.815176414577301639e-02 1.246407624397914138e-01
6.117596022030448166e-01 1.574010798220548402e-01 3.597795963883252540e-02 1.948613583360679635e-01
6.486347836228509856e-01 1.588896408990350673e-01 6.430230170614559260e-02 1.281732737719684656e-01
6.639900021910659644e-01 1.469330487177896161e-01 3.522193795795445365e-02 1.538550111331901671e-01
6.517639491535895946e-01 1.415054465404596562e-01 5.906854145387098465e-02 1.476620628520795564e-01
6.301400208079931398e-01 1.420770254712634129e-01 4.994842473104825487e-02 1.778345289896950399e-01
7.075118528438547605e-01 1.263305040846103011e-01 4.163849706602305162e-02 1.245191460055119909e-01
6.312492156812813393e-01 1.611279449157398125e-01 7.269496512263694254e-02 1.349278742803418085e-01
6.562560528537801918e-01 1.621423588977434493e-01 5.212651540205565787e-02 1.294750728464208467e-01
6.346554430957315196e-01 1.860054336570841904e-01 4.348207808329414975e-02 1.358570451638901611e-01
6.098905183268940045e-01 1.729824034186087378e-01 5.648709265213920638e-02 1.606399856023578432e-01
5.903850180999860031e-01 1.850135348448543604e-01 5.783506916644091944e-02 1.667663778887187587e-01
6.389101394633398545e-01 1.629110783120502337e-01 6.811802915295429861e-02 1.300607530716555993e-01
6.055397165788704017e-01 1.732039916862445628e-01 6.011995139963647455e-02 1.611363403352485679e-01
6.167098678261192513e-01 1.827377113037367273e-01 4.847961108475317554e-02 1.520728097853909500e-01
5.979645198649793381e-01 1.866956527267527310e-01 5.630858278267700245e-02 1.590312446255909007e-01
6.152586101201109603e-01 1.512904671709510707e-01 4.468750584600847398e-02 1.887634168629295228e-01
6.146471616174360442e-01 2.017692130766777503e-01 5.378435621805609940e-02 1.297992690878300159e-01
6.108835117241768753e-01 1.954030794556928796e-01 3.732627691749480781e-02 1.563871319026353679e-01
6.350818816181700299e-01 1.887934937017866910e-01 6.394132765388015061e-02 1.121832970261631007e-01
6.133757249398648081e-01 1.620094299474119925e-01 8.307951034729499362e-02 1.415353347654281502e-01
6.433637091163816324e-01 1.859223543286366298e-01 5.370245048270173155e-02 1.170114860722799993e-01
6.499248775739521200e-01 1.520146525963890494e-01 5.124201738956569302e-02 1.468184524400932001e-01
6.259210604634793951e-01 1.646453517809554068e-01 5.016773282227476177e-02 1.592658549332904849e-01
6.458545134742089688e-01 1.568991573367134185e-01 5.402319081277267426e-02 1.432231383763049593e-01
6.081202860135772603e-01 2.101260082805526397e-01 4.773088382237603705e-02 1.340228218834940144e-01
6.388852862318297188e-01 1.851470928883071354e-01 4.963014815945349101e-02 1.263374727204097103e-01
6.571408533957546760e-01 1.555914024501486581e-01 5.480650557158245340e-02 1.324612385825141014e-01
6.425504690002050712e-01 1.673529511574083917e-01 8.206404856870012920e-02 1.080325312736864357e-01
6.070672915164229133e-01 2.002537566468238495e-01 5.550404273339096944e-02 1.371749091033621359e-01
6.506231861057525379e-01 1.387854752381552093e-01 6.932522466872352573e-02 1.412661139873686855e-01
6.163814081831863190e-01 1.760645859653557355e-01 6.029697642917850736e-02 1.472570294222793896e-01
6.527502179442907781e-01 1.757662888105847865e-01 4.577394954329749160e-02 1.257095437018269368e-01
6.626488197911952760e-01 1.422634585782380501e-01 4.256096709507681958e-02 1.525267545354897780e-01
6.789309677465563686e-01 1.327689129819799307e-01 5.187852869452470872e-02 1.364215905769389781e-01
6.638295243033647264e-01 1.555489191788274883e-01 4.691117327316329105e-02 1.337103832446445706e-01
5.678163515336593914e-01 1.703629343644469663e-01 6.788312250457732844e-02 1.939375915973163833e-01
6.741883781654909313e-01 1.566695458023299459e-01 3.341062558669129906e-02 1.357314504454878723e-01
6.307267624928772909e-01 1.597319280052344193e-01 5.368517061618890279e-02 1.558561388856994356e-01
6.655225063598408930e-01 1.226586085007397436e-01 4.026977829246004142e-02 1.715491068469593428e-01
6.215585424902320133e-01 2.025032408521700855e-01 4.257818247989410276e-02 1.333600341777037845e-01
6.474366924483756502e-01 1.433561699312926319e-01 4.499584451600022184e-02 1.642112931043315793e-01
6.350312118203396139e-01 1.700045136652379441e-01 3.570860814945214096e-02 1.592556663649700999e-01
5.964640052461441799e-01 1.594664025101784344e-01 6.377111575216304340e-02 1.802984764915142868e-01
6.011267962781028373e-01 2.075782154504970389e-01 4.984502559722508302e-02 1.414499626741750893e-01
6.429777175012552082e-01 1.596660804309149584e-01 4.550585782763340997e-02 1.518503442401963610e-01
6.471135355083471596e-01 1.491410481283323708e-01 6.581322877385809011e-02 1.379321875894623239e-01
6.879576308851504951e-01 1.529126588478530446e-01 3.954449761696389454e-02 1.195852126500326629e-01
6.762742495828688583e-01 1.429549163303680537e-01 4.712988540342467891e-02 1.336409486833384785e-01
6.291140034458881924e-01 1.915199433714634969e-01 4.129323897029306412e-02 1.380728142123550939e-01
6.087727118174345309e-01 1.851635918570850303e-01 6.058623130939926743e-02 1.454774650160812199e-01
6.558112495195796976e-01 1.591594764705503706e-01 4.291984534037582982e-02 1.421094286694939979e-01
6.086608997940389232e-01 1.833096221306204643e-01 5.215226647461477377e-02 1.558772116007258457e-01
6.185013507408916311e-01 1.470257179296786121e-01 5.962256812692484642e-02 1.748503632025048826e-01
6.505926610352071870e-01 1.279227171160270682e-01 7.126935552303374777e-02 1.502152663257320109e-01
6.425720622570035845e-01 1.357805681579507540e-01 8.206744979394801909e-02 1.395799197910975731e-01
6.143475442416890253e-01 1.544903510250649759e-01 9.734203046572757756e-02 1.338200742675184907e-01
6.840188226635249835e-01 1.347804109375952963e-01 4.123593361593911460e-02 1.399648327829406402e-01
6.374070159771676458e-01 1.577482122388475794e-01 6.571076831885652725e-02 1.391340034651283308e-01
6.202825465042280939e-01 1.872934598785105376e-01 6.922675879348998140e-02 1.231972348237714010e-01
6.588390215102154501e-01 1.468926787727761196e-01 3.813915374039140299e-02 1.561291459766168954e-01
5.892974967945205922e-01 1.783459606257475072e-01 5.635719130555712914e-02 1.759993512741747368e-01
6.131929558396580493e-01 1.828053261795483386e-01 4.257342087884441462e-02 1.614282971019493917e-01
6.441371546280413307e-01 1.772861008016676787e-01 4.507394156654800227e-02 1.335028030037430646e-01
6.118043621645994357e-01 1.749302635930194694e-01 7.183708083128417798e-02 1.414282934110969725e-01
6.153492206338256887e-01 1.504029365304948573e-01 6.773003330827209734e-02 1.665178095274074122e-01
6.529778064746754040e-01 1.368646384197108046e-01 6.288734666325904166e-02 1.472702084423548607e-01
