4.836740724316115347e-01 9.323920248405946631e-02 3.749343174022354286e-01 4.815240768209355648e-02
4.334778747230141893e-01 1.581377625668027032e-01 3.719261967738755059e-01 3.645816593630753222e-02
4.559793613780592780e-01 1.279117494939432942e-01 3.749704309481941555e-01 4.113845817980328612e-02
5.174416924322456923e-01 1.615623180123804958e-01 2.824206165502406440e-01 3.857537300513318168e-02
4.272505535603602356e-01 1.161799454311106539e-01 4.056137628552712315e-01 5.095573815325780270e-02
4.586422599128319177e-01 1.175818463425149923e-01 3.512618130151274887e-01 7.251408072952561512e-02
4.394837265453084285e-01 1.198239191916764951e-01 4.018463377958169658e-01 3.884601646719802737e-02
4.877848852528473000e-01 1.534259689781200808e-01 3.185296880461929159e-01 4.025945772283966162e-02
4.666114403191762849e-01 1.464011036337072025e-01 3.514884266292334081e-01 3.549902941788309757e-02
4.840508059721194134e-01 1.157680801641634977e-01 3.735983678710154132e-01 2.658274599270159244e-02
4.128005961248576439e-01 1.395766931247994502e-01 3.558904571245403714e-01 9.173225362580253450e-02
4.453951061963308811e-01 1.507993483156543635e-01 3.798961266905410139e-01 2.390941879747384910e-02
4.013246009895861666e-01 1.553298917575569871e-01 3.591852635577164610e-01 8.416024369514028824e-02
4.144432110216319520e-01 1.429161384007676949e-01 4.010506633584302039e-01 4.158998721917021857e-02
4.814697343046059341e-01 1.219596568958571520e-01 3.474766456551826033e-01 4.909396314435428982e-02
4.704039827633018644e-01 1.645161253057225714e-01 3.344347840833757912e-01 3.064510784759954393e-02
4.982166060541031727e-01 1.203124391190599218e-01 3.364277562213209283e-01 4.504319860551588700e-02
5.119724015113246152e-01 8.745351392045074002e-02 3.551360067592888026e-01 4.543807780893579368e-02
4.448819688022488394e-01 1.271937398435120381e-01 4.021150687346157215e-01 2.580922261962331071e-02
5.112900365945507453e-01 1.214876723063594427e-01 3.322573705573870217e-01 3.496492054170265845e-02
4.550948628267053597e-01 1.651925916295721164e-01 3.180778459445794959e-01 6.163469959914300023e-02
4.988373328228883907e-01 1.345261650684317911e-01 3.166909000372982730e-01 4.994560207138151742e-02
4.701226937557290708e-01 9.982492490381197903e-02 3.713546538753212944e-01 5.869772746513780837e-02
4.857635130838049431e-01 7.678098981153945457e-02 3.683235696048171026e-01 6.913192749983862462e-02
5.146950399248546582e-01 1.217523793594168929e-01 3.323886030873258179e-01 3.116397762840255464e-02
4.798238198296411738e-01 1.340975775580476870e-01 3.477935105811470473e-01 3.828509203116424453e-02
4.781486111443362108e-01 1.554166200006495968e-01 3.320939120669355593e-01 3.434085678807861225e-02
4.707063199243349261e-01 1.622750215417521069e-01 3.247991393599970467e-01 4.221951917391583015e-02
4.075835629947192063e-01 1.495640885028041989e-01 4.137386691200399258e-01 2.911367938243661704e-02
5.160196702574548766e-01 1.061859741737733454e-01 3.476130304334683063e-01 3.018132513530336763e-02
4.288431539588025143e-01 1.454995199906141123e-01 3.516356164077263369e-01 7.402170964285692545e-02
4.568655346997456679e-01 1.071614534600855428e-01 3.668229315241715027e-01 6.915008031599725880e-02
4.675192367857457509e-01 1.538610886694846136e-01 3.310676847314512616e-01 4.755198981331842240e-02
4.586373423111622105e-01 1.455961642228505992e-01 3.322732989376313006e-01 6.349319452835575084e-02
4.711546477804415267e-01 1.927122257688711204e-01 3.081929712995397086e-01 2.794015515114750201e-02
4.576036443994765390e-01 1.215985171960567435e-01 3.625074769235770988e-01 5.829036148088943825e-02
5.184058435733899239e-01 1.466086168446736338e-01 2.960852607213481091e-01 3.890027886058851359e-02
4.508709420367072451e-01 1.318526669214718228e-01 3.766617001733793546e-01 4.061469086844170240e-02
4.789346670192723976e-01 9.060974379171363169e-02 3.815680784726176999e-01 4.888751071639626383e-02
4.750268129402941963e-01 1.198947859941591615e-01 3.817492180671840929e-01 2.332918299836254580e-02
4.694918603379519828e-01 1.263432500384142620e-01 3.618793645150445437e-01 4.228552510858917673e-02
5.042168379571739800e-01 1.223723464772676489e-01 3.247470970438868232e-01 4.866371852167129808e-02
5.668079838049292496e-01 1.275726311437328508e-01 2.668822976108078948e-01 3.873708744053010883e-02
4.606031323434583435e-01 1.465275929640676988e-01 3.104620721147617335e-01 8.240720257771212698e-02
5.380065118221215581e-01 1.371600468792706362e-01 2.801073924108168911e-01 4.472604888779094928e-02
3.815958923551545090e-01 1.672595495905656593e-01 4.107188538605329731e-01 4.042570419374667129e-02
4.575327645520287922e-01 1.123762864816018753e-01 3.819170405051674488e-01 4.817390846120175874e-02
4.658047966370645332e-01 1.420808526255829818e-01 3.471100408878778354e-01 4.500430984947483004e-02
4.683902048634425719e-01 1.039925997482464004e-01 3.598549506000620068e-01 6.776224478824906250e-02
4.645660280550648613e-01 1.176746884024757051e-01 3.916914808416095406e-01 2.606780270085007345e-02
4.445585971322744134e-01 1.327605028971485801e-01 3.829875474310909800e-01 3.969335253948579750e-02
4.265272873117639807e-01 1.278405053970152749e-01 3.924938423316214897e-01 5.313836495959923384e-02
4.082135837447846693e-01 1.270656177741020521e-01 3.862582941487698318e-01 7.846250433234333577e-02
4.729144477032040661e-01 1.098779944509465922e-01 3.728624556626759512e-01 4.434510218317340435e-02
4.602179301678003820e-01 1.264817168173562323e-01 3.619001085671147422e-01 5.140024444772878925e-02
4.840411368114164725e-01 1.196491723781585859e-01 3.520849491569382761e-01 4.422474165348667247e-02
4.466532702054400450e-01 1.234836168036363424e-01 3.749399034899081884e-01 5.492320950101534788e-02
4.556201057049430458e-01 1.343443881856325184e-01 3.603017468501966691e-01 4.973375925922771112e-02
4.639607916615409722e-01 1.782341541289463593e-01 3.152146258797038358e-01 4.259042832980886040e-02
4.730318837916891450e-01 1.425990780514329037e-01 3.503149053649038391e-01 3.405413279197408438e-02
4.770533777445022383e-01 1.434658060936157831e-01 3.311560975830501463e-01 4.832471857883170741e-02
5.097112149307282403e-01 1.023407067463362879e-01 3.267267851529290223e-01 6.122129317000626209e-02
5.027456228188333931e-01 1.402241438796548723e-01 3.280678460484552361e-01 2.896238725305649853e-02
4.383924159537991860e-01 1.265033095723180068e-01 4.153183300136164546e-01 1.978594446026633868e-02
4.553353444993410992e-01 1.262130776977232471e-01 3.558986673446259963e-01 6.255291045830949082e-02
4.785541686230139202e-01 1.075498407115823701e-01 3.688127016414334269e-01 4.508328902397030352e-02
4.920510801326362649e-01 1.286327926479285677e-01 2.913128696530376538e-01 8.800325756639761077e-02
4.446736639078971431e-01 1.507854000961008079e-01 3.368320280900367059e-01 6.770890790596535702e-02
4.951023605779878989e-01 9.668734859687205807e-02 3.588236285604143871e-01 4.938666226472569754e-02
4.757055108433568824e-01 1.474733345862736800e-01 3.217801888953734091e-01 5.504096567499595916e-02
3.914518289292466258e-01 1.835134076774540268e-01 3.655282124491654461e-01 5.950655094413390134e-02
4.476045339445479665e-01 1.805881646942957275e-01 3.337636655843637667e-01 3.804363577679235886e-02
4.184552146027117892e-01 1.330483898871429316e-01 4.228312759519916031e-01 2.566511955815365537e-02
4.811677575154475472e-01 1.160850011745249155e-01 3.592145302475110991e-01 4.353271106251639655e-02
4.584257365092809788e-01 1.595429559393266861e-01 3.610847144742674875e-01 2.094659307712480600e-02
5.065994074071372699e-01 1.531122714288337128e-01 3.100940796863719817e-01 3.019424147765698702e-02
5.065932826992181059e-01 1.250359710293936222e-01 3.247002493719657323e-01 4.367049689942258117e-02
4.912820745003586564e-01 1.265752210356921315e-01 3.223844849203926222e-01 5.975821954355663851e-02
5.055802784051161014e-01 1.471991587724117423e-01 3.162933833582430854e-01 3.092717946422913686e-02
4.499558831373847156e-01 1.422412243305958002e-01 3.679064431777312461e-01 3.989644935428823119e-02
4.108555327905608623e-01 1.763723899896729175e-01 3.455859269650856658e-01 6.718615025468074875e-02
4.477776395308125656e-01 1.397754036101809261e-01 3.629741279184592884e-01 4.947282894054724767e-02
4.396016235452127052e-01 1.627666251094098682e-01 3.720488122928031771e-01 2.558293905257413847e-02
4.669854132351285991e-01 1.266702181235604963e-01 3.839360688640609531e-01 2.240829977725001740e-02
5.181349534482100339e-01 1.101878027030517709e-01 3.143714795175524546e-01 5.730576433118565738e-02
4.010874959702264708e-01 1.579546925140787594e-01 3.994054898652076857e-01 4.155232165048700771e-02
4.486178639347730979e-01 1.507492024869191705e-01 3.556681996065560458e-01 4.496473397175167197e-02
4.597722889602235963e-01 1.187097401058764407e-01 3.825892500048106437e-01 3.892872092908938181e-02
4.225810818822321457e-01 1.415736638216272547e-01 4.049281164337928951e-01 3.091713786234766975e-02
4.692212198512790144e-01 1.387162458719705671e-01 3.577502343866447720e-01 3.431229989010567416e-02
4.604093456272785323e-01 1.508799146653972967e-01 3.552074920822336779e-01 3.350324762509056253e-02
4.096498104981222133e-01 1.333783192651772365e-01 4.199196363566821688e-01 3.705223388001843698e-02
5.044848290977901328e-01 1.240233101408771965e-01 3.420442160825067357e-01 2.944764467882612924e-02
4.591065730612033935e-01 1.232537318318385616e-01 3.918372751519834107e-01 2.580241995497473476e-02
4.756619193374775345e-01 1.526710282967994048e-01 3.435779143013755754e-01 2.808913806434744365e-02
4.594091000934071856e-01 1.571784984971913712e-01 3.424692606639292425e-01 4.094314074547220073e-02
4.098118034590586545e-01 1.434114437848353629e-01 4.035837922744976436e-01 4.319296048160823492e-02
4.698824407791632463e-01 1.303989834219656252e-01 3.609132084936237939e-01 3.880536730524736244e-02
4.871385789185571635e-01 1.285429041243509041e-01 3.437117925892306247e-01 4.060672436786134931e-02
4.403774837612945414e-01 1.700843100883577264e-01 3.450730121947240270e-01 4.446519395562385790e-02
4.661178572618916438e-01 1.404269349956408786e-01 3.517345602572726215e-01 4.172064748519481447e-02
4.876091752220663711e-01 1.236388347986170227e-01 3.475937457036460398e-01 4.115824427567048305e-02
5.013144931001797255e-01 1.191406409185979953e-01 3.180413117163355396e-01 6.150355426488670479e-02
4.860884457034238548e-01 1.163654859406415693e-01 3.624369986229073470e-01 3.510906973302729134e-02
4.746159808598766627e-01 1.400585747439253292e-01 3.374199479915876987e-01 4.790549640461009423e-02
4.202644432873344771e-01 1.589230227904850634e-01 3.746262441156788525e-01 4.618628980650153065e-02
4.473920434218815467e-01 1.559701444884006583e-01 3.445048040716834903e-01 5.213300801803422146e-02
4.943108263295449278e-01 1.294847561968404115e-01 3.412639599502544363e-01 3.494045752336025906e-02
4.537088094031085372e-01 1.290306285533843189e-01 3.707969955263231143e-01 4.646356651718424463e-02
5.175365088260068802e-01 1.048333459932115491e-01 3.243110993394811015e-01 5.331904584130049696e-02
4.703814388930993018e-01 1.355381744164001478e-01 3.773310411699235534e-01 1.674934552057690679e-02
4.880812224951640577e-01 1.205400828305935312e-01 3.429143701425641511e-01 4.846432453167816984e-02
4.138781476908848789e-01 1.296275654245145070e-01 3.987800014847512342e-01 5.771428539984954642e-02
5.312225169397605251e-01 1.234929262796380656e-01 3.073061559759072692e-01 3.797840080469414709e-02
4.427579199138952926e-01 1.673658457911368636e-01 3.348545294982834819e-01 5.502170479668418851e-02
4.810679077761723654e-01 1.607173651269397374e-01 3.174887075965319161e-01 4.072601950035587698e-02
5.143268040196112834e-01 1.305896393862033822e-01 3.132414164270297952e-01 4.184214016715546297e-02
4.982448891944015745e-01 1.349760642032556412e-01 3.453428445218585940e-01 2.143620208048415895e-02
4.219201256510646258e-01 1.618837298703289795e-01 3.697742182940954025e-01 4.642192618451124186e-02
5.052365651997900997e-01 1.138200081482727138e-01 3.373001364289163750e-01 4.364329022302083222e-02
4.429542769325563456e-01 1.653582557708951351e-01 3.433136110777044725e-01 4.837385621884388726e-02
4.583823503652489917e-01 1.237568007663889941e-01 3.347479533694221465e-01 8.311289549893970119e-02
4.720268085462796526e-01 1.147868819457715656e-01 3.574699836127369634e-01 5.571632589521186701e-02
4.728232073565851179e-01 1.385993749188666468e-01 3.494989106714074256e-01 3.907850705314068473e-02
4.633089125171078182e-01 1.295112422521969564e-01 3.875560420041328502e-01 1.962380322656234050e-02
4.932518560805894126e-01 1.022989282724021121e-01 3.509338919836995085e-01 5.351532366330910562e-02
4.619935285993959084e-01 1.314379796760759556e-01 3.738387837384622991e-01 3.272970798606572584e-02
4.456371595255888551e-01 1.332056030828652482e-01 3.922121362711104564e-01 2.894510112043551311e-02
4.923025875442084698e-01 1.157158736872904020e-01 3.544056107649728449e-01 3.757592800352826251e-02
4.492056244819337962e-01 1.651106507330976358e-01 3.273996044381808912e-01 5.828412034678764203e-02
4.972078617910888898e-01 8.651125315885116462e-02 3.462974098547269564e-01 6.998347519533289207e-02
4.530684046976951040e-01 1.679597407736688197e-01 3.580699405834791849e-01 2.090191394515679424e-02
4.597733896599492387e-01 1.368225434512655714e-01 3.596034267874820833e-01 4.380064010130324537e-02
4.411709595271797180e-01 1.434183236881970136e-01 3.853968132971541949e-01 3.001390348746902151e-02
4.454214490899289780e-01 1.064166386620850613e-01 4.151686857495977545e-01 3.299322649838818539e-02
4.486769177624769234e-01 1.630221539202995062e-01 3.520365986046526952e-01 3.626432971257075033e-02
3.929945131425067184e-01 1.484313740400352022e-01 4.128026585597904807e-01 4.577145425766764725e-02
4.371313488148921289e-01 1.634696455267728998e-01 3.447931053633117027e-01 5.460590029502317144e-02
4.247986868482273581e-01 1.914395734762713019e-01 3.552816945750805755e-01 2.848004510042064993e-02
4.016945096011242944e-01 1.926804530667306503e-01 3.454373196525139522e-01 6.018771767963122105e-02
4.708591881561385306e-01 1.223904532938973611e-01 3.748422305774995467e-01 3.190812797246462412e-02
4.549470423496847493e-01 1.226144443936161288e-01 3.773649545623433132e-01 4.507355869435573925e-02
4.487823912551804906e-01 1.581849081960011172e-01 3.748627459524082606e-01 1.816995459641021146e-02
4.927544648553842110e-01 1.253856883741756301e-01 3.300176358895557382e-01 5.184221088088426105e-02
4.750262444261493244e-01 1.698308633130142242e-01 3.084566143924626913e-01 4.668627786837360738e-02
5.255185166535708552e-01 1.563749671247351425e-01 2.516449755981263192e-01 6.646154062356764147e-02
4.845514414395871716e-01 1.344548078322848894e-01 3.302472595771046571e-01 5.074649115102336516e-02
4.989573490212760865e-01 1.366893436096636993e-01 3.117977322466645718e-01 5.255557512239557999e-02
4.526632001928874161e-01 1.758189643298126159e-01 3.197636392252316551e-01 5.175419625206836155e-02
4.635631571079623647e-01 1.439088937638246524e-01 3.475579890189783305e-01 4.496996010923482584e-02
4.482780828975307386e-01 1.322949385347558515e-01 3.831667442165073156e-01 3.626023435120612898e-02
4.378090179639225754e-01 1.528737317189021172e-01 3.562883682966448418e-01 5.302888202053043787e-02
4.664941647692783522e-01 1.615573089449423572e-01 3.306003467792172357e-01 4.134817950656217989e-02
5.298512833919246656e-01 1.461556504000464107e-01 2.845079496705947286e-01 3.948511653743410482e-02
4.377783561625892550e-01 1.503973143009577074e-01 3.785064310033710022e-01 3.331789853308195215e-02
4.960588134190154208e-01 1.360004002604273399e-01 3.153884638137342544e-01 5.255232250682310285e-02
4.706874724976277680e-01 1.002967496873572451e-01 4.040309840402276920e-01 2.498479377478733318e-02
4.601697589207324746e-01 1.407052161476211594e-01 3.523596090862103347e-01 4.676541584543585789e-02
5.090755837359702829e-01 1.223635203261892179e-01 3.453607248793005291e-01 2.320017105853991110e-02
4.432419278335906765e-01 1.475054270794486921e-01 3.711955488562583283e-01 3.805709623070240716e-02
4.610129808187059530e-01 1.379235160847873398e-01 3.592377117139508025e-01 4.182579138255601570e-02
4.704050340262487806e-01 1.205251744191791624e-01 3.576421797796422997e-01 5.142761177492972263e-02
4.148025122095611028e-01 1.996663894718950505e-01 3.422072702184136839e-01 4.332382810013033630e-02
5.028192512007111370e-01 1.462289846506134861e-01 3.140473756304014152e-01 3.690438851827390621e-02
4.740159979294036874e-01 1.579513799547651309e-01 3.383264807330617074e-01 2.970614138276938404e-02
4.566643183212502066e-01 1.828833174106555270e-01 3.213484227335166588e-01 3.910394153457760757e-02
3.921897612211385220e-01 1.299281493408575017e-01 4.408907753439610944e-01 3.699131409404284726e-02
4.482537150956802385e-01 1.477279388012060213e-01 3.728158970594309674e-01 3.120244904368281100e-02
4.458500740262951734e-01 1.316996142729151276e-01 3.756776954011764591e-01 4.677261629961322609e-02
4.665799237541404798e-01 1.173663445947299017e-01 3.797462875644809777e-01 3.630744408664861311e-02
4.843494623218697614e-01 1.090363259053985651e-01 3.243681774663330630e-01 8.224603430639865209e-02
4.629660788154786322e-01 1.170270408411373392e-01 3.715746223820035610e-01 4.843225796138051625e-02
4.691273376239045723e-01 1.303692996260445158e-01 3.716978201811961258e-01 2.880554256885480696e-02
4.679109052550831094e-01 1.134474120585817758e-01 3.798306099762571719e-01 3.881107271007804005e-02
4.551493536112616867e-01 1.531677635752954625e-01 3.541122249499255026e-01 3.757065786351735520e-02
5.020230862664157856e-01 1.257754460022096343e-01 3.335288800165604473e-01 3.867258771481409119e-02
3.956318974616181428e-01 1.551287384001792113e-01 4.032656077144265439e-01 4.597375642377609511e-02
5.179109390744491837e-01 1.529764622791281725e-01 3.107488934463041863e-01 1.836370520011829793e-02
5.426989574876266431e-01 1.328005499550243829e-01 3.089998517129229905e-01 1.550064084442592978e-02
4.929835754952889282e-01 1.176000810841776739e-01 3.494365517796654830e-01 3.997979164086797738e-02
4.943967559140299839e-01 1.577769493894519703e-01 3.028976375477616667e-01 4.492865714875649702e-02
4.591163953600532199e-01 1.548627431328026272e-01 3.413543019973906412e-01 4.466655950975349093e-02
4.201741075833191341e-01 1.269013739630018567e-01 3.964980533599858914e-01 5.642646509369311780e-02
5.106062253076183444e-01 1.262506534471035391e-01 3.274416343287162023e-01 3.570148691656194195e-02
4.775577161280669114e-01 1.052431228206367197e-01 3.827031395270145686e-01 3.449602152428184881e-02
4.246345116418134835e-01 1.566111431799258880e-01 3.803054975117263203e-01 3.844884766653441227e-02
5.139437527679933115e-01 1.545790010350807653e-01 3.029370226080987938e-01 2.854022358882694552e-02
4.119229480106406105e-01 1.134148264147107621e-01 4.255979978905642946e-01 4.906422768408433971e-02
4.695807620153439887e-01 1.413443902141456876e-01 3.347222390472532338e-01 5.435260872325704817e-02
5.090673747132195004e-01 1.415226068754723288e-01 3.108569988114320837e-01 3.855301959987625371e-02
4.617446904325945845e-01 1.364517512186385895e-01 3.731140173130247928e-01 2.868954103574200207e-02
4.304625204039896347e-01 1.500825242024623751e-01 3.742938750323279717e-01 4.516108036122020580e-02
4.510392680816919797e-01 1.044910909298112783e-01 3.974833432589277571e-01 4.698629772956885997e-02
4.200822215332622456e-01 1.550112920163114749e-01 3.745677458892237577e-01 5.033874056120260509e-02
4.478629594417134485e-01 1.372161132403683648e-01 3.648875941930196931e-01 5.003333312489849360e-02
4.629027928841235040e-01 1.646344980619213194e-01 3.431424763068110506e-01 2.932023274714415720e-02
4.279752301961362027e-01 1.609710466056275269e-01 3.753714119601745947e-01 3.568231123806180072e-02
4.498089774006934216e-01 1.227285956395442468e-01 3.694524939874876401e-01 5.800993297227483719e-02
4.501933323482542049e-01 1.685602758311227911e-01 3.518217251044253868e-01 2.942466671619750965e-02
4.631109843065441267e-01 1.010665446592746292e-01 3.728007078901792726e-01 6.302176314400197155e-02
4.736534333422396381e-01 1.234546574153808779e-01 3.525571909272188220e-01 5.033471831516068973e-02
4.327506738390856089e-01 1.872295230866516391e-01 3.473597649177903590e-01 3.266003815647251785e-02
5.223434240916600135e-01 1.064735876650039909e-01 3.375149023737878951e-01 3.366808586954816301e-02
4.260151299069450115e-01 1.330024401970493209e-01 3.858996174655048850e-01 5.508281243050067166e-02
4.522837067804265643e-01 1.603480781058140570e-01 3.454825517841477733e-01 4.188566332961157768e-02
4.611557540054743720e-01 1.127102608614559964e-01 3.923345264901121343e-01 3.379945864295744867e-02
4.988193520798691050e-01 1.117150056332340269e-01 3.579174808783175399e-01 3.154816140857930051e-02
4.544362373360940621e-01 1.673888131985031558e-01 3.565410462338070019e-01 2.163390323159611675e-02
5.054285604444115343e-01 1.223976024086952386e-01 3.298540363746801929e-01 4.231980077221297876e-02
4.237108355128085813e-01 1.043990092603018643e-01 4.288342712486477581e-01 4.305588397824189340e-02
4.770029574700711539e-01 1.298147509211591555e-01 3.145834791523968721e-01 7.859881245637283242e-02
5.176597488224115029e-01 1.234535007193661021e-01 3.184913774870840042e-01 4.039537297113854342e-02
4.932352071588198550e-01 1.573298672740072457e-01 3.137099609956801594e-01 3.572496457149281629e-02
4.919241363060472549e-01 1.278889720000018215e-01 3.558778908157251286e-01 2.430900087822576022e-02
4.307307686066043639e-01 1.410175679037257712e-01 3.850894872591329454e-01 4.316217623053702351e-02
4.347645919323673835e-01 1.814205768444289435e-01 3.479311671446778109e-01 3.588366407852589673e-02
4.521769597472372615e-01 1.485505289322858191e-01 3.738740870002528749e-01 2.539842432022408961e-02
4.600864969101933211e-01 1.592092555791775887e-01 3.377063145494447749e-01 4.299793296118446101e-02
4.573983050120591365e-01 1.332685338485736226e-01 3.826645476553157121e-01 2.666861348405165713e-02
4.809363664785308301e-01 1.112287654099186895e-01 3.742754932066643669e-01 3.355937490488618280e-02
4.860743803923536777e-01 1.447964206086877204e-01 3.258039807420957668e-01 4.332521825686270339e-02
4.586102646662083560e-01 1.403688757926240815e-01 3.399176934523300830e-01 6.110316608883736150e-02
4.912109117669704594e-01 1.520027214098556012e-01 3.236639508270219290e-01 3.312241599615204507e-02
4.274162487948108269e-01 2.077235762636895078e-01 3.287172777172444604e-01 3.614289722425524654e-02
5.138308114880580924e-01 1.297388720950422014e-01 3.056528661215340836e-01 5.077745029536562954e-02
4.440451989750164863e-01 1.110623190006136130e-01 3.764138749746101520e-01 6.847860704975966550e-02
4.400581995723720774e-01 1.343550711786185570e-01 3.699242764703038477e-01 5.566245277870532360e-02
4.934221658079382400e-01 1.564032806703636036e-01 3.168226935700634850e-01 3.335185995163470613e-02
4.289764277351063027e-01 1.242396893730844942e-01 4.056054298622578380e-01 4.117845302955151082e-02
4.738707902219110868e-01 1.496138201647640165e-01 3.339254135109417931e-01 4.258997610238311748e-02
4.857100815687263595e-01 1.124898105652940433e-01 3.514560557441619437e-01 5.034405212181770894e-02
4.729481705817499826e-01 1.556370153471938744e-01 3.356056818514889795e-01 3.580913221956732312e-02
4.399588272145883994e-01 1.257572003869789345e-01 3.727616323586792624e-01 6.152234003975345228e-02
4.447732581456904088e-01 1.417218175468087094e-01 3.685959325096328509e-01 4.490899179786818352e-02
4.966099275331079532e-01 1.617164003785281357e-01 3.110344773680822072e-01 3.063919472028154775e-02
4.678598451735495045e-01 1.321178823539645719e-01 3.446599777074552118e-01 5.536229476503067015e-02
4.820977668639227498e-01 1.575930830431479246e-01 3.178382388693736238e-01 4.247091122355570875e-02
4.795386550995359709e-01 1.347659347993153400e-01 3.475693514293087261e-01 3.812605867183982422e-02
3.854303240220902649e-01 1.814727853607420727e-01 3.761835478215910800e-01 5.691334279557660331e-02
4.145995053184514667e-01 1.490164576254359163e-01 4.002944588836661044e-01 3.608957817244651950e-02
4.608464232487832213e-01 1.463905816207206612e-01 3.494181322319291350e-01 4.334486289856705893e-02
5.044031818488002861e-01 1.191749843304650280e-01 3.267109865965929227e-01 4.971084722414174928e-02
5.042243980212895993e-01 1.595620759211526796e-01 3.016132992709201766e-01 3.460022678663777357e-02
4.701941315070651273e-01 1.395472149715680510e-01 3.339622852672291531e-01 5.629636825413754375e-02
5.191134663083016854e-01 1.016058585182684215e-01 3.547823953441848754e-01 2.449827982924514258e-02
4.573688235304775862e-01 1.882908201662113479e-01 3.205082705983379188e-01 3.383208570497321654e-02
4.768169074697540810e-01 1.551823305857294444e-01 3.194935091301547292e-01 4.850725281436178010e-02
4.287769747706468015e-01 1.997709003192255639e-01 3.340903083838177579e-01 3.736181652630976568e-02
4.899807746799602071e-01 1.389241138939125708e-01 3.203384719475261821e-01 5.075663947860097752e-02
4.912236501285080492e-01 1.407374910070564589e-01 3.415340183562191601e-01 2.650484050821625900e-02
4.351796891146034740e-01 1.188286298905143895e-01 4.034629343199183649e-01 4.252874667496375771e-02
4.277810843793588003e-01 1.252911161560238684e-01 3.762571795544348285e-01 7.067061991018240563e-02
4.072888547404530657e-01 1.666452573385121261e-01 3.805099969364452162e-01 4.555589098458967534e-02
4.305174517748442398e-01 1.550562841833212635e-01 3.714885455152253657e-01 4.293771852660915878e-02
4.868833947984873012e-01 1.290234051656137526e-01 3.272198055626449054e-01 5.687339447325388125e-02
4.126596693458183807e-01 1.255823434203027222e-01 4.094628054143075735e-01 5.229518181957130279e-02
5.202696652179104042e-01 1.481288330052597801e-01 2.986295507073323807e-01 3.297195106949744187e-02
5.000827242214157531e-01 1.071264047614161885e-01 3.528470831648213846e-01 3.994378785234659057e-02
4.220739488413863261e-01 1.351366754598410103e-01 4.003434524475484313e-01 4.244592325122413523e-02
4.878227692831424434e-01 1.257883617655397579e-01 3.338847379547479344e-01 5.250413099656996152e-02
4.539824167483185735e-01 1.418847219010036798e-01 3.457519190225903372e-01 5.838094232808755529e-02
5.197352047332074454e-01 1.122011230787413050e-01 3.104078970465305454e-01 5.765577514152074590e-02
4.930497912732721977e-01 1.602841719030832501e-01 3.085240368727618088e-01 3.814199995088281975e-02
5.187975971061404845e-01 1.234902810543479917e-01 3.103006784978271093e-01 4.741144334168446994e-02
4.036134240389473438e-01 1.159924710251223345e-01 4.085607434563032769e-01 7.183336147962712803e-02
4.834930682115411993e-01 8.691333187631650192e-02 4.049582632507056079e-01 2.463533666143678108e-02
4.860074320195152953e-01 1.572536419687479425e-01 3.314043397971652150e-01 2.533458621457145010e-02
5.544167681978831030e-01 9.918578950376415182e-02 3.144144114470167062e-01 3.198303085133606671e-02
4.730736956157822193e-01 1.101473909845459009e-01 3.669200010925100508e-01 4.985891230716187061e-02
4.124546391552691982e-01 1.469448810556712448e-01 4.080585348067881646e-01 3.254194498227128834e-02
4.599226071077593403e-01 1.586120935241980556e-01 3.232599874924706462e-01 5.820531187557204111e-02
4.890266516751161086e-01 1.337959178446579689e-01 3.428758275909778441e-01 3.430160288924808537e-02
5.053553641074489677e-01 1.165600356374419944e-01 3.239711440218439042e-01 5.411345623326516141e-02
4.434375363721614338e-01 1.234827861082017642e-01 4.146075216976634059e-01 1.847215582197326428e-02
5.540139213807105945e-01 1.042355293026706597e-01 3.265012297789542384e-01 1.524931953766448835e-02
4.850533318721675369e-01 1.376294175088111360e-01 3.435152312583839573e-01 3.380201936063741835e-02
4.690336150954845240e-01 1.467248016811943945e-01 3.513346495095751032e-01 3.290693371374615178e-02
5.147732726608090781e-01 1.093549169046799524e-01 3.392135071517085043e-01 3.665830328280229172e-02
4.468215319799399565e-01 1.253887609267007319e-01 3.967327905377676656e-01 3.105691655559155925e-02
4.347268423555553651e-01 1.415060045366598740e-01 3.823234713316367994e-01 4.144368177614794063e-02
4.295025321781504868e-01 1.792659418909672009e-01 3.509424671916890337e-01 4.028905873919326475e-02
4.339174677737945296e-01 1.922532856293091008e-01 3.513403362045612321e-01 2.248891039233521724e-02
4.825428955363689210e-01 1.345146825153265835e-01 3.531732710745792425e-01 2.976915087372518365e-02
4.854484279255166790e-01 1.180009048517931119e-01 3.479707160298836643e-01 4.857995119280637125e-02
4.887266589808149098e-01 1.155413757750232973e-01 3.412797645055968276e-01 5.445220073856481269e-02
5.005623621337977891e-01 1.151914407781471361e-01 3.347925608352953497e-01 4.945363625275980834e-02
4.829818438347405762e-01 1.337312600056233536e-01 3.181186919564986670e-01 6.516820420313736151e-02
4.741502514430901982e-01 1.232940432732465008e-01 3.831031514669737681e-01 1.945255381668945655e-02
5.143107317912091192e-01 1.453423808983285159e-01 2.865553875593739308e-01 5.379149975108843407e-02
4.522081125153823988e-01 1.298719291313035484e-01 3.842009054552819602e-01 3.371905289803207861e-02
4.420918265312607232e-01 1.305523613234824409e-01 3.788634942441802544e-01 4.849231790107660228e-02
4.688958947497113283e-01 1.368313292073417009e-01 3.337367838713482526e-01 6.053599217159880141e-02
4.675712375280311472e-01 1.126705239291923427e-01 3.670179750514271366e-01 5.274026349134959546e-02
4.797947801637920673e-01 1.304249103919084274e-01 3.433573298329708479e-01 4.642297961132871298e-02
4.769622065609770423e-01 1.136771181510811968e-01 3.544005952081022981e-01 5.496008007983932409e-02
5.143483209907125930e-01 9.833376429712363531e-02 3.505312541756501754e-01 3.678666053651363788e-02
4.522635053246975012e-01 1.166658402015396528e-01 3.970550855231367304e-01 3.401556895062596980e-02
4.642361821643303799e-01 1.457289147432236642e-01 3.582831338063254822e-01 3.175176928612034877e-02
4.348201974503158596e-01 1.732019458173459925e-01 3.487808187320483588e-01 4.319703800028973362e-02
4.473181333075600952e-01 1.557295153448979563e-01 3.589686213656666514e-01 3.798372998187546368e-02
4.987409053572099960e-01 1.536613335912836720e-01 3.062401985360930778e-01 4.135756251541317097e-02
4.590650875881854276e-01 1.450099356515893445e-01 3.503258110911331991e-01 4.559916566909200802e-02
4.813188483332593304e-01 1.344011195969525285e-01 3.525801198766479461e-01 3.169991219314013953e-02
4.408847194989027884e-01 1.373188916151161787e-01 3.695783777879925736e-01 5.221801109798842461e-02
4.710922449658965783e-01 1.474784144726603297e-01 3.430915554168462722e-01 3.833778514459679904e-02
4.684858015846981583e-01 1.133143856592660342e-01 3.531518603962016667e-01 6.504795235983409918e-02
4.820942698971891760e-01 1.336729062024092640e-01 3.477133970097196491e-01 3.651942689068180675e-02
4.943502794415204349e-01 1.348737021412215742e-01 3.263458197581018960e-01 4.443019865915603939e-02
3.904274761358637047e-01 1.752055257077643757e-01 3.864632689716983593e-01 4.790372918467356717e-02
5.580339049917458771e-01 1.228352268601283215e-01 2.897506685767325396e-01 2.938019957139315769e-02
4.742018555725027174e-01 1.321614378622804342e-01 3.441416490554150553e-01 4.949505750980175839e-02
4.587036255721992362e-01 1.441369539250428045e-01 3.636623621403961004e-01 3.349705836236167161e-02
4.397670485741571600e-01 1.271984616376832522e-01 3.883531128620496542e-01 4.468137692610994749e-02
4.631877966659375678e-01 1.260827651282698803e-01 3.658958159548310607e-01 4.483362225096139408e-02
5.266780478653100284e-01 1.081369560393951185e-01 3.184979629291808112e-01 4.668703316611418075e-02
4.335952322574118112e-01 1.424126885633343609e-01 3.636919099634812746e-01 6.030016921577250472e-02
4.460182456115627248e-01 1.378969993156676233e-01 3.874984274256960126e-01 2.858632764707353183e-02
4.417454947623874473e-01 1.435427860565040570e-01 3.576646161530261936e-01 5.704710302808226052e-02
4.892197000268388440e-01 1.008166635920912102e-01 3.638104521577701367e-01 4.615318422329978826e-02
4.337846188963597749e-01 1.675121412407728771e-01 3.537377490496969035e-01 4.496549081317043756e-02
4.839174254181869972e-01 1.431204692787101940e-01 3.269457860485914802e-01 4.601631925451139110e-02
4.908119196939728646e-01 1.207675021942207216e-01 3.361427268756717046e-01 5.227785123613466062e-02
5.077787595184676261e-01 1.489333534976039208e-01 3.008425905129264444e-01 4.244529647100225844e-02
4.604893334382686443e-01 1.543865999509006215e-01 3.306488323594046763e-01 5.447523425142604403e-02
4.384732670960316270e-01 1.503019056572288958e-01 3.745539505152530868e-01 3.667087673148644589e-02
3.910704128975477922e-01 1.785749239432961599e-01 4.068964650138400807e-01 2.345819814531581796e-02
4.237214738030332661e-01 1.194930449233499031e-01 3.841790038944289387e-01 7.260647737918791977e-02
4.651595059862727588e-01 1.516595745021571406e-01 3.358115466364213764e-01 4.736937287514874501e-02
4.671281659156435451e-01 1.670062901142302381e-01 3.294320091504118198e-01 3.643353481971438323e-02
4.988913141613171010e-01 1.172845318039110601e-01 3.338818673114957725e-01 4.994228672327605950e-02
5.285818120748236870e-01 9.212567813521994886e-02 3.308799585157593537e-01 4.841255127419692023e-02
5.144289409572826433e-01 1.322647628407744580e-01 3.125939499960350698e-01 4.071234620590793302e-02
4.693310353497097132e-01 1.649563254655406486e-01 3.193757095354750608e-01 4.633692964927474400e-02
4.731321293262201744e-01 1.392702662143336101e-01 3.523691355193754871e-01 3.522846894007056889e-02
4.694823907053357059e-01 1.425336885693085642e-01 3.220870435364978634e-01 6.589687718885792189e-02
4.194195538386312760e-01 1.997210303723039593e-01 3.305302836978338266e-01 5.032913209123088955e-02
5.022457257750577719e-01 1.323650673120126409e-01 3.129038485247210288e-01 5.248535838820855143e-02
4.706112263547723717e-01 1.574800545388151674e-01 3.383767058749864720e-01 3.353201323142608603e-02
4.171236652016892532e-01 1.623040888500976164e-01 4.031239694672641427e-01 1.744827648094883846e-02
4.592277746740887623e-01 1.352978573894603465e-01 3.671529193848068751e-01 3.832144855164407171e-02
4.604054506864281304e-01 9.632969365604231171e-02 3.946546345120367505e-01 4.861022114549280043e-02
4.432944774555956924e-01 1.730928412478995870e-01 3.589239175063239640e-01 2.468876379018083989e-02
4.663430174527071204e-01 1.399184036200711856e-01 3.573364916362091748e-01 3.640208729101244295e-02
5.141951564222475568e-01 1.312375290950227591e-01 3.317658048586668018e-01 2.280150962406297596e-02
4.821543692898034861e-01 1.411901699167314450e-01 3.363677898397166022e-01 4.028767095374847368e-02
5.223949556164917407e-01 1.542361713165662784e-01 2.764300966853246999e-01 4.693877638161710747e-02
4.705648419318375630e-01 1.329582817259541694e-01 3.406579288159093388e-01 5.581894752629899814e-02
4.678654063409047881e-01 1.433540546862126785e-01 3.438028884642849725e-01 4.497765050859769964e-02
4.064573143207606543e-01 1.535812934408420927e-01 3.906605004594614905e-01 4.930089177893581115e-02
4.283749533246984931e-01 1.938811707160400244e-01 3.284367162434979059e-01 4.930715971576352802e-02
4.492921941364143579e-01 1.626237438100996135e-01 3.375726356068691758e-01 5.051142644661693604e-02
4.786146717892870162e-01 1.217991280396739928e-01 3.667468612147894436e-01 3.283933895624965849e-02
3.945835270628602065e-01 1.275979831414913168e-01 4.278700937167699836e-01 4.994839607887850003e-02
4.497609617263526038e-01 1.628681030731522206e-01 3.590320066850447578e-01 2.833892851545037270e-02
4.954135392335782817e-01 1.137484393103151692e-01 3.626827531195340737e-01 2.815526833657251357e-02
4.907930675880968208e-01 1.301594785336852300e-01 3.344066701741450487e-01 4.464078370407290053e-02
4.669506303777692935e-01 1.222731863299145183e-01 3.917819038645612983e-01 1.899427942775483436e-02
4.727125804849395818e-01 1.362758951207784786e-01 3.468238137254039954e-01 4.418771066887785398e-02
4.654504156862630526e-01 1.704172230705533475e-01 3.132764090582106919e-01 5.085595218497283854e-02
4.765683020676804160e-01 1.110372167208813349e-01 3.780370270546425382e-01 3.435745415679578030e-02
4.786074175476637271e-01 1.071302395557587883e-01 3.731305842163281095e-01 4.113175868024939591e-02
4.281531007944878731e-01 1.437545325739262858e-01 3.926482693838835303e-01 3.544409724770219983e-02
4.501235426705654241e-01 1.570354922267342135e-01 3.616928491299629678e-01 3.114811597273744320e-02
4.974005531360302657e-01 1.350367398820938591e-01 3.269177223788459763e-01 4.064498460302980176e-02
4.845990105207018672e-01 1.315448765171599310e-01 3.531847746506340258e-01 3.067133831150411355e-02
4.024413796092567996e-01 1.451124707464119534e-01 3.974620353147423346e-01 5.498411432958902334e-02
4.423943381096298588e-01 1.463860481354438137e-01 3.622736271046110290e-01 4.894598665031534013e-02
4.374639421396112060e-01 1.415869352132742565e-01 3.674713554047620012e-01 5.347776724235241835e-02
4.510454088713919396e-01 1.342751990239914039e-01 3.744738076613464695e-01 4.020558444327027026e-02
4.338565806471300634e-01 1.366035834098315305e-01 3.561143874953229260e-01 7.342544844771552170e-02
4.444970478338736708e-01 1.190713068929796781e-01 4.162147450420389805e-01 2.021690023110775392e-02
4.968151567754977571e-01 1.222552585163874245e-01 3.333125786094870424e-01 4.761700609862782457e-02
5.303978964319765455e-01 1.261908267983796461e-01 2.946099208069006270e-01 4.880135596274323695e-02
4.766275602846729020e-01 1.466029215162991672e-01 3.492368523565582139e-01 2.753266584246986254e-02
4.495595915615753224e-01 1.458905407355521877e-01 3.722370499036576352e-01 3.231281779921475750e-02
4.753891195192840313e-01 1.447278298343921410e-01 3.470586585512193678e-01 3.282439209510424477e-02
4.762919893910463887e-01 1.339543244460674187e-01 3.383367559736767949e-01 5.141693018920951569e-02
4.486862851729425117e-01 1.392098442322162177e-01 3.674194480389383899e-01 4.468442255590264478e-02
4.784007478869128360e-01 1.459503571750764561e-01 3.388043152798307922e-01 3.684457965817973524e-02
4.736288761076474230e-01 9.731782164520777489e-02 3.477875363077622684e-01 8.126576593938268644e-02
4.450229899462130878e-01 1.583753639110296041e-01 3.682489869859665310e-01 2.835265915679091239e-02
4.354114939693486397e-01 1.417020577144255666e-01 3.860575584384408065e-01 3.682888987778491080e-02
4.596908865041148262e-01 1.728609100663285048e-01 3.183871358065693546e-01 4.906106762298721030e-02
4.334137166249783513e-01 1.817439432776236652e-01 3.295396845161978061e-01 5.530265558120004560e-02
5.288373114481702553e-01 8.246527292456594382e-02 3.545257229595815684e-01 3.417169266768212144e-02
5.177461439079312777e-01 1.291286441341390478e-01 3.170308172799807256e-01 3.609439467794888640e-02
4.736117010024210039e-01 1.316990894851383376e-01 3.506208680847586745e-01 4.406834142768190077e-02
4.026407452932848074e-01 1.575889849404978060e-01 3.846145746642614660e-01 5.515569510195606623e-02
4.776064282940015171e-01 1.178095679242102400e-01 3.817900835952774408e-01 2.279392018651084026e-02
4.929061495458160747e-01 1.245154762051163960e-01 3.418068248728139968e-01 4.077154937625359493e-02
5.162829029785388490e-01 1.106173470924190355e-01 3.291672486385231466e-01 4.393250129051895492e-02
5.066437080931862624e-01 1.089809546392887379e-01 3.535584768967201530e-01 3.081686037080491949e-02
4.805552950527621769e-01 1.259020763294950718e-01 3.557205688097495044e-01 3.782205980799330236e-02
4.782928105013649622e-01 1.235691914959377441e-01 3.642290701129244357e-01 3.390892788977287881e-02
5.111901013349409162e-01 1.028211195581213849e-01 3.360594057840251003e-01 4.992937332291272345e-02
4.442294312203508011e-01 1.372262403722487034e-01 3.810068332128630497e-01 3.753749519453757066e-02
4.822865333913737840e-01 1.398446725703500759e-01 3.447708092929791523e-01 3.309798474529704326e-02
4.733559301098681504e-01 1.385084197235958714e-01 3.397896614573758245e-01 4.834598870916012592e-02
4.824811925273811419e-01 1.566840737893697155e-01 3.165164919573083546e-01 4.431824172594078098e-02
4.550801177125791130e-01 1.634152407667963935e-01 3.415739202829589649e-01 3.993072123766547993e-02
