1.101578368130613494e-01 7.760110029512735930e-02 1.741832942961992758e-01 6.380577685956119183e-01
1.359298650228230876e-01 6.122695061929479821e-02 1.359362780562031192e-01 6.669069063016788146e-01
1.091493321888424711e-01 4.342584457766909128e-02 1.982625891650513505e-01 6.491622340684370940e-01
9.903232243538057089e-02 3.267399254555208160e-02 2.250422708301307306e-01 6.432514141889367210e-01
1.795575377984215126e-01 5.207539208324171720e-02 1.792523323226573040e-01 5.891147377956794662e-01
1.103057452212954370e-01 2.701472572930921356e-02 2.268837404639430233e-01 6.357957885854523816e-01
1.306328753026958500e-01 2.393464360787357637e-02 2.308865588340707764e-01 6.145459222553597556e-01
1.250439935257019741e-01 3.905656129952067568e-02 2.586812812905626147e-01 5.772181638842147633e-01
9.664982580869675710e-02 5.839513334947657452e-02 2.197277382924679723e-01 6.252273025493587655e-01
1.424431314459868314e-01 2.962204815362199858e-02 2.033770079169232303e-01 6.245578124834678668e-01
1.379134047815452346e-01 3.467975601249949358e-02 2.297418320487196741e-01 5.976650071572355838e-01
9.410843111560551755e-02 2.130443531972166238e-02 2.622549400702653410e-01 6.223321934944073819e-01
1.624273167573567211e-01 5.155765103740202887e-02 2.116645537734039295e-01 5.743504784318372858e-01
1.149107485402094259e-01 2.478982102280975763e-02 2.154041768328076034e-01 6.448952536041732131e-01
1.053251373157856052e-01 4.004702837565538021e-02 2.466518101260877782e-01 6.079760241824712086e-01
1.321808198931172795e-01 3.498362984082146326e-02 2.746912314408637701e-01 5.581443188251973275e-01
1.375349222307550023e-01 4.322757670631927063e-02 2.512219960689680009e-01 5.680155049939576983e-01
1.507247219436263774e-01 2.279453313763581471e-02 2.299338700330230689e-01 5.965468748857147840e-01
1.563640370309404282e-01 2.851758369868709689e-02 2.221208856357849704e-01 5.929974936345875358e-01
1.304402771572677200e-01 4.142207858098132661e-02 2.410479153419361475e-01 5.870897289198149238e-01
1.538227164296061822e-01 4.737739924749138215e-02 2.255326895197799220e-01 5.732671948031224929e-01
1.026455530899628710e-01 3.987901507412764529e-02 2.170513338510404178e-01 6.404240979848689896e-01
1.692047661680520509e-01 4.345116258924410640e-02 2.218722026019959714e-01 5.654718686407079753e-01
1.260521292186908004e-01 3.692730455237672876e-02 2.096807046067781510e-01 6.273398616221541602e-01
1.551132627478763737e-01 3.962913832571804407e-02 2.432423859666729138e-01 5.620152129597327795e-01
9.284674172098036915e-02 2.288667779530216551e-02 2.639367892193309473e-01 6.203297912643864764e-01
1.499287548146027438e-01 3.448682238299349834e-02 2.152000673363869132e-01 6.003843554660168724e-01
1.550186390303251727e-01 4.390858913278642556e-02 2.464836033498669088e-01 5.545891684870215554e-01
1.329726634331543367e-01 3.484285348723362846e-02 1.948633586362608361e-01 6.373211244433510947e-01
1.521169986929976903e-01 3.176186367832919272e-02 2.288902216171251058e-01 5.872309160115478655e-01
1.638721055404017690e-01 6.070464620305691950e-02 2.248200894069945222e-01 5.506031588495468032e-01
1.503177036186535420e-01 4.463580475164776601e-02 1.945601704559690170e-01 6.104863211737298068e-01
1.615691705212982388e-01 3.194020007531798294e-02 2.420714665865562054e-01 5.644191628168276909e-01
8.021914234805728461e-02 2.934044232530805610e-02 2.351627111228398181e-01 6.552777042037948307e-01
1.326327316084112418e-01 4.088152660019639395e-02 2.189177197954310927e-01 6.075680219959613826e-01
1.331971818055008860e-01 2.809525522159788194e-02 2.356159530496855226e-01 6.030916099232155325e-01
1.509461186862297022e-01 5.259869782122532367e-02 2.405105594885939280e-01 5.559446240039510601e-01
1.408569220078979001e-01 5.126365922492438082e-02 2.723431574082616491e-01 5.355362613589160770e-01
1.248680275166721004e-01 4.265733028755518824e-02 2.341322887577174661e-01 5.983423534380550857e-01
1.034306656885771725e-01 4.606434479855977399e-02 2.366901579634076436e-01 6.138148315494554863e-01
1.419324827609173556e-01 5.562291938995445051e-02 2.120529054982334405e-01 5.903916923508947256e-01
1.407259610330282573e-01 2.691165897177124136e-02 2.498047593249207166e-01 5.825576206702798299e-01
1.560330375077542131e-01 3.784609950615613200e-02 1.827289485327714680e-01 6.233919144533180967e-01
1.213562394718748216e-01 5.396286689183612401e-02 2.076810734879707965e-01 6.169998201483183342e-01
1.368985348752800868e-01 4.896777642657221957e-02 2.347425473319083022e-01 5.793911413662393706e-01
1.312502272147811067e-01 2.045154112050629955e-02 2.109016585460135595e-01 6.373965731186991279e-01
1.467999505126681981e-01 2.877731839418552415e-02 2.507700783003791178e-01 5.736526527927671149e-01
1.664121021665876943e-01 3.490828464957036747e-02 2.618969858408788931e-01 5.367826273429630035e-01
1.427310055143322098e-01 4.545422424176245868e-02 2.160433070565461189e-01 5.957714631873590738e-01
9.219960010565358965e-02 1.917781455071241106e-02 2.496426697641562498e-01 6.389799155794776420e-01
1.162845623538166367e-01 3.989554226312359841e-02 2.615787587451328111e-01 5.822411366379269815e-01
1.562417228346673903e-01 6.342187797051369869e-02 2.200298797780147753e-01 5.603065194168040941e-01
1.360096155451970268e-01 4.688851432121426965e-02 2.364038849690939248e-01 5.806979851644946677e-01
1.376255577716912482e-01 3.207517626016616330e-02 2.547752501427323901e-01 5.755240158254101290e-01
1.306919672949600209e-01 6.026750017624606798e-02 2.169120807072456025e-01 5.921284518215482739e-01
1.431300009084203184e-01 5.173344880015409014e-02 2.257065517010820033e-01 5.794299985903436090e-01
1.356102044859190670e-01 3.067688849087061437e-02 2.025678070811275933e-01 6.311450999420827879e-01
1.571715424487867274e-01 3.397694888737969737e-02 2.299260185752521057e-01 5.789254900885814070e-01
1.614284407927407683e-01 1.669141547122313801e-02 2.115442432542322948e-01 6.103359004818038613e-01
1.312025858900052189e-01 3.409733634518727352e-02 2.331662066291486368e-01 6.015338711356589263e-01
1.522312127988076358e-01 3.779371623792192325e-02 2.176952816653911216e-01 5.922797892978791667e-01
1.026640221393292085e-01 4.599053451428040951e-02 2.149704064647348090e-01 6.363750368816555314e-01
1.242767267593093833e-01 3.797936904165004346e-02 2.320911990908960110e-01 6.056527051081446178e-01
1.723632410250099389e-01 4.580951688331615090e-02 2.074590325168497174e-01 5.743682095748241512e-01
1.472692114621628190e-01 3.148376473623962918e-02 2.541167833691713174e-01 5.671302404324263247e-01
1.290366633023208587e-01 2.901372452960522194e-02 2.306434423938246714e-01 6.113061697742494527e-01
1.587011987499361010e-01 4.609002830803318740e-02 2.255248801739531683e-01 5.696838927680776266e-01
1.086822827047502771e-01 3.353249812464044466e-02 2.172738934461947435e-01 6.405113257244144931e-01
1.694956494074126852e-01 4.419573360761368253e-02 2.400220922017092806e-01 5.462865247832643378e-01
1.527643811597006185e-01 7.148166861144544804e-02 2.139116701962914813e-01 5.618422800325624245e-01
1.597820998048368468e-01 1.883116127843036461e-02 1.945647015396001489e-01 6.268220373771326015e-01
1.145327530137347505e-01 1.868873418176501822e-02 2.215390933371009230e-01 6.452394194673992667e-01
1.381159447341157032e-01 4.034544976724449561e-02 2.246866035899151293e-01 5.968520019087245609e-01
1.442456895991143240e-01 3.127748838786442720e-02 2.284105154208350419e-01 5.960663065921861792e-01
1.268558840358480488e-01 4.390836535363297488e-02 2.001540685269339592e-01 6.290816820835849477e-01
1.244298435630608046e-01 4.275950922969105200e-02 2.045409213651783464e-01 6.282697258420698594e-01
1.439773190511991208e-01 4.413988568011605051e-02 2.440235147646417357e-01 5.678592805040431069e-01
1.123814619755486438e-01 3.644068398045548912e-02 2.139652286907844370e-01 6.372126253532113260e-01
1.305269091016203475e-01 5.192026120187635124e-02 1.993852285920126310e-01 6.181676011044905383e-01
1.420564700510493217e-01 3.869238154475346247e-02 2.743309830727761467e-01 5.449201653314209581e-01
1.246120651208231511e-01 6.056305551365055717e-02 2.082615653854726634e-01 6.065633139800536977e-01
1.447476391476150426e-01 2.538516042634859915e-02 2.702998179221676178e-01 5.595673825038687266e-01
1.434017634658570628e-01 2.223719008311187198e-02 2.302868229518768572e-01 6.040742234991541837e-01
1.131645537358744319e-01 4.225882071490635883e-02 2.827395879360612985e-01 5.618370376131578414e-01
8.198585933543783844e-02 3.940258435543137622e-02 2.154999456186456053e-01 6.631116106904850760e-01
1.562078878131602233e-01 2.381050698326125578e-02 2.275314663886238153e-01 5.924501388149547854e-01
1.946644121039830810e-01 4.778029005854088351e-02 1.915638159630340953e-01 5.659914818744420373e-01
1.412365698175447049e-01 1.214109632381705009e-02 2.723937623778151518e-01 5.742285714808230690e-01
1.214181766187536066e-01 6.063499536729336642e-02 1.967959120682374330e-01 6.211509159457155871e-01
1.363081372289840776e-01 2.226581154933499063e-02 2.163916333744218823e-01 6.250344178472589940e-01
1.916376969366447303e-01 3.838125073875704035e-02 1.985616738920688851e-01 5.714193784325293235e-01
1.769985868519662331e-01 3.498083294614445782e-02 2.148702001944481910e-01 5.731503800074411181e-01
1.130728792271437216e-01 6.644941322740571810e-02 2.268047691414670219e-01 5.936729384039834967e-01
9.921872323507248403e-02 4.758590102695435531e-02 2.247760061060918857e-01 6.284193696318812750e-01
1.262966608498063970e-01 4.568986634279096487e-02 2.267652332106404600e-01 6.012482395967623239e-01
1.729834377112852706e-01 2.535964596322496517e-02 1.852023236270864404e-01 6.164545926984033031e-01
1.339671859842489487e-01 3.111036459966956894e-02 2.254203593131775263e-01 6.095020901029040150e-01
1.320058313202632505e-01 4.136792235783501304e-02 2.245883734581173574e-01 6.020378728637844068e-01
1.199387480032194780e-01 2.781141420902363132e-02 2.399398937016475331e-01 6.123099440861093923e-01
1.561421017335548334e-01 3.330245363182082752e-02 2.121040608644184366e-01 5.984513837702059025e-01
1.335404148804306135e-01 4.299719999741576787e-02 2.111024865642260606e-01 6.123598985579276066e-01
1.605954294949020200e-01 3.659923154124341410e-02 2.325194178301036585e-01 5.702859211337510947e-01
1.402869606451614126e-01 3.559989190388659214e-02 2.243419263100958072e-01 5.997712211408561256e-01
1.227119289227007748e-01 4.221451283325278192e-02 2.582063942451940930e-01 5.768671639988524058e-01
1.209616144936393745e-01 3.856237832422190759e-02 2.707840406150135992e-01 5.696919665671249522e-01
1.171288427218201422e-01 4.155023468679855392e-02 2.180236103904568123e-01 6.232973122009244360e-01
1.516243894127527470e-01 2.934353028210559544e-02 2.219450182171426589e-01 5.970870620879988877e-01
1.872127213957738567e-01 3.567354411573579742e-02 2.108916301101361190e-01 5.662221043783541852e-01
1.312601067387006160e-01 5.010580359590655758e-02 2.066582036374658982e-01 6.119758860279269630e-01
1.065966003768891307e-01 2.675708671150739404e-02 2.420507264397866454e-01 6.245955864718168993e-01
1.526110193836473783e-01 3.117737630166542845e-02 2.287962701697218437e-01 5.874153341449653842e-01
1.201139251060089480e-01 3.632321939969811175e-02 2.312902471877399391e-01 6.122726083065528346e-01
1.459782414118987737e-01 2.150328703551880605e-02 2.523725847659656907e-01 5.801458867866168267e-01
1.273780390893528291e-01 2.565995684885913689e-02 2.180359086585209605e-01 6.289260954032670492e-01
1.608517363842844050e-01 4.966201505358241314e-02 2.782464327289341233e-01 5.112398158331991072e-01
1.357432969600145256e-01 3.496864969939642714e-02 2.345186685473156507e-01 5.947693847932733480e-01
1.180080403002763262e-01 2.795857239862383284e-02 2.002543419013305404e-01 6.537790453997693874e-01
1.008086647015952464e-01 4.311172040133913475e-02 2.669002900656549104e-01 5.891793248314107778e-01
9.128804064544784880e-02 2.468565482324751315e-02 2.668969619241182700e-01 6.171293426071863264e-01
1.391958456896593144e-01 3.015483122569835236e-02 3.106520490641240806e-01 5.199972740205183186e-01
1.258270846506940877e-01 3.926741427418257296e-02 2.334473286204015452e-01 6.014581724547216623e-01
1.729188486856080564e-01 2.171345127561088995e-02 1.870872213625573433e-01 6.182804786762237104e-01
1.535786132242017155e-01 2.585212503242957302e-02 2.362517295862396338e-01 5.843175321571290048e-01
8.829489514625700475e-02 4.092122166621572910e-02 2.850799677508363272e-01 5.857039154366908695e-01
1.260805250247076792e-01 5.093254756349801377e-02 2.091413803141818073e-01 6.138455470976125206e-01
1.618628267986352287e-01 4.924226146210465560e-02 2.138031631523645004e-01 5.750917485868957124e-01
8.614754091404835945e-02 6.548844568251736831e-02 2.373743930789085355e-01 6.109896203245257507e-01
1.444803486598309206e-01 4.016063013587731906e-02 2.215580416773866856e-01 5.938009795269051372e-01
1.232544464811688584e-01 5.023841899358866270e-02 2.305426249603612920e-01 5.959645095648812285e-01
1.289134086833834403e-01 3.913365791788178671e-02 2.607626503463784662e-01 5.711902830523563068e-01
1.126032967550980313e-01 3.169526548626551421e-02 2.391183158775941064e-01 6.165831218810423620e-01
1.316357316173734082e-01 3.310369482752173464e-02 2.056787810608919909e-01 6.295817924942127553e-01
9.080155003721251950e-02 6.328002450911575372e-02 2.226960262381187938e-01 6.232223992155530023e-01
1.167404128769478078e-01 2.935206297184371135e-02 2.495058414670060509e-01 6.044016826842023571e-01
1.108903028240804806e-01 4.970505733235894286e-02 2.704979629367794680e-01 5.689066769067810947e-01
1.279727569507453089e-01 2.246255966530228895e-02 2.585704480477509226e-01 5.909942353362014344e-01
1.360905166769990626e-01 2.376574346241452571e-02 1.826777032907705711e-01 6.574660365698157261e-01
1.209393599021858501e-01 3.288406769611904035e-02 2.592041708295009239e-01 5.869724015721942134e-01
1.458024010652483327e-01 4.620995308137609836e-02 2.267425776250886482e-01 5.812450682282869208e-01
1.961725458808911138e-01 3.647322724083655598e-02 2.381925972902852739e-01 5.291616295879871812e-01
1.557938869483043165e-01 2.470713934802464679e-02 2.035866999895541984e-01 6.159122737141168313e-01
1.495145627103553199e-01 3.984678291472022044e-02 2.114518885615193355e-01 5.991867658134050201e-01
1.632008992115515644e-01 4.607423360346545038e-02 2.445230409691799278e-01 5.462018262158030435e-01
1.002047033181536900e-01 6.805519413773153392e-02 2.143444255703802204e-01 6.173956769737345418e-01
1.341128413894838445e-01 4.599662690004701487e-02 2.457343989610301371e-01 5.741561327494389966e-01
1.137729637205805860e-01 3.756853909124967944e-02 2.671164947797955991e-01 5.815420024083740591e-01
1.254268649020371384e-01 2.567943480616443133e-02 2.627496473683810785e-01 5.861440529234173136e-01
1.418637174785657706e-01 2.556402705611524398e-02 2.224901834163856562e-01 6.100820720489332771e-01
1.176054187809443125e-01 4.431728215398371418e-02 2.829903329752144758e-01 5.550869660898574143e-01
1.367723442307331727e-01 4.093815639094001979e-02 2.482454741592097225e-01 5.740440252191171266e-01
1.431797586631602393e-01 2.188947017313217641e-02 2.035076219980448964e-01 6.314231491656627782e-01
1.634340315799323040e-01 3.507946033640864381e-02 2.381930780130215308e-01 5.632934300706375907e-01
1.027527664703443422e-01 2.627782938011975766e-02 2.158685370498991951e-01 6.551008670996366634e-01
1.564632942907989988e-01 3.718913042856783480e-02 2.247583789250212349e-01 5.815891963556117927e-01
9.573046081366769211e-02 5.367216764557068698e-02 2.373555937427765383e-01 6.132417777979850548e-01
1.577232636387178588e-01 3.630067242281273532e-02 2.204770973455427163e-01 5.854989665929267728e-01
1.438561320049465686e-01 4.576140454931397483e-02 2.324446513981231477e-01 5.779378120476165170e-01
1.124068462170732530e-01 2.654576105649367537e-02 2.586760195254726447e-01 6.023713732009605692e-01
1.935542370155312053e-01 2.224397641905319703e-02 2.411825426739276079e-01 5.430192438914879238e-01
1.006659331967668797e-01 4.411831264686323639e-02 2.378520802550546098e-01 6.173636739013153019e-01
1.449253986410367345e-01 3.414683891168817514e-02 2.554886382916568000e-01 5.654391241556182557e-01
1.271588878439981751e-01 4.356480813264732022e-02 2.653226268200684634e-01 5.639536772032861522e-01
1.038045869880104138e-01 2.853046388553155330e-02 2.241625786751980653e-01 6.435023704512600196e-01
1.507652330461291268e-01 3.558256552861770866e-02 2.200377201572141783e-01 5.936144812680389515e-01
1.058572560331592916e-01 3.330876279994782196e-02 2.528384262097052027e-01 6.079955549571876006e-01
1.611687284381870811e-01 3.635847307363324760e-02 1.987104809743449330e-01 6.037623175138346898e-01
1.290727956054387449e-01 3.866813687497405033e-02 2.655570753055105926e-01 5.667019922140766885e-01
1.187635544199037024e-01 3.833581936243519311e-02 2.527617094188555069e-01 5.901389167988057016e-01
1.279065176330384523e-01 3.099491665359416573e-02 2.427116408774388501e-01 5.983869248359284798e-01
1.457135856207608104e-01 3.367215175691310597e-02 2.197933769516424718e-01 6.008208856706835910e-01
1.293825376123891591e-01 2.395589396492325829e-02 2.983044522684809574e-01 5.483571161542065697e-01
1.726473446576410331e-01 2.540220487173067143e-02 2.236479163663501468e-01 5.783025341042781209e-01
1.936695942638714807e-01 3.723050557231492863e-02 2.106619394018395264e-01 5.584379607619740504e-01
1.241723045969595901e-01 4.485924690613118243e-02 2.203544922745946655e-01 6.106139562223145134e-01
1.051274282161780843e-01 3.379236306640805154e-02 1.783232676106456527e-01 6.827569411067682115e-01
1.275475688633262161e-01 3.078963004679378598e-02 1.951456326077518899e-01 6.465171684821280351e-01
1.097249901471680777e-01 4.654001695827510166e-02 2.564874379410008731e-01 5.872475549535559614e-01
1.295181881216319608e-01 3.617558654792466660e-02 2.706294457130379305e-01 5.636767796174055878e-01
7.857898608746931302e-02 5.117975011136497582e-02 2.935225065644144760e-01 5.767187572367511450e-01
1.537645121975798335e-01 3.957568859967153241e-02 2.836620281776371377e-01 5.229977710251115797e-01
1.351574109327495499e-01 2.759752769683029155e-02 2.288313261301194446e-01 6.084137352403007348e-01
1.286462829427013344e-01 4.209246836867303054e-02 2.307915250477228231e-01 5.984697236409030063e-01
1.798706926109533977e-01 3.827769679485562571e-02 1.979635363411055837e-01 5.838880742530854207e-01
1.211621255272841841e-01 4.666480386272536807e-02 2.337985001931162377e-01 5.983745704168741408e-01
1.241895771613995836e-01 5.410308347278609126e-02 2.157675868265465369e-01 6.059397525392677952e-01
1.409065112208909287e-01 3.905550783959574335e-02 2.143149645619371602e-01 6.057230163775763065e-01
1.323610398627849405e-01 3.902825900628569683e-02 1.968965082974591940e-01 6.317141928334701895e-01
1.218068622810212775e-01 3.554949602624056515e-02 2.678208507732177113e-01 5.748227909195203766e-01
1.043553020181575558e-01 5.144389050553793002e-02 2.100079512441904717e-01 6.341928562321140772e-01
1.349210844483123839e-01 6.250841712697950692e-02 2.265065486381267479e-01 5.760639497865812642e-01
1.168805582124381737e-01 3.474266436403748021e-02 2.446764196988691908e-01 6.037003577246551345e-01
1.460089928697004824e-01 4.061117534920374167e-02 1.840084464872437098e-01 6.293713852938521702e-01
1.215963243402243682e-01 3.964673710552285568e-02 2.578756610559424511e-01 5.808812774983105331e-01
1.303456408440191727e-01 3.304871448723895044e-02 2.486970827435630860e-01 5.879085619251788186e-01
1.370261557318894208e-01 2.956538969750794471e-02 2.140693378738793562e-01 6.193391166967232575e-01
1.397880022500576080e-01 3.485424539284203566e-02 2.262255404659637703e-01 5.991322118911366346e-01
1.047724219360264136e-01 2.742780417920945638e-02 2.445256735474841125e-01 6.232741003372800348e-01
1.003560622288187376e-01 2.881643320454875534e-02 2.543187289254190131e-01 6.165087756412134246e-01
1.583050869365477120e-01 4.499963386293495682e-02 2.339617684861628744e-01 5.627335107143542903e-01
1.624016841055910265e-01 4.129702797424143063e-02 1.756490558083538822e-01 6.206522321118136398e-01
1.972201466192102237e-01 3.052183763885014944e-02 2.058907837558082987e-01 5.663672319861313698e-01
1.086559729912955352e-01 3.813719324718539000e-02 2.102976169972103626e-01 6.429092167643086775e-01
1.135354168230496702e-01 3.071625674110994506e-02 2.140294189509879819e-01 6.417189074848522745e-01
1.153119681622900849e-01 3.626621272864060525e-02 2.264053833888809153e-01 6.220164357201882765e-01
1.133920311522178259e-01 1.779748251989249699e-02 2.239921994538145444e-01 6.448182868740751639e-01
1.101132427006210612e-01 4.285353486661193367e-02 2.111892351715604077e-01 6.358439872612067223e-01
1.328643425425926894e-01 6.301544063412729824e-02 2.302129380173892348e-01 5.739072788058907637e-01
1.019084469440205004e-01 3.797262187882021606e-02 2.574712944794934621e-01 6.026476366976659671e-01
1.507027559364862990e-01 4.109245172140816443e-02 2.344656088475214062e-01 5.737391834945840818e-01
1.127926820883390774e-01 4.803227145569072265e-02 2.735456475687315647e-01 5.656293988872387324e-01
1.153302243919433479e-01 3.206069105375673051e-02 2.518088615747546277e-01 6.008002229795453841e-01
1.147394590997554698e-01 3.747296362799303754e-02 2.594187444333820314e-01 5.883688328388695377e-01
1.778672274544046972e-01 2.463843496843884720e-02 2.041531974734544230e-01 5.933411401037019806e-01
1.815552684928737059e-01 2.495528609593993322e-02 1.803386409003983337e-01 6.131508045107880722e-01
1.611142183147953322e-01 4.237868396747008354e-02 2.261383194236730176e-01 5.703687782940615181e-01
1.409043614541842793e-01 2.919867302384052468e-02 2.251553727573726849e-01 6.047415927646024869e-01
1.399757705373699257e-01 2.737068229165890570e-02 2.139434976932829691e-01 6.187100494776881510e-01
1.345939263571540312e-01 2.453036643110149961e-02 2.849920422844851031e-01 5.558836649272593800e-01
1.114070627503924160e-01 3.706059784782762823e-02 2.249664284542315651e-01 6.265659109475483213e-01
1.544180544111527220e-01 3.362764903933426058e-02 1.952752973739539100e-01 6.166789991755590172e-01
1.394580531889518527e-01 2.980957837036906505e-02 2.408940993550970078e-01 5.898382690855821231e-01
1.501228174227590417e-01 3.910011184344484164e-02 2.321948751709284886e-01 5.785821955628677182e-01
1.484803276835129637e-01 3.474459914721905046e-02 2.654890566375123773e-01 5.512860165317555738e-01
9.451808508037289058e-02 4.141674870499739008e-02 2.056884325925082413e-01 6.583767336221213462e-01
1.148661510779137029e-01 2.931674757665958531e-02 2.044737995807475450e-01 6.513433017646792500e-01
1.717551277387771580e-01 4.979465249859838655e-02 2.175645114919136647e-01 5.608857082707107145e-01
1.113350616799055198e-01 2.250221513427252962e-02 2.565223532001345008e-01 6.096403699856872693e-01
1.320765294654220878e-01 2.931313020628458291e-02 2.343158728022022852e-01 6.042944675260909504e-01
1.603532270526991932e-01 4.924605805762543448e-02 2.748749198019553863e-01 5.155257950877198958e-01
1.593459980311563995e-01 3.901410841470007856e-02 2.793502078799121602e-01 5.222896856742313965e-01
9.370648488396762787e-02 4.181369001445863626e-02 2.409703001680794654e-01 6.235095249334942080e-01
1.125138153504690042e-01 2.901349701574528969e-02 1.901772474990696127e-01 6.682954401347160900e-01
1.407362931341201995e-01 2.960742299669138003e-02 2.348280755649207463e-01 5.948282083042677471e-01
1.194699128108648450e-01 2.846719437519547660e-02 2.126490512226152652e-01 6.394138415913244167e-01
1.499408043361972753e-01 2.577588697100899329e-02 2.487081694612079674e-01 5.755751392315857640e-01
1.784374826076456921e-01 2.979023444163928641e-02 2.439156680084515194e-01 5.478566149422635645e-01
1.173606765700849902e-01 5.204966567135946992e-02 2.404951190905497971e-01 5.900945386680056526e-01
1.035208459345180881e-01 1.816252546684916230e-02 2.549639444919872266e-01 6.233526841066456825e-01
1.466645774567794935e-01 4.295087249581577143e-02 2.017510309673782587e-01 6.086335190800266082e-01
1.291297669703501405e-01 5.921690126874012278e-02 2.161121652006921523e-01 5.955411665602176052e-01
9.890648016543282517e-02 2.863039882456307542e-02 2.557520832812401612e-01 6.167110377287640111e-01
1.301760873685305353e-01 2.522948967119231084e-02 2.404549988286796836e-01 6.041394241315973801e-01
1.122922453459809511e-01 2.689123613724978684e-02 2.664365666473679783e-01 5.943799518694012907e-01
8.874166172599011471e-02 3.594826656894484912e-02 2.525202528974259675e-01 6.227898188076391728e-01
1.160327743112745252e-01 3.982040860016644590e-02 2.744629770892464959e-01 5.696838399993124913e-01
1.381649509199284753e-01 4.767546588055094486e-02 2.136686510614569656e-01 6.004909321380635934e-01
1.394257263893134147e-01 4.307248975403322327e-02 2.531853242563237294e-01 5.643164596003295008e-01
1.507248486128112686e-01 2.552947004625642433e-02 2.201681379751211087e-01 6.035775433658111533e-01
1.075082378542376316e-01 4.247962997886046282e-02 1.918385936835075301e-01 6.581735384833943270e-01
1.249416729510053614e-01 2.545569914271180248e-02 2.700483630885481823e-01 5.795542648177345324e-01
1.218148778969288804e-01 2.913085123801996759e-02 2.498092437011668332e-01 5.992450271638841697e-01
1.118889065479185957e-01 3.519901963121313537e-02 2.412372829059200308e-01 6.116747909149483631e-01
1.475798470903299520e-01 4.817658392379348120e-02 2.112266168459508708e-01 5.930169521399256682e-01
1.085573899858097990e-01 6.379702002227397029e-02 2.439952190499181939e-01 5.836503709419980090e-01
1.366430431022432335e-01 3.925101468690901652e-02 2.499170034525557138e-01 5.741889387582920223e-01
1.288669453118612973e-01 2.857836316510897062e-02 2.260237546896267935e-01 6.165309368334029871e-01
1.064353782123570874e-01 5.222196905977263826e-02 2.457558405531578560e-01 5.955868121747124322e-01
1.098837457732513151e-01 1.553432753475575932e-02 2.898542484308136991e-01 5.847276782611793289e-01
1.420449451925823170e-01 3.396076244567582114e-02 2.064370944119391371e-01 6.175571979498025721e-01
1.501267803678133228e-01 3.889371424934985610e-02 2.542633199095914454e-01 5.567161854732454174e-01
9.546205660780777980e-02 5.924580041566457345e-02 2.643344023511232654e-01 5.809577406254045062e-01
1.290747518303289598e-01 2.943319717873861888e-02 2.504276480956483808e-01 5.910644028952840578e-01
1.274465229354827256e-01 2.994918983084879013e-02 2.476854883143513042e-01 5.949187989193172044e-01
1.434737255725026250e-01 3.092523352244353971e-02 1.862074053137876273e-01 6.393936355912661629e-01
1.601847919177261659e-01 2.449241637624224519e-02 1.747782837277552515e-01 6.405445079782763340e-01
1.346055607396828557e-01 4.156428781802680439e-02 2.539830286105326795e-01 5.698471228317576465e-01
1.239884748802053543e-01 4.984494287192810236e-02 2.438582343438506495e-01 5.823083479040158661e-01
1.116754368461779501e-01 4.081422322433241046e-02 2.190919302647080791e-01 6.284184096647815743e-01
1.175427424648456953e-01 3.475424685095943045e-02 2.729272938066141796e-01 5.747757168775806669e-01
1.395558485430607176e-01 2.704936935377177942e-02 2.584860227701530899e-01 5.749087593330144408e-01
1.196719944622841869e-01 2.702742698257241602e-02 2.602012003999314982e-01 5.930993781552119648e-01
1.128923564165444787e-01 3.751426126534895822e-02 2.733252743155245024e-01 5.762681080025821023e-01
1.017233626836084592e-01 3.184125182576075935e-02 2.156124828482516576e-01 6.508229026423791863e-01
1.213552848635609110e-01 4.060050291891437874e-02 2.328954247451724135e-01 6.051487874723521232e-01
1.148865745501714553e-01 3.053452515237491463e-02 2.210660328014827924e-01 6.335128674959707995e-01
1.577243442395518391e-01 3.136876389466562026e-02 2.117758571703827197e-01 5.991310346953998556e-01
1.244379718803154677e-01 4.040665651030397182e-02 1.927421265635679559e-01 6.424132450458125421e-01
1.396246145879024847e-01 2.985158124658702367e-02 2.624235070888642496e-01 5.681002970766463323e-01
1.713723168015901244e-01 5.264387852467926343e-02 2.215198295573964360e-01 5.544639751163342734e-01
1.331709310053763584e-01 4.280237041640953810e-02 2.116274167404413598e-01 6.123992818377727021e-01
1.186175927684807035e-01 2.990456981624622229e-02 2.504021496272598735e-01 6.010756877880132354e-01
1.955201139500481189e-01 2.427869409157631247e-02 2.234919031679840351e-01 5.567092887903914988e-01
1.297383497874121661e-01 1.779109514274967649e-02 2.804409918243921940e-01 5.720295632454459600e-01
9.086134683443401749e-02 5.700363511115980053e-02 2.390245344647796699e-01 6.131104835896264982e-01
1.430950871227563148e-01 2.692572078808419533e-02 2.630483572742210452e-01 5.669308348149385557e-01
1.315780693342867014e-01 2.412301320281586697e-02 2.427782518864523842e-01 6.015206655764450128e-01
1.072448465369560539e-01 4.048673880437606704e-02 3.047994188951562156e-01 5.474689957635117121e-01
1.281704512359846393e-01 3.936424273422124004e-02 2.250623425747465267e-01 6.074029634550475176e-01
1.288136863747176009e-01 3.555039612584141168e-02 1.982850729175477111e-01 6.373508445818932833e-01
1.134663103034280751e-01 3.181960726698795927e-02 2.816029217504601445e-01 5.731111606791239321e-01
1.694698650461840539e-01 2.096116005766711018e-02 2.228386770459683808e-01 5.867302978501804933e-01
1.509167969383528596e-01 3.732499863753108854e-02 2.216053733161275630e-01 5.901528311079883293e-01
9.505658550716594712e-02 5.013015111700040716e-02 2.613633344940611836e-01 5.934499288817725038e-01
1.136900121644334183e-01 2.735284159838716894e-02 2.743520479895689146e-01 5.846050982476104219e-01
1.660042816364119544e-01 2.920259767894356831e-02 2.585653875378895461e-01 5.462277331467549901e-01
1.066333722825676400e-01 2.805217086848735969e-02 2.475338129469076831e-01 6.177806439020373519e-01
1.262406071718943090e-01 2.496593652372187597e-02 2.094363882208830907e-01 6.393570680835006792e-01
1.407905663696661924e-01 1.711914717976737235e-02 2.452394003055992644e-01 5.968508861449671743e-01
1.143077415730809065e-01 3.349545166459231421e-02 2.330238949774846025e-01 6.191729117848422392e-01
1.358848016678241288e-01 5.845864158960258766e-02 2.180229889170585411e-01 5.876335678255147910e-01
9.732174741971107157e-02 4.885600324161817193e-02 2.027103085316432629e-01 6.511119408070273895e-01
1.447183622004051262e-01 2.901419875923599498e-02 2.293366636411137138e-01 5.969307753992451060e-01
1.207101322876441285e-01 1.632476714015989455e-02 2.548027165862205012e-01 6.081623839859755520e-01
1.765322914067284366e-01 4.412636359421729521e-02 1.993359605181516392e-01 5.800053844809026637e-01
1.422512530419620391e-01 4.241906867971540623e-02 2.158405490851913466e-01 5.994891291931311317e-01
1.546840991267368348e-01 3.644910150183450909e-02 2.395046006364496827e-01 5.693621987349790636e-01
1.282059810922815124e-01 3.459097688045906921e-02 2.172994079637496356e-01 6.199036340635096787e-01
1.147048577918781675e-01 6.032656692447027624e-02 2.255687302653981430e-01 5.993998450182533855e-01
1.171232251102576755e-01 4.165115538490744840e-02 2.677872489457319705e-01 5.734383705591028502e-01
1.040039718808177527e-01 2.780705850234966095e-02 2.606515915319046472e-01 6.075373780849279148e-01
1.240774239586810851e-01 3.935621394415129287e-02 2.336922978574928478e-01 6.028740642396747118e-01
1.257032944411926867e-01 4.856272712849226542e-02 2.455842895450043306e-01 5.801496888853107103e-01
1.325157769052923706e-01 3.081985429714893115e-02 2.323918696119986471e-01 6.042724991855600303e-01
1.261043856190452173e-01 2.834720790096692186e-02 2.547593749932788865e-01 5.907890314867088044e-01
1.447374971652400366e-01 5.499843805696524174e-02 2.126960021054031813e-01 5.875680626723916999e-01
1.418077625245389162e-01 3.509475942812373406e-02 2.223665091487626033e-01 6.007309688985746909e-01
1.276197323711706355e-01 3.530027471164168956e-02 2.691871204085815594e-01 5.678928725086062057e-01
1.299186645459955991e-01 2.298259230494156813e-02 2.410420673714432083e-01 6.060566757776195690e-01
1.231222032742380068e-01 2.634629928670094087e-02 2.127051527188180968e-01 6.378263447202430214e-01
1.437050070779960775e-01 5.276808533665482831e-02 2.444835081539608324e-01 5.590433994313883659e-01
1.177783333779649361e-01 5.349179479949205812e-02 2.019103254349368104e-01 6.268195463876062856e-01
1.058500608237350066e-01 3.340689639856745524e-02 2.952004248206422932e-01 5.655426179570551826e-01
1.376153172340321140e-01 2.971224654020215503e-02 2.289523977191221804e-01 6.037200385066434638e-01
1.372330370492008955e-01 4.282272871417672211e-02 2.390527363459080679e-01 5.808914978907143700e-01
1.285667947956389556e-01 5.277250578289236632e-02 2.109972250585004094e-01 6.076634743629683033e-01
1.461870296372789757e-01 2.301692965214628336e-02 2.028959793534441669e-01 6.279000613571306122e-01
9.839826150740640931e-02 3.915284073793991182e-02 2.508426412853785870e-01 6.116062564692751335e-01
1.658960121720573500e-01 3.006846615130973413e-02 1.672824504818615221e-01 6.367530711947714250e-01
1.210762321571758893e-01 5.626826455645304176e-02 2.387500505729127087e-01 5.839054527134582839e-01
1.627915318617292884e-01 3.076763073439263071e-02 2.283079999882721145e-01 5.781328374156059491e-01
1.475791802878557990e-01 4.144015913033916726e-02 2.253699616168332309e-01 5.856106989649718653e-01
1.375460203749770127e-01 3.148930761897926478e-02 2.257595762202638523e-01 6.052050957857798563e-01
1.191224599772647136e-01 3.224805938953591300e-02 2.519673772331506023e-01 5.966621034000486601e-01
9.283584057396719602e-02 4.973204429205175386e-02 2.383813128052976738e-01 6.190508023286833694e-01
1.302056294253912394e-01 3.353391751210132304e-02 2.313682557944544693e-01 6.048921972680529890e-01
1.138098209652025211e-01 2.962694924173487829e-02 2.075535432292352211e-01 6.490096865638274037e-01
1.523384847595889713e-01 2.267578849578926956e-02 2.367408414081966228e-01 5.882448853364251606e-01
1.605459904322850406e-01 4.724449596870191476e-02 2.268687512246253812e-01 5.653407623743874622e-01
1.271150532234099906e-01 2.821065182755320630e-02 2.339796091736911499e-01 6.106946857753456914e-01
9.764597232075676592e-02 4.792848595841219667e-02 2.395134462385959395e-01 6.149120954822351326e-01
1.151385357437387374e-01 3.497832617436702485e-02 1.901452336648209451e-01 6.597379044170733620e-01
1.032068817694253710e-01 3.637675905648739272e-02 2.342613666958406893e-01 6.261549924782464638e-01
1.389430137822844635e-01 3.790509835911354264e-02 2.559947114945185231e-01 5.671571763640833597e-01
1.058694941992593258e-01 3.549481495106215218e-02 2.454951910852315178e-01 6.131404997644469557e-01
1.230716405083166071e-01 2.726592183980500531e-02 2.024615879093311921e-01 6.472008497425472129e-01
1.349556025569463025e-01 3.637322900720417473e-02 2.175007448073716931e-01 6.111704236284778435e-01
1.119471201487646089e-01 2.128601675876534011e-02 2.636012502545823644e-01 6.031656128378876103e-01
1.154190555896253134e-01 3.085773672183644845e-02 2.420826436258350089e-01 6.116405640627031737e-01
1.225893503140661894e-01 3.768451216616199723e-02 2.096653564939592040e-01 6.300607810258125330e-01
1.604688918488604565e-01 5.442388896456985120e-02 1.934701433292679018e-01 5.916370758573018529e-01
1.492752438347682564e-01 3.178577758096936406e-02 2.878831078598816373e-01 5.310558707243807630e-01
1.452682016846867930e-01 5.146149631759640991e-02 2.298974828603418397e-01 5.733728191373750338e-01
7.646247383790701069e-02 5.373648464645007505e-02 2.492485783969491664e-01 6.205524631186938311e-01
1.257384890798491084e-01 3.697503131766879253e-02 2.417545066280658572e-01 5.955319729744162904e-01
1.182562068089311608e-01 3.742320592346509711e-02 2.682430603373687772e-01 5.760775269302348400e-01
1.084733010849703166e-01 4.200864712208296492e-02 2.443673893658821483e-01 6.051506624270646117e-01
1.288630657216748299e-01 7.422430813182077924e-02 2.262538866536907833e-01 5.706587394928136492e-01
1.601824649829296787e-01 2.694000662999850373e-02 2.468921234689276656e-01 5.659854049181441971e-01
1.368403093086233979e-01 5.312596921948133794e-02 2.510718879950177285e-01 5.589618334768776675e-01
1.246582543331238996e-01 4.045075342465227070e-02 2.347232068821264173e-01 6.001677853600974055e-01
9.812540483841493411e-02 4.307318815847281657e-02 2.541851993474191773e-01 6.046162076556930165e-01
1.217928401581450104e-01 4.767270070772119950e-02 2.331383877525791681e-01 5.973960713815545942e-01
1.528297634014422202e-01 2.573607132875524103e-02 2.522223018725860411e-01 5.692118633972164110e-01
1.510881548774607730e-01 3.994739648362267276e-02 2.152734916154712685e-01 5.936909570234452094e-01
1.102587994642300617e-01 5.298420040426240346e-02 2.414347013143514631e-01 5.953222988171561481e-01
1.295415676011186790e-01 4.753427608499935508e-02 2.186795189795228411e-01 6.042446373343591803e-01
1.313402628844179687e-01 2.468296951530717792e-02 2.166902937584682942e-01 6.272864738418065800e-01
1.121124136508760000e-01 3.268634217265879716e-02 2.103069355391743722e-01 6.448943086372909139e-01
1.499707580349008695e-01 1.437746208967021280e-02 2.253820373554739909e-01 6.102697425199549164e-01
1.444768760867509438e-01 4.411866069026679910e-02 2.160690605108088191e-01 5.953354027121735559e-01
1.122598364710267471e-01 1.803065905179312284e-02 2.313066335950817731e-01 6.384028708820983500e-01
1.485691525419389758e-01 3.116500399441185162e-02 2.785384226298100452e-01 5.417274208338391794e-01
1.163579188542939735e-01 6.262251430881993208e-02 2.447476450523836666e-01 5.762719217845024833e-01
1.431696304151371113e-01 3.586816997929066081e-02 2.523868118271374583e-01 5.685753877784348598e-01
1.711545704188169592e-01 3.400335839153333095e-02 2.316532706659566732e-01 5.631888005236929118e-01
1.211781510943374107e-01 4.967870551266111157e-02 1.876509685978372255e-01 6.414921747951642939e-01
1.397601214297768679e-01 2.873054111259154900e-02 2.260063619663595647e-01 6.055029754912720774e-01
1.684557152316492890e-01 2.743633375372943328e-02 2.643652259148001615e-01 5.397427250998210191e-01
1.338540402480267733e-01 6.420164472289811852e-02 2.296681896234652465e-01 5.722761254056099034e-01
1.287044255553042305e-01 3.183566214528796984e-02 2.530246438761052374e-01 5.864352684233026247e-01
1.042073738534604749e-01 3.400859085150717553e-02 2.233296454647583085e-01 6.384543898302741383e-01
1.439874962389658397e-01 3.343080941461728378e-02 2.009018212565756023e-01 6.216798730898411840e-01
1.433340581427237359e-01 2.876169565151966145e-02 2.436497978910598106e-01 5.842544483146968615e-01
1.391693977586368480e-01 5.625771601799856025e-02 2.182495773499757152e-01 5.863233088733887932e-01
1.154506714805847989e-01 3.813057676934194368e-02 2.219132896582538816e-01 6.245054620918194521e-01
1.517568141796943604e-01 2.042356286110663666e-02 2.478620126496824394e-01 5.799576103095165358e-01
1.485581410455263651e-01 2.021110566715832862e-02 2.092227556685770373e-01 6.220079976187382620e-01
1.097347282199773594e-01 1.935192742118731560e-02 2.442101668972505857e-01 6.267031774615847706e-01
1.361068824928031440e-01 4.083060228742062953e-02 2.221228202783696870e-01 6.009396949414066436e-01
1.045313408130388311e-01 3.553900264351002314e-02 2.229654240064335158e-01 6.369642325370176161e-01
1.370646839666754269e-01 4.536927942438632316e-02 2.718760957186531768e-01 5.456899408902851079e-01
1.435176400443851918e-01 3.986557803679036810e-02 2.342640891699594718e-01 5.823526927488649196e-01
1.816602592994433774e-01 3.815621992337574209e-02 2.066602067541991883e-01 5.735233140229817339e-01
1.516106273221916045e-01 4.182165219144038520e-02 2.145233357398951823e-01 5.920443847464726961e-01
1.334874628518852024e-01 3.908639124954926825e-02 2.189964953300934103e-01 6.084296505684719802e-01
1.610796169519630172e-01 2.222108602326394039e-02 2.214110252780945309e-01 5.952882717466785323e-01
1.590525628356299348e-01 3.628428925957236789e-02 2.662379041700320137e-01 5.384252437347655240e-01
1.425670116609404070e-01 4.609668981998656101e-02 2.130436197095910700e-01 5.982926788094818926e-01
1.050982622663255844e-01 2.168387219833060181e-02 1.943671408362971642e-01 6.788507246990467259e-01
1.596045606023863417e-01 2.519756063603803553e-02 2.501550978203445075e-01 5.650427809412311708e-01
