5.728749832630893879e-01 9.160192160786273519e-02 2.386637257345233243e-01 9.685936939452441385e-02
5.711555055433550354e-01 1.188430599779635305e-01 2.281815731099477162e-01 8.181986136873364845e-02
6.526296280636786351e-01 1.190888407531975196e-01 1.534741835232322771e-01 7.480734765989159596e-02
5.337099076401403686e-01 1.143658243545659231e-01 2.587758047513364912e-01 9.314846325395720328e-02
5.601758529214680982e-01 1.179506793093625105e-01 2.082313475643809697e-01 1.136421202047884632e-01
6.337894011080148493e-01 9.530944458942833264e-02 1.956504936228209146e-01 7.525066067973598671e-02
5.571701114840172941e-01 1.074064396435091412e-01 2.124260292317466936e-01 1.229974196407269960e-01
5.095262658196227923e-01 1.542339579253630966e-01 2.469674084493351240e-01 8.927236780567898711e-02
5.867119583653240822e-01 9.805066223030781125e-02 2.072252901003172887e-01 1.080120893040509150e-01
5.757620468650997969e-01 1.468709958944192651e-01 1.783122111855706404e-01 9.905474605491021434e-02
6.306429196269438542e-01 7.848586240179897255e-02 1.998416685001693227e-01 9.102954947108800321e-02
6.428769639465321539e-01 7.412326394843610222e-02 1.787569464455935897e-01 1.042428256594379044e-01
5.714339480340203670e-01 9.320678765360357332e-02 2.215788466329197681e-01 1.137804176794562500e-01
5.830690756155838539e-01 9.334401169977972479e-02 2.209118644527738318e-01 1.026750482318625340e-01
5.940568186446212318e-01 4.872261474802751235e-02 2.788937111658353896e-01 7.832685544151601897e-02
6.179167209666623917e-01 1.336897812900539051e-01 1.754040954753285364e-01 7.298940226795516684e-02
6.373809987381416908e-01 5.553437744871080745e-02 1.919322246735324089e-01 1.151523991396151275e-01
5.841865993714815408e-01 8.519137066151194482e-02 2.333937359681435564e-01 9.722829399886293023e-02
6.273041944125827829e-01 9.506201494819069286e-02 1.615655063993483576e-01 1.160682842398782361e-01
6.160414950180885807e-01 9.383317505521926449e-02 2.063584661623096839e-01 8.376686376438235992e-02
5.215259348602078182e-01 8.495055407155015226e-02 3.023727983401564567e-01 9.115071272808558667e-02
5.951969468367211968e-01 8.020797771832335887e-02 2.293627236302194228e-01 9.523235181473606314e-02
6.177565980368507903e-01 9.530033737429384477e-02 1.866419233193741811e-01 1.003011412694813226e-01
6.155505472885663965e-01 8.340867107074362297e-02 2.062233133074647951e-01 9.481746833322535206e-02
6.648483182982171114e-01 7.647910861580610453e-02 2.099069756134471221e-01 4.876559747252964122e-02
6.345152339733799440e-01 8.813185722149767531e-02 1.554450276099136607e-01 1.219078811952088309e-01
6.279226508413794372e-01 8.176009963670143044e-02 2.145450540598440869e-01 7.577219546207496215e-02
6.079648480849633163e-01 1.220982254447259552e-01 1.923135519856001840e-01 7.762337448471043344e-02
5.750534974820112888e-01 1.089460659604164494e-01 2.021285501864238110e-01 1.138718863711484786e-01
5.355419209244586254e-01 1.171596773805834851e-01 2.255035101005871956e-01 1.217948915943707910e-01
5.709672865359616267e-01 8.463662164981472502e-02 2.376163049812473338e-01 1.067797868329763006e-01
5.856933385264582181e-01 1.081760538242065306e-01 1.802158575723094847e-01 1.259147500770258221e-01
6.599836753455154970e-01 7.425966825629307100e-02 1.981510501870859253e-01 6.760560621110556223e-02
6.329152735575812594e-01 8.406766086873253274e-02 1.691647117132533684e-01 1.138523538604328117e-01
6.468411758783427778e-01 6.326893577220277232e-02 2.196145015021935543e-01 7.027538684726107598e-02
5.620374617670798045e-01 1.002881764646721963e-01 2.226690295333509928e-01 1.150053322348969648e-01
5.573230684088340547e-01 8.319193298086893784e-02 2.338787918979008118e-01 1.256062067123961401e-01
6.498008005568572942e-01 7.592523997489140919e-02 1.792031950941976037e-01 9.507076437405385938e-02
5.960923554596968543e-01 9.629627873684330763e-02 1.969631463662115667e-01 1.106482194372484240e-01
6.114992250387385475e-01 8.575192334416224804e-02 2.242297584416145240e-01 7.851909317548470824e-02
5.643525446455879280e-01 1.077620408805708974e-01 2.346812356596651161e-01 9.320417881417614181e-02
6.639190667023843195e-01 6.617088986885381885e-02 1.870119621308147795e-01 8.289808129794702662e-02
5.870306014454980126e-01 1.073607641424371845e-01 2.385304733928288734e-01 6.707816101923598506e-02
6.273310452609407450e-01 1.137698102634742969e-01 1.802288600987574096e-01 7.867028437682764552e-02
5.731344731020645566e-01 1.027729722080808344e-01 2.239527633520950745e-01 1.001397913377594234e-01
6.306141748692897231e-01 8.313138344337028807e-02 1.947065382314572268e-01 9.154790345588260936e-02
6.001337344624586567e-01 8.390257978865060806e-02 2.014470176253397582e-01 1.145166681235509631e-01
6.094791601255318270e-01 9.911632874260234427e-02 1.740814763020806510e-01 1.173230348297850251e-01
6.625036785088994629e-01 6.603131337464596129e-02 1.662649651248428173e-01 1.052000429916118418e-01
6.212865417663906431e-01 9.483624253912663338e-02 2.016310852188265557e-01 8.224613047565614010e-02
5.494099021709460962e-01 1.192816143262645096e-01 2.449711097977847474e-01 8.633737370500456365e-02
5.890716055942181173e-01 8.652234394811202101e-02 2.093718678512075937e-01 1.150341826064624623e-01
6.380756143913635103e-01 7.618237490349431817e-02 2.134715331620782308e-01 7.227047754306389904e-02
6.719960793109110986e-01 7.876994484100775795e-02 1.495723679871156508e-01 9.966160786096563140e-02
5.719298365881890778e-01 9.669529531889392571e-02 2.233205576005369286e-01 1.080543104923799569e-01
5.743383320569963590e-01 9.381652331480221096e-02 2.590075524864001166e-01 7.283759214180143826e-02
5.758210895592248413e-01 1.187110642129696192e-01 1.851217590518414724e-01 1.203460871759639284e-01
6.040825034678486416e-01 1.124808461293523715e-01 1.822010324121937364e-01 1.012356179906052089e-01
5.698492887875998836e-01 5.757955107237223979e-02 2.617196940407666705e-01 1.108514660992611922e-01
6.341007626829772148e-01 8.472338766192197279e-02 1.871992975926516367e-01 9.397655206244913406e-02
6.185966955317871996e-01 7.550187739008781818e-02 1.989633583422299457e-01 1.069380687358951060e-01
6.196534758271278198e-01 8.617145663463965377e-02 2.171252056976561429e-01 7.704986184057638354e-02
6.247550522438304332e-01 1.096427606215594625e-01 1.979083459850094207e-01 6.769384114960065590e-02
5.958134605978130383e-01 1.165544939941286218e-01 2.004380686251666377e-01 8.719397678289160514e-02
5.945287904530992540e-01 1.070724605889894765e-01 2.053018361097676825e-01 9.309691284814351764e-02
6.226040043600034046e-01 8.266414329196924982e-02 1.786921892988244387e-01 1.160396630492029485e-01
6.108864709164355533e-01 7.345591578448106007e-02 1.937139352728643460e-01 1.219436780262189574e-01
6.179946836054711623e-01 8.016988428032710556e-02 2.034699880398025407e-01 9.836544407439916371e-02
6.520461488076398915e-01 1.010834495477765382e-01 1.688191705896968930e-01 7.805123105488648294e-02
5.831376361874858194e-01 1.008949654942826873e-01 2.097178469040523463e-01 1.062495514141791469e-01
5.896290091327254235e-01 1.104815099300913706e-01 1.926921750110821840e-01 1.071973059261010358e-01
6.090722662881387084e-01 7.328524682778086996e-02 1.954563587976974326e-01 1.221861280863829474e-01
6.031740596726589132e-01 8.700712536679834630e-02 2.280896739298758358e-01 8.172914103066691860e-02
5.650512260961794153e-01 1.269189780254240396e-01 2.198056633214194588e-01 8.822413255697696133e-02
6.685101250403351347e-01 5.452974630578413112e-02 1.719802789226777817e-01 1.049798497312030149e-01
6.345295840560688516e-01 7.216451109585703128e-02 2.012978721587837527e-01 9.200803268929030887e-02
6.052914986235456984e-01 8.853638244431218107e-02 2.109295167142794802e-01 9.524260221786279290e-02
5.649214134205275961e-01 1.230149452827679207e-01 2.027445520322581907e-01 1.093190892644461815e-01
6.381976533841913213e-01 7.246656020879692350e-02 2.186862426136115534e-01 7.064954379340014634e-02
5.907413618565978686e-01 9.565846481433025461e-02 1.922642751548498674e-01 1.213358981742219123e-01
5.933557951408499065e-01 1.089435202500675520e-01 1.959008994398039605e-01 1.017997851692786504e-01
6.351061027125696201e-01 1.122053616527405179e-01 1.601318091195580717e-01 9.255672651513174864e-02
6.467989212210255578e-01 7.033377723045072805e-02 2.120062639614661015e-01 7.086103758705754319e-02
6.224483622806205041e-01 1.006109242827458311e-01 1.958650269379916264e-01 8.107568649864213550e-02
6.064216093123325768e-01 8.305235505070127089e-02 2.035442243932418516e-01 1.069818112437244256e-01
6.130983761047679170e-01 8.133619720694650057e-02 1.886630535234344597e-01 1.169023731648510256e-01
5.979483305364925450e-01 9.879237541687335700e-02 2.281071714615153234e-01 7.515212258511859422e-02
6.083603496263169097e-01 1.099017318333515986e-01 2.081922363065114578e-01 7.354568223381990899e-02
5.675922368479343616e-01 9.894117562862697612e-02 2.305481870022094704e-01 1.029184005212291780e-01
6.629770144222919548e-01 7.644612613599581497e-02 1.762409975283548424e-01 8.433586191335738780e-02
5.616756246699243782e-01 1.056934728538405088e-01 1.933265430657793438e-01 1.393043594104557970e-01
6.045953070691623132e-01 7.724490902764374889e-02 2.148690359349449686e-01 1.032907479682489416e-01
5.910735582087275342e-01 1.247250130356384462e-01 1.823320609488333910e-01 1.018693678068006980e-01
5.662666684405243123e-01 8.870755097153830426e-02 2.337753206862006328e-01 1.112504599017367368e-01
5.808847043103601004e-01 9.505747415159636338e-02 2.016508594551087441e-01 1.224069620829346394e-01
6.076589734587618530e-01 1.009213185094736120e-01 1.745295028273142202e-01 1.168902052044502177e-01
5.934310175223724837e-01 7.037720282393217230e-02 2.365668481091029451e-01 9.962493154459249600e-02
6.088931998975894988e-01 9.823974744279161120e-02 1.917094671491286484e-01 1.011575855104902832e-01
6.470274665152108140e-01 7.082479397259873466e-02 1.986146128903219510e-01 8.353312662186840321e-02
6.463524793679609193e-01 8.514204221773379044e-02 1.850595518505852022e-01 8.344592656372022688e-02
5.594011120854422980e-01 9.832918121346014007e-02 2.442073866552290085e-01 9.806232004586853956e-02
6.163591003017175884e-01 9.318787816895360288e-02 2.275252464751117421e-01 6.292777505421712214e-02
5.928977977812301958e-01 1.273353726605205016e-01 1.913653737124004495e-01 8.840145584584901961e-02
6.015396206905306853e-01 8.951455913787068064e-02 2.333115759461379668e-01 7.563424422546077830e-02
5.905239828895764154e-01 6.946733382361676423e-02 2.049301056996476467e-01 1.350785775871591876e-01
5.524861313517065442e-01 1.408920839789873092e-01 1.997827510840968768e-01 1.068390335852092837e-01
6.388766772727894061e-01 9.787300313318506029e-02 1.724212818804483349e-01 9.082903771357722644e-02
6.506416241478061302e-01 5.800580763799376149e-02 1.929032419884100791e-01 9.844932622579004311e-02
5.594510977331351720e-01 1.147346482059947992e-01 1.957689489005699224e-01 1.300453051603002452e-01
6.346397149204108246e-01 1.010145916690255719e-01 1.892733081198878786e-01 7.507238529067569721e-02
6.060960990548566185e-01 1.186479434677837619e-01 2.076631617029950361e-01 6.759279577436451414e-02
6.329089212982801360e-01 1.050869236625948250e-01 1.668898135981941311e-01 9.511434144093086629e-02
5.241685448511668177e-01 1.410608283744321234e-01 2.319866204280038313e-01 1.027840063463972831e-01
5.717087663093660677e-01 8.661417325321833782e-02 2.357919458498149434e-01 1.058851145876006650e-01
6.000033887145499456e-01 8.613083647921888908e-02 2.296357061158272872e-01 8.423006869040389200e-02
6.449183294277832657e-01 8.089989333421487849e-02 1.950695127178015964e-01 7.911226452020013455e-02
6.332232078375243933e-01 7.199312799670704033e-02 1.969375202504477507e-01 9.784614391532089894e-02
6.159710693667450609e-01 1.173496982013348261e-01 2.023985289621654249e-01 6.428070346975467420e-02
6.067887794142799995e-01 6.361699989883772000e-02 2.255007558357091657e-01 1.040934648511732258e-01
6.138360809345951852e-01 8.104522684719671355e-02 1.932170345587407023e-01 1.119016576594673157e-01
6.011100963184848878e-01 8.951183628804634806e-02 1.923431866519532962e-01 1.170348807415155096e-01
6.377183770997033596e-01 5.947342924300006578e-02 2.130828076924932146e-01 8.972538596480338080e-02
5.638720394303522454e-01 6.860834147892114210e-02 2.191369991792450345e-01 1.483826199114816891e-01
5.967914655497789100e-01 1.066994811355962691e-01 1.977809497903870728e-01 9.872810352423770641e-02
5.985047744592020269e-01 1.087547860647830739e-01 2.121826227492753514e-01 8.055781672673950622e-02
6.158653520144511395e-01 1.063842526671278932e-01 2.089494928129543294e-01 6.880090250546665176e-02
6.152343466539065275e-01 7.094924539220408277e-02 2.153841659870811831e-01 9.843224196680819271e-02
5.653210485047633904e-01 1.125280347530297764e-01 2.234332829338189774e-01 9.871763380838781410e-02
6.554230044384603548e-01 6.755935398596316088e-02 1.765774482418253633e-01 1.004401933337512320e-01
6.350824165690094336e-01 1.183256517914267197e-01 1.520435940686453713e-01 9.454833757091829494e-02
6.539496877818504750e-01 8.904109671488921740e-02 1.617730592262005829e-01 9.523615627705984965e-02
6.126473644317614875e-01 9.580670210275928078e-02 2.131985117181564859e-01 7.834742174732288456e-02
6.570054010702965908e-01 8.291116393068453938e-02 1.739733607161927653e-01 8.611007428282604903e-02
5.803733322481193779e-01 9.815211353321365295e-02 2.142222747704374819e-01 1.072522794482294872e-01
6.325818393495482583e-01 1.006383430948202262e-01 1.690878388262813392e-01 9.769197872935027338e-02
6.104477706232013245e-01 9.519481695069535732e-02 1.998646466967561042e-01 9.449276572934726948e-02
6.636987727077766630e-01 7.475287121348324348e-02 1.757301047524633952e-01 8.581825132627669828e-02
5.824225787008626698e-01 8.759004858289266837e-02 1.890388916885500925e-01 1.409484810276944999e-01
6.260822418362391728e-01 8.344578559708076826e-02 1.529528430795590588e-01 1.375191294871210002e-01
5.724375864805257841e-01 1.189546634507617634e-01 2.040558343036326383e-01 1.045519157650799114e-01
6.017024051629853432e-01 1.184854926838079664e-01 1.904870978900317924e-01 8.932500426317478703e-02
6.408694149345508517e-01 9.071177227319170144e-02 1.537137446055074075e-01 1.147050681867499006e-01
6.040314434692147794e-01 8.602229540149386455e-02 2.065287884226730264e-01 1.034174727066182464e-01
5.914960308622878582e-01 8.318393999943504702e-02 2.273566014284224279e-01 9.796342770985472237e-02
5.969758303894977525e-01 1.059008207069736252e-01 1.876511794263285571e-01 1.094721694772000653e-01
6.037642027822754942e-01 1.658750770584897782e-01 1.457340712027432872e-01 8.462664895649145425e-02
5.846880922458981278e-01 1.118265376100736064e-01 2.242515037767880137e-01 7.923386636724027987e-02
6.269868413181824973e-01 8.546397497241474406e-02 2.009713885933202548e-01 8.657779511608248990e-02
6.296764210301447617e-01 7.526018388197133757e-02 1.968722235513839514e-01 9.819117153649996321e-02
5.781215758137728811e-01 9.756018267896750251e-02 2.477642538383376669e-01 7.655398766892188012e-02
6.100970539493023592e-01 7.353891422659140920e-02 2.012887184264568197e-01 1.150753133976493842e-01
6.287636656513471145e-01 7.824255124465198663e-02 2.049045175283497888e-01 8.808926557565115167e-02
6.052791021521702897e-01 1.170739196941570359e-01 1.669550828171492696e-01 1.106918953365234465e-01
6.249564118832500181e-01 1.244055893893514925e-01 1.476261617032818552e-01 1.030118370241167175e-01
6.404163415017390948e-01 8.172773195718126271e-02 1.896487311366186479e-01 8.820719540446091134e-02
6.236174797058348096e-01 9.112494969495324448e-02 2.003046711435412242e-01 8.495289945567072176e-02
6.386074923532667480e-01 7.460790835338847182e-02 1.869974219008524730e-01 9.978717739249232110e-02
6.190645049126042299e-01 7.010972872661483390e-02 1.712522305811323697e-01 1.395735357796485110e-01
5.978607029501912251e-01 1.237018326994323847e-01 1.815002912648356892e-01 9.693717308554067325e-02
5.642767013687856048e-01 8.554111662847041497e-02 2.345539845397714429e-01 1.156281974629724818e-01
6.065247925667976991e-01 7.256960811988225069e-02 2.295063731604243817e-01 9.139922615289566843e-02
5.501016225148853689e-01 1.296179121900616626e-01 2.194052355824308576e-01 1.008752297126221942e-01
6.172357374034714850e-01 9.853272727071946124e-02 2.014575744874521901e-01 8.277396083835691920e-02
6.106813781666049490e-01 1.118258470339635186e-01 1.846193834988333338e-01 9.287339130059815706e-02
5.898725970765078541e-01 9.850728229469846164e-02 2.360895602035901208e-01 7.553056042520339686e-02
6.471139917064349101e-01 4.846328963494111325e-02 1.997087648209741884e-01 1.047139538376496981e-01
6.371599087064547806e-01 8.184694662972517853e-02 1.805493237723753142e-01 1.004438208914449071e-01
6.428532920916201210e-01 8.277887163037157825e-02 1.845613235368130101e-01 8.980651274119520744e-02
5.654366574118788735e-01 1.165509512285216459e-01 2.194131787859080196e-01 9.859921257369151648e-02
6.303636861921089185e-01 8.872695123548393625e-02 1.947997637550797911e-01 8.610959881732729859e-02
5.793520435828425352e-01 1.023383694474182537e-01 2.068765108941948427e-01 1.114330760755443961e-01
5.617620699462690936e-01 1.063948100214116704e-01 2.123511262374628283e-01 1.194919937948563105e-01
5.972736772638235214e-01 9.358159940428570356e-02 1.806304427196116225e-01 1.285142806122790138e-01
6.126970078156867006e-01 8.847250734581546538e-02 1.867790674390211458e-01 1.120514173994766050e-01
5.320776551081701777e-01 1.076065743666233809e-01 2.099781329519504469e-01 1.503376375732561054e-01
6.277931799530073187e-01 6.995769924572271814e-02 2.109104150619915963e-01 9.133870573927842240e-02
5.887897247663750333e-01 1.050670144500297498e-01 2.110207711403493669e-01 9.512248964324593326e-02
6.006389794267740223e-01 7.812661157806015388e-02 2.369886534250311705e-01 8.424575557013466720e-02
6.461024268553773320e-01 9.708041244423706861e-02 1.715540799722980181e-01 8.526308072808748417e-02
6.474041026921351083e-01 8.820118823998343571e-02 1.493912809919112628e-01 1.150034280759700961e-01
6.440369926617908192e-01 7.495777291846629498e-02 1.887872384983056429e-01 9.221799592143727076e-02
5.881384090651794461e-01 1.294280064459610302e-01 2.026132636356085259e-01 7.982032085325078963e-02
6.271002898030664241e-01 7.734284961948718895e-02 1.837164609565114237e-01 1.118403996209349632e-01
6.048765946541841965e-01 1.033951295806360415e-01 2.055551563974677975e-01 8.617311936771182568e-02
6.018015875241432555e-01 9.901729385648695703e-02 1.934623953930793006e-01 1.057187232262904730e-01
6.073637641280915656e-01 9.004591654238051912e-02 1.964438136761082754e-01 1.061465056534196122e-01
6.087401595303202351e-01 9.123800673696530472e-02 2.028560358808269015e-01 9.716579785188743379e-02
5.847569607009811543e-01 9.745291169111362783e-02 2.176405116826776731e-01 1.001496159252276974e-01
6.586916993907264706e-01 9.570407736426451983e-02 1.683198484260174654e-01 7.728437481899157191e-02
5.335396222914848829e-01 1.240355698599763662e-01 2.185413987920708234e-01 1.238834090564678858e-01
6.035130395915196955e-01 1.314619452283731782e-01 1.836664611685204507e-01 8.135855401158659239e-02
5.902676016980225038e-01 1.091020590766197118e-01 1.965432863381344486e-01 1.040870528872234191e-01
5.885854117909845584e-01 1.105233824047436170e-01 2.320931168046539428e-01 6.879808899961781243e-02
6.566221484138309306e-01 1.021352244447119306e-01 1.712171077577243072e-01 7.002551938373294260e-02
5.540410684375597361e-01 1.055507434387990134e-01 2.216455133252815402e-01 1.187626747983597103e-01
6.126393371734720761e-01 1.157075833273579213e-01 1.854226209446146467e-01 8.623045855455534203e-02
6.460989078150731757e-01 8.202954557253948342e-02 1.744428313815024056e-01 9.742871523088499075e-02
5.865486740875242022e-01 9.848593362719244848e-02 1.925567249965309813e-01 1.224086672887523403e-01
6.438010173637684908e-01 9.833950251770179340e-02 1.801209453283977024e-01 7.773853479013209666e-02
5.698960753889669162e-01 9.301630539887542626e-02 2.407091480389146054e-01 9.637847117324285784e-02
5.952470480810476694e-01 7.467360028346110845e-02 2.501753016922771411e-01 7.990404994321410881e-02
5.650528352208855631e-01 1.025590277752799900e-01 2.154082244911116606e-01 1.169799125127225919e-01
5.856090287416275686e-01 1.098687203955960728e-01 2.063876415273974974e-01 9.813460933537883346e-02
5.855406353809176068e-01 1.181712105427532161e-01 2.040251384489438491e-01 9.226301562738541129e-02
5.796184934599325489e-01 1.218225900059938249e-01 2.063673105137265595e-01 9.219160602034706664e-02
5.926929047196025646e-01 1.204770811230750638e-01 1.999147132167144458e-01 8.691530094060788414e-02
5.967750850228337178e-01 1.052040105187343200e-01 2.230531855001271768e-01 7.496771895830493804e-02
5.756227963939805070e-01 1.045740064943257164e-01 2.059723132415190727e-01 1.138308838701748149e-01
6.038693813476423422e-01 9.713860293752363262e-02 1.895135432060067182e-01 1.094784725088272653e-01
6.240304251506999522e-01 7.330740286094900027e-02 2.139670628822176179e-01 8.869510910613341570e-02
5.911107118359324453e-01 7.675107668164792007e-02 2.087281835926556028e-01 1.234100278897639763e-01
5.929451775331527896e-01 8.762554974847826250e-02 2.320366252598931867e-01 8.739264745847573346e-02
5.764970462945093743e-01 1.600413155153131706e-01 1.688608019403253779e-01 9.460083624985209105e-02
6.198971648877507068e-01 8.341062287041423051e-02 1.885121942388994221e-01 1.081800180029357655e-01
5.944788861235351662e-01 1.429803921227589814e-01 1.877711665822469900e-01 7.476955517145864039e-02
6.556612492104050283e-01 7.923428580892274975e-02 1.743949562242481655e-01 9.070950875642427857e-02
6.120088822544397233e-01 8.808977956250391150e-02 1.791589896340556043e-01 1.207423485490006082e-01
6.319783819183437679e-01 7.962212313472194491e-02 1.989018958033922091e-01 8.949759914354199486e-02
6.339481355832641274e-01 1.015208447487561949e-01 1.956086869941068840e-01 6.892233267387275208e-02
5.647238587788935282e-01 1.158863682722533622e-01 1.959245980065004444e-01 1.234651749423526651e-01
6.291471732194630073e-01 7.863874351551854158e-02 2.043341379677983127e-01 8.787994529722004122e-02
6.441182818494322060e-01 7.928760155484131100e-02 1.906470579827136691e-01 8.594705861301278615e-02
5.924209072949740973e-01 1.365967316894891870e-01 1.606613890759314156e-01 1.103209719396053973e-01
6.057710629130232949e-01 1.001130392474920972e-01 2.096499267351210893e-01 8.446597110436346312e-02
6.170358999609359962e-01 9.910654765812255962e-02 2.108028653233210148e-01 7.305468705762055426e-02
6.334303959282332475e-01 1.056217211112455284e-01 1.940623451119851128e-01 6.688553784853613904e-02
5.671038634833667214e-01 8.739169826379436512e-02 2.314125201368487650e-01 1.140919181159900236e-01
6.660929663319060667e-01 9.495260292796994794e-02 1.514012083015567889e-01 8.755322243856721032e-02
6.425600264409307982e-01 5.535771557744039589e-02 2.165694626389378374e-01 8.551279534269103089e-02
5.951566050159141641e-01 7.961617878269815207e-02 2.450388630978395377e-01 8.018835310354825718e-02
5.891746191417429612e-01 1.114463593135924108e-01 2.095796775552487834e-01 8.979934398941591400e-02
5.571080521971476518e-01 1.201358501423795272e-01 1.931636133359725394e-01 1.295924843245001845e-01
6.059810690803223432e-01 1.084240858538408625e-01 1.817269689882522743e-01 1.038678760775847004e-01
5.814033280907996426e-01 1.216265473964846244e-01 1.792205685537923421e-01 1.177495559589234464e-01
6.018671798915206095e-01 8.952462056364542120e-02 1.938352114736267284e-01 1.147729880712073103e-01
6.291610249520381837e-01 9.421518609035427205e-02 1.852373246348263947e-01 9.138646432278116349e-02
6.085955319646603190e-01 5.621346890940371460e-02 2.141004289998776067e-01 1.210905701260583528e-01
6.345161359779470933e-01 1.184802512765050081e-01 1.900120393542047981e-01 5.699157339134312827e-02
6.449004014981911670e-01 8.241200484631747147e-02 1.711968614878884298e-01 1.014907321676030705e-01
6.172858079189590397e-01 1.048002224168025909e-01 1.996504927626961134e-01 7.826347690154217274e-02
6.758972148874464736e-01 8.548217829435650339e-02 1.661899600955411838e-01 7.243064672265576986e-02
5.801389444011045837e-01 9.288788597713758255e-02 2.149461436085039756e-01 1.120270260132536777e-01
6.099955443457651949e-01 8.390578558655961694e-02 1.930213369442949356e-01 1.130773331233802526e-01
6.592382994824098619e-01 8.491465651805386872e-02 1.726076684787935522e-01 8.323937552074271717e-02
5.613724835431308513e-01 9.288126230556946472e-02 2.575249217030500248e-01 8.822133244824970078e-02
6.134897739527601646e-01 9.834837267800107530e-02 1.979738355616299794e-01 9.018801780760865583e-02
6.187261316298551250e-01 1.057561648151082445e-01 1.695682107864848465e-01 1.059494927685518673e-01
6.008230242973483515e-01 7.444796979301598894e-02 2.154311031846431468e-01 1.092979027249926238e-01
5.760001279678802488e-01 9.130309315783814716e-02 2.206857118301486786e-01 1.120110670441330503e-01
6.059526549850419164e-01 7.979647470928470654e-02 2.156568469262070964e-01 9.859402337946625294e-02
6.390332271881692394e-01 9.567811516589283527e-02 1.860594162741914248e-01 7.922924137174656989e-02
6.658549860746973970e-01 7.985941540373879544e-02 1.936429460958451754e-01 6.064265242571868775e-02
6.016233413810546660e-01 7.785655678322875306e-02 2.447630695855738392e-01 7.575703225014271402e-02
5.802675225653486368e-01 1.265730971019104478e-01 1.989848198272241020e-01 9.417456050551679947e-02
5.870308411980140750e-01 8.703177881062261478e-02 2.207390878228184250e-01 1.051982921685448574e-01
5.952437902518968871e-01 1.409884715903583219e-01 1.866254200829467191e-01 7.714231807479796088e-02
6.034842859866904607e-01 1.083179976580682241e-01 1.782818870431982783e-01 1.099158293120430924e-01
6.168415406440392879e-01 9.134954653081031606e-02 2.047591001104708541e-01 8.704981271467954196e-02
5.882740513652023884e-01 1.140407445851479851e-01 1.944251940990152083e-01 1.032600099506343211e-01
5.995009995223211652e-01 9.322939523441579890e-02 2.254126264828731629e-01 8.185697876038983134e-02
5.968372865353165357e-01 8.918910431357163215e-02 2.168066497563315986e-01 9.716695939478028898e-02
5.745227135236823379e-01 1.187510697058531545e-01 1.973083854203838416e-01 1.094178313500805411e-01
6.249089108822362126e-01 1.151410245865587545e-01 1.720167844275676261e-01 8.793328010363733738e-02
5.624372042677729944e-01 1.207768428382015174e-01 2.401647729023248246e-01 7.662117999170059424e-02
6.219145062703770321e-01 7.390734895106845781e-02 1.823608495602443702e-01 1.218172952183100982e-01
6.175682188678428552e-01 1.047562671818118157e-01 1.784305111567076052e-01 9.924500279363779320e-02
5.960753983728652727e-01 9.481125491899389246e-02 2.335424789561244552e-01 7.557086775201633799e-02
6.259373743776400767e-01 9.892536076748434382e-02 1.680370781664297930e-01 1.071001866884458698e-01
5.975078311716667256e-01 1.079284858641911676e-01 2.110633244569310452e-01 8.350035850721115871e-02
6.488264365173034287e-01 8.351765277878664406e-02 1.792882823923363789e-01 8.836762831157353448e-02
5.714337863597064304e-01 8.064554367727350126e-02 2.306863834322600837e-01 1.172342865307599569e-01
5.928705245427594583e-01 8.905994182329271536e-02 2.141428453946946364e-01 1.039266882392533287e-01
5.804003047632322332e-01 9.799672654486123180e-02 2.104912764319372132e-01 1.111116922599694190e-01
6.101971014014607730e-01 6.151361870770197249e-02 2.322919026196889891e-01 9.599737727114818209e-02
6.257309903350732894e-01 8.212483044850156511e-02 1.983988804635298253e-01 9.374529875289520919e-02
5.964769885445058151e-01 1.285358292882948505e-01 1.868355319884840438e-01 8.815165017871531838e-02
5.836328512408469615e-01 1.205579144453267637e-01 2.123010449690909407e-01 8.350818934473527855e-02
5.940290389579113706e-01 1.012035176038017931e-01 1.872498418090946248e-01 1.175176016291922393e-01
6.254696202797612736e-01 8.851913154202643852e-02 2.075411107679500655e-01 7.847013741026222233e-02
6.474233954444261752e-01 7.475999491307441791e-02 1.844410722358638677e-01 9.337553740663566415e-02
6.302406276512081407e-01 6.312771117358945139e-02 1.921065565064084824e-01 1.145251046687941754e-01
5.805942675362534278e-01 8.846335339148959920e-02 2.241994122317106930e-01 1.067429668405463633e-01
5.660256373167108501e-01 1.339027598975283950e-01 1.937600829104925426e-01 1.063115198752683094e-01
6.066777470783688564e-01 8.672746208589147965e-02 2.155577288825635540e-01 9.103706195317624872e-02
5.144794371539707090e-01 8.730629809282172693e-02 3.018707135369821382e-01 9.634355121622542595e-02
6.007899044793343357e-01 1.044900756084822524e-01 1.983232539817224027e-01 9.639676593046082875e-02
6.171133580125085505e-01 9.969396577826349082e-02 1.953893403185766875e-01 8.780333589065143773e-02
5.725635809251788944e-01 1.040249600399047319e-01 2.413989215747642247e-01 8.201253746015220447e-02
6.306140732400199456e-01 8.856770269287639330e-02 2.233805476292381742e-01 5.743767643786548693e-02
5.417881899534261469e-01 1.199855418615316943e-01 2.328329697973331724e-01 1.053932983877090973e-01
5.528419529036157076e-01 9.217875645650505656e-02 2.849823926533406326e-01 6.999689798653868644e-02
6.113314926747615008e-01 9.189384023562964521e-02 1.940689989422157147e-01 1.027056681473932503e-01
5.999349500772901411e-01 9.761625633041379202e-02 1.823680964303261431e-01 1.200806971619697849e-01
5.893665174743862867e-01 9.342566454914714991e-02 2.217289004782410644e-01 9.547891749822554064e-02
6.250047429425237278e-01 7.946109359137122630e-02 1.822785577467385676e-01 1.132556057193665200e-01
6.142747138644780724e-01 9.825716703794130924e-02 1.931102780817126885e-01 9.435784101586786043e-02
5.977455169266011614e-01 1.189896963876332925e-01 2.081614412378589851e-01 7.510334544790638056e-02
6.104562707996438187e-01 1.050951252872735914e-01 1.981961809130510788e-01 8.625242300003137241e-02
5.820759670751827208e-01 9.811474353072288657e-02 2.334824065319937858e-01 8.632688286210056516e-02
6.544773129667224021e-01 6.501159162333031150e-02 1.822803266159806201e-01 9.823076879396662464e-02
5.910210155050542591e-01 9.975953531947102937e-02 2.115169022011325617e-01 9.770254697434221924e-02
5.792612863343814533e-01 1.226301225702937925e-01 2.035308804325703935e-01 9.457771066275451333e-02
6.059685938408675421e-01 7.651333489216112504e-02 2.069924512270500949e-01 1.105256200399212657e-01
6.122882417465496108e-01 1.160414281200341929e-01 1.898763784183876702e-01 8.179395171502863715e-02
6.095681227578920724e-01 1.224773146338567625e-01 1.838528909237722442e-01 8.410167168447879593e-02
5.854733785324144346e-01 8.381461175048759982e-02 2.459027781377347288e-01 8.480923157936329226e-02
6.170609741869919063e-01 9.286622783562389905e-02 2.021696619268676942e-01 8.790313605051640333e-02
6.526276258320861112e-01 8.638787544721023004e-02 1.783914492550977837e-01 8.259304946560606930e-02
5.805553463044671458e-01 1.028935524953563108e-01 2.120747212507981538e-01 1.044763799493785006e-01
5.803066578684180632e-01 1.422130380186381327e-01 1.809237508171700481e-01 9.655655329577378376e-02
6.503045368675567373e-01 7.871263947167599084e-02 1.794509096715114771e-01 9.153191398925582256e-02
6.353529030694562429e-01 8.136255460444022369e-02 2.038463685302446260e-01 7.943817379585864369e-02
6.144160654430929069e-01 7.541487892454759590e-02 2.122242338058039912e-01 9.794482182655556146e-02
6.171269692764388415e-01 1.027958483526131561e-01 1.897323503526874011e-01 9.034483201826040699e-02
5.848541395246961150e-01 7.560691006773442857e-02 2.502062674179260093e-01 8.933268298964346099e-02
6.063331594816057102e-01 8.538444416287824246e-02 2.233790828314464183e-01 8.490331352406971233e-02
6.174314203762650832e-01 6.688519772181643341e-02 2.030824572008221862e-01 1.126009247010963388e-01
6.044038119254763197e-01 1.012217317861499738e-01 2.090333009100706074e-01 8.534115537830315457e-02
6.260971638782240056e-01 6.425901311452358877e-02 2.044299796832319271e-01 1.052138433240203674e-01
6.463149493826979564e-01 8.862913941548050678e-02 1.760040752336779202e-01 8.905183596814356117e-02
6.219953537470295224e-01 8.987118859988682540e-02 2.063271922846162676e-01 8.180626536846741237e-02
6.153177055630647541e-01 6.348916282327368710e-02 2.150292970744213106e-01 1.061638345392402760e-01
6.571968502614916607e-01 6.826405271646537876e-02 1.635346038869100183e-01 1.110044931351329422e-01
6.254643901748226931e-01 1.080280408274413156e-01 1.814062135523895336e-01 8.510135544534652707e-02
6.629657155388470891e-01 6.557202144941305655e-02 1.771755886233846444e-01 9.428667438835526549e-02
6.216867502186463890e-01 8.194401533654799286e-02 2.114633182981724424e-01 8.490591614663300923e-02
6.478558259024050914e-01 8.864068506308428463e-02 1.944390452937647118e-01 6.906444374074564851e-02
6.313088032380906878e-01 9.673188551513396682e-02 1.809396061501188924e-01 9.101970509665639752e-02
6.149238374001202434e-01 8.293999084192184290e-02 2.148766830565916053e-01 8.725948870136629454e-02
6.377547594102124240e-01 9.525527898218977274e-02 1.813542017877313450e-01 8.563575981986626395e-02
6.469350786211977011e-01 7.971338367212035814e-02 1.830073827442105228e-01 9.034415496247127919e-02
5.345945766097307539e-01 1.050528162007387661e-01 2.341072425055446826e-01 1.262453646839856725e-01
5.739467227747985234e-01 9.998956261149374858e-02 2.243508417069825234e-01 1.017128729067252185e-01
5.780908204368279124e-01 9.405456192040850816e-02 2.396422356000934284e-01 8.821238204266999838e-02
6.127952732701746896e-01 8.857283727449001554e-02 2.078829477350839228e-01 9.074894172025116390e-02
6.065752643332258387e-01 8.072751670199608542e-02 2.160458244322819299e-01 9.665139453249613211e-02
5.951611577484521298e-01 1.148648951880098246e-01 1.975011817993953811e-01 9.247276526414267839e-02
6.386083428236594139e-01 1.042874667957990054e-01 1.864425550244953877e-01 7.066163535604612356e-02
6.943724346012694060e-01 8.539124409819465189e-02 1.448458074388638828e-01 7.539051386167194835e-02
5.886102707355307384e-01 8.142537135101222956e-02 2.079318914793878426e-01 1.220324664340694670e-01
6.228596140592849162e-01 6.402684072110750857e-02 1.992039551860227131e-01 1.139095900335848205e-01
5.591055402083173753e-01 1.031116196728400075e-01 2.332341970572713585e-01 1.045486430615711754e-01
6.326714248981626376e-01 7.662250856363157780e-02 1.572122987182915932e-01 1.334937678199140665e-01
5.688655673414422242e-01 1.223169892636106343e-01 2.008038351990071024e-01 1.080136081959399141e-01
6.058458813563125656e-01 1.185051699798127800e-01 1.747092127678986362e-01 1.009397358959760599e-01
6.196416258431547419e-01 9.915329366752503870e-02 2.035901709898854106e-01 7.761490949943494755e-02
6.112941006075983674e-01 7.475677367025103381e-02 2.227522378559122496e-01 9.119688786623846022e-02
5.558082558297692266e-01 8.943967112298545352e-02 2.243038959366601415e-01 1.304481771105854282e-01
6.086119267875851335e-01 9.680926136354027489e-02 1.858055417536292331e-01 1.087732700952453724e-01
6.046035311678259472e-01 7.674093377677605743e-02 2.415042978352714420e-01 7.715123722012637297e-02
5.400988204618974997e-01 1.191568575523950652e-01 2.450115316009494892e-01 9.573279038475795977e-02
5.927092754806885244e-01 6.981042342252422039e-02 2.073283129825498339e-01 1.301519881142374491e-01
6.317162762535739606e-01 1.020694509394435429e-01 1.804590038022680920e-01 8.575526900471432123e-02
5.750616002974410224e-01 1.219641408813457173e-01 2.169469435161500426e-01 8.602731530506325941e-02
5.689633427554989797e-01 8.038016041808113132e-02 2.396144845628654652e-01 1.110420122635545903e-01
6.059021294415097847e-01 8.183448998171137523e-02 2.392173330897664485e-01 7.304604748701254424e-02
6.148253159090867337e-01 8.904302541128111814e-02 1.641199888276969054e-01 1.320116698519352427e-01
6.273358973409965955e-01 9.569413756153416495e-02 1.767680280099012124e-01 1.002019370875681381e-01
5.482313128112580314e-01 8.644915381364114138e-02 2.313145465965869008e-01 1.340049867785138848e-01
5.847502875198776762e-01 9.969836126947513588e-02 2.053619573113274754e-01 1.101893938993198235e-01
6.166523093280987800e-01 9.422214476628335000e-02 1.990612931992056522e-01 9.006425270641223169e-02
6.282526030454185229e-01 9.324631089545513951e-02 1.868946609835589745e-01 9.160642507556737701e-02
5.615910077141975654e-01 7.171351665840017264e-02 2.177255808079688604e-01 1.489698948194334294e-01
5.968075978740241538e-01 1.064717509118028593e-01 2.220417502204109494e-01 7.467890099376209290e-02
6.084266332019426793e-01 1.150871869660782809e-01 1.743062727539826384e-01 1.021799070779963042e-01
6.272583382172330912e-01 1.057910876181440973e-01 1.776067249357143329e-01 8.934384922890856173e-02
6.318661335552392400e-01 6.278287277680424938e-02 2.205092228349291861e-01 8.484177083302739397e-02
5.877545136698213435e-01 9.505834952942140981e-02 2.309399509840911469e-01 8.624718581666612760e-02
6.550177084972959030e-01 8.796913684990309568e-02 1.894412657512754838e-01 6.757188890152551752e-02
6.463178043602577638e-01 9.074276246079819586e-02 1.858379983141552338e-01 7.710143486478897301e-02
5.366615896493954763e-01 1.185408803637399838e-01 2.535364151636159136e-01 9.126111482324875124e-02
6.210304109014460616e-01 1.170722850626927936e-01 1.917020485176498257e-01 7.019525551821137466e-02
6.562230712035810321e-01 6.453688789978732909e-02 1.927181535475872010e-01 8.652188734904418810e-02
6.176439383705106811e-01 8.257466243676336859e-02 2.152970521976727281e-01 8.448434699505326384e-02
5.857171356514785376e-01 7.415231749134096328e-02 2.298688984973309701e-01 1.102616483598494318e-01
6.180596278843365488e-01 9.197887216556674406e-02 2.026251345516016378e-01 8.733636539849500002e-02
6.302090213237291350e-01 8.726962990036736534e-02 1.893117029277391061e-01 9.320964584816433807e-02
6.379446487738634763e-01 6.316815068816090950e-02 1.911959874131387571e-01 1.076912131248368987e-01
6.222732839666100801e-01 9.888150183808280813e-02 2.120664666074384419e-01 6.677874758786861431e-02
6.165381353804569864e-01 9.409994140966931875e-02 1.903570608363989447e-01 9.900486237347473628e-02
6.076485775571781600e-01 8.496045659677466111e-02 2.129713201380852572e-01 9.441964570796189393e-02
6.278342811178981853e-01 9.933673268591905470e-02 1.762615498640489609e-01 9.656743633213363265e-02
6.180920580412310184e-01 1.198393988509655339e-01 1.683587241580413729e-01 9.370981894976204707e-02
5.971079971520883989e-01 1.038267165663954439e-01 2.146360936590585300e-01 8.442919262245772438e-02
5.559694646397508322e-01 1.131723873961050508e-01 2.073235200432535785e-01 1.235346279208904968e-01
6.028966181625532439e-01 8.084188495419911136e-02 2.136076314929585551e-01 1.026538653902892562e-01
6.130142623571173122e-01 7.571151137809647991e-02 2.109511801984471357e-01 1.003230460663390305e-01
6.131132843545828992e-01 1.015431030659690315e-01 1.940151305655199721e-01 9.132848201392804177e-02
5.662617357352476288e-01 8.054353513457969405e-02 2.153654392878821267e-01 1.378292898422907031e-01
6.066199098962001823e-01 9.017004875349145243e-02 2.164989308174381233e-01 8.671111053287007542e-02
6.520368057019435559e-01 8.711422085446454688e-02 1.754790987533426938e-01 8.536987469024930053e-02
6.056850963165139046e-01 6.935378165247503557e-02 2.295456903668169901e-01 9.541543166419409749e-02
6.186416863438264357e-01 9.577828065834910476e-02 1.873018990828559938e-01 9.827813391496853512e-02
6.633737910105351743e-01 8.177294276184592092e-02 1.638287265526614245e-01 9.102453967495738318e-02
5.812520512987849886e-01 9.075111137063998634e-02 2.244235228932817405e-01 1.035733144372933540e-01
6.396932445569259995e-01 5.387509477295349125e-02 1.880442350489202052e-01 1.183874256212003734e-01
6.265431770217892993e-01 1.163388715343049301e-01 1.730669716057662844e-01 8.405097983813950013e-02
6.239627781938767992e-01 1.478056107802560581e-01 1.666841726545029989e-01 6.154743837136417844e-02
6.498593723205707828e-01 9.424369393963198671e-02 1.601557828352543067e-01 9.574115090454288213e-02
5.935872911072385127e-01 8.875676187677890294e-02 2.245661975546159872e-01 9.308974946136643058e-02
