5.931871230712290055e-01 8.196048143521934837e-02 2.710840344389748302e-01 5.376836105457669795e-02
6.360531427850248942e-01 4.993132214276929659e-02 2.571940209787734744e-01 5.682151409343236259e-02
5.833953344403659536e-01 7.150572320213444133e-02 2.861893477843001632e-01 5.890959457319949744e-02
5.999358974868230776e-01 6.419735401731452296e-02 2.754229273434463665e-01 6.044382115241603293e-02
6.098755322283216929e-01 3.791464047398267201e-02 3.162310338959647416e-01 3.597879340173099766e-02
5.518622666660548681e-01 5.549202733313447766e-02 3.256442490867115236e-01 6.700145691409915838e-02
5.183024850528974437e-01 1.084223464094442313e-01 2.992292648081569251e-01 7.404590372950120569e-02
5.479254824730226403e-01 6.230389943302946931e-02 3.156205798967401943e-01 7.415003819720757117e-02
5.201282480171193212e-01 9.766251307420804884e-02 2.933253351867868286e-01 8.888390372188584299e-02
5.437895359503528425e-01 6.467915153806949591e-02 3.261899669517210332e-01 6.534134555985661452e-02
4.972871329562797427e-01 7.468797910980866372e-02 3.520075041571077978e-01 7.601738377680379577e-02
5.607063607428539598e-01 7.929577533647326482e-02 3.003132309288209512e-01 5.968463299185192833e-02
5.343005571764752881e-01 6.985162427723289047e-02 3.477859462098955023e-01 4.806187233639638845e-02
5.238104631106426101e-01 1.058363788246138026e-01 3.125887650046301758e-01 5.776439306011347391e-02
5.590156119711922056e-01 7.423377871290981478e-02 2.929234118582670354e-01 7.382719745763077768e-02
5.025169949097686439e-01 7.964402161639162758e-02 3.439054670469203212e-01 7.393351642691936565e-02
5.518206286051695608e-01 8.456688402650001934e-02 2.882676069286383980e-01 7.534488043969196636e-02
6.200872928646329330e-01 7.930105145644850140e-02 2.435150636160317295e-01 5.709659206288678762e-02
5.016949301728044208e-01 6.382730726693658374e-02 3.404255086980898515e-01 9.405225386216910233e-02
5.741694897549115550e-01 1.076346915076957927e-01 2.684337840327320479e-01 4.976203470466065287e-02
5.312859749965604950e-01 6.955863093658266882e-02 3.379980726707627059e-01 6.115732139609402623e-02
5.768472099740092895e-01 9.816680052403849166e-02 2.731903864540942140e-01 5.179560304785805341e-02
5.547486964887249350e-01 4.771911242330565545e-02 3.466569427062738407e-01 5.087524838169552727e-02
6.170674977518149085e-01 5.838200657971584495e-02 2.925955143739403241e-01 3.195498129452904734e-02
5.822495584341972341e-01 1.015665972918563253e-01 2.825439711433092582e-01 3.363987313063716844e-02
6.323074538166878478e-01 5.155929777666058006e-02 2.562191195547213196e-01 5.991412885193032195e-02
4.465204644757038155e-01 8.899214077137403145e-02 4.160103558204011343e-01 4.847703893252112289e-02
5.859023387416291140e-01 6.400754113513994203e-02 2.869523773718805071e-01 6.313774275135043690e-02
5.551583787654927882e-01 1.114532726496405834e-01 2.316359812045149513e-01 1.017523673803516632e-01
5.486087573652091987e-01 6.771344677521599908e-02 3.090787983335602229e-01 7.459899752601439893e-02
5.496595715871693821e-01 6.922437899764816160e-02 3.021368958620536671e-01 7.897915355312869201e-02
5.578442079097308826e-01 6.972025587329955254e-02 3.053378911157010878e-01 6.709764510126846326e-02
6.264430142397251489e-01 4.544163153208800182e-02 2.720333906276476421e-01 5.608196360053920027e-02
5.729200957291121776e-01 5.517527690471827478e-02 2.891398811372483668e-01 8.276474622892103505e-02
5.965228100339846629e-01 7.143480572865160139e-02 2.779864415029277835e-01 5.405594273443597997e-02
5.480818893193504238e-01 5.060676150559739045e-02 3.592219103561281601e-01 4.208943881892412975e-02
5.414431649765922838e-01 8.186109259382880199e-02 2.771212124203792371e-01 9.957453000919971875e-02
5.261488379910843616e-01 7.185616650157793106e-02 3.114075658949843062e-01 9.058742961235342894e-02
5.298026685373764533e-01 7.336703710143951951e-02 3.475540107788282485e-01 4.927628358235584816e-02
5.451677018361831273e-01 6.281002438240042285e-02 3.410588881763800817e-01 5.096338560503653470e-02
5.318265071086594187e-01 1.114114260092854691e-01 2.895555992978581794e-01 6.720646758419675237e-02
4.972269685073454903e-01 7.697858870375208495e-02 3.793898533589843414e-01 4.640458942991796537e-02
5.700348115282801720e-01 9.559904639896724121e-02 2.604252712754140942e-01 7.394087079733853429e-02
5.839047754883561758e-01 7.844937320521236379e-02 2.799841440360254508e-01 5.766170727040605820e-02
5.313329224783827076e-01 8.711966395536389907e-02 3.037617574289840916e-01 7.778565613726926009e-02
5.543579141167181978e-01 7.750621639799920581e-02 2.961627052471203503e-01 7.197316423816201014e-02
6.055958015452953536e-01 5.828054537761220844e-02 2.852652282490947822e-01 5.085842482799772524e-02
5.410029124298884051e-01 6.632595414843454884e-02 3.240151390499426687e-01 6.865599437173430797e-02
5.934739245212026226e-01 5.615899056341878276e-02 3.172195537873785942e-01 3.314753112799988244e-02
5.982242184206987279e-01 1.026850596443769359e-01 2.574523198743670083e-01 4.163840206055734183e-02
6.290436886857475596e-01 4.867032936877683374e-02 2.617707059446173767e-01 6.051527600085826464e-02
6.423046017804378005e-01 8.626924855060329189e-02 2.145629764455471156e-01 5.686317322341170183e-02
5.382012017637761714e-01 1.438017669071612881e-01 2.745427474865993478e-01 4.345428384246308173e-02
5.903054318825974311e-01 8.446520394281128996e-02 2.575180569001681574e-01 6.771130727442299657e-02
5.616839769410054695e-01 6.181525344361984281e-02 3.276012673861140034e-01 4.889950222926059409e-02
4.915123712945101420e-01 9.952716061089544874e-02 3.471804489713973263e-01 6.178001912319709688e-02
5.802896896014622108e-01 7.680494703240729748e-02 2.837758647767017472e-01 5.912949858942862652e-02
5.937708153586025439e-01 5.899646293635406324e-02 2.952630198869968803e-01 5.196970181804663746e-02
5.198490630200782725e-01 8.093958288479198571e-02 2.818886134082099759e-01 1.173227406869196687e-01
6.056227539787036873e-01 5.446703120428746797e-02 2.900041871395734328e-01 4.990602767743527318e-02
5.188764213201415565e-01 5.880449927172209934e-02 3.576761472797336805e-01 6.464293212840259428e-02
5.790024849073195368e-01 8.655223471912815159e-02 2.750600533460421104e-01 5.938522702751020121e-02
5.817739294131475392e-01 6.647846358369274844e-02 2.995094016606429932e-01 5.223820534251680942e-02
6.122472097445712524e-01 6.530293188671747184e-02 2.791583129914254613e-01 4.329154537728577279e-02
5.931106944562768435e-01 8.198173685157121582e-02 2.735070000619963526e-01 5.140056863015555338e-02
5.399824873899581323e-01 1.051025175735346567e-01 2.988478565194518377e-01 5.606713851705533852e-02
5.183853102944945279e-01 1.224499647717565837e-01 2.738658550214114751e-01 8.529886991233749660e-02
5.851702589124907483e-01 6.625309879065258145e-02 3.058271118873719940e-01 4.274953040948469007e-02
5.447235609762003383e-01 5.399898878341176378e-02 3.636078534548098928e-01 3.766959678557798424e-02
6.090027466323745253e-01 7.367719706386577361e-02 2.605369942849213860e-01 5.678306201883819709e-02
5.762908024568395016e-01 6.527270121545605819e-02 3.024504653768313456e-01 5.598603095087315018e-02
5.857789179923929002e-01 9.585360066786113853e-02 2.797951702225306980e-01 3.857231111721529104e-02
5.938655671078849618e-01 6.312265727817324701e-02 2.864379020746988247e-01 5.657387353924306361e-02
6.287069642228808597e-01 9.039188194741459847e-02 2.235075449254652347e-01 5.739360890423948758e-02
5.821499830182532698e-01 6.384309141708024993e-02 3.191906831703402170e-01 3.481624239432617313e-02
5.467549188686284811e-01 6.524638888499667555e-02 3.372842605577789921e-01 5.071443168859589984e-02
6.111719491156718531e-01 7.758967950289759330e-02 2.541497961652899318e-01 5.708857521614044833e-02
5.623863263464744522e-01 6.845600355752268218e-02 3.005148547845017948e-01 6.864281531150126514e-02
5.710494940929642382e-01 6.448330340106903091e-02 3.277982112815382987e-01 3.666899122442847381e-02
5.448479976975522110e-01 6.552148341814417742e-02 3.384338703091842038e-01 5.119664857511939393e-02
5.643334042372281090e-01 1.130396689555225320e-01 2.644103811893300793e-01 5.821654561791921034e-02
5.460246318042292213e-01 1.151217398076829074e-01 2.881448247493171300e-01 5.070880363877067892e-02
5.460638144029260621e-01 9.187177201941301719e-02 2.960286295263747647e-01 6.603578405128594786e-02
5.443055461350699842e-01 6.715038021011629499e-02 3.040086435726991887e-01 8.453543008211447662e-02
5.687292997335018363e-01 8.309575608220483300e-02 2.902515000116110966e-01 5.792344417268221329e-02
6.000880703172827291e-01 3.009138144157221667e-02 3.080246414565571689e-01 6.179590678458796171e-02
5.713734892418883549e-01 7.086218811681259389e-02 2.967780933530173026e-01 6.098622928828177636e-02
5.496410230049540990e-01 6.560455497059392016e-02 3.317658282907652301e-01 5.298859373368687564e-02
5.901951159415069759e-01 6.006018685801212814e-02 2.971186491473211122e-01 5.262604805315972134e-02
5.737603693591675214e-01 7.083947443614584116e-02 2.955797499512379800e-01 5.982040625344865747e-02
5.920054420681882812e-01 9.448592211261740148e-02 2.689378633383579520e-01 4.457077248083653187e-02
6.210687403040440202e-01 5.522545304547353540e-02 2.693415184986853173e-01 5.436428815179711327e-02
4.890170474433820913e-01 9.936883829645580535e-02 3.193311595745214060e-01 9.228295468564072512e-02
5.423282877485979814e-01 8.958758662890574376e-02 2.992594785178768757e-01 6.882464710461938528e-02
6.234531606074297239e-01 6.726499218260015289e-02 2.562715991542792726e-01 5.301024805569097553e-02
5.861786298197346756e-01 6.428333665511884454e-02 2.809580464312692594e-01 6.857998709387724823e-02
5.793966736279654306e-01 5.343113700279239486e-02 2.803887374094607976e-01 8.678345195978146021e-02
5.550795211489358838e-01 9.034469872266502610e-02 3.019807367962685229e-01 5.259504333213047000e-02
6.155499728037733265e-01 6.464705396519569713e-02 2.870447137627732404e-01 3.275825946825790258e-02
5.447153510195581472e-01 6.234296298473299136e-02 3.151942642767662228e-01 7.774742171894252762e-02
5.509619655223821910e-01 5.316041089304424788e-02 3.245848911932832648e-01 7.129273239129030326e-02
5.625233542417091837e-01 7.087956715457147117e-02 2.931529845166551129e-01 7.344409408706426001e-02
5.344025865939676656e-01 9.584083432361467647e-02 2.942552816680344407e-01 7.550129741438306452e-02
5.730791206841360230e-01 8.132040186422147265e-02 2.810267153078765956e-01 6.457376214376595036e-02
6.105941651981754426e-01 8.134259312415005605e-02 2.362846754906726132e-01 7.177856618700176328e-02
5.562425767055516612e-01 1.105258135098965144e-01 2.870450680910195396e-01 4.618654169353245825e-02
5.428516932692927233e-01 8.688054825515624524e-02 2.931103247168068693e-01 7.715743375874409282e-02
5.470470431417435719e-01 7.502725144672495183e-02 3.207363364245668369e-01 5.718936898696442422e-02
5.431453419115113146e-01 9.628502861287360770e-02 3.118312274889742386e-01 4.873840198664101259e-02
6.066964004046090375e-01 9.057491677818865772e-02 2.388969660391229988e-01 6.383171677807950029e-02
5.710960441038146485e-01 6.059900320932279372e-02 3.024588551833628514e-01 6.584609750349969259e-02
5.824957477073751111e-01 8.173670593236433135e-02 2.607712504526955577e-01 7.499629590756488884e-02
5.972123638104978038e-01 7.807201616468907590e-02 2.756422581385021831e-01 4.907336188631111068e-02
5.824325121315951925e-01 7.291955736850681824e-02 2.695150110868335114e-01 7.513291941306432520e-02
5.920323507013979247e-01 8.689389419577407681e-02 2.651039863755289550e-01 5.596976872729917535e-02
6.088582378575254639e-01 6.535062518357821759e-02 2.699207904704891137e-01 5.587034648840719098e-02
5.846722293110565571e-01 5.795780004437885852e-02 2.799764206591504045e-01 7.739354998541421449e-02
5.947096088477832332e-01 5.018150450707275362e-02 3.023152896338021645e-01 5.279359701134180710e-02
5.828972297785536272e-01 7.084991649056308904e-02 2.605318227723616431e-01 8.572103095852152965e-02
5.878730238206140157e-01 7.656290718285901908e-02 2.997904480218804846e-01 3.577362097464655000e-02
5.712688990578868031e-01 9.640192191478964834e-02 2.718119518403285806e-01 6.051722718699486386e-02
6.135374022621111756e-01 8.551102118224716830e-02 2.431032788698019864e-01 5.784829768583951010e-02
5.846399389626507626e-01 9.467350560315759833e-02 2.616926617039115333e-01 5.899389373027998096e-02
5.653573506041159602e-01 7.926850018804064424e-02 3.057824303989793990e-01 4.959171880886392020e-02
5.516053683154095166e-01 9.568050815970445544e-02 2.889012791928153301e-01 6.381284433207079498e-02
5.552382616619190303e-01 7.093398802060060793e-02 3.286192529064427270e-01 4.520849741103768332e-02
5.990387016548839316e-01 6.295324327585123669e-02 2.887719569651673313e-01 4.923609810409749349e-02
6.181085267369106351e-01 6.106729658570341640e-02 2.560597447647756097e-01 6.476443191261030408e-02
6.132032382533709747e-01 6.252953271086124365e-02 2.933259973931757192e-01 3.094123164259198269e-02
5.488014133713944309e-01 7.055775583738783940e-02 3.223771065263758007e-01 5.826372426484194289e-02
5.508911751773579724e-01 7.529001286017142358e-02 2.795641534443434884e-01 9.425465851812710183e-02
5.959362967580156267e-01 5.053718039415826951e-02 2.901628961438985632e-01 6.336362670392754748e-02
6.101045316277040609e-01 7.422002710285216520e-02 2.772276473157997967e-01 3.844779395364388702e-02
5.297431347756231812e-01 9.055714007228835016e-02 3.064091420504846952e-01 7.329058310160373180e-02
5.319297837347511937e-01 6.811661622819024930e-02 3.477037507465655652e-01 5.224984929049283217e-02
5.337745293701061655e-01 8.514346675500270023e-02 3.095692268151991611e-01 7.151277705969190379e-02
5.496286601901075874e-01 9.400342615407945857e-02 2.987073074856759214e-01 5.766060617013695627e-02
5.952178602144705399e-01 7.172376478338812755e-02 2.845648623125759946e-01 4.849351268956531708e-02
5.849767715995551898e-01 7.239198857551196187e-02 2.868710771313811025e-01 5.576016269355167643e-02
5.502561130597305450e-01 7.531069665898112997e-02 3.091420585856975989e-01 6.529113169559067065e-02
5.403787571636110565e-01 9.162537729977465739e-02 3.073007055582901992e-01 6.069515997832408000e-02
5.272198936634459043e-01 1.029609735304041485e-01 3.096944639312900205e-01 6.012466887485993366e-02
5.812548799325916171e-01 7.535461808802756956e-02 3.116755267636865390e-01 3.171497521569437150e-02
5.581032914135339862e-01 7.493708389123281133e-02 3.225964388362904667e-01 4.436318585894279132e-02
6.178057325221901763e-01 4.992927544265703121e-02 2.780575531725323901e-01 5.420743886262045785e-02
5.856802185242568903e-01 7.917613301113646251e-02 2.901463284536214271e-01 4.499732001098522699e-02
4.874870046012792502e-01 6.675596719500917486e-02 3.770168957524482334e-01 6.874013245126343874e-02
5.802460198448864404e-01 6.249658217654271986e-02 2.929583147286959899e-01 6.429908324987476664e-02
5.883373893892163142e-01 5.146285883959130641e-02 2.909883086226991433e-01 6.921144314849317358e-02
5.356346426877546252e-01 5.595767542681745477e-02 3.589804409993302969e-01 4.942724088609776190e-02
5.714318243457761071e-01 7.318900297108295316e-02 3.011357536220234388e-01 5.424341906111748018e-02
5.926942893099602649e-01 5.701650610888341769e-02 2.840444421038447742e-01 6.624476247731156398e-02
5.721938987153002421e-01 7.141243766192657827e-02 3.168150020725625793e-01 3.957866155021079468e-02
5.730278419120622413e-01 6.059917050274215428e-02 3.229591598057234281e-01 4.341382777947243310e-02
5.240566458251121329e-01 8.987678413972564895e-02 3.055751742004243487e-01 8.049139583473791104e-02
5.695962658668577427e-01 6.276101800968866828e-02 3.145784815885354635e-01 5.306423453491827119e-02
5.566227110753958485e-01 9.117970251015554417e-02 2.916769482005847069e-01 6.052063821386399756e-02
5.184548202380471205e-01 1.124054032666784719e-01 3.265263085049051051e-01 4.261346799036920541e-02
5.371188326806799473e-01 1.016626082391045571e-01 3.091099697470129914e-01 5.210858933320273306e-02
5.958691905835447056e-01 6.301688029931598600e-02 2.781265238597577238e-01 6.298740525738166784e-02
5.381685016602969496e-01 6.559759728088650210e-02 3.226133424123901472e-01 7.362055864642652603e-02
5.225610457325567948e-01 4.053771439693810985e-02 3.801485777676814615e-01 5.675266210282369633e-02
5.882840573239299653e-01 9.400351511778744229e-02 2.607204282781373506e-01 5.699199928014519329e-02
5.048941431650888489e-01 7.467839897987658959e-02 3.682406652346254528e-01 5.218679262040912259e-02
5.264509055532868853e-01 6.649551038584192164e-02 3.687824798518547498e-01 3.827110420901645715e-02
5.799529721554845807e-01 7.577424111942512863e-02 2.979402093809848107e-01 4.633257734410541062e-02
5.784356307044317136e-01 9.080074636043783398e-02 2.891395414297096567e-01 4.162408150542074026e-02
5.918174930061569361e-01 8.656056294004454976e-02 2.593995044694790697e-01 6.222243958431961791e-02
5.547870280352453776e-01 7.945506561476907426e-02 3.016221257012128842e-01 6.413578064877245577e-02
6.021628034962801523e-01 6.664193436059498432e-02 2.813689118761927288e-01 4.982635026693219699e-02
5.665705746368296936e-01 7.377636813016102968e-02 3.121872761450104061e-01 4.746578108799896778e-02
5.501445378824678656e-01 5.444145629754425231e-02 3.507697738859365533e-01 4.464423193405123169e-02
5.976620568107052778e-01 6.767113725292289717e-02 2.757802777431689334e-01 5.888652819320296800e-02
6.072110519047628774e-01 5.162311056129116615e-02 2.623280250836376726e-01 7.883781245030810347e-02
5.483022863492190702e-01 1.050522615231147122e-01 2.861687116892039917e-01 6.047674043846226755e-02
5.671772823286220788e-01 6.266721542843650683e-02 2.885992736743563380e-01 8.155622856858507630e-02
5.464386917321202297e-01 6.837679996108449176e-02 3.102788801284141473e-01 7.490562817838122833e-02
5.245965097843792169e-01 8.009100413555522713e-02 3.326362322127606741e-01 6.267625386730503456e-02
5.761469987433344153e-01 8.712076736559570822e-02 2.744855284806584916e-01 6.224670541041146116e-02
5.310767177768668246e-01 8.625448963613104036e-02 3.294973978765364242e-01 5.317139471046564148e-02
6.002241620576206360e-01 4.869421286097563167e-02 3.006180480381064335e-01 5.046357704329730576e-02
5.384018110742356811e-01 6.540350280716597520e-02 3.204930037501416140e-01 7.570168236845691012e-02
5.725176703790082477e-01 7.924990294550023073e-02 2.829203361059527411e-01 6.531209056953896086e-02
5.512288964258812429e-01 9.438602052796875308e-02 2.855456479412154525e-01 6.883943510493464868e-02
5.661066601882805971e-01 6.775382277294292321e-02 3.203928377998134791e-01 4.574667923896297284e-02
6.172040377338304795e-01 6.193755410921492066e-02 2.473843216537686962e-01 7.347408650318607015e-02
5.312968004867488769e-01 6.413197130153212855e-02 3.277550531781279197e-01 7.681617503359106092e-02
6.048145727150175954e-01 6.621414402595286741e-02 2.864846813885772447e-01 4.248660187045250752e-02
5.778035884438517122e-01 7.310041638894405891e-02 2.676631492979588134e-01 8.143284586924554036e-02
5.704534184232170624e-01 5.569102780695393828e-02 2.911418539789336069e-01 8.271369979089528146e-02
5.818340368922153560e-01 5.874822538361989394e-02 2.847578829068661554e-01 7.465985481729864315e-02
5.806769837671010848e-01 8.797946199060184547e-02 2.594093543203958019e-01 7.193419992190133727e-02
6.686808277671241196e-01 4.921285707791501346e-02 2.438384347687663767e-01 3.826788038619453186e-02
5.434968222529276138e-01 6.278677426143471074e-02 3.046111935117725711e-01 8.910520997386522923e-02
6.020912189547764637e-01 8.300239421845119481e-02 2.711242358975822775e-01 4.378215092919008483e-02
5.064455244725295513e-01 9.208071847922942588e-02 3.095709668727886221e-01 9.190279017545253948e-02
5.610433924286754026e-01 9.043512843874031149e-02 2.971322048059820697e-01 5.138927432660240352e-02
6.047972704745844252e-01 8.115666224215124791e-02 2.676706578854270435e-01 4.637540939783737354e-02
5.871857788641220433e-01 5.386179140120319481e-02 2.966719445251975729e-01 6.228048520947724459e-02
5.767274787229313970e-01 8.188856349120761380e-02 2.977015415042978397e-01 4.368241628156303846e-02
5.755929729755505653e-01 5.298130170762377356e-02 3.259699668162543973e-01 4.545575850057123612e-02
5.217655474713629449e-01 7.371792686414679885e-02 3.359750085801656017e-01 6.854151708432477952e-02
6.088304009299571051e-01 5.568436521435434633e-02 2.657721127801813688e-01 6.971312107550715897e-02
6.032899426352487104e-01 6.148825821209074477e-02 3.013003363297601100e-01 3.392146282290046944e-02
6.231470052782321911e-01 5.812195436714970992e-02 2.813353368542151345e-01 3.739570350040304775e-02
5.847364912321626473e-01 7.182821776861474106e-02 3.015508311489480953e-01 4.188445985027459961e-02
5.754507233507800690e-01 5.425336838828997282e-02 3.196427696650090966e-01 5.065313859592088935e-02
5.489533645591366806e-01 8.672162743451709843e-02 3.029162764474813141e-01 6.140873155886515666e-02
5.164912116186914925e-01 6.775237058373329013e-02 3.535664865319825823e-01 6.218993126559281548e-02
5.236682655564215416e-01 7.481480263783643614e-02 3.362886265306306854e-01 6.522830527511135068e-02
5.777494395417194228e-01 7.117256633307818270e-02 3.089873772636299587e-01 4.209061686157240106e-02
5.418791917626755161e-01 8.476630610508706365e-02 2.960803667236235337e-01 7.727413540861377550e-02
6.085295231318337272e-01 8.070917816529600552e-02 2.650421804850953134e-01 4.571911821777502327e-02
6.073830758635211380e-01 8.791334383037754940e-02 2.400330763051107541e-01 6.467050400099055851e-02
5.797261106843155654e-01 6.851058882183143350e-02 2.593283344853752337e-01 9.243496600847772582e-02
5.590816296150978859e-01 1.034090674028823736e-01 2.741720062301268301e-01 6.333729675189306296e-02
5.594461572862076126e-01 6.974953174220223373e-02 3.255795363176834378e-01 4.522477465390661172e-02
5.343394302017409059e-01 7.880517576859633055e-02 3.360028528066533182e-01 5.085254122300943841e-02
5.510370183851811543e-01 5.439476444897202445e-02 3.453207311356953912e-01 4.924748603015142306e-02
5.681545411464369311e-01 7.806440989481651382e-02 2.901201477465344958e-01 6.366090121221207321e-02
5.973313255437199265e-01 5.464474832812660915e-02 2.873535829297882427e-01 6.067034319836531880e-02
5.487002845685212682e-01 6.508525391831383733e-02 3.356066435793578773e-01 5.060781793380700333e-02
5.016827527171487944e-01 9.092029131055333335e-02 3.396186084630077318e-01 6.777834750929011276e-02
5.436549447430663040e-01 9.041749672401484805e-02 2.810383856678432823e-01 8.488917286507566273e-02
5.975289866661910310e-01 5.969298992529749326e-02 2.914429872742314576e-01 5.133503613428017087e-02
5.435369334087194471e-01 4.802336728975978297e-02 3.237839083755787994e-01 8.465579092594187338e-02
5.433147738320673881e-01 9.835505838044558691e-02 2.934904107940267681e-01 6.483975699346031241e-02
5.805455364598690604e-01 8.231520972402926739e-02 2.703064816045034346e-01 6.683277221159836246e-02
6.221755463790836771e-01 8.897114262211695823e-02 2.549203017750850120e-01 3.393300922371424860e-02
5.847732621444161616e-01 5.860390308495488920e-02 2.994003935554715445e-01 5.722244121515730753e-02
5.982008519528356771e-01 6.596666581901090842e-02 2.507465331162920807e-01 8.508594911186134757e-02
5.504327544790005300e-01 7.274604608977948417e-02 3.075272744434112693e-01 6.929392498780881371e-02
4.938595005833054663e-01 1.292523841758739245e-01 3.152958515788083504e-01 6.159226366201233510e-02
5.423608680178271246e-01 6.299789132710864603e-02 3.394541382034754196e-01 5.518710245158869182e-02
6.025079689780550307e-01 6.714777382413210371e-02 2.811528519201068055e-01 4.919140527770606702e-02
6.049542999715316061e-01 7.096851347339716565e-02 2.765548840172357137e-01 4.752230253783557706e-02
5.409093159658446837e-01 8.098814568864304286e-02 3.042157218804061869e-01 7.388681646510616985e-02
6.291784671249874838e-01 5.463916101757258087e-02 2.652029994788953626e-01 5.097937237854457265e-02
5.877616042564768328e-01 8.535558187399676366e-02 2.699605251738831924e-01 5.692228869564327359e-02
5.713812983102638521e-01 7.299231749294966820e-02 3.100509551202120795e-01 4.557542907657462922e-02
5.557832202015574596e-01 7.343888013999361197e-02 3.299487463216196348e-01 4.082915333682939768e-02
5.767290527818642598e-01 6.570528295613892178e-02 2.991885285877133871e-01 5.837713567428347294e-02
5.895955103649539453e-01 7.114129214243694599e-02 2.433449523011636251e-01 9.591824519144546979e-02
5.637165668799092311e-01 8.765516313749732724e-02 2.855445725034884141e-01 6.308369747910518022e-02
6.077485355134438771e-01 4.671630038447530109e-02 2.983757995310462596e-01 4.715936457103465929e-02
6.148598535319517167e-01 6.414172382307410658e-02 2.732980158681166394e-01 4.770040677685753738e-02
6.273801908736653665e-01 7.693753768954089689e-02 2.330887240318206821e-01 6.259354740497317937e-02
6.154753087984382587e-01 6.191636809375371253e-02 2.661271307196513836e-01 5.648119238815665910e-02
5.466646079380973466e-01 9.758181899298071227e-02 2.929545978325368560e-01 6.279897523638519607e-02
5.806851430379839085e-01 6.544595813522274819e-02 2.822750011068428377e-01 7.159389771995040841e-02
5.931101930426568858e-01 5.249829175925548735e-02 3.058419590301469371e-01 4.854955616794062040e-02
6.059223379341642790e-01 9.544644367126549345e-02 2.340736126395630001e-01 6.455760575500726905e-02
5.521915928345328961e-01 7.176360485865979078e-02 3.218094788902633452e-01 5.423532341654384303e-02
5.765502566171460952e-01 6.583230027012007546e-02 2.902521426364649271e-01 6.736530047626886064e-02
5.954400776450290422e-01 4.483153813353955158e-02 2.832538176322833556e-01 7.647456658914794647e-02
5.743386854072231040e-01 5.669988314823867087e-02 3.312956466659381372e-01 3.766578477860012264e-02
6.197144716542652976e-01 7.260022184857789496e-02 2.644106479628206552e-01 4.327465853433618698e-02
5.313171419712038324e-01 7.873707198855404987e-02 3.331292068448983845e-01 5.681657919534365692e-02
5.332335218238263286e-01 8.394026177432213631e-02 3.153817901961147863e-01 6.744442620573673497e-02
5.622136809804970659e-01 6.845039640247699286e-02 3.155003820569339257e-01 5.383554056009205030e-02
5.333697487338333598e-01 6.311400566071569129e-02 3.617793851109200043e-01 4.173686049453088909e-02
5.861523817745607490e-01 6.187887101119989713e-02 3.107584525231245620e-01 4.121029469111477800e-02
5.579293254066353125e-01 7.279287828131560112e-02 3.244283770939934697e-01 4.484941921805553344e-02
5.910311882300550712e-01 5.902530817486117271e-02 2.901700827769105318e-01 5.977342081817309249e-02
5.566605418697635477e-01 6.199116866582751045e-02 3.309273140926559664e-01 5.042097537175301708e-02
5.550280655573214261e-01 6.234411786861734917e-02 3.105636226218190798e-01 7.206419395224225588e-02
5.953453749531805173e-01 7.964167552788381510e-02 2.813733600408700464e-01 4.363958947806551719e-02
5.722446326842713926e-01 7.820669470908925280e-02 3.010239666751840515e-01 4.852470593145517819e-02
5.827395826827368452e-01 8.704606194339180314e-02 2.569229819423649586e-01 7.329137343150651795e-02
5.592294786555068731e-01 9.188222188483999298e-02 2.985589756946663287e-01 5.032932376498656241e-02
5.201151490507682773e-01 8.211258336678334269e-02 3.427814482233750293e-01 5.499081935907345481e-02
5.711716069734693590e-01 8.894026089193736440e-02 2.835641750411763695e-01 5.632395709341692785e-02
5.793725522046651033e-01 5.996054051393612944e-02 2.741629873355636571e-01 8.650391994583506161e-02
5.545760391168089720e-01 6.016479579298733560e-02 3.255468622996332551e-01 5.971230279057031937e-02
5.580732217656356742e-01 6.081020572205515784e-02 3.328512654745784949e-01 4.826530703773073555e-02
5.734029773001821928e-01 9.884650384388007915e-02 2.764327095670692791e-01 5.131780928886858772e-02
5.651301548573066658e-01 6.609155249814528676e-02 3.094623818012302019e-01 5.931591084331810232e-02
6.052456347363145417e-01 6.214219911359723791e-02 2.890825838883763765e-01 4.352958226171201039e-02
5.303504559422081988e-01 7.420664015838839001e-02 3.344998215278722209e-01 6.094308237153093361e-02
5.735897276081067808e-01 7.640390505300551083e-02 2.756615024127433422e-01 7.434486492614451880e-02
5.922134353325327893e-01 6.129316574316000937e-02 2.848649604175485517e-01 6.162843850675850388e-02
6.438376512123415996e-01 8.493745728523044436e-02 2.126457826064363787e-01 5.857910889599152182e-02
5.465216990424887067e-01 5.734768632195657440e-02 3.253684958902300361e-01 7.076211874532473134e-02
5.217851889611178073e-01 5.210424664787745297e-02 3.334137715600404839e-01 9.269679283096421418e-02
5.444350829470131492e-01 8.513442935750817342e-02 3.036460472398322952e-01 6.678444045564643772e-02
5.710449739959675419e-01 9.634716444374991084e-02 2.738237436575700623e-01 5.878411790271256820e-02
6.544982509186497710e-01 5.315840225262521979e-02 2.567040671881166691e-01 3.563927964060838172e-02
5.193281330729883072e-01 8.591897974048941233e-02 3.061490353747310933e-01 8.860385181179133984e-02
5.724101917814075069e-01 7.256588838971794742e-02 3.019456254862787903e-01 5.307829434259568602e-02
5.505439145886286134e-01 7.346461182371551157e-02 3.268245126421249203e-01 4.916696094553087842e-02
5.497700741839435246e-01 8.522467910095581078e-02 3.126108531757310072e-01 5.239439353936969912e-02
6.083049425854848424e-01 6.143139998674564117e-02 2.695045485924889017e-01 6.075910883528062162e-02
5.708550111440275909e-01 5.907543626868483333e-02 3.364969208605834150e-01 3.357263172670411910e-02
5.562216318144304061e-01 6.934530191713081382e-02 3.193317310988493807e-01 5.510133516958947569e-02
5.692237208654016278e-01 1.020326125412951979e-01 2.905241537320746859e-01 3.821951286122851621e-02
5.579404809229332463e-01 1.112651667970085551e-01 2.785288562831218506e-01 5.226549599693639664e-02
6.002183072752228510e-01 5.212717047373884721e-02 3.003389445926448742e-01 4.731557765839324720e-02
5.633431170254926679e-01 7.680865273418502337e-02 3.167762088867746018e-01 4.307202135354758904e-02
5.401452890939140161e-01 5.346481621733670253e-02 3.478942540490437829e-01 5.849564063970549843e-02
5.335736535460247065e-01 6.714756556504108964e-02 3.361985048385635055e-01 6.308027605037055952e-02
5.548773769530710442e-01 7.295721921081500805e-02 3.287904615647846973e-01 4.337494227132933367e-02
5.232837082991956823e-01 9.101888447957033612e-02 2.737410062005183886e-01 1.119564010207155652e-01
5.596664826422005357e-01 7.402849354587952291e-02 3.071011379548663767e-01 5.920388585705374518e-02
5.589461981399260759e-01 9.268842499350696262e-02 2.883545515076446630e-01 6.001082535892234004e-02
5.881173778401894703e-01 6.910019203754728945e-02 2.731476826484796616e-01 6.963474747378349539e-02
6.497708447304091361e-01 4.826913257939172835e-02 2.267251912859372109e-01 7.523483140426188986e-02
5.559315096305529336e-01 6.591000426517902577e-02 3.209052316188425458e-01 5.725325448542552959e-02
6.021976986410392252e-01 6.420596024546766645e-02 2.972221049603699372e-01 3.637423615312312952e-02
5.580363102330589964e-01 5.968020243632415206e-02 3.410795692367539211e-01 4.120391809386293042e-02
5.722874465898000196e-01 5.727860067511351960e-02 2.931519901147595641e-01 7.728196262032703545e-02
5.575899874877215945e-01 8.739340730009856339e-02 2.981835141200682715e-01 5.683309109211165389e-02
5.135298404731222233e-01 1.139933762974711939e-01 3.321847082041310961e-01 4.029207502527559076e-02
6.585693184292248370e-01 5.567478353961941712e-02 2.373556921643840967e-01 4.840020586677155900e-02
5.934316556813297172e-01 9.193391705827341776e-02 2.608332494378992616e-01 5.380117782249745767e-02
5.594899302956239939e-01 6.757720698559857575e-02 3.168248224181894890e-01 5.610804030058798297e-02
5.636013344846302342e-01 6.512949044765962980e-02 3.307863964190213557e-01 4.048277864868873865e-02
5.632991491293237729e-01 6.579630209919863637e-02 2.766536031534206352e-01 9.425094561805702487e-02
5.357183242155548752e-01 7.675868672144588178e-02 3.316879999414271141e-01 5.583498912157221911e-02
6.368359273121759756e-01 5.408134763212477797e-02 2.649209237203704048e-01 4.416180133532890406e-02
5.876603073180575176e-01 5.572320832744378366e-02 2.942668244525566412e-01 6.234965990194196034e-02
5.728741515023962894e-01 5.018680434661994261e-02 3.156254228829087349e-01 6.131362126807502616e-02
5.675944640048139478e-01 6.501279418420956302e-02 3.120939389975784795e-01 5.529880281339794035e-02
6.008309599990618866e-01 6.496510266034297154e-02 2.752892761894517037e-01 5.891466115114343816e-02
5.749126146922107772e-01 7.471548847086197098e-02 2.857751349296863141e-01 6.459676190724075728e-02
5.610289703642149517e-01 8.882364137008928739e-02 3.049294360273410165e-01 4.521795223835477218e-02
5.631519246736995665e-01 1.130870469841736975e-01 2.817564691629316775e-01 4.200455917919493354e-02
5.683711449174119190e-01 8.150144285925509102e-02 3.171529443160129857e-01 3.297446790732002503e-02
5.910247785823237177e-01 6.663670376294790476e-02 2.863338493564589471e-01 5.600466829826943743e-02
6.242895243255408566e-01 7.569390368218559262e-02 2.383360691162309808e-01 6.168050287604261855e-02
5.785836833882878061e-01 1.063418652416054794e-01 2.818231161180625444e-01 3.325133525204436447e-02
5.838567639551289767e-01 7.010621555230490964e-02 2.938579008959786298e-01 5.217911959658753929e-02
5.730783037206523822e-01 8.274728983052591358e-02 3.019075463299842332e-01 4.226686011883754729e-02
5.248077998786943033e-01 9.946679306376295104e-02 3.222361941024388665e-01 5.348921295510367796e-02
6.031195896490211261e-01 7.757246354925097231e-02 2.738836546596157273e-01 4.542429214211190364e-02
5.537997806160734893e-01 6.342950060933338907e-02 3.110682410782451002e-01 7.170247769634802149e-02
5.252542664603138123e-01 9.559886720105253977e-02 3.287987988771612358e-01 5.034806746147241219e-02
6.268402019521294166e-01 6.232355072940955198e-02 2.762334071251885681e-01 3.460284019327247024e-02
5.757082790004025563e-01 9.050694511362755712e-02 2.973966657172618655e-01 3.638811016870811127e-02
5.451688034679732509e-01 6.536109915070899279e-02 3.408406896061984548e-01 4.862940777511923912e-02
5.704742905315408619e-01 5.853520298839357677e-02 2.846935350225432981e-01 8.629697145752227017e-02
5.805257413784556952e-01 6.538057838684706302e-02 2.965876238303339907e-01 5.750605640436316085e-02
5.336634641498884113e-01 1.048484917845723674e-01 2.927146042610398458e-01 6.877343980449927840e-02
6.034479907687544387e-01 5.392571146066019866e-02 2.830765612267163167e-01 5.954973654386912923e-02
5.788383614661298804e-01 6.465273610953017891e-02 3.090552120480177245e-01 4.745369037632229947e-02
5.851368837055103134e-01 8.609022139428204601e-02 2.810506396350203606e-01 4.772225526518738409e-02
5.880822107156012946e-01 9.600018538529575540e-02 2.781657412508911631e-01 3.775186264821193266e-02
5.808348737146743490e-01 6.354838386741798462e-02 2.882132479595170271e-01 6.740349445839073639e-02
6.075304433384725034e-01 8.482837939600766652e-02 2.583708160146675481e-01 4.927036125085241386e-02
5.588343487767126749e-01 8.188222270572921568e-02 2.940675083466320339e-01 6.521592017092617266e-02
5.478782590662465424e-01 8.000774075673385000e-02 3.211749815020335519e-01 5.093901867498601410e-02
5.871934121883858326e-01 8.066262106755023309e-02 2.794304982267234450e-01 5.271346851734047545e-02
5.728891090402390418e-01 8.539383221344873376e-02 2.880903147748067328e-01 5.362674397150546390e-02
5.723856540091559753e-01 9.691908842813100333e-02 2.834465390314096500e-01 4.724871853130341998e-02
5.819302072029608475e-01 6.932338141080145177e-02 3.025936668042451538e-01 4.615274458199264407e-02
5.838299047621828830e-01 8.289163707901091305e-02 2.798662850195328677e-01 5.341217313927328764e-02
5.323592349688462955e-01 7.393107663337918078e-02 3.191972503687728890e-01 7.451243802900157920e-02
5.686657288701930657e-01 5.799929607514386215e-02 3.209930681926583818e-01 5.234190686200457937e-02
5.849940139123780414e-01 6.941954367629872558e-02 2.742033000217169447e-01 7.138314238960635771e-02
5.941517533114205607e-01 6.291385267171135942e-02 2.889432470032432532e-01 5.399114701362498631e-02
5.788191938827353944e-01 7.947000011433520694e-02 3.013877854746951912e-01 4.032302052823415195e-02
5.018248817831026942e-01 1.261631439190343540e-01 3.363318413222248227e-01 3.568013297563805281e-02
5.539131598399681389e-01 5.873505715198318322e-02 3.487294623409042948e-01 3.862232066714456347e-02
5.727481701509682388e-01 7.106573466812460271e-02 3.087548662354216988e-01 4.743122894548550822e-02
5.582789175939963933e-01 8.710052718095899482e-02 2.996075188483255936e-01 5.501303637671894203e-02
5.963919297639902473e-01 6.774216488659196012e-02 2.988573150656049782e-01 3.700859028381268956e-02
5.747839894035949859e-01 7.016806415243444228e-02 2.872758141504908047e-01 6.777213229347975321e-02
5.961004416084153545e-01 5.747034808616192925e-02 2.842298008864216352e-01 6.219940941900090059e-02
5.839256095416548442e-01 6.269633371945128320e-02 3.128088834857440381e-01 4.056917325314994549e-02
5.880299284793546466e-01 5.531927659817181819e-02 2.635257299512168139e-01 9.312506497125674909e-02
5.669045633254657934e-01 7.067488012564876465e-02 3.053492031770819182e-01 5.707135337180350293e-02
5.666092222025767011e-01 7.822761133074665474e-02 3.177339361151779173e-01 3.742923035149883088e-02
5.682866754833264533e-01 8.749030711210768751e-02 2.935063292233349719e-01 5.071668818123079708e-02
5.669837887451466552e-01 6.742721020146882904e-02 3.091766227267633838e-01 5.641237832662127083e-02
5.806994957132806112e-01 4.172279235881112824e-02 3.036569496771974186e-01 7.392076225071075868e-02
6.085279573270667708e-01 5.828982787840741170e-02 2.912952316612842929e-01 4.188698313324160094e-02
5.593642619317982234e-01 1.105584790034170040e-01 2.735153146010995129e-01 5.656194446368523893e-02
5.161053327621679676e-01 6.952551408184617920e-02 3.439253089451917433e-01 7.044384421079423475e-02
5.818179034600657884e-01 6.260535778850591371e-02 3.161437844228984773e-01 3.943295432853000104e-02
5.404224646727767700e-01 6.948993472513535774e-02 3.254862041062284717e-01 6.460139649585953936e-02
5.848462119229843603e-01 7.240389005550985912e-02 2.895658768627880075e-01 5.318402115871781466e-02
5.768048631676450100e-01 5.415436254968549606e-02 3.017341286245571186e-01 6.730664565811231292e-02
5.468790518919892651e-01 5.401169985884789193e-02 3.397385526975061909e-01 5.937069555165657569e-02
5.887029212766832220e-01 7.023865351338742791e-02 2.875407642856737667e-01 5.351766092425554872e-02
5.201471508857196113e-01 1.149796589488035758e-01 3.012637122853702443e-01 6.360947788010641590e-02
5.722902528111627474e-01 5.254885515241030508e-02 3.208482000194948225e-01 5.431269201693215976e-02
6.059249213914149612e-01 5.145073307925375483e-02 2.883440052279094834e-01 5.428034030142164096e-02
5.851863592180187590e-01 8.779230556688871756e-02 2.911528177406973450e-01 3.586851747439526172e-02
6.094350099735560411e-01 6.648948684428832023e-02 2.707713700144115943e-01 5.330413316774387095e-02
5.783806104775817136e-01 5.991476536340294839e-02 3.112760567209976736e-01 5.042856743801765740e-02
5.454070149929605149e-01 6.128549629518375425e-02 2.986767988239294458e-01 9.463068988792615321e-02
5.666609274857916656e-01 7.370179767405854454e-02 3.159157112919900867e-01 4.372156354815991824e-02
5.735416774710873078e-01 8.831709373250218320e-02 2.916285526098731373e-01 4.651267618653728841e-02
5.858275588845933690e-01 7.099364346138116455e-02 2.956786625794058376e-01 4.750013507461944146e-02
5.921957825801117403e-01 6.262446657374497183e-02 2.858352947200548111e-01 5.934445612608837267e-02
5.728514890548012106e-01 9.510894268638096782e-02 2.826970754035206812e-01 4.934249285529723750e-02
5.325805691956947419e-01 7.853052042063744798e-02 3.149615126286921529e-01 7.392739775497553234e-02
5.706253887896013399e-01 6.870964591381711895e-02 2.869402471759504580e-01 7.372471812063101371e-02
5.802230262864107591e-01 6.078007875254472225e-02 3.003350371952256959e-01 5.866185776581864936e-02
6.079578861340512175e-01 7.300135019207247555e-02 2.619934502483194372e-01 5.704731342555681428e-02
5.208965893292558658e-01 6.935321552178715099e-02 3.595403107240149887e-01 5.020988442494197374e-02
