1.906089405913348467e-01 8.464938206245825603e-02 1.746844605664680805e-01 5.500572167797388445e-01
2.081609374407396851e-01 6.602929597469220369e-02 1.350387043845280854e-01 5.907710622000399425e-01
1.741682438892889484e-01 7.891860289080313007e-02 9.807118236190101590e-02 6.488419708580067669e-01
1.789566410737214452e-01 1.128090634540505621e-01 1.392706236070123671e-01 5.689636718652156810e-01
2.311059099141283824e-01 7.603333610708569446e-02 9.232141585045963716e-02 6.005393381283261611e-01
1.608012927899039879e-01 1.175425057850118249e-01 1.254205750146428489e-01 5.962356264104413661e-01
1.845620438740033786e-01 6.297031518243713377e-02 1.430905223815596705e-01 6.093771185619998310e-01
1.645152810416075917e-01 6.766175410719320327e-02 1.128298030481244829e-01 6.549931618030748748e-01
1.365784549639752488e-01 8.328418755221940473e-02 1.921830538741544914e-01 5.879543036096508413e-01
1.854975569774335864e-01 1.129876885061457531e-01 1.302667326176188967e-01 5.712480218988018610e-01
1.832931134688292329e-01 7.645831660604761326e-02 1.188502961994148260e-01 6.213982737257083278e-01
1.628226711451496722e-01 1.026805303920131640e-01 1.125110849940608171e-01 6.219857134687761802e-01
1.602867732865563555e-01 7.978768203088335009e-02 1.399810784337300329e-01 6.199444662488302615e-01
2.532331752502467448e-01 9.011856400434944958e-02 1.136031026060549814e-01 5.430451581393488381e-01
2.264356485833145805e-01 6.178331525017986131e-02 1.162996140654665028e-01 5.954814221010390485e-01
1.230283927422024803e-01 1.042911838010553566e-01 1.355774181293818992e-01 6.371030053273601945e-01
1.572215383975670289e-01 1.199512931745261024e-01 7.989406755146528927e-02 6.429331008764415101e-01
2.224042773966272146e-01 8.768277329978231560e-02 8.974625418136070176e-02 6.001666951222296431e-01
1.530039415721546059e-01 1.007751593932361134e-01 9.208402468889324843e-02 6.541368743457159907e-01
1.744694308867354438e-01 8.514712190495314637e-02 8.406311281746882413e-02 6.563203343908425857e-01
1.613170514296533020e-01 8.621915459212893540e-02 1.286768364040478951e-01 6.237869575741699091e-01
1.609692811140479574e-01 1.031200629673605929e-01 1.238141200756677357e-01 6.120965358429237835e-01
1.738855424418961904e-01 7.208995427140126033e-02 1.253998260155091138e-01 6.286246772711934216e-01
1.460026734449628993e-01 7.938803094215403366e-02 1.018376634380943196e-01 6.727716321747887473e-01
1.905147004389195209e-01 5.989665239716113199e-02 1.327052093593204529e-01 6.168834378045988664e-01
2.049600136840536158e-01 4.704938339732292474e-02 1.040666793908332360e-01 6.439239235277901541e-01
2.024545231735755402e-01 5.972960625139769192e-02 1.480457166373872202e-01 5.897701539376395408e-01
1.597501150140262782e-01 8.872994155621867496e-02 9.620148850382725936e-02 6.553184549259277736e-01
2.108958579861293092e-01 7.008290641666828358e-02 1.142476124846852348e-01 6.047736231125172557e-01
1.433371065732786664e-01 1.125612917730214463e-01 1.427117831183702390e-01 6.013898185353295789e-01
1.486547062750118442e-01 7.811246268146064542e-02 8.083733152277657041e-02 6.923954995207510787e-01
1.776224546214789368e-01 6.252427267698690283e-02 1.375527104009334478e-01 6.223005623006008236e-01
1.981219699484405294e-01 7.678894863556508243e-02 1.330665185352618574e-01 5.920225628807327389e-01
1.967943096578522733e-01 8.411789814349086847e-02 1.015176689879119104e-01 6.175701232107448924e-01
1.874994374978638523e-01 6.830784543243870188e-02 1.277406476442537464e-01 6.164520694254438382e-01
1.707464026273129709e-01 1.109929511125929552e-01 7.692824478900125995e-02 6.413324014710928278e-01
1.695864701997893964e-01 9.301220505323863630e-02 9.625198574143556396e-02 6.411493390055365005e-01
2.019824942316554572e-01 9.243151681696208655e-02 1.028309895087375914e-01 6.027549994426447677e-01
1.865932327723640038e-01 1.482778364955485151e-01 9.007531856637845946e-02 5.750536121657091604e-01
1.970328413921599853e-01 9.527105188475203101e-02 8.572310751991850386e-02 6.219729992031695076e-01
1.910355234433276650e-01 8.882998676434801510e-02 8.291778260568145875e-02 6.372167071866429167e-01
1.958655378751308906e-01 1.022152100433644517e-01 1.136103049306966678e-01 5.883089471508080592e-01
2.059182809932808833e-01 5.627335768671248156e-02 1.648672637459064894e-01 5.729410975741000556e-01
1.978007498170624434e-01 6.923270109784460113e-02 1.093923043231841280e-01 6.235742447619088136e-01
2.211157251865904505e-01 9.111510548661953812e-02 1.031162117652431182e-01 5.846529575615470042e-01
1.908886253554803181e-01 9.760132450642372559e-02 1.135561532889323155e-01 5.979538968491637796e-01
2.048748598116282016e-01 9.316236898590884996e-02 1.110387568616658799e-01 5.909240143407971102e-01
1.721544847981906767e-01 4.967984023261691473e-02 1.364320858817802407e-01 6.417335890874121818e-01
2.281615250225350888e-01 7.139948108336768851e-02 1.380616612495936535e-01 5.623773326445036247e-01
1.605394785049754913e-01 8.820068653944014569e-02 1.518585619651149632e-01 5.994012729904694137e-01
1.906667973217526235e-01 6.422430294755698821e-02 1.425116143447976436e-01 6.025972853858928557e-01
1.656835919845696670e-01 1.025095674296906817e-01 1.040318043543415200e-01 6.277750362313980759e-01
1.822067318663089519e-01 1.052603998308225264e-01 1.097577658018008273e-01 6.027751025010678054e-01
2.143788288714711110e-01 8.292829694445533195e-02 1.168381905801808979e-01 5.858546836038925898e-01
1.905325006479967886e-01 1.235140681724356121e-01 8.349476176466290311e-02 6.024586694149048904e-01
1.958631030764325376e-01 1.361371373374210547e-01 9.578547816644322754e-02 5.722142814197029859e-01
2.145922266334871487e-01 9.502797892633711718e-02 9.469603005753025882e-02 5.956837643826454753e-01
1.494692920008117154e-01 1.068156569601441119e-01 1.194589307972255959e-01 6.242561202418185351e-01
1.928765990855926538e-01 1.207835506829902095e-01 9.961135539226782798e-02 5.867284948391493504e-01
1.735788709877599811e-01 7.544226425329991770e-02 1.018521336120270931e-01 6.491267311469129941e-01
1.734177018500120127e-01 8.717215298108599297e-02 1.058257878737465657e-01 6.335843572951554981e-01
1.757572110364091222e-01 6.369997687407036313e-02 1.122471457486051288e-01 6.482956663409153997e-01
1.500149039359932046e-01 1.159761639938549221e-01 1.213942969560606600e-01 6.126146351140910884e-01
1.501911158437206351e-01 1.118109197015296208e-01 1.258712143887978918e-01 6.121267500659519634e-01
1.992084869958484494e-01 8.221454675467311513e-02 1.318762535739147757e-01 5.867007126755636737e-01
1.565389010153184768e-01 7.763767676750180091e-02 8.822532111177469605e-02 6.775981011054049707e-01
2.214778155808172777e-01 7.728105085886753656e-02 9.832449635058639059e-02 6.029166372097287674e-01
1.773223636237140632e-01 6.291020369677700896e-02 1.237634364218666849e-01 6.360039962576422568e-01
1.666348019942716641e-01 1.007947463649796621e-01 8.741343970148535147e-02 6.451570119392632252e-01
1.922824189241297554e-01 8.561904550363745592e-02 1.342989017514724104e-01 5.877996338207602811e-01
1.811672876573622859e-01 5.711189873652573745e-02 1.405670609944615901e-01 6.211537526116502894e-01
1.806914290657367639e-01 5.887840343378072244e-02 1.038004008256470934e-01 6.566297666748354134e-01
1.719965849753336273e-01 1.041900649853080563e-01 1.315859942990660891e-01 5.922273557402921718e-01
1.608914179940810485e-01 1.149221355742758577e-01 1.117202905098696880e-01 6.124661559217734474e-01
1.592167089924148571e-01 1.616747284304911325e-01 1.216679956116212408e-01 5.574405669654727280e-01
2.170796549112632701e-01 7.473885184778925050e-02 1.452126040025815135e-01 5.629688892383660770e-01
2.006268442987181044e-01 1.107861185599847836e-01 1.303662012027690387e-01 5.582208359385282259e-01
2.208291761012710352e-01 8.059073526496275675e-02 1.017782705070823246e-01 5.968018181266839806e-01
1.799808216942841155e-01 1.005813919060600942e-01 1.333718625476072450e-01 5.860659238520484760e-01
1.723543206977675435e-01 9.802847370814524175e-02 1.050854209633393932e-01 6.245317846307477661e-01
1.614119223477263887e-01 9.858838902216826572e-02 1.226538625882892808e-01 6.173458260418160926e-01
1.800624157569978567e-01 8.810735433421451601e-02 1.273123574793801061e-01 6.045178724294073547e-01
1.633480775908699167e-01 9.768288164107050142e-02 1.258952852774684328e-01 6.130737554905911768e-01
1.654683573990158862e-01 1.024943213589908780e-01 1.103542580956738545e-01 6.216830631463193813e-01
1.906921246550897509e-01 1.013081085316780566e-01 1.299869790286289073e-01 5.780127877846032991e-01
1.968552970647345357e-01 6.167723241492361480e-02 7.597079312249804817e-02 6.654966773978439054e-01
1.879458765299376888e-01 1.222642255201516898e-01 6.709875210607368912e-02 6.226911458438370017e-01
1.641985110026101813e-01 7.820504868161717860e-02 1.306631050910117553e-01 6.269333352247610236e-01
1.822557727160203367e-01 6.559022311672253747e-02 1.295675882678359592e-01 6.225864158994212083e-01
2.011698363773215259e-01 8.412550260728560159e-02 1.275999760440785502e-01 5.871046849713141835e-01
2.281076544614560331e-01 1.166675776282424387e-01 1.045052232895374578e-01 5.507195446207642231e-01
2.548881105147458581e-01 6.082919325301529984e-02 1.104599583235912896e-01 5.738227379086474622e-01
2.414489198630558053e-01 6.415463955841353705e-02 1.190871846245994403e-01 5.753092559539313422e-01
2.150961752624203638e-01 7.102126913933973218e-02 1.190611959869659620e-01 5.948213596112740253e-01
1.820511849573114571e-01 6.696839334218972206e-02 1.322926876873022073e-01 6.186877340131967662e-01
1.706093244129865960e-01 1.274908869918098819e-01 9.912723936147584125e-02 6.027725492337275837e-01
1.843576617143998231e-01 6.856249664494058760e-02 1.591486407667209169e-01 5.879312008739387974e-01
2.016635346932993123e-01 9.944008537443438378e-02 1.133751835470541147e-01 5.855211963852122725e-01
1.555753141670308815e-01 7.496451886183524982e-02 1.347272558507160156e-01 6.347329111204177421e-01
2.346620311116505431e-01 6.677176297129155946e-02 1.438020660616780577e-01 5.547641398553798675e-01
1.982577080842657102e-01 6.248068650050107170e-02 9.659460473683624537e-02 6.426670006783969935e-01
1.813344697637822023e-01 8.021265647569894575e-02 1.418036769280329734e-01 5.966491968324859618e-01
1.592865662031614782e-01 1.250215444820486632e-01 1.488211532536271864e-01 5.668707360611627832e-01
2.190115161026834345e-01 9.327406397259797866e-02 1.346088648255165665e-01 5.531055550992020065e-01
2.038402244287209064e-01 6.176096502679505329e-02 1.160029942800700903e-01 6.183958162644140888e-01
2.089490162067828283e-01 8.500915323330948681e-02 1.253959252404115154e-01 5.806459053194962250e-01
2.516157130229005334e-01 7.452462774503507137e-02 9.621130480459373635e-02 5.776483544274706450e-01
1.916360562367936116e-01 7.892804084504953521e-02 8.538039320631150841e-02 6.440555097118455530e-01
1.534659984373928088e-01 8.226261313577185041e-02 8.924125773851637744e-02 6.750301306883190744e-01
1.504233275606847720e-01 6.799054532989845523e-02 1.252859696501096576e-01 6.563001574593071430e-01
1.794033454740173450e-01 9.992279170796984633e-02 1.145003665967081891e-01 6.061734962213045641e-01
1.607491686125210317e-01 8.329495065114923824e-02 1.171569865908206470e-01 6.387988941455090552e-01
1.849434450117633799e-01 8.741307242099112529e-02 8.647739542182530936e-02 6.411660871454203381e-01
1.930954280114776100e-01 4.685037248220211975e-02 1.001870766157824805e-01 6.598671228905378383e-01
1.799552362950734563e-01 7.423982857116380452e-02 9.363430508128696428e-02 6.521706300524756639e-01
1.821202863764490865e-01 1.244145680911875051e-01 1.459991332607204761e-01 5.474660122716428212e-01
1.671045347227830269e-01 1.036955141029839572e-01 1.207939832626678534e-01 6.084059679115650932e-01
1.389955485858965500e-01 7.181057403270976747e-02 1.259430461330918460e-01 6.632508312483019752e-01
1.521443512905216733e-01 7.884600028871020794e-02 1.115314645198608734e-01 6.574781839009071760e-01
1.949754343712598037e-01 8.504322874162065227e-02 1.220047687700424183e-01 5.979765681170771119e-01
1.313716792287274449e-01 7.275145743235522655e-02 1.064294635269337624e-01 6.894473998119835523e-01
1.606666619202860302e-01 1.111433952954857945e-01 9.079357573234288215e-02 6.373963670518852931e-01
1.470354332252505336e-01 7.236665222169182121e-02 1.322593395879299027e-01 6.483385749651277008e-01
1.986103789363121153e-01 9.583181971655299614e-02 1.023665433421487303e-01 6.031912580049861861e-01
1.772401887535852427e-01 9.016445679829096504e-02 1.215544618020821532e-01 6.110408926460417778e-01
2.137648200476225946e-01 1.212198155337622374e-01 1.167885996357128781e-01 5.482267647829023316e-01
1.998735110854930608e-01 7.202106833143404052e-02 8.787769271241213653e-02 6.402277278706607344e-01
2.259149044099094117e-01 9.723542749008871888e-02 8.992510591225559569e-02 5.869245621877463570e-01
1.769987095819381129e-01 8.724985443508051497e-02 8.954490222672070732e-02 6.462065337562606926e-01
1.828794002277712716e-01 9.880710174973494908e-02 1.173965120784632027e-01 6.009169859440306460e-01
2.096171361160789059e-01 8.033039778280151588e-02 9.099671220032100327e-02 6.190557539007985888e-01
2.194213478555833152e-01 7.788783500405310756e-02 1.170227218732841634e-01 5.856680952670794138e-01
1.679369711441249802e-01 1.002385359419749739e-01 8.555237028860580850e-02 6.462721226252942097e-01
1.857554753591777741e-01 7.669590383436047931e-02 1.149019490821208550e-01 6.226466717243408500e-01
1.862896882750500194e-01 8.330682140384976231e-02 9.634156384178736710e-02 6.340619264793129206e-01
2.103797333197406916e-01 8.279147320987984005e-02 9.859569418727155699e-02 6.082330992831078698e-01
1.947381164623505634e-01 1.059702192226313344e-01 1.275631550620428267e-01 5.717285092529752477e-01
1.578726355080075361e-01 7.007812641347520299e-02 1.346365868326708237e-01 6.374126512458464511e-01
1.272529807881670749e-01 7.664579557272108157e-02 1.314897477275257243e-01 6.646114759115862025e-01
1.731648338733112746e-01 6.963350534235125677e-02 1.249335040273601705e-01 6.322681567569772287e-01
1.902897379214101015e-01 6.737379743139218502e-02 1.128354045535201328e-01 6.295010600936775669e-01
1.798238907613570192e-01 9.255139337702322777e-02 1.155405221042280217e-01 6.120841937573917590e-01
1.473132265700926313e-01 7.235601637031424671e-02 1.354538195536228173e-01 6.448769375059703046e-01
1.773223546698138586e-01 8.352024376692591956e-02 1.106077226481359393e-01 6.285496789151242547e-01
2.067371782388581769e-01 7.444619076261992097e-02 1.078336097612115213e-01 6.109830212373102976e-01
1.395810022662115624e-01 1.189635268563989379e-01 9.168162483182572264e-02 6.497738460455637632e-01
2.034195035335057133e-01 7.435704761899876447e-02 1.191324035705927237e-01 6.030910452769028263e-01
1.377853011213112100e-01 1.586277847932287821e-01 1.082587184064119218e-01 5.953281956790480445e-01
1.397182687027324066e-01 1.225029905754138199e-01 1.332843099391572139e-01 6.044944307826964902e-01
1.758965841096673532e-01 1.005798657410161417e-01 1.206790095069532887e-01 6.028445406423631470e-01
1.857738838756017863e-01 9.079690156641634369e-02 1.458725643455133503e-01 5.775566502124684920e-01
1.963046043714571087e-01 7.083869781586824010e-02 8.941434150200026909e-02 6.434423563106744792e-01
1.839918697612953902e-01 7.750712879220209017e-02 1.027060690059047182e-01 6.357949324405977043e-01
2.002191311163930565e-01 1.044009658235244553e-01 9.419815742807501058e-02 6.011817456320074360e-01
1.914751535138123073e-01 8.327551719197789915e-02 8.988980721219388959e-02 6.353595220820157374e-01
1.778410647016474000e-01 1.139284325038192186e-01 9.819257615059917566e-02 6.100379266439343029e-01
1.791072570134324971e-01 1.412916069112510331e-01 1.183537352074680860e-01 5.612474008678481896e-01
2.368181209766024031e-01 8.844638593850716324e-02 8.071677800424574556e-02 5.940187150806446326e-01
1.716160035804536743e-01 7.719347599545403615e-02 1.256293609469078809e-01 6.255611594771843809e-01
1.884071874176916628e-01 7.531012803398895450e-02 1.218342007384184411e-01 6.144484838099009139e-01
2.014442583446703627e-01 1.164870553783163565e-01 1.166048984429124413e-01 5.654637878341008950e-01
1.703710692019175243e-01 6.847127460282817490e-02 9.492688990904178670e-02 6.662307662862125834e-01
1.766257665176652614e-01 9.218066133451399691e-02 1.317917839699028204e-01 5.994017881779178936e-01
1.966153441957566583e-01 8.895143184886686316e-02 1.263887711994303720e-01 5.880444527559459678e-01
2.054597282793995672e-01 9.760745715558363789e-02 9.877554014988766673e-02 5.981572744151291143e-01
2.271597062879458506e-01 6.939280989592828963e-02 9.717308949521484551e-02 6.062743943209110142e-01
1.820021114165503995e-01 8.835635730350935302e-02 9.861861371981095470e-02 6.310229175601291818e-01
1.986534875428084823e-01 7.647484958017237988e-02 1.059029727309704350e-01 6.189686901460486057e-01
2.327945769336530191e-01 6.709358654225820728e-02 9.327797809397073148e-02 6.068338584301179450e-01
1.670457802670323455e-01 6.048879022530750937e-02 1.119475583150317116e-01 6.605178711926285029e-01
1.837953288163642340e-01 7.966308295758764424e-02 1.104545782007511495e-01 6.260870100252968751e-01
2.072499918209984304e-01 9.954091055029756774e-02 9.377766624939547213e-02 5.994314313793085436e-01
1.417446587159675309e-01 8.281527531443277912e-02 1.173530529628804830e-01 6.580870130067191237e-01
1.744017607947438153e-01 7.716623278587958490e-02 1.193382601624549122e-01 6.290937462569216043e-01
1.825490117463281770e-01 6.816175935291293730e-02 9.102857553214178943e-02 6.582606533686170547e-01
1.654620344525019326e-01 8.513988631214854108e-02 7.615084657770894438e-02 6.732472326576405264e-01
1.599667348640517461e-01 7.343784626472942001e-02 1.089546754210087426e-01 6.576407434502101745e-01
1.703429443581656044e-01 8.235650344375075593e-02 8.960336025589059339e-02 6.576971919421931156e-01
1.475882639329125501e-01 4.744364938573920887e-02 1.169158541894821379e-01 6.880522324918660892e-01
1.957847418268006678e-01 6.592269072872262992e-02 1.103155069267047067e-01 6.279770605177720233e-01
1.600210378779076681e-01 1.004053917089577225e-01 1.206705758868300699e-01 6.189029945263047061e-01
1.868003150677217672e-01 9.262086304465755315e-02 1.292333919247947716e-01 5.913454299628259081e-01
1.882944465360755770e-01 9.042742060718753083e-02 1.042189619794695321e-01 6.170591708772673600e-01
1.746507065477050924e-01 7.775372808812885950e-02 1.778655940268985547e-01 5.697299713372674379e-01
1.827678367824940309e-01 1.129840378279502178e-01 1.236260025473450291e-01 5.806221228422107083e-01
1.891377883318357545e-01 1.051092516109976699e-01 8.141622393662785451e-02 6.243367361205387489e-01
2.087653774930997297e-01 5.484946838564080940e-02 1.532081165124466182e-01 5.831770376088128982e-01
2.074794545139536928e-01 1.421190618619584956e-01 1.165632159600450551e-01 5.338382676640426316e-01
2.072609317929840766e-01 1.123288229668370636e-01 1.016298237689814143e-01 5.787804214711974593e-01
1.441423121166372501e-01 7.311962653355073838e-02 1.103586739624364682e-01 6.723793873873756821e-01
1.538478448118938968e-01 1.027505360227104619e-01 1.575259498630375565e-01 5.858756693023581263e-01
1.692259219109585322e-01 1.074637504130672577e-01 1.082543957890108738e-01 6.150559318869633918e-01
1.988511842074366653e-01 8.552933877376094063e-02 1.024743976012452290e-01 6.131450794175572483e-01
1.619017074451968574e-01 5.941363506896884389e-02 1.166513753191790598e-01 6.620332821666551348e-01
1.863764506603963478e-01 9.380053874404570280e-02 9.200180016676152983e-02 6.278212104287964612e-01
1.403000885312445378e-01 7.563964355425960295e-02 1.320775454999507381e-01 6.519827224145450240e-01
1.900243893699032072e-01 1.082209547938966787e-01 9.769477032012643947e-02 6.040598855160735914e-01
2.010787304751761873e-01 8.897546326636905645e-02 1.036936336233881956e-01 6.062521726350665885e-01
1.953274176753046487e-01 8.134014054687148387e-02 9.672830005115988505e-02 6.266041417266638991e-01
1.916424611731766259e-01 6.224551669071969051e-02 9.376592043647141717e-02 6.523461016996323636e-01
1.982212984545256296e-01 1.028696464837198093e-01 8.740967728603676878e-02 6.114993777757178339e-01
1.555053849699224722e-01 1.065303596694634203e-01 1.188094101697713817e-01 6.191548451908427397e-01
1.923079669196139374e-01 1.028648036224852347e-01 1.501300097872456107e-01 5.546972196706551061e-01
1.687810685699165092e-01 1.002189046990821786e-01 8.074520037426255459e-02 6.502548263567388132e-01
2.335169717887578267e-01 1.106292854655091945e-01 7.097896468727193930e-02 5.848747780584609979e-01
2.063479585026113672e-01 6.571544590990464896e-02 1.476703764129349838e-01 5.802662191745490139e-01
2.227239565703930391e-01 9.420531380237723296e-02 8.593423323774317113e-02 5.971364963894866262e-01
1.884735767430857079e-01 1.095149523121276697e-01 1.241047595928898989e-01 5.779067113518968624e-01
1.879023546880814743e-01 8.216679778015222035e-02 1.091210912656400689e-01 6.208097562661262225e-01
1.438587952618277377e-01 1.242008870492566225e-01 8.912760406546134384e-02 6.428127136234542682e-01
2.361211632194185339e-01 1.019068199306140954e-01 8.144721802288384938e-02 5.805247988270836323e-01
1.712707506601970908e-01 7.635720380607456670e-02 8.953715716122825907e-02 6.628348883725001528e-01
1.824162571276334299e-01 9.318584236172212931e-02 1.256175062222763261e-01 5.987803942883681563e-01
1.989744985636714425e-01 8.761528013622998934e-02 1.095928023221921094e-01 6.038174189779064172e-01
1.862370814716156897e-01 1.090412381125845376e-01 1.012401970094672227e-01 6.034814834063326749e-01
1.582176364336728147e-01 7.784508108140460181e-02 9.460116438971476194e-02 6.693361180952078771e-01
1.850677135884694902e-01 6.073351992000054073e-02 1.235710231506222112e-01 6.306277433409078759e-01
1.948101818684425945e-01 6.702312768991071368e-02 8.027864194160136413e-02 6.578880485000453415e-01
1.570758200240086055e-01 8.514530133386512267e-02 1.244639835239718523e-01 6.333148951181544195e-01
2.051025151684612580e-01 7.450681511475786001e-02 1.647249782551852837e-01 5.556656914615957232e-01
1.663746061181100577e-01 8.980860267643085704e-02 1.370541607560672726e-01 6.067626304493917155e-01
1.787009250628118218e-01 8.903594894306877949e-02 1.232040596149627798e-01 6.090590663791567438e-01
2.040525078868080378e-01 6.640639736419602646e-02 1.332658124673240241e-01 5.962752822816719256e-01
1.586905018835788883e-01 6.823089759271745713e-02 9.185552434456903392e-02 6.812230761791345790e-01
2.289435485935217007e-01 7.998684446386770952e-02 1.018078379467646372e-01 5.892617689958460359e-01
1.962816898957732148e-01 9.339553810576513293e-02 1.215710911601534522e-01 5.887516808383080891e-01
1.324374591132777002e-01 1.102851615893475634e-01 1.370747185270708435e-01 6.202026607703039485e-01
1.920788848396630943e-01 4.900991072315698249e-02 1.502035850685852492e-01 6.087076193685946324e-01
1.676338454024398628e-01 9.746424489282910775e-02 1.071446421162785129e-01 6.277572675884526276e-01
1.563645432846522965e-01 1.157584951459661587e-01 9.585281489030988977e-02 6.320241466790715856e-01
2.063960235558477130e-01 7.609070660263625441e-02 1.234386657506317542e-01 5.940746040908844172e-01
1.939709616759042743e-01 1.259829282587728305e-01 9.310312209760178426e-02 5.869429879677210415e-01
1.904969264119194261e-01 7.057592441163737518e-02 1.060956545515092248e-01 6.328314946249340434e-01
1.667475693419981086e-01 1.098793060211202821e-01 1.462700428080762893e-01 5.771030818288052089e-01
2.209945226744937374e-01 5.939401836649030320e-02 1.203804431730683827e-01 5.992310157859475073e-01
1.586929789725517181e-01 9.988379163138100258e-02 1.150352867236911908e-01 6.263879426723760746e-01
1.511830035827418650e-01 7.272621404418010138e-02 1.119233141061184295e-01 6.641674682669597152e-01
1.739300132860469861e-01 8.988320325933724098e-02 1.294809913140524682e-01 6.067057921405631937e-01
1.701784780333084335e-01 6.219270392483026294e-02 1.095172822648079330e-01 6.581115357770535024e-01
2.078010635357369906e-01 9.817450410364253477e-02 9.370044664577988069e-02 6.003239857148406911e-01
2.109680561290350753e-01 7.311432907984619090e-02 1.089521720399989207e-01 6.069654427511198547e-01
1.555228243752269646e-01 8.972104153158631801e-02 1.089531329524034420e-01 6.458030011407833726e-01
2.084627228137370392e-01 8.149099771829598771e-02 1.196289184859908317e-01 5.904173609819762802e-01
1.767546283850132682e-01 9.413849383375604007e-02 1.276201124956450605e-01 6.014867652855857560e-01
1.631942455411971582e-01 8.798220422183154754e-02 1.124517586933231894e-01 6.363717915436480910e-01
2.003208206358650656e-01 1.067464007682439459e-01 1.170127044699761781e-01 5.759200741259147271e-01
1.738414993360893335e-01 9.622548888281276525e-02 1.305974555718834862e-01 5.993355562092144151e-01
1.485261296372682449e-01 1.213340246524013954e-01 1.257409245393164010e-01 6.043989211710140141e-01
1.713119113442042873e-01 7.304749768937172927e-02 1.433411931633876979e-01 6.122993978030361051e-01
1.646420016537737674e-01 9.285534781758458811e-02 1.071381952560810369e-01 6.353644552725605799e-01
1.553478219171417207e-01 8.435386531843713787e-02 1.063059758032344621e-01 6.539923369611866377e-01
1.625721469312850498e-01 8.939130264453505614e-02 1.035349267044701205e-01 6.445016237197098707e-01
1.621194547461180802e-01 7.141964772219468183e-02 1.321072805974533027e-01 6.343536169342339770e-01
2.050507497372937027e-01 9.918176165886725959e-02 8.897217924464916050e-02 6.067953093591897940e-01
2.042158772854040238e-01 8.438980854166992784e-02 9.867418376499335897e-02 6.127201304079326061e-01
2.083205638473905053e-01 9.583844690928419729e-02 1.072212667468739888e-01 5.886197224964513364e-01
1.836734369828348923e-01 1.038952575941728546e-01 8.536607564749749966e-02 6.270652297754947258e-01
1.907792558078844070e-01 9.239264979744180040e-02 1.097355075395488044e-01 6.070925868551251270e-01
2.185260360531655066e-01 6.866962805886749066e-02 8.594985175166169888e-02 6.268544841363051789e-01
2.118239960968641422e-01 7.836876821844354635e-02 1.367202951279353207e-01 5.730869405567569075e-01
1.930122631831276137e-01 1.223631224682237006e-01 9.811706016422974685e-02 5.865075541844189111e-01
1.442335857765244256e-01 7.932071790633364594e-02 1.243455014606375530e-01 6.521001948565045003e-01
1.159358140676753079e-01 6.312228372085226802e-02 1.572537677389520550e-01 6.636881344725202858e-01
1.906246199742613889e-01 8.779837254689160098e-02 1.039306728829711562e-01 6.176463345958757012e-01
1.891679119109804519e-01 9.606140691708504875e-02 1.413172421982628046e-01 5.734534389736716253e-01
1.763630872311625075e-01 4.576874988921265930e-02 9.764801101401769656e-02 6.802201518656070256e-01
1.594974343092369629e-01 8.669261399353841990e-02 1.534275507192783272e-01 6.003824009779463733e-01
1.672152466740522425e-01 6.996994475612773601e-02 1.317526940107109079e-01 6.310621145591089887e-01
1.964685855905198286e-01 1.215051847013586123e-01 1.245221521278407767e-01 5.575040775802808657e-01
1.569650480428172734e-01 9.359051832278723893e-02 6.748860154626229457e-02 6.819558320881331515e-01
1.634741609163149756e-01 8.750408015771352077e-02 1.075730676023688298e-01 6.414486913236026044e-01
1.834883147185027152e-01 9.948058525419513354e-02 1.284026198267759766e-01 5.886284802005262717e-01
2.278576600035387423e-01 8.186739518430030671e-02 1.218742467717560812e-01 5.684006980404049392e-01
1.621118381707091216e-01 7.250669682167584784e-02 1.294543735335024481e-01 6.359270914741126379e-01
1.984601268094863813e-01 6.038666547363503306e-02 1.115413035125396440e-01 6.296119042043388792e-01
2.029371813211839348e-01 6.346209294839456894e-02 1.164724524090526708e-01 6.171282733213687699e-01
1.321163192340750470e-01 9.875475503927449994e-02 1.228950355824732499e-01 6.462338901441770922e-01
1.995859748910022713e-01 7.928685088245787660e-02 1.019669665862025787e-01 6.191602076403373012e-01
1.426936375169818583e-01 1.104175299458171611e-01 1.171290093289830414e-01 6.297598232082179948e-01
1.762994629037714645e-01 8.275383899394452014e-02 1.124198342001255790e-01 6.285268639021583947e-01
2.275172831237976812e-01 1.079846103428448584e-01 1.209747897338298017e-01 5.435233167995275894e-01
1.607758308147304860e-01 1.034767445658634211e-01 9.633153718637177398e-02 6.394158874330341247e-01
1.864898067380161006e-01 9.072541282672685892e-02 1.451044185543068077e-01 5.776803618809501772e-01
2.046280762860830660e-01 6.842869890228894802e-02 1.522297125501774206e-01 5.747135122614505098e-01
1.822518589847950676e-01 6.458288785515158004e-02 9.099883253028274999e-02 6.621664206297706023e-01
1.937200128219791762e-01 7.784127384686666262e-02 9.225108561053728395e-02 6.361876277206168773e-01
1.704738083069951837e-01 1.212138586011645841e-01 1.160676521340919115e-01 5.922446809577484039e-01
1.775631796597424705e-01 9.426535144989341142e-02 1.084353268497085937e-01 6.197361420406555244e-01
1.562374385621322914e-01 8.018143759315955743e-02 9.737999954187120943e-02 6.662011243028369556e-01
2.119406613376409176e-01 6.828019486645525715e-02 1.228186952355724559e-01 5.969604485603313693e-01
1.902857291253986227e-01 8.012115155906221475e-02 7.999528025806063036e-02 6.495978390574783656e-01
1.802730315158349028e-01 9.226190153219777923e-02 1.133021462385642025e-01 6.141629207134031709e-01
2.051729621782796831e-01 8.535653552249829190e-02 1.195661722728112164e-01 5.899043300264108503e-01
1.817143677988753148e-01 9.941072609042254926e-02 1.177575621106389664e-01 6.011173440000632251e-01
1.644387839395740625e-01 8.245343307139990641e-02 1.530421033221991411e-01 6.000656796668268900e-01
1.598656096655030057e-01 9.943535733641992169e-02 1.090747865517415344e-01 6.316242464463354134e-01
1.576998035606548276e-01 8.261230944935242515e-02 8.908963321894457221e-02 6.705982537710480917e-01
1.867068429859027878e-01 5.889082347951376389e-02 9.592750487975548745e-02 6.584748286548278706e-01
1.812942773318413914e-01 6.550170765954656249e-02 9.083979395027461101e-02 6.623642210583373657e-01
1.859638846060432116e-01 8.391215218280614896e-02 1.175349650836049198e-01 6.125889981275457474e-01
2.013659153584032580e-01 1.050479553563115898e-01 7.194278359470283879e-02 6.216433456905822164e-01
1.866753912268478421e-01 9.524700884203086970e-02 1.103909930713661558e-01 6.076866068597552850e-01
1.395570346460981159e-01 1.196876118488041235e-01 8.584956021901052337e-02 6.549057932860873343e-01
2.067868182292752766e-01 8.434021724453458213e-02 1.224343505514977615e-01 5.864386139746924353e-01
1.892060565272823403e-01 1.024081281123037229e-01 7.372152938096659947e-02 6.346642859794473512e-01
1.989771437599168746e-01 6.844917203721737065e-02 1.094626231116837961e-01 6.231110610911820835e-01
1.695145929273840224e-01 9.202991024265699815e-02 8.269275222963252958e-02 6.557627446003264637e-01
1.916809010412258985e-01 8.640653158456922112e-02 1.414572864920215223e-01 5.804552808821832333e-01
1.763806636151353524e-01 1.131558347384896412e-01 1.153846137942722283e-01 5.950788878521027225e-01
1.947625258784970170e-01 9.779418390383079474e-02 1.030980679311896547e-01 6.043452222864825751e-01
1.809217156513719393e-01 8.997936281002094638e-02 9.081547916767827855e-02 6.382834423709288219e-01
1.600802044625265208e-01 8.754001995113959433e-02 1.367270369689313758e-01 6.156527386174025507e-01
1.857151527117740231e-01 8.378518618866810652e-02 1.197163463219431123e-01 6.107833147776147165e-01
1.810186127508898735e-01 8.612000439804878837e-02 1.033215114222924141e-01 6.295398714287688824e-01
1.959517343386935340e-01 7.781498320505675359e-02 1.117047774474764776e-01 6.145285050087732071e-01
1.867249430440214575e-01 8.068438199104546737e-02 8.238942595635834198e-02 6.502012490085746776e-01
1.632576587487586939e-01 8.930791343611139965e-02 1.342156754412157926e-01 6.132187523739142110e-01
1.695455748790333506e-01 9.033410860941727683e-02 1.076095962087588176e-01 6.325107203027905411e-01
1.673164068528455173e-01 6.408138775139896048e-02 8.383014992416476518e-02 6.847720554715905905e-01
2.368385620858127760e-01 9.409167672954420192e-02 8.963455919015400619e-02 5.794352019944889465e-01
1.692393602442169021e-01 9.435452145726544448e-02 1.293504468333897539e-01 6.070556714651278440e-01
2.001410319281934358e-01 7.040402435423276373e-02 9.282663700183847733e-02 6.366283067157352260e-01
1.808673020545361054e-01 9.489315219696403680e-02 1.634109220452900912e-01 5.608286237032097388e-01
1.722513284654624277e-01 9.950309451589646470e-02 5.986152010112157779e-02 6.683840569175194535e-01
2.085989432241533992e-01 6.905333045846423490e-02 9.032135400004531745e-02 6.320263723173370485e-01
2.006105777292538084e-01 8.198129711585630530e-02 1.147132068488077999e-01 6.026949183060822390e-01
1.766182075369263638e-01 7.265916046082981916e-02 1.302737662750288461e-01 6.204488657272149155e-01
1.994957450287619949e-01 6.033666652392030011e-02 1.109459439040519635e-01 6.292216445432657901e-01
1.891072719217690989e-01 1.077781803314577513e-01 1.152844364049744469e-01 5.878301113417987445e-01
2.074228059790089729e-01 1.000763957846856900e-01 1.071161299631870067e-01 5.853846682731183027e-01
1.535290828012727538e-01 1.074885938019426446e-01 1.263955339373910303e-01 6.125867894593935992e-01
2.215399104742931391e-01 7.168674231908034322e-02 1.003639966179088044e-01 6.064093505887176994e-01
1.825145731928434767e-01 9.082341541508538729e-02 1.161838348919398967e-01 6.104781765001312532e-01
2.061309212732236051e-01 9.031036033387912498e-02 1.192661483599516126e-01 5.842925700329456573e-01
1.608656761635752219e-01 9.032798902964997434e-02 1.084868102087671038e-01 6.403195245980076722e-01
1.560382374350888501e-01 1.032097305465302511e-01 1.152745894560060352e-01 6.254774425623748080e-01
2.082700825056754135e-01 8.499087576011597756e-02 1.018099736294255098e-01 6.049290681047831963e-01
1.817412056993737146e-01 1.055414058790122150e-01 1.466250238654085436e-01 5.660923645562055961e-01
1.700838355958536607e-01 8.150955962324456239e-02 9.385241222500841085e-02 6.545541925558933105e-01
2.006264007598254906e-01 9.155139203280314442e-02 1.205419538437470794e-01 5.872802533636242162e-01
1.635573207400611573e-01 6.441893699522578676e-02 1.522742159921844085e-01 6.197495262725286613e-01
1.874287374295168229e-01 1.030519086616565466e-01 9.847097679118700653e-02 6.110483771176395962e-01
1.964793309567890722e-01 7.303564204008541894e-02 7.936796501177376117e-02 6.511170619913516644e-01
1.699572594733868292e-01 8.010936356497089239e-02 9.691680430633779764e-02 6.530165726553045502e-01
2.163411433481639001e-01 7.487978418679440418e-02 1.109601826897342880e-01 5.978188897753075048e-01
1.577710551701839159e-01 6.766870687836480658e-02 1.322515899071811107e-01 6.423086480442701252e-01
1.995007038172423031e-01 9.555168254771848058e-02 9.255879082000513514e-02 6.123888228150341506e-01
1.557520125903545383e-01 8.036233832167738456e-02 1.257230037782367804e-01 6.381626453097314355e-01
1.611258826636587649e-01 1.164738158370903359e-01 1.104705901954428221e-01 6.119297113038081326e-01
2.073492343728711162e-01 7.187363413678440893e-02 1.057332212053652548e-01 6.150439102849791784e-01
1.432650842711965522e-01 7.390679325161837732e-02 1.161142925429352046e-01 6.667138299342498797e-01
1.955320366683054312e-01 6.903363855707386754e-02 9.560199246382217186e-02 6.398323323107986127e-01
1.405710255103607143e-01 9.871175113548755209e-02 1.243696776712901464e-01 6.363475456828616705e-01
1.738615467206482412e-01 8.973250103294816427e-02 9.695497766598561162e-02 6.394509745804178857e-01
1.740464551709475505e-01 7.803948551499104158e-02 8.247603909651474163e-02 6.654380202175467218e-01
2.127160293551304260e-01 7.819365536497900615e-02 1.286548824327747587e-01 5.804354328471157398e-01
1.823779846733207533e-01 8.753114861516686496e-02 9.359705315921418300e-02 6.364938135522982821e-01
1.874422274269682831e-01 9.047102646331167675e-02 1.257235512006393552e-01 5.963631949090806295e-01
1.670662966478039524e-01 8.285481610703467059e-02 1.189162258338468253e-01 6.311626614113146072e-01
1.514376843637275372e-01 9.052942440417426073e-02 1.007724974924604500e-01 6.572603937396376272e-01
1.704645596275769781e-01 8.092779204324201947e-02 1.180252686125491529e-01 6.305823797166317801e-01
1.680621514742280942e-01 1.058109036119451590e-01 1.082256498225566826e-01 6.179012950912700086e-01
1.806833995184030095e-01 8.411747027271306021e-02 8.691002599729945322e-02 6.482891042115844771e-01
1.801871035958493572e-01 8.574607874975495592e-02 9.928898111203549037e-02 6.347778365423601965e-01
1.402708684448009113e-01 1.031747673306457058e-01 9.539119222744239790e-02 6.611631719971110543e-01
1.989200022661803402e-01 8.511896754567596646e-02 1.302271392306885711e-01 5.857338909574549835e-01
2.019282737017754903e-01 8.626419902741584711e-02 9.868749553243041928e-02 6.131200317383782572e-01
1.712597094382634078e-01 9.044636610226720885e-02 7.517607174034944550e-02 6.631178527191200489e-01
1.745962198593334902e-01 7.783288561186588184e-02 9.737179433262017902e-02 6.501991001961805461e-01
1.964717843971867106e-01 9.351078485619067349e-02 1.229422000869884735e-01 5.870752306596341841e-01
2.039642460298271287e-01 9.483836918827340257e-02 1.214669132125565931e-01 5.797304715693429866e-01
1.355472952559777788e-01 9.072120280011594651e-02 1.124985722134332899e-01 6.612329297304730957e-01
1.523460621980505525e-01 9.838602408783862774e-02 8.810973090498921967e-02 6.611581828091216417e-01
1.883703985525051194e-01 7.304753879629452551e-02 7.647802824010270506e-02 6.621040344110976639e-01
1.901355859022130501e-01 1.075641636225583148e-01 9.212678714558396320e-02 6.101734633296446164e-01
2.060277404522503908e-01 1.026932069842401429e-01 1.161513131708131474e-01 5.751277393926963466e-01
1.477023295095806488e-01 8.965167908862227419e-02 9.718608059240650687e-02 6.654599108093905979e-01
1.837138934345660668e-01 9.243394617140374137e-02 7.482088497133367044e-02 6.490312754226964520e-01
1.627374070032112374e-01 6.874929414258813820e-02 1.339197443769567508e-01 6.345935544772436376e-01
1.643726083885722611e-01 6.605930917036921535e-02 1.109268021559450534e-01 6.586412802851134840e-01
1.727911848185768318e-01 8.467637822181442453e-02 1.135059312485938166e-01 6.290265057110148161e-01
1.662447485094116773e-01 1.055040862219545073e-01 1.355254320440378302e-01 5.927257332245959853e-01
1.588156580849557353e-01 8.127273589642075580e-02 1.129537593250908856e-01 6.469578466935327343e-01
1.650603692432788261e-01 9.156518290627399526e-02 1.175401621360616378e-01 6.258342857143854854e-01
1.808798930154095208e-01 9.322459011619815827e-02 9.409884004948675107e-02 6.317966768189057225e-01
1.940736704520443501e-01 6.698176058870242144e-02 1.048695404993389563e-01 6.340750284599143693e-01
1.488544275335162426e-01 7.901253408837609349e-02 9.377273052918644325e-02 6.783603078489212068e-01
1.778504266791118560e-01 9.097004477581355220e-02 1.109652236274929760e-01 6.202143049175816714e-01
1.414391936499866664e-01 8.926224884941690030e-02 1.032837757029191617e-01 6.660147817976772577e-01
1.891614873073878267e-01 9.295458973044368189e-02 9.197176792649668087e-02 6.259121550356717689e-01
1.911079506252167659e-01 6.927667983110902261e-02 1.009166664131623953e-01 6.386987031305118023e-01
1.944928834393618855e-01 7.759652732064487024e-02 1.346016040199794206e-01 5.933089852200138514e-01
1.399500238610459357e-01 7.577187221329372002e-02 1.236071107969765742e-01 6.606709931286839366e-01
1.354491296884035578e-01 7.723308666316766602e-02 1.415947219041439331e-01 6.457230617442848430e-01
1.882141850968204744e-01 1.107629681997622240e-01 1.019521906836735325e-01 5.990706560197437414e-01
2.078853324601768193e-01 6.861048956583511160e-02 1.028334193498589427e-01 6.206707586241291263e-01
1.656892415339722147e-01 7.132395410291958449e-02 1.193424327883111785e-01 6.436443715747969252e-01
1.766206022853419877e-01 1.011702390080225361e-01 1.247645037102047549e-01 5.974446549964307351e-01
2.029074081311139921e-01 7.734595451498992025e-02 1.438599508084587308e-01 5.758866865454372874e-01
1.928285444771179191e-01 9.835471686112144674e-02 1.158497842044126647e-01 5.929669544573479278e-01
