6.080126394187849170e-01 1.639884570697960897e-01 1.193443561689080529e-01 1.086545473425108710e-01
5.669754745066605262e-01 2.250583509376984648e-01 1.094768108466742246e-01 9.848936370896686776e-02
5.706005259288045028e-01 1.732403008200582850e-01 1.071249476599197836e-01 1.490342255912173453e-01
5.658844946018345423e-01 1.998721350294823951e-01 8.629817704863539107e-02 1.479451933200474911e-01
5.684071428895594025e-01 1.749907874495461035e-01 9.352047923277029273e-02 1.630815904281242568e-01
5.982028816762611223e-01 2.077249110513331720e-01 7.854949972556603266e-02 1.155227075468397285e-01
5.689185605370897791e-01 2.024703046803775219e-01 7.274979987136413750e-02 1.558613349111686031e-01
5.457520563998778940e-01 2.338637096541524851e-01 1.030659875272263437e-01 1.173182464187432356e-01
5.401287952027536976e-01 1.895682543173595469e-01 1.013927633374335363e-01 1.689101871424532608e-01
5.685421934211402073e-01 1.781175066706272847e-01 1.279968254757075652e-01 1.253434744325249151e-01
6.378801587053154476e-01 1.765752797512731009e-01 1.000056254378248050e-01 8.553893610558670202e-02
5.929175178627962284e-01 2.290639355844027170e-01 8.637281229836012153e-02 9.164573425444097476e-02
5.537249611199723809e-01 2.849176650309019343e-01 7.012292582724154177e-02 9.123444802188414304e-02
6.234430431328885636e-01 1.825803137687302402e-01 1.028322739054429308e-01 9.114436919293833483e-02
6.099753333868187521e-01 2.198171516844268647e-01 8.124880856246358141e-02 8.895870636629073236e-02
5.929555707798124242e-01 1.707695825297819714e-01 8.310275232099680054e-02 1.531720943694088177e-01
5.580231376407707167e-01 1.780623690932921499e-01 1.503575513520152007e-01 1.135569419139219605e-01
6.188046362478604179e-01 2.080301393437244128e-01 1.022602021388688970e-01 7.090502226954627230e-02
5.313374183394476979e-01 1.970918262897059514e-01 1.200400495695089359e-01 1.515307058013375396e-01
5.776352135425453227e-01 2.034658753838690937e-01 8.782227021042107729e-02 1.310766408631643953e-01
5.917165894174249985e-01 1.893469463263665609e-01 1.167366137322102260e-01 1.021998505239982286e-01
5.959117875869412995e-01 2.006919668693547820e-01 8.052369832226725921e-02 1.228725472214367287e-01
6.046925484453203881e-01 1.740766605791799204e-01 1.333568297478878728e-01 8.787396122761192974e-02
5.928010110649867270e-01 2.036196893979520250e-01 1.021444114357264871e-01 1.014348881013345666e-01
5.102874850780444449e-01 2.229803467422029617e-01 1.069315257068809144e-01 1.598006424728718178e-01
5.779585880068232040e-01 2.191867235847750617e-01 8.826531398508921655e-02 1.145893744233122957e-01
5.854433769785544195e-01 1.732275887321140517e-01 1.047691351795703718e-01 1.365598991097611847e-01
5.582068368189564422e-01 2.316944826350813003e-01 1.059777069162585045e-01 1.041209736297038224e-01
5.864910001100105408e-01 1.961552899597840960e-01 1.183250322705745733e-01 9.902867765963080382e-02
5.666081194587746506e-01 1.869170802718599089e-01 1.270488557685413300e-01 1.194259445008241244e-01
5.992554519375929978e-01 1.830493499159370763e-01 9.969087488923097928e-02 1.180043232572390299e-01
5.623646016232943801e-01 1.994588435860422948e-01 9.013017805481798872e-02 1.480463767358453919e-01
6.183522154220579825e-01 1.788980162157157716e-01 9.501003213828088101e-02 1.077397362239452677e-01
6.049729647790648146e-01 1.876080550842143535e-01 1.057946637963244479e-01 1.016243163403964117e-01
6.414300517839423010e-01 1.738647631781114755e-01 8.592911227949807940e-02 9.877607275844819956e-02
5.796035726993350456e-01 2.367216255894382115e-01 9.522312601225782491e-02 8.845167569896891790e-02
6.050578255633263236e-01 2.086185760596205307e-01 9.717490158244042331e-02 8.914869679461280561e-02
6.227743498385647225e-01 1.868753466154890464e-01 9.112186052465247321e-02 9.922844302129392446e-02
5.728107260832400183e-01 1.861510951482263088e-01 9.624058415203184946e-02 1.447975946165017958e-01
5.559635599497741998e-01 1.916202545190660578e-01 9.667612195815537823e-02 1.557400635730044336e-01
5.732404125073219392e-01 1.821104757897714643e-01 1.064371714179065398e-01 1.382119402850000289e-01
5.792845445099014112e-01 1.893438832841599639e-01 6.872528993487519999e-02 1.626462822710634248e-01
6.202377315502338728e-01 1.538668481687666956e-01 1.203202797956510750e-01 1.055751404853483288e-01
6.127928858185247574e-01 2.006205518390289100e-01 1.019143996746875586e-01 8.467216266775895450e-02
5.937894619230354998e-01 1.903523060246054832e-01 9.817698576626421314e-02 1.176812462860948594e-01
5.915589336000847132e-01 2.105371395369705634e-01 1.060355785567487497e-01 9.186834830619612646e-02
6.234293988905668105e-01 1.531304816924482504e-01 1.066083257087717812e-01 1.168317937082133245e-01
5.548420545810830440e-01 2.329607816576645951e-01 9.377847817466533620e-02 1.184186855865870802e-01
6.135956134100448711e-01 1.719086400745888921e-01 7.708751291749499357e-02 1.374082335978712432e-01
6.439813675949321858e-01 1.716603184081879341e-01 6.948478696796449305e-02 1.148735270289154148e-01
5.949094963416877713e-01 2.118013908908273069e-01 8.679617945808991430e-02 1.064929333093950908e-01
5.620556834886254460e-01 2.605962949253960992e-01 7.362050840147836561e-02 1.037275131845001447e-01
5.350757966201707960e-01 2.355647815606962681e-01 9.756160122883580921e-02 1.317978205902972655e-01
5.996315239538977382e-01 2.246428203887799457e-01 9.001512960752922066e-02 8.571052604979309542e-02
5.496976164250982899e-01 1.968888507073607574e-01 1.303683752560280684e-01 1.230451576115128703e-01
5.965614423851425263e-01 1.998563307018626500e-01 7.790832174264995802e-02 1.256739051703449628e-01
6.178692925301249028e-01 2.087739083744419855e-01 8.660228115424414841e-02 8.675451794118875515e-02
6.100285128246013544e-01 2.032818053248824086e-01 9.717638056855454343e-02 8.951330128196181846e-02
5.365028055181447764e-01 2.490047628308271477e-01 1.102694905104265044e-01 1.042229411406015716e-01
5.740902270371842642e-01 2.422451444534054754e-01 1.041780371273103439e-01 7.948659138209997199e-02
5.703458528244469417e-01 2.260145585091864751e-01 1.196273750024372945e-01 8.401221366392924716e-02
5.401153744467372952e-01 2.262259082298139767e-01 8.395995332649545950e-02 1.496987639969532824e-01
5.564326908833292507e-01 2.683811955253295745e-01 8.112264729233947813e-02 9.406346629900180778e-02
6.467103268147283979e-01 1.764625397241666727e-01 7.391169841584294131e-02 1.029154350452619882e-01
5.912219863691851041e-01 1.708209943903925276e-01 1.246203421460033711e-01 1.133366770944189555e-01
5.459954988025144118e-01 2.316287678356055424e-01 1.072271382315993227e-01 1.151485951302805844e-01
5.976447219533420618e-01 2.018624061210576304e-01 8.043064717264013230e-02 1.200622247529600783e-01
6.139349496326701461e-01 1.991354310833194363e-01 6.518900926595525003e-02 1.217406100180552370e-01
5.823173234151903799e-01 2.028401295916890390e-01 9.528822158330507719e-02 1.195543254098155456e-01
6.447190081238022286e-01 1.628629950267268811e-01 7.043532474882226169e-02 1.219826721006486980e-01
5.705590149049176718e-01 2.269957327381965373e-01 1.050652881608935135e-01 9.737996419599234676e-02
5.491386304547780650e-01 1.902864139441138303e-01 1.277376180692969543e-01 1.328373375318110949e-01
5.959445476432523314e-01 1.803505193887491864e-01 9.071039435696515163e-02 1.329945386110332750e-01
5.883176223526606075e-01 1.778679218486479141e-01 1.192020849270632871e-01 1.146123708716283163e-01
5.612832305365108576e-01 2.136084506239235292e-01 9.940234082382808090e-02 1.257059780157374629e-01
5.487011292120959061e-01 2.360139028602273037e-01 1.153510015255277410e-01 9.993396640214910476e-02
5.328559412744966473e-01 2.177309237080997939e-01 1.312730110092292790e-01 1.181401240081743215e-01
5.792168239177369893e-01 2.278465165349141119e-01 9.773693242143151327e-02 9.519972712591734387e-02
6.118240680693993738e-01 1.621893250064259662e-01 9.286775077738262940e-02 1.331188561467919751e-01
5.555611413556742484e-01 2.039962336103322282e-01 1.267429209042542915e-01 1.136997041297391903e-01
5.901523599251681240e-01 2.379948975325522631e-01 9.502765706574470284e-02 7.682508547653481290e-02
6.104775356533602704e-01 2.218153842798897268e-01 1.031707194414351325e-01 6.453636062531492579e-02
5.376041790661069131e-01 1.998692179104247790e-01 1.186772103321130922e-01 1.438493926913552712e-01
5.685400160507190215e-01 1.965589298608101110e-01 1.281332010416431633e-01 1.067678530468277182e-01
5.869507092162754569e-01 2.058127050483383458e-01 9.630922020894806812e-02 1.109273655264381292e-01
6.059300170189767520e-01 2.041350781388267532e-01 8.381267410821778563e-02 1.061222307339785842e-01
5.920522063258274459e-01 1.830985498720954507e-01 1.288666772950237682e-01 9.598256650705333515e-02
5.670729462580338387e-01 2.196718368004310640e-01 8.931773703820479471e-02 1.239374799033304275e-01
5.913904462625240166e-01 2.045547794597281921e-01 1.219732224295235479e-01 8.208155184822418793e-02
5.891199877804529361e-01 2.468291516633029647e-01 7.521812272333948390e-02 8.883273783290442094e-02
5.708713554302528026e-01 1.793845274998290829e-01 1.023810874967212570e-01 1.473630295731968298e-01
5.736193906462823122e-01 1.964681880410097947e-01 1.136018957621322684e-01 1.163105255505755831e-01
6.019102395729949428e-01 1.723566115223406636e-01 1.180749157568040802e-01 1.076582331478603549e-01
6.173053402912580534e-01 1.863411402079499790e-01 5.743783985866907082e-02 1.389156796421230355e-01
6.492001742033278733e-01 1.414883914345812788e-01 1.016103053026527203e-01 1.077011290594381970e-01
6.212787444580233354e-01 1.695015302857199868e-01 1.187005458369393973e-01 9.051917941931722500e-02
5.548068290425794968e-01 1.912183439196804280e-01 1.134406293987000602e-01 1.405341976390399872e-01
6.335614579871399199e-01 1.690960839903614399e-01 9.387485810592480218e-02 1.034675999165737964e-01
5.827428610757926508e-01 1.953541666688062006e-01 9.546477562099218994e-02 1.264381966344090280e-01
5.465789054437562022e-01 2.466793679415472951e-01 1.123895832944913076e-01 9.435214332020518124e-02
5.731981291577145088e-01 2.382608055651172507e-01 9.265692443494849551e-02 9.588414084221993927e-02
5.341091803814533856e-01 2.320614544823816905e-01 9.261058495472171415e-02 1.412187801814432375e-01
5.742834446465231446e-01 1.874563560902902937e-01 1.334697550989897008e-01 1.047904441641968332e-01
6.140808595692024419e-01 1.839473891017085749e-01 8.894223198498352190e-02 1.130295193441055446e-01
5.481881154856695915e-01 2.748230130932382553e-01 8.428961745007025608e-02 9.269925397102211917e-02
6.083351993771842769e-01 1.598751975618227517e-01 1.057386917955953076e-01 1.260509112653975805e-01
6.224368139085759699e-01 2.041841981167913933e-01 8.730032273296661760e-02 8.607866524166607469e-02
5.871188104175915079e-01 1.752491636417256859e-01 8.432276598050521266e-02 1.533092599601776906e-01
5.703895795529025925e-01 1.989370455067203391e-01 8.680097179886753223e-02 1.438724031415094529e-01
6.037059636971413568e-01 2.079337656444202598e-01 8.474159277433807036e-02 1.036186778841002715e-01
5.940644912818440204e-01 1.786842962090785802e-01 9.198229253909634417e-02 1.352689199699810552e-01
5.940877079860670262e-01 2.021165289369817319e-01 1.086648630460778503e-01 9.513090003087348867e-02
6.267902406056526932e-01 1.802916295443032779e-01 8.023259111230539309e-02 1.126855387377384693e-01
6.669977252568383141e-01 1.616380927884467356e-01 6.139082775198061864e-02 1.099733542027344635e-01
5.904898011035792926e-01 1.629178246666641572e-01 1.286258276801963973e-01 1.179665465495602639e-01
5.609613939108292202e-01 2.066812712385491524e-01 1.254616648213781882e-01 1.068956700292433004e-01
6.059548452520050477e-01 1.999035150730903432e-01 5.933636014175296125e-02 1.348052795331516340e-01
5.832276266214673210e-01 2.452261944578913999e-01 9.081274001563481579e-02 8.073343890500629672e-02
5.966964207120518671e-01 1.848798537599945502e-01 1.263962625355738723e-01 9.202746299237989092e-02
5.118131485861296959e-01 2.445324777444802533e-01 1.172948623905335913e-01 1.263595112788564734e-01
5.737638981435598806e-01 1.912546917136778435e-01 1.137661140035437501e-01 1.212152961392184841e-01
5.763254139011179111e-01 2.117724611668912182e-01 7.590002337200997540e-02 1.360021015599809091e-01
5.799355457921824275e-01 2.070502471235691477e-01 9.103051375486137520e-02 1.219836933293870773e-01
5.791134594770328547e-01 2.143746571303119242e-01 1.137316773812526854e-01 9.278020601140245238e-02
6.354486478217542533e-01 1.627382764249386271e-01 9.290878415832637405e-02 1.089042915949808149e-01
5.682861566985688562e-01 1.952888026277972700e-01 1.060031696396182277e-01 1.304218710340157295e-01
6.123724822667300227e-01 1.786346041097732207e-01 1.187203429569720914e-01 9.027257066652463746e-02
5.882922628482767369e-01 2.017009606327946902e-01 7.994036102507134922e-02 1.300664154938574180e-01
5.863169426939838225e-01 2.022584963171331629e-01 8.565802992530395510e-02 1.257665310635790457e-01
6.423652614876261824e-01 1.546061153237578978e-01 1.047564895759703074e-01 9.827213361264547364e-02
6.093336173422432278e-01 1.852384476831280269e-01 9.541206491795085898e-02 1.100158700566778447e-01
6.014307337429046774e-01 2.079874206641903478e-01 8.562811446541303273e-02 1.049537311274919837e-01
5.659759228843048717e-01 2.011214785668820615e-01 1.349589984831275347e-01 9.794360006568550436e-02
5.788001042699459919e-01 1.708821467633734603e-01 9.079512336644871007e-02 1.595226256002318654e-01
6.073796151309727165e-01 2.035800880120003931e-01 9.159848555684674265e-02 9.744181130018020331e-02
5.432359063410798772e-01 1.882327907112532339e-01 1.106501684361572563e-01 1.578811345115096743e-01
5.423921566721030540e-01 2.071295144264194976e-01 1.235255794833340359e-01 1.269527494181433847e-01
5.317231151973280667e-01 2.409643196365208184e-01 1.094840074089871718e-01 1.178285577571639015e-01
5.517377716435829527e-01 2.027535248656411604e-01 1.061173486544806921e-01 1.393913548362951393e-01
5.389829033006061643e-01 2.441573841011992763e-01 9.189049581210190221e-02 1.249692167860927544e-01
6.302763760225722489e-01 1.992582252337792015e-01 8.714450905856840901e-02 8.332088968507998794e-02
5.939881841926726302e-01 1.939011547078961228e-01 1.117629246075326627e-01 1.003477364918984732e-01
6.107878103789443625e-01 1.937090041390008288e-01 8.655325954237325092e-02 1.089499259396815301e-01
6.348324805715995778e-01 2.049095078745274967e-01 6.994686758696946893e-02 9.031114396690335944e-02
5.836852533338415805e-01 1.762873846121694177e-01 1.200288160363762457e-01 1.199985460176128116e-01
5.320705520215441853e-01 2.517442905734382230e-01 9.104294656487217641e-02 1.251422108401452349e-01
6.341546586183289813e-01 1.847163229152513353e-01 9.405875445545015812e-02 8.707026401096940038e-02
6.271325011767449054e-01 1.686437848578987986e-01 1.053548515740438535e-01 9.886886239131230381e-02
5.836724676150223390e-01 2.049312914956559206e-01 8.688640654871507274e-02 1.245098343406066538e-01
5.700300601012530111e-01 2.032007950484198688e-01 1.252722156772534678e-01 1.014969291730737355e-01
5.814638528588831345e-01 1.822369613448896475e-01 1.237582967845934356e-01 1.125408890116338795e-01
5.679208727252061939e-01 1.951705080774476520e-01 1.176511514446599987e-01 1.192574677526860999e-01
5.957481426742065045e-01 1.882580321252176336e-01 1.398917635959508465e-01 7.610206160462495983e-02
6.268074627328340531e-01 1.753970587084007215e-01 1.143818480691659728e-01 8.341363048959932192e-02
5.764021493468481916e-01 1.902175231336699079e-01 9.165619925614509889e-02 1.417241282633368293e-01
6.479358388424967252e-01 1.901700363689494411e-01 7.395004420049269833e-02 8.794408058806101047e-02
6.255037217990286891e-01 2.058440737179625668e-01 8.545132674309514897e-02 8.320087773991363678e-02
5.413858548049890196e-01 2.073880755520227381e-01 1.137212100744031812e-01 1.375048595685851582e-01
5.919022156189025496e-01 1.922728014938135666e-01 1.015300378388063335e-01 1.142949450484776475e-01
5.604539092970441949e-01 2.161642765560919111e-01 1.109897652988828670e-01 1.123920488479808050e-01
5.787939629683871434e-01 2.058754061395752510e-01 1.102564896201817801e-01 1.050741412718557560e-01
5.642315486485958154e-01 2.084001208886857581e-01 8.214441796827219588e-02 1.452239124944463000e-01
5.436513793291471996e-01 2.068330698947367097e-01 1.053421420282257964e-01 1.441734087478903914e-01
5.665144109481358159e-01 2.160675118181749621e-01 1.119995844375031857e-01 1.054184927961860641e-01
5.573994085091695805e-01 2.494858208251555243e-01 9.792158035192539967e-02 9.519319031374957885e-02
5.832918070646738729e-01 1.963698319237463796e-01 1.192293774731659345e-01 1.011089835384137298e-01
5.577033364001243720e-01 1.810589418881288770e-01 1.104381437309825686e-01 1.507995779807640158e-01
6.347100005319813443e-01 1.741937487685441266e-01 9.184332197403555220e-02 9.925292872543886591e-02
6.225878274801449619e-01 1.566284404104768546e-01 8.355216053278728683e-02 1.372315715765909383e-01
5.521943446634720587e-01 2.463965638034409378e-01 1.145103435138308950e-01 8.689874801925608072e-02
5.522225344396738400e-01 1.973030090406264203e-01 7.739604595399081355e-02 1.730784105657087457e-01
6.112109592081714782e-01 2.018007314975296118e-01 1.086782474066361609e-01 7.831006188766286014e-02
5.880763899854921650e-01 2.194007485721342632e-01 9.366595142423775333e-02 9.885691001813577683e-02
5.845256993088017161e-01 1.708834099971880405e-01 1.237053453627606076e-01 1.208855453312496359e-01
5.935812302886991354e-01 2.070007510149205199e-01 9.765457590011823730e-02 1.017634427962619548e-01
5.502341720168530959e-01 2.465766728241359784e-01 1.080334715781433030e-01 9.515568358086767820e-02
6.115782007315628821e-01 1.880971033347369203e-01 8.059026072160886678e-02 1.197344352120914002e-01
6.402537805634338497e-01 1.862765980911859909e-01 7.358442600116596455e-02 9.988519534421431978e-02
6.211014762501666508e-01 1.811374491096585659e-01 8.561963453754253828e-02 1.121414401026321894e-01
5.737124538079275693e-01 1.961203219404323017e-01 8.711724940263869399e-02 1.430499748490013379e-01
5.611759150762307691e-01 2.262345905788065992e-01 1.089685912805915952e-01 1.036209030643709117e-01
5.721864318137711569e-01 2.007753344635286041e-01 9.215038487280341473e-02 1.348878488498966299e-01
5.425202888484559338e-01 1.903087747722606859e-01 9.012937893768860342e-02 1.770415574415948601e-01
5.965075873146394869e-01 2.411945032210659479e-01 8.104223768530094407e-02 8.125567177899359339e-02
5.623238240981164315e-01 2.118769396689904050e-01 1.322420376233924000e-01 9.355719860950087452e-02
5.750105706989332432e-01 2.183437346046492589e-01 8.131050388608318524e-02 1.253351908103344237e-01
5.765773150583692885e-01 1.944887032023670526e-01 1.203151824343290099e-01 1.086187993049348433e-01
5.495079460335176025e-01 2.291726995419866297e-01 9.779666460768084157e-02 1.235226898168148985e-01
5.537816385837942557e-01 2.416502317520333454e-01 1.085082202785290634e-01 9.605990938564330783e-02
6.116693724011347255e-01 1.552904690573130297e-01 1.067481790202075009e-01 1.262919795213446050e-01
5.980815677709530043e-01 2.193244092797509703e-01 8.883818535597745591e-02 9.375583759331856948e-02
5.391408833843898130e-01 2.577526441834864235e-01 9.390108207432265597e-02 1.092053903578011492e-01
6.375422294593725558e-01 2.006067450833629029e-01 8.648034775402732577e-02 7.537067770323731264e-02
5.856228199348607610e-01 1.932103378640930291e-01 1.051447283137440930e-01 1.160221138873021168e-01
6.579350421034029228e-01 1.549244116515303693e-01 7.584613367437631481e-02 1.112944125706906012e-01
5.894878135818596432e-01 1.975812361238088455e-01 7.416041335298613479e-02 1.387705369413452239e-01
6.051436800492523416e-01 1.844330504956084305e-01 1.162605417055105755e-01 9.416272774962870795e-02
6.365591887602720655e-01 1.964786429238118692e-01 8.321722597417295642e-02 8.374494234174306717e-02
5.935187213626623715e-01 2.020583465066237150e-01 1.024369548217567982e-01 1.019859773089572680e-01
5.616288152118266153e-01 2.230294961359832184e-01 1.107780808316254639e-01 1.045636078205647024e-01
5.919875451151809242e-01 1.717603840093355205e-01 1.158802534315054311e-01 1.203718174439781519e-01
5.445766218445942108e-01 2.695451931327739747e-01 9.301091497074255587e-02 9.286727005188911976e-02
5.882791625975525296e-01 1.878200679037188847e-01 8.528648779496469934e-02 1.386142817037639419e-01
5.536452787283620003e-01 1.702808745798559953e-01 1.225013516383707257e-01 1.535724950534112510e-01
5.589565240509565269e-01 2.362504812665700560e-01 1.158721027718008084e-01 8.892089191067269194e-02
5.641897239569340083e-01 2.188718298014627472e-01 9.875327489992530294e-02 1.181851713416780386e-01
5.486614232052091644e-01 2.596846403258800118e-01 9.761126589253275865e-02 9.404267057637807903e-02
6.037016611019385692e-01 1.997342088742253829e-01 9.966927750021986609e-02 9.689485252361609846e-02
6.242595438643293582e-01 1.790841089499436434e-01 9.033106810912347462e-02 1.063252790766034822e-01
6.087783928777293907e-01 1.892195802098285973e-01 1.007676486833863766e-01 1.012343782290556632e-01
6.225282673107036535e-01 1.514449821222371428e-01 1.062374145956209298e-01 1.197893359714380518e-01
5.934078659114406795e-01 2.173269493412595954e-01 9.005828995850823082e-02 9.920689478879156364e-02
5.934442602761658137e-01 1.934628784224341480e-01 1.176017670874574261e-01 9.549109421394259833e-02
6.163644012410435247e-01 2.097035327598067711e-01 8.321985673486496926e-02 9.071220926428461007e-02
5.699022937758937424e-01 2.004573047047632506e-01 1.162226767207975853e-01 1.134177247985454773e-01
6.463327278747599269e-01 1.644402604870207341e-01 7.616165216755536871e-02 1.130653594706639564e-01
5.914913374462251738e-01 2.159274656081589250e-01 1.023788972527276686e-01 9.020229969288821870e-02
5.714014407561091025e-01 2.388315323812139901e-01 8.442965933344695473e-02 1.053373675292298417e-01
6.198055884812800898e-01 1.983617411492378246e-01 8.780375513947179245e-02 9.402891523001037644e-02
5.598142013044687948e-01 2.063779690868519368e-01 1.005065257378553317e-01 1.333013038708240061e-01
5.521493656483698054e-01 2.029718809021557047e-01 1.306651640958078342e-01 1.142135893536666835e-01
5.774381659367873176e-01 1.961679354769430006e-01 1.102407086192424696e-01 1.161531899670270596e-01
5.635386529673854783e-01 1.949118132129876724e-01 1.325018027340906235e-01 1.090477310855363369e-01
5.713528412553739999e-01 2.091813037823380406e-01 1.097463580512897663e-01 1.097194969109982904e-01
6.412202822298534999e-01 2.006255243741891237e-01 8.198862197029248289e-02 7.616557142566499072e-02
6.157047574837835047e-01 1.794908463578347435e-01 1.191559606298900204e-01 8.564843552849184249e-02
6.024383991881865352e-01 2.053780585885915111e-01 8.139375812130161814e-02 1.107897841019201968e-01
5.540482602336538331e-01 2.087363827232193436e-01 1.101317380925145861e-01 1.270836189506123481e-01
6.326631159285885930e-01 1.931541554482918699e-01 4.802152617254017153e-02 1.261612024505793239e-01
5.230317119223787392e-01 2.546115354747278126e-01 1.141859873704682699e-01 1.081707652324250257e-01
6.421471766495712163e-01 1.588485111449300657e-01 1.032253557310751080e-01 9.577895647442365157e-02
5.867526019420331584e-01 2.038731543757575648e-01 6.953684566985185445e-02 1.398373980123575333e-01
5.861981621435493617e-01 2.267438163715058685e-01 7.918668799207846665e-02 1.078713334928662892e-01
6.292968345849770939e-01 1.617630621365744037e-01 1.009614680421766497e-01 1.079786352362717694e-01
5.777255990875805880e-01 2.106407643826126996e-01 1.022678791578841562e-01 1.093657573719225562e-01
6.159484555655446725e-01 1.758428067264442840e-01 1.118695054826449042e-01 9.633923222536619480e-02
5.112196800909581951e-01 2.068564323885128675e-01 1.454121449110817588e-01 1.365117426094471786e-01
5.973323026000485481e-01 2.318759038515061932e-01 5.256083686265818761e-02 1.182309566857870503e-01
6.360683085777429913e-01 1.822335208150343555e-01 8.801065635334766324e-02 9.368751425387494836e-02
5.576574391325991309e-01 2.188431183069893260e-01 1.060723585833314581e-01 1.174270839770800295e-01
6.061747193556957791e-01 1.805320938029841837e-01 9.427413292806961775e-02 1.190190539132503916e-01
5.996261765115422637e-01 1.952030490546768082e-01 1.008046120024452402e-01 1.043661624313357156e-01
6.331402415551713458e-01 1.738599916698291836e-01 1.132672317303615034e-01 7.973253504463789776e-02
5.941041288808519560e-01 2.032417715543311243e-01 1.222794990057430448e-01 8.037460055907384715e-02
6.097159602484258922e-01 1.762688887535499294e-01 1.082006969138794295e-01 1.058144540841446934e-01
5.833261936321040286e-01 1.900463133837330398e-01 9.954559716378165446e-02 1.270818958203814020e-01
5.487895271039534562e-01 2.321536796106000999e-01 8.750370708546695298e-02 1.315530861999793244e-01
5.535508990883989400e-01 2.395734851539197130e-01 1.079396243331818689e-01 9.893599142449963080e-02
5.962699430078137741e-01 2.199132993933133051e-01 7.903414919283166529e-02 1.047826084060413665e-01
5.609578470359141145e-01 2.025740687882952307e-01 1.009993655378890187e-01 1.354687186379015251e-01
6.270931847327244624e-01 1.759514344921297990e-01 8.156816110542872145e-02 1.153872196697170449e-01
5.773012823210079691e-01 1.880049734332122635e-01 1.360999834049082535e-01 9.859376084087158321e-02
5.695411915975668871e-01 2.053521672612398374e-01 8.850176956891558921e-02 1.366048715722777418e-01
5.818065536673459048e-01 1.780247595359931712e-01 1.152538913570725770e-01 1.249147954395882776e-01
6.346086917023696650e-01 1.669594379531276762e-01 7.398962532264463654e-02 1.244422450218580778e-01
6.017671543013309865e-01 2.120593199872968793e-01 1.197467629738257072e-01 6.642676273754641314e-02
6.205969452562061228e-01 1.862235280220142508e-01 8.449184804373162383e-02 1.086876786780480580e-01
5.963588013288707579e-01 1.931482932524029861e-01 8.396938139804469015e-02 1.265235240206815381e-01
6.056288591177028113e-01 2.167505800121804216e-01 9.749160832758828332e-02 8.012895254252848376e-02
6.703511034551986603e-01 1.518131910549480601e-01 7.641464209205141300e-02 1.014210633978019221e-01
6.453316129747816987e-01 1.468417106539277317e-01 9.542452801226655734e-02 1.124021483590238873e-01
5.728461341161235065e-01 2.047792165441318646e-01 9.456599267132477504e-02 1.278086566684198677e-01
6.365834318954589621e-01 1.558586163042633421e-01 9.459658522195125985e-02 1.129613665783264914e-01
6.290022148140788083e-01 1.887487793442579054e-01 9.028147732232591482e-02 9.196752851933730211e-02
5.934025112131908752e-01 1.800908222939398284e-01 1.120036596306980131e-01 1.145030068621712138e-01
5.965500094291016353e-01 2.109223630351320933e-01 6.266482691790718762e-02 1.298628006178590422e-01
6.018428845284723439e-01 1.775409604425620680e-01 1.135013659154887472e-01 1.071147891134767022e-01
5.986867419754746678e-01 1.732629991457701746e-01 9.734372934426395452e-02 1.307065295344911615e-01
6.288328938012109903e-01 1.666401640084342606e-01 1.068256443042651799e-01 9.770129788608961086e-02
5.977350355548779470e-01 1.788098140221203725e-01 1.079366878512752204e-01 1.155184625717264463e-01
5.995480401413190163e-01 2.338105777578692035e-01 9.528153024372344737e-02 7.135985185708815237e-02
5.991189418953467571e-01 1.937587037117709521e-01 9.481656602770195674e-02 1.123057883651803618e-01
5.410050103443462266e-01 1.889116139652603776e-01 1.273420684088983068e-01 1.427413072814950890e-01
6.099042953594843164e-01 2.014025705401092659e-01 7.241717767883844303e-02 1.162759564215681690e-01
6.055104828638167014e-01 1.921293027969963318e-01 9.402059693408339192e-02 1.083396174051035610e-01
6.125516650237099459e-01 1.983795656762219750e-01 1.067450524607801016e-01 8.232371683928792205e-02
5.370461611131204238e-01 2.601085200223810512e-01 9.636091135686070119e-02 1.064844075076377544e-01
5.945475472735259892e-01 2.127203104977708203e-01 9.839346450257184518e-02 9.433867772613130365e-02
5.946839408076944888e-01 1.833258891039183103e-01 1.129261803831575484e-01 1.090639897052297913e-01
5.634432138966274373e-01 2.066117408406578371e-01 1.182261363020486872e-01 1.117189089606662328e-01
5.894991771240839507e-01 2.102314145243721621e-01 9.150440772033080483e-02 1.087650006312129713e-01
5.757382067584383423e-01 2.272041073582171389e-01 8.866778990141582772e-02 1.083898959819288021e-01
5.759144342734372479e-01 2.506749947535697465e-01 7.497814601253512123e-02 9.843242496045780110e-02
6.018470178065247200e-01 1.523397386283737998e-01 1.330368655781751785e-01 1.127763779869263155e-01
5.265787031901528747e-01 2.710419235250927095e-01 9.791854089093916802e-02 1.044608323938154282e-01
5.561888217644377352e-01 2.147117942953816749e-01 1.100410086318046043e-01 1.190583753083758606e-01
5.660643094125210606e-01 2.028113849390488499e-01 1.502386633208825373e-01 8.088564232754755223e-02
6.159278240040152452e-01 1.817515579424676675e-01 8.076303131277895453e-02 1.215575867407381883e-01
5.699528931816996158e-01 2.183847613559522227e-01 9.937005144637066356e-02 1.122922940159774563e-01
6.109232870243205271e-01 1.875119288462304412e-01 1.119864682761803343e-01 8.957831585326871127e-02
6.770577641785884282e-01 1.634158579145577883e-01 7.732223416350357537e-02 8.220414374335015262e-02
6.348832332318639082e-01 1.590737585904187790e-01 9.106069456590705491e-02 1.149823136118103134e-01
5.682076087694534205e-01 1.939214247345568132e-01 1.304520928307423000e-01 1.074188736652474385e-01
5.705950840518629885e-01 1.947297980792798144e-01 1.024983985476786291e-01 1.321767193211784985e-01
6.231466501211434528e-01 1.744905643843750742e-01 1.040806019181784309e-01 9.828218357630309765e-02
6.212884446664569404e-01 1.738524487862722623e-01 8.286328490713427974e-02 1.219958216401364481e-01
5.859590003600054775e-01 2.103031528199133249e-01 8.988496915377780505e-02 1.138528776663032122e-01
6.240455363096253372e-01 1.919257038843192320e-01 1.013599729400164462e-01 8.266878686603904014e-02
6.118444054139402510e-01 1.824597367072431087e-01 9.353399249019297979e-02 1.121618653886235217e-01
5.591520619187165808e-01 1.899534108956486278e-01 1.114103236690063836e-01 1.394842035166282412e-01
5.921800555682648071e-01 1.856596255731504941e-01 1.095306448159516083e-01 1.126296740426331738e-01
6.312999429110615068e-01 1.742950743297334570e-01 9.762074271201906517e-02 9.678424004718608198e-02
6.099063684410529484e-01 1.855623319881574418e-01 1.048419603383296955e-01 9.968933923245984485e-02
6.069765441940200290e-01 2.283372630451501184e-01 8.256943272817515722e-02 8.211676003265487578e-02
6.000821592816829586e-01 1.858422516237827060e-01 1.198227945496401214e-01 9.425279454489431108e-02
6.172591421278323942e-01 1.813565123259486822e-01 9.290697360375951841e-02 1.084773719424593219e-01
6.025948580115044750e-01 2.365729084446901165e-01 8.396537494911780752e-02 7.686685859468746218e-02
6.200897234612409159e-01 1.954925037726794324e-01 8.720176035222756972e-02 9.721601241385213754e-02
6.064739918160625409e-01 1.894252682701131896e-01 1.228514301364881101e-01 8.124930977733638149e-02
5.402873425493592840e-01 1.904969266120177529e-01 1.081166435471351966e-01 1.610990872914877803e-01
5.944997461973692277e-01 2.205279394375126434e-01 1.033789903416478112e-01 8.159332402347035940e-02
5.544725392050108281e-01 2.006070166503664265e-01 1.031013672297121514e-01 1.418190769149107189e-01
5.796397204737380182e-01 2.303556358128412695e-01 9.669420302118397759e-02 9.331044069223674853e-02
6.329253464840431942e-01 2.059072552500232078e-01 8.505934764144472415e-02 7.610805062448884606e-02
6.158373522758823215e-01 2.423234010264070926e-01 7.727207128774454814e-02 6.456717540996592675e-02
6.077050839634180468e-01 1.905407546380634976e-01 8.046201838286563823e-02 1.212921430156528729e-01
5.948935057215806177e-01 1.856814573050475647e-01 1.009064990240174237e-01 1.185185379493543384e-01
6.040266323414300587e-01 1.977200861078336203e-01 1.082408767033865987e-01 9.001240484734956970e-02
6.454120326120351692e-01 2.118319309990732424e-01 6.738038498524598352e-02 7.537565140364552163e-02
6.312761201230386865e-01 2.125438367992360800e-01 8.701980252157727469e-02 6.916024055614816701e-02
6.347831932430862967e-01 1.962574274339435876e-01 7.317465695580695206e-02 9.578472236716320531e-02
5.595840179143187765e-01 2.099277288434337752e-01 1.166834425989152074e-01 1.138048106433322132e-01
5.570163704530142201e-01 2.144074598906476337e-01 8.226495767198922782e-02 1.463112119843489045e-01
6.200951576766879914e-01 1.973239046196210711e-01 7.421221431527720569e-02 1.083687233884137319e-01
5.668950170496313001e-01 1.870158046348198710e-01 9.423145146236698577e-02 1.518577268531818014e-01
6.085716767118740655e-01 2.242526835171584632e-01 8.818258442629142713e-02 7.899305534467611356e-02
6.228212134635757735e-01 1.747759668893747731e-01 7.630934191265087430e-02 1.260934777343986901e-01
6.001815296242725140e-01 1.813542285151766298e-01 7.635178410405307758e-02 1.421124577564978342e-01
6.172227111137097433e-01 1.899671572340770054e-01 9.829928567184212373e-02 9.451084598037100271e-02
5.963432171520061109e-01 1.981270058554990832e-01 9.223428971018227118e-02 1.132954872823125209e-01
6.018437800629783396e-01 2.013087925746531448e-01 1.024795770122150090e-01 9.436785035015349266e-02
6.271077407219011191e-01 2.144372691219748051e-01 5.370658488189723745e-02 1.047484052742269078e-01
6.161912652383826350e-01 1.786565290927321914e-01 1.098751386530821827e-01 9.527706701580292148e-02
6.177332694731092477e-01 1.952988282740390491e-01 7.035662680291959736e-02 1.166112754499321058e-01
6.174173369024318347e-01 1.552915756177289663e-01 1.146642616520878316e-01 1.126268258277514644e-01
5.775596302235578294e-01 1.985860049954426831e-01 8.516226062673504238e-02 1.386921041542644728e-01
6.055214571266754886e-01 1.761590283292454873e-01 1.053096479218422754e-01 1.130098666222368181e-01
6.340000992041617822e-01 1.807071082829922182e-01 8.571054379540975210e-02 9.958224871743635853e-02
5.718149951562243594e-01 1.740511364282814888e-01 1.193034956510522770e-01 1.348303727644419858e-01
6.125290632175680594e-01 1.923503128002150564e-01 1.009171820133740877e-01 9.420344196884285204e-02
5.781083066568672990e-01 2.034921916534437880e-01 9.120822305547064690e-02 1.271912786342181967e-01
6.008506277392061667e-01 2.030324326244607180e-01 6.971630841713018223e-02 1.264006312192029746e-01
6.051471591030396224e-01 1.973699234016510484e-01 8.604134482302222553e-02 1.114415726722872146e-01
5.970843910481737904e-01 1.995661249446464003e-01 1.077857732052237977e-01 9.556371080195597001e-02
5.402157582008807468e-01 2.334888087096558262e-01 9.590018108446811407e-02 1.303952520049953823e-01
5.928280767507599913e-01 2.150523049394164332e-01 1.093361122416356551e-01 8.278350606818798973e-02
6.054683831268002914e-01 1.836513106846557053e-01 9.649644761438755380e-02 1.143838585741565744e-01
5.444123450745755877e-01 2.321597148230876706e-01 1.226344620422086529e-01 1.007934780601279778e-01
6.162513067143284839e-01 1.782589485050297962e-01 7.873978464073452810e-02 1.267499601399072195e-01
6.074942348225805810e-01 1.751238903570098704e-01 1.270706257207814271e-01 9.031124909962799652e-02
5.865365631883192599e-01 1.975061346331576373e-01 1.032831385885584485e-01 1.126741635899645710e-01
5.950354573252828461e-01 1.946865184652997738e-01 8.876448510304874029e-02 1.215135391063688342e-01
5.909214290709553508e-01 1.935309376728432118e-01 1.265944621289339100e-01 8.895317112726762454e-02
5.635250984069999358e-01 2.224952075562243725e-01 9.371004860458902186e-02 1.202696454321865449e-01
5.309300845271962555e-01 2.409006128275888448e-01 1.113737379109152326e-01 1.167955647342996534e-01
5.871040691627184005e-01 1.722221865497010895e-01 1.146542261519487432e-01 1.260195181356319194e-01
5.607687006595600820e-01 2.072375775126188424e-01 1.195156563889588353e-01 1.124780654388621848e-01
6.315860550205688595e-01 1.916997717669607915e-01 6.129168931337377474e-02 1.154224838990964147e-01
5.623174955970906552e-01 2.337500369134053180e-01 1.149843682464904010e-01 8.894809924301372295e-02
5.401470151654433893e-01 2.333774038467101852e-01 1.039149677349728712e-01 1.225606132528735681e-01
5.525652791744204428e-01 2.311112737827531183e-01 1.107173518055299399e-01 1.056060952372968043e-01
5.761757131545975907e-01 2.059179044559822092e-01 1.139329653651427049e-01 1.039734170242773981e-01
6.007419873610708727e-01 1.982768043213229969e-01 1.090630509683766791e-01 9.191815734922938186e-02
5.593742688321520218e-01 2.195558590597302129e-01 9.452578785580953435e-02 1.265440842523083143e-01
5.708454176830600746e-01 2.189049935275603487e-01 9.095570630196196660e-02 1.192938824874178738e-01
6.020579110701459458e-01 2.043775195652522692e-01 1.054606956627432424e-01 8.810387370185855660e-02
6.139979558848606134e-01 1.880830357087226179e-01 8.884876180948358959e-02 1.090702465969331653e-01
5.628601686970944318e-01 2.360290327109793307e-01 8.964053592675079452e-02 1.114702626651754708e-01
5.413346320193853645e-01 2.118125969417054000e-01 9.740630674748855522e-02 1.494464642914208330e-01
6.401918504761542339e-01 1.899442491971651270e-01 6.574111926500682268e-02 1.041227810616739691e-01
5.757994780145534452e-01 2.182117043493061181e-01 9.767443432636960243e-02 1.083143833097708342e-01
5.623658649588467728e-01 2.186105273148548356e-01 1.083032085987959553e-01 1.107203991275022698e-01
5.649246785040904495e-01 2.142199561025456001e-01 8.628821631243475954e-02 1.345671490809293158e-01
5.919197129313586991e-01 1.668358630221216388e-01 1.137876566882298074e-01 1.274567673582897853e-01
6.017402498048313175e-01 1.547937402148686081e-01 1.243166950965235440e-01 1.191493148837763916e-01
6.267144553543394503e-01 1.759954688660922695e-01 8.723628820690632057e-02 1.100537875726620429e-01
5.870640507970799060e-01 1.710396210221964697e-01 1.256437753407045055e-01 1.162525528400190078e-01
6.295464201195070109e-01 1.813618609360341527e-01 8.370159763675326381e-02 1.053901213077053783e-01
6.286229134687244535e-01 1.698919880187528264e-01 8.254208389814435276e-02 1.189430146143783396e-01
6.004318068341257808e-01 1.994221967225869585e-01 8.077752783976063777e-02 1.193684686035266646e-01
6.268600472919105826e-01 2.023394905660758913e-01 9.097985222145563156e-02 7.982060992055786675e-02
5.835009391608293461e-01 2.043628794290567319e-01 1.157513895150725086e-01 9.638479189504130240e-02
5.771038885415128439e-01 1.886912571756348411e-01 1.226693811133809514e-01 1.115354731694714191e-01
5.768322315375331577e-01 1.782138670019529081e-01 1.180281131605581124e-01 1.269257882999558218e-01
5.834642375427698813e-01 1.951043957304200993e-01 1.306427253409366274e-01 9.078864138587330879e-02
6.163369460880673278e-01 2.299005709569701406e-01 7.691387398608533210e-02 7.684860896887731052e-02
6.513912100865665300e-01 2.005447596637669749e-01 7.103036573015586441e-02 7.703366451951047800e-02
6.178113129175434315e-01 1.962058350664591944e-01 8.636898971334086572e-02 9.961386230265652231e-02
5.541578746135804590e-01 2.077099593882741624e-01 1.261039205024618304e-01 1.120282454956837287e-01
5.810068099721216184e-01 1.900758703002461414e-01 1.420664538931414034e-01 8.685086583449078135e-02
6.024570729680751580e-01 1.978135357605146916e-01 1.128312946391954175e-01 8.689809663221471914e-02
5.998380520129311666e-01 1.995731572170861001e-01 8.360868689693240485e-02 1.169801038730503423e-01
6.263164087823491766e-01 1.800675852039926028e-01 1.062247026958345053e-01 8.739130331782368755e-02
5.806918977393750181e-01 2.293350645882932803e-01 9.334237645952489504e-02 9.663066121280672327e-02
6.061069571165209613e-01 1.615684682492318780e-01 1.138132859232927480e-01 1.185112887109544821e-01
6.209493108621366719e-01 1.725499442147024887e-01 1.059892077628424994e-01 1.005115371603183538e-01
5.757718238573261704e-01 2.086257037263079817e-01 9.103984863562084029e-02 1.245626237807449244e-01
5.774952623863117696e-01 2.017299182918309841e-01 1.012798612785907465e-01 1.194949580432667080e-01
5.146546415045196721e-01 2.305654682963901303e-01 1.208583563850395559e-01 1.339215338140505307e-01
5.635344244825516435e-01 1.785047219338702362e-01 1.429627055462926455e-01 1.149981480372853776e-01
