1.590816824679565922e-01 3.464527181291504609e-02 4.334020423851088211e-01 3.728710033340195129e-01
1.647947960144715562e-01 2.592218064540426775e-02 4.940209272532108953e-01 3.152620960869132460e-01
1.493607959923042294e-01 1.304523874832505884e-02 4.635516731139592284e-01 3.740422921454115146e-01
1.735176980548218395e-01 3.214202042068108750e-02 4.223286251422453952e-01 3.720116563822516431e-01
1.504563617599771475e-01 5.305248540460285461e-02 4.566581073634233268e-01 3.398330454719967197e-01
1.514499712466679526e-01 3.575026337723816172e-02 4.908983961888971903e-01 3.219013691871968064e-01
1.651718535783680553e-01 4.186503586491340662e-02 4.330488654894611988e-01 3.599142450672573323e-01
1.922310864075882364e-01 3.394234359304290627e-02 4.741954536611093229e-01 2.996311163382595621e-01
1.721055837141638734e-01 2.693491575813045102e-02 4.851087332560413135e-01 3.158507672716644454e-01
1.843684317681203999e-01 3.002102324396967517e-02 4.562358459746240213e-01 3.293746990132857544e-01
2.155229109757118844e-01 3.896111584407371126e-02 4.695089939686744596e-01 2.760069792115398823e-01
1.729192153919338337e-01 2.572175794969962931e-02 5.073005038170775860e-01 2.940585228412889718e-01
1.845696383910410410e-01 1.422999467147280893e-02 5.013452520569420257e-01 2.998551148805441158e-01
1.850073830128413921e-01 2.384953868165940946e-02 4.972202085070924760e-01 2.939228697984067051e-01
1.918920769057333997e-01 1.527714291678427920e-02 4.512137058069108364e-01 3.416170743705715385e-01
1.514889623618219383e-01 3.805567856534490534e-02 4.677720745656363532e-01 3.426832845071966505e-01
1.227993488197284683e-01 3.878968283231288422e-02 4.827158552596909069e-01 3.556951130882677892e-01
1.613466151451052322e-01 2.776393977248435910e-02 5.288871831982993044e-01 2.820022618841110384e-01
1.835438367371579060e-01 4.500280410755531924e-02 5.182343783165557216e-01 2.532189808387310670e-01
2.400551709363283603e-01 1.701683968104335254e-02 4.489458396715312327e-01 2.939821497110970960e-01
1.713584670096874041e-01 6.795560794323748932e-02 4.517136098110668962e-01 3.089723152360081548e-01
1.679530784221143491e-01 2.034298278971330073e-02 4.702725481907699123e-01 3.414313905974024621e-01
1.850038228572835342e-01 1.533827620299325900e-02 5.034062959229682610e-01 2.962516050167549597e-01
1.465093367116242495e-01 2.800499702947615785e-02 4.814534583688336311e-01 3.440322078900659442e-01
1.550082976407957391e-01 1.958638854584477187e-02 4.960069656509886737e-01 3.293983481623709020e-01
1.995670533508802913e-01 4.110920765395079113e-02 4.723240007595028711e-01 2.869997382356662130e-01
1.235954437449789806e-01 4.661252061702009925e-02 4.824867423909087183e-01 3.473052932470922505e-01
1.913214474410407095e-01 3.435964593987820420e-02 4.541789963668428909e-01 3.201399102522383133e-01
1.847458647362280326e-01 3.637209517109286222e-02 4.985301564118916895e-01 2.803518836807873948e-01
1.674183177797868849e-01 3.316493462200698766e-02 5.442570005731038885e-01 2.551597470251022459e-01
1.934798151974980729e-01 5.377493102587634771e-02 4.761053487710735221e-01 2.766399050055520226e-01
1.975763841305589741e-01 2.144691816939665874e-02 5.230968999615132065e-01 2.578797977385310358e-01
2.039522906618997100e-01 3.304386118174584136e-02 4.662127643579382363e-01 2.967910837984161776e-01
1.765866140488467906e-01 4.426509742224424976e-02 4.554992778005228504e-01 3.236490107283860884e-01
1.885659380641462324e-01 4.448214857626162783e-02 4.103044653321001878e-01 3.566474480274920422e-01
1.765047610321608951e-01 3.526515987450423717e-02 4.481934682504701839e-01 3.400366108428646283e-01
1.740226365613909421e-01 3.543645139755310924e-02 4.789479047754194307e-01 3.115930072656366567e-01
1.418131506303330347e-01 2.962418524594527189e-02 4.345538331987549019e-01 3.940088309249668019e-01
1.598566879681761754e-01 1.384511253412190092e-02 4.758015797016290072e-01 3.504966197960728280e-01
1.756152265804601376e-01 3.462122894470398560e-02 4.430045801004172112e-01 3.467589643744186101e-01
1.826076253135626715e-01 4.094857540996001827e-02 4.209627479002776007e-01 3.554810513761997859e-01
2.232230894150920852e-01 1.934845220849745057e-02 4.621685779848311859e-01 2.952598803915792991e-01
2.000672939735629596e-01 2.871272539247469655e-02 4.935312010173613650e-01 2.776887796166008782e-01
1.511657370358568675e-01 2.447566239372016977e-02 5.470081610852142173e-01 2.773504394852087107e-01
1.701641725899961932e-01 2.868190956073980724e-02 4.768317199644827586e-01 3.243221978847811160e-01
1.565816371324953160e-01 1.591950666170643264e-02 4.644943047351838827e-01 3.630045514706142784e-01
1.615535148064335680e-01 3.748432659334027112e-02 5.290271275186320121e-01 2.719350310815942251e-01
1.747120176737305408e-01 2.975269178246877852e-02 4.511080480837651452e-01 3.444272424600354765e-01
1.743943015338337288e-01 2.778049960105554231e-02 5.046092346107258209e-01 2.932159642543848976e-01
1.949332750666177561e-01 9.986467512321208634e-03 4.413839856086005931e-01 3.536962718124607163e-01
1.698886190923506456e-01 1.814544198505124023e-02 5.324586748864327257e-01 2.795072640361653260e-01
1.703369242376578940e-01 2.593718664787642361e-02 4.971222497698346010e-01 3.066036393446309183e-01
1.673480723718168417e-01 2.350272847106168322e-02 4.716590844052793163e-01 3.374901147518420408e-01
1.808710895818245457e-01 3.001033222054481572e-02 5.144862309918827314e-01 2.746323472057480286e-01
1.640975004232037571e-01 2.797843794680684310e-02 4.987887979326618426e-01 3.091352636973275225e-01
2.200531984980849398e-01 2.788656844880515670e-02 4.766321621126166641e-01 2.754280709404933192e-01
1.988495831579317197e-01 3.141859540813979335e-02 4.423282934482788975e-01 3.274035279856495895e-01
1.647495060612087225e-01 2.888323456565855887e-02 4.847220951250782450e-01 3.216451642480544493e-01
1.486624620971737365e-01 1.444996148047909476e-02 4.991858579238828142e-01 3.377017184984644205e-01
1.870002446431913712e-01 4.503200096339438074e-02 4.259493504779959250e-01 3.420184039154183786e-01
1.717943653141867089e-01 3.091834438570549570e-02 4.749574814963873903e-01 3.223298088037202525e-01
2.488774636263214046e-01 1.318365206441316287e-02 4.452925991500824021e-01 2.926462851591831171e-01
2.183326057219381056e-01 1.893197819694707532e-02 4.907356294959194232e-01 2.719997865851954133e-01
1.731303272435565366e-01 3.593673913384600599e-02 4.890068394348887626e-01 3.019260941877086046e-01
1.765789954026626973e-01 3.524788264378769104e-02 4.807953576113452865e-01 3.073777643422044292e-01
1.763254434125829384e-01 3.269074994567765929e-02 4.710351448607608127e-01 3.199486617809785272e-01
1.924589763569711787e-01 2.123700948897779689e-02 4.491144672034294572e-01 3.371895469506216436e-01
1.389989891879345463e-01 2.727571336874054508e-02 5.195356772509411858e-01 3.141896201923836673e-01
1.760990341325511244e-01 1.635297031217549518e-02 4.722575056146653405e-01 3.352904899406078942e-01
1.461022153728558370e-01 2.840083561493084510e-02 5.475486821525017422e-01 2.779482668597114681e-01
1.665317841758186534e-01 2.292239318874783605e-02 4.730164523808970123e-01 3.375293702545364982e-01
2.181535429033561180e-01 3.533274410010628364e-02 5.129047488403519761e-01 2.336089641561857055e-01
1.413767531567881597e-01 3.180074505098407639e-02 4.807080809076848538e-01 3.461144208845429726e-01
1.460555584557803599e-01 2.537596379949951311e-02 4.817122090085446673e-01 3.468562687361753105e-01
1.386682565388876742e-01 2.635145163875110205e-02 5.409456143546980122e-01 2.940346774676633190e-01
1.619818107991848888e-01 1.832524290635474326e-02 5.146182392832507890e-01 3.050747070112095893e-01
1.698512888145512767e-01 2.933436909653397082e-02 5.179129680783954859e-01 2.829013740105191799e-01
1.451225453192501735e-01 1.748571407240522013e-02 5.372419326376688398e-01 3.001498079706755862e-01
2.057071636672909987e-01 2.608098236878553938e-02 4.648051635157743888e-01 3.034066904481490523e-01
2.137651987181606872e-01 1.889822626710246228e-02 4.685985534120172269e-01 2.987380216027195612e-01
1.658525221282542428e-01 2.560130766279547845e-02 4.788718887670998514e-01 3.296742814418504586e-01
2.092010446151359726e-01 3.482349577857106471e-02 4.579789164530693180e-01 2.979965431532238251e-01
1.676275328819797350e-01 3.108974735823215318e-02 5.309350690424263775e-01 2.703476507173616650e-01
2.145528015471092897e-01 3.474250676071454630e-02 4.633873789204933646e-01 2.873173127716828756e-01
1.636147441095512911e-01 3.201269861806126105e-02 4.910151069528853607e-01 3.133574503195019623e-01
1.804310834594414770e-01 6.778698292927190505e-02 4.547674105035305891e-01 2.970145231077560566e-01
1.865293252025757298e-01 2.350210202569565782e-02 5.053956950490750000e-01 2.845728777226534945e-01
1.954267650976670989e-01 2.289730668773124270e-02 4.623448051325035890e-01 3.193311230820981561e-01
1.644393105647375675e-01 4.673023645423021039e-02 4.809280912296948762e-01 3.079023617513373390e-01
1.966112812937074461e-01 4.212690540255178973e-02 4.779897016414737521e-01 2.832721116622671231e-01
1.449605319339110909e-01 3.536568898348658313e-02 4.920253913920857314e-01 3.276483876905166293e-01
1.760437438115880215e-01 2.843986182869559162e-02 4.931272615877546062e-01 3.023891327719618327e-01
1.455236991862640383e-01 2.573370973950887819e-02 4.780534801362402719e-01 3.506891109379868254e-01
1.850451880400593718e-01 3.048632607592654392e-02 4.816683934550971546e-01 3.028000924289169782e-01
1.304693224665388340e-01 2.204735791470290376e-02 4.510549466320615819e-01 3.964283729866967532e-01
1.560669702312948159e-01 6.390268134452725679e-02 4.247553656754156082e-01 3.552749827487622913e-01
1.537158032008291708e-01 2.742686422910209365e-02 4.804142596074497673e-01 3.384430729626191070e-01
2.015172919738771051e-01 3.041255067091783171e-02 4.831590468692644191e-01 2.849111104859404775e-01
1.711367532205918529e-01 3.635363596632854022e-02 4.378047795712668999e-01 3.547048312418129012e-01
1.524040078813147514e-01 1.969615054043084498e-02 5.040049630133159875e-01 3.238948785649384265e-01
1.771325117954842265e-01 2.550017319919930386e-02 5.345043123050505773e-01 2.628630027002658021e-01
1.616186071290139636e-01 4.675755167716386801e-02 4.896968688605630726e-01 3.019269723332589916e-01
1.626898483379749238e-01 1.848880611970113788e-02 5.099491630795400798e-01 3.088721824627836954e-01
1.595766598356282429e-01 1.407844998320526009e-02 4.483069630753803714e-01 3.780379271057862089e-01
1.655509929859733942e-01 2.556885669969787001e-02 4.918228594680135179e-01 3.170572908463152872e-01
1.999243864552782135e-01 1.771881255751051737e-02 5.271372621702214989e-01 2.552195388169898882e-01
1.839215605060685876e-01 2.982705675636106168e-02 5.285991895188625334e-01 2.576521932187077479e-01
2.193772413976330937e-01 2.784530377845094787e-02 4.065104478426746493e-01 3.462670069812414098e-01
1.922374461573993221e-01 2.432075979510720659e-02 4.901904790448268212e-01 2.932513150026665461e-01
1.930516347726443649e-01 3.326829890019545460e-02 4.709928383969387289e-01 3.026872279302212365e-01
1.982675956372971227e-01 3.447434624744197262e-02 4.553150217824281643e-01 3.119430363328326017e-01
1.683802165305364751e-01 1.710495854168044005e-02 4.749224245705437886e-01 3.395924003572392547e-01
1.876736355680110879e-01 3.521783411566047073e-02 5.048235471743433012e-01 2.722849831419850153e-01
1.300127208755427755e-01 3.742186129522988292e-02 5.251667334295846423e-01 3.073986843996426299e-01
2.180423652354027686e-01 1.057599924003284342e-02 4.786560112136209466e-01 2.927256243109433442e-01
2.030567090219305981e-01 2.877362180267752437e-02 4.797198280063497688e-01 2.884498411690420983e-01
1.624178885970913866e-01 3.284804159078771879e-02 5.315150621601614223e-01 2.732190076519595556e-01
1.929301423863110931e-01 3.187066905953400003e-02 4.946780072837881903e-01 2.805211812703667373e-01
1.719351392761237773e-01 4.275617843906179272e-02 4.873536895171831640e-01 2.979549927676310994e-01
1.329347179626753361e-01 3.290825797207702630e-02 4.662733020724608712e-01 3.678837219927867941e-01
1.901201572534730877e-01 2.298632639398875271e-02 4.513575472462341143e-01 3.355359691063040661e-01
1.556549801375848030e-01 4.041404250298502587e-02 4.945614948501467767e-01 3.093694825092834777e-01
2.397780308927019988e-01 2.164251493897984685e-02 4.960084425761587257e-01 2.425710115921592969e-01
1.629079073740558048e-01 4.291052546365863724e-02 4.640507380917961999e-01 3.301308290704894621e-01
1.282956259381968223e-01 2.753706924771156389e-02 4.993241569124361456e-01 3.448431479016554890e-01
1.820264880717217537e-01 2.277405136278856310e-02 5.128863817099420519e-01 2.823130788555475168e-01
1.599480161889531848e-01 4.441913321366748602e-02 4.591065782188553657e-01 3.365262723785238386e-01
1.334579340714468210e-01 2.552438294749801925e-02 5.212138440584269672e-01 3.198038389226282030e-01
1.800955443268246192e-01 2.170629634463093482e-02 4.924738630789754490e-01 3.057242962495689831e-01
1.712609826812545311e-01 4.457418116744531894e-02 4.739314153334645563e-01 3.102334208178355035e-01
1.513236487901825356e-01 2.294411084477340074e-02 5.207669492892574858e-01 3.049652910757865154e-01
1.392222837062064011e-01 2.639174584157450570e-02 4.266916695190129394e-01 4.076943009332061330e-01
1.863036067420767994e-01 5.305244272510073467e-02 5.310032506885234982e-01 2.296406998442989122e-01
1.665390429526019678e-01 3.106107409432524308e-02 5.252367376419305733e-01 2.771631453111422783e-01
1.252071705289202475e-01 1.959541399009646911e-02 4.970456671622783262e-01 3.581517483187051099e-01
1.772376622105706900e-01 3.283824785665982043e-02 4.530363293730357843e-01 3.368877605597337399e-01
1.590463016822827591e-01 2.928340907364493373e-02 4.333500891807052779e-01 3.783202000633670847e-01
1.306226075342679371e-01 2.914335777328845578e-02 4.718133240109656512e-01 3.684207106814780253e-01
1.722432437385065240e-01 1.830491618029462045e-02 4.515125366804524365e-01 3.579393034007465335e-01
1.295104804528157960e-01 3.658318592579411915e-02 5.188790832202009318e-01 3.150272504011891184e-01
1.571924794723145724e-01 1.679306629024072267e-02 4.910694848245502064e-01 3.349449694128944222e-01
1.679569534330785652e-01 4.338765499627106337e-02 4.123825621998861157e-01 3.762728293707644500e-01
1.934307170451637081e-01 1.000288386876136207e-02 5.003250768700658879e-01 2.962413222160090731e-01
1.452934073765995149e-01 2.403318481054723260e-02 5.085001779108726527e-01 3.221732299019807177e-01
1.966920729873777307e-01 2.717952571591069483e-02 4.780154804434622040e-01 2.981129208532491970e-01
1.408080608943156620e-01 3.967558950395517342e-02 4.781410769378962589e-01 3.413752726638328849e-01
1.797205897466627178e-01 1.910620158657137108e-02 5.454314126421083708e-01 2.557417960246575195e-01
1.899964965617623736e-01 2.388650547060573726e-02 4.668559488841239613e-01 3.192610490835079418e-01
2.039981352541772319e-01 4.921422490058827148e-02 4.789756409605980814e-01 2.678119988846363042e-01
1.903548833757902903e-01 2.293156505046078930e-02 4.481867019284213050e-01 3.385268496453277542e-01
1.757522413837139530e-01 3.586981497704064270e-02 4.441067147508784285e-01 3.442712288883669758e-01
1.790282476015821467e-01 2.678412495546986932e-02 4.823344397853200349e-01 3.118531876576280393e-01
1.903220546876875641e-01 3.340234615048588013e-02 4.887431680707303716e-01 2.875324310910961079e-01
1.319757631558922950e-01 2.680568152242799804e-02 5.201146347730716268e-01 3.211039205486080905e-01
1.547138654684590553e-01 3.570648221828455482e-02 4.603874048506688132e-01 3.491922474625877015e-01
1.823679267304146867e-01 2.056819072308741295e-02 4.510823593638006446e-01 3.459815231826972037e-01
2.063104463980403869e-01 3.688678604710766973e-02 4.505489975246377843e-01 3.062537700302140897e-01
1.765091208021950242e-01 4.414532819309664735e-02 4.754420743434951135e-01 3.039034766612133676e-01
2.049558016937564620e-01 2.338025763174798183e-02 4.758234343853779413e-01 2.958405062891176773e-01
1.616167387578535397e-01 1.927612227008106485e-02 5.084928106300977690e-01 3.106143283419677270e-01
1.597703558328499862e-01 2.131190019547455489e-02 5.256987780010276001e-01 2.932189659706479490e-01
1.794024448947146577e-01 3.088769171393527385e-02 4.627690696556574501e-01 3.269407937356926808e-01
1.275887387234899972e-01 1.446355251192449169e-02 5.185877123968778424e-01 3.393599963677078057e-01
1.958046432850377716e-01 1.898406503996880046e-02 4.447084289293083970e-01 3.405028627456850310e-01
1.551104731184030638e-01 3.559706297334620795e-02 4.535424452592876077e-01 3.557500186489632177e-01
2.376674223597820268e-01 1.846442277195849482e-02 5.045965049867168206e-01 2.392716498815426751e-01
1.603990593422000011e-01 1.953130518944129479e-02 4.997434366752748214e-01 3.203261987930837162e-01
1.691222430562323020e-01 2.233854648253529376e-02 5.178529875779827041e-01 2.906862228832498563e-01
1.766414989318311757e-01 2.876176772919818853e-02 4.292859121553763702e-01 3.653108211835942032e-01
1.966282404002492878e-01 3.315963538884991041e-02 4.951968988763800206e-01 2.750152253345207187e-01
2.121790418568776926e-01 2.724315551977859670e-02 4.469319236262499495e-01 3.136458789970938410e-01
1.550525985590253120e-01 2.768513971668426152e-02 5.188545549191810879e-01 2.984077068051093073e-01
1.742506090071047342e-01 2.391177053444078909e-02 4.979208101466232050e-01 3.039168103118312647e-01
2.339721236939725224e-01 2.328657122320378428e-02 4.581304028452730659e-01 2.846109022375505893e-01
1.670642400218893542e-01 1.105657857872029137e-02 5.137683649316514556e-01 3.081108164677389127e-01
1.620907809438055236e-01 2.283734199281756833e-02 5.124462849156583566e-01 3.026255921477185029e-01
1.768655934210108804e-01 1.728527176108501928e-02 5.169911549846646359e-01 2.888579798332395199e-01
1.823515256419224462e-01 1.933478691056884219e-02 4.290940988336948148e-01 3.692195886138137650e-01
1.261495908206035632e-01 3.148296182212043104e-02 5.083787927237312099e-01 3.339886546335448236e-01
1.624456555108295674e-01 3.888022995719198766e-02 5.379007722470039443e-01 2.607733422849744520e-01
2.286233215114076844e-01 1.100632602842652359e-02 4.579754582432573051e-01 3.023948942169085163e-01
2.228113771458369585e-01 1.156658645976455305e-02 4.763238521494732591e-01 2.892981842449251495e-01
1.880906551261231074e-01 2.682012361060262182e-02 4.915853629827052762e-01 2.935038582805689633e-01
1.891050181838812294e-01 2.503652581887543666e-02 4.702060830604313235e-01 3.156523729368120867e-01
1.959983825586918693e-01 1.645800340335615633e-02 4.617944848141153913e-01 3.257491292238366976e-01
1.691397132097778311e-01 2.548001001872747528e-02 4.734216229040279500e-01 3.319586538674667575e-01
1.760630602966360148e-01 3.603452613628563284e-02 5.135206643468100962e-01 2.743817492202682562e-01
1.706920204403447605e-01 2.917782633906057174e-02 4.757791276409387704e-01 3.243510255796559494e-01
1.853444830357059148e-01 2.678486270625637239e-02 4.980740282095008631e-01 2.897966260485369538e-01
1.605730125647985285e-01 2.823634319197173420e-02 5.256915484330769717e-01 2.854990958101528142e-01
1.816476798157896644e-01 3.439734278528807504e-02 4.454823580520209103e-01 3.384726193469012601e-01
2.096904577735174413e-01 2.615151881516924320e-02 4.905291467584027010e-01 2.736288766529106353e-01
2.048094174563900582e-01 1.020918884172170027e-02 4.836814128544213442e-01 3.012999808474668417e-01
1.591590525493551678e-01 3.221123702818352863e-02 4.832781612538726845e-01 3.253515491685886607e-01
1.957745319410403584e-01 2.543560564456302103e-02 5.288904815180663910e-01 2.498993808963301533e-01
1.575444142448941542e-01 2.328171444135356330e-02 4.947687768117015050e-01 3.244050945020507948e-01
1.665092556345228458e-01 2.422894000334878048e-02 4.775447038430236102e-01 3.317171005191048572e-01
2.097468201710244728e-01 3.159708980781977122e-02 4.280689243580070302e-01 3.305871656631487743e-01
1.610905129899082022e-01 2.422559863200400565e-02 4.832713718797022051e-01 3.314125164983855454e-01
1.479668495962619679e-01 1.673701225363189576e-02 5.204641001560237346e-01 3.148320379940823810e-01
1.878951996886732978e-01 1.385580194538695020e-02 5.333869160818046629e-01 2.648620822841350475e-01
1.815282089661788834e-01 2.908883220629052482e-02 4.552406860724439452e-01 3.341422727550866223e-01
1.867387546717957370e-01 2.078827708891535161e-02 4.884138558837954336e-01 3.040591123554933772e-01
1.500497443819750476e-01 1.289563321972632230e-02 5.374293692131989486e-01 2.996252531850996936e-01
1.925930684271733306e-01 8.620764519909196802e-03 4.622349504987577906e-01 3.365512165541597600e-01
1.616332184884894663e-01 2.369024013591381969e-02 4.965300267240164156e-01 3.181465146515801701e-01
1.911489648697781152e-01 2.670069172759641229e-02 4.592125786256521236e-01 3.229377647769732795e-01
1.756332371114624480e-01 3.271260945172855400e-02 5.144908107687496956e-01 2.771633426680592538e-01
1.685374884704676779e-01 1.557197404008292367e-02 4.783529829533995636e-01 3.375375545360496665e-01
1.599646389053511475e-01 4.547498861226616229e-02 4.330322328697518985e-01 3.615281396126306945e-01
2.166079416320233764e-01 3.079066896236717227e-02 4.810587631571476841e-01 2.715426262484618158e-01
1.833546923595485711e-01 3.346999406476083849e-02 4.847586826216980227e-01 2.984166309539925677e-01
1.722149717716009998e-01 2.635143116102872315e-02 5.172538583881327590e-01 2.841797386792375146e-01
1.752070948132976869e-01 3.208907681209811902e-02 5.068773679303480995e-01 2.858264604442560253e-01
1.812448561217750165e-01 3.358344371202413164e-02 4.942194383435274396e-01 2.909522618226734747e-01
1.648432997784879117e-01 1.910438410320344088e-02 4.902998034662677806e-01 3.257525126520406933e-01
1.667339789491012469e-01 3.579867296287438105e-02 5.021294482949721916e-01 2.953378997930521943e-01
1.536966322567409893e-01 2.770404434905736693e-02 5.539463138551768973e-01 2.646530095390247084e-01
1.448769573230775098e-01 2.377097508250126945e-02 5.137554173295283411e-01 3.175966502648929213e-01
1.487574413170643928e-01 2.476920007543286645e-02 5.417594665174680912e-01 2.847138920900347814e-01
1.710370279022532247e-01 4.172130774542361087e-02 4.990845732854920502e-01 2.881570910668312391e-01
1.622014073098810572e-01 1.455907454048382260e-02 4.386750441305692361e-01 3.845644740190657385e-01
1.831541599665618136e-01 1.480041601612780942e-02 5.062171023142686410e-01 2.958283217030416856e-01
1.593890542734945071e-01 1.833672565687882380e-02 5.158514696383772469e-01 3.064227504312495021e-01
1.534130080547166375e-01 1.852857741928291835e-02 4.961437001199739405e-01 3.319147144060264343e-01
1.658272578546099441e-01 4.887482558647901487e-02 5.309092612272156009e-01 2.543886553316955235e-01
1.794618481764475304e-01 1.545469482384977458e-02 4.817079212406752409e-01 3.233755357590275548e-01
1.700895842552278825e-01 4.169265788358059166e-02 4.864652945008914320e-01 3.017524633603001494e-01
2.150625632353527772e-01 1.958984987956693610e-02 5.013737333795376117e-01 2.639738535055426993e-01
2.117303625783643894e-01 1.889659432709242179e-02 4.909338937376314105e-01 2.784391493569117748e-01
1.517410344210170514e-01 2.546241009630302587e-02 5.441172823614850440e-01 2.786792731211947260e-01
2.093265040938167842e-01 1.543534068017591264e-02 4.488943676170548125e-01 3.263437876089524403e-01
1.568430288974657083e-01 3.298867261075962704e-02 5.179284348670922800e-01 2.922398636246823500e-01
2.102042679885577081e-01 4.596323238003415662e-02 4.724284027622880910e-01 2.714040968691200373e-01
1.376413955758964969e-01 3.155504416173194465e-02 5.050528209789545420e-01 3.257507392834171345e-01
1.876997676419550065e-01 1.266636116429499699e-02 4.709011243072321884e-01 3.287327468865177127e-01
1.587387736559200402e-01 2.544699368890556562e-02 4.705549279104194182e-01 3.452593047447549135e-01
2.093133408846552801e-01 3.318952644722256151e-02 4.421486507996936766e-01 3.153484818684286206e-01
1.710092767372743683e-01 3.329286110784240166e-02 4.226352323808965639e-01 3.730626297739867425e-01
1.715786023068874289e-01 3.465722882888705447e-02 4.956184664920695870e-01 2.981457023721560406e-01
1.862081563597670353e-01 3.044529036464644484e-02 4.747309201168025683e-01 3.086156331587839863e-01
1.791013351550279631e-01 2.745393613124469737e-02 4.193529609815151993e-01 3.740917677322122548e-01
1.455107659451315705e-01 3.632322854194551531e-02 4.635928689298234873e-01 3.545731365830993576e-01
1.654276939062644391e-01 2.593671616737577498e-02 4.640373950842984208e-01 3.445981948420615004e-01
1.612887988118832661e-01 1.757250386291404204e-02 4.875980974845761096e-01 3.335405998406266170e-01
1.671481693501563059e-01 2.018892350501096805e-02 5.042302629736447050e-01 3.084326441711881528e-01
1.834905254007482278e-01 2.901637985775641984e-02 4.809257348953229760e-01 3.065673598461724492e-01
1.680913851632659939e-01 1.658054738588713925e-02 5.385082886620903286e-01 2.768197787887566319e-01
1.741102801472889372e-01 1.658412783242168773e-02 4.969450206370338852e-01 3.123605713832555697e-01
1.961165059880266293e-01 3.273519622708011279e-02 5.157085573570092674e-01 2.554397404278840322e-01
1.755349107865727953e-01 1.365119294684889566e-02 4.838755201292904706e-01 3.269383761372879338e-01
1.851086762488292348e-01 3.048851010358032132e-02 4.918158683258500030e-01 2.925869453217405103e-01
1.638656332767797486e-01 1.436755262320059401e-02 4.789487427825725452e-01 3.428180713174471261e-01
1.803107977541809626e-01 1.764809645932206503e-02 4.786381545838735985e-01 3.234029512026233011e-01
1.753232365497038314e-01 1.871106560392607823e-02 4.956809407161832937e-01 3.102847571301869389e-01
1.747115499892634427e-01 1.023987100084647328e-02 5.027180247314771977e-01 3.123305542784129418e-01
1.724824716456493656e-01 4.943585923672125237e-02 5.043448472077767253e-01 2.737368219098526012e-01
1.736095906957577095e-01 1.660277349243044834e-02 4.650590669017814482e-01 3.447285689100304529e-01
1.339882492797079550e-01 2.137830013802373419e-02 4.297486434822220258e-01 4.148848071000462712e-01
1.582884909245764748e-01 4.019321858220206711e-02 4.675641082087615419e-01 3.339541822844599994e-01
1.733133974457390925e-01 3.199918096628574099e-02 4.481204623477992866e-01 3.465669592401759425e-01
1.619124573494342689e-01 2.805851171801340693e-02 4.918172827814504267e-01 3.182117481511019252e-01
1.818109998058406451e-01 2.510066583313456945e-02 5.128033554984944287e-01 2.802849788625302874e-01
1.378975863351568354e-01 1.264144223561946938e-02 5.114322461302460709e-01 3.380287252989774838e-01
1.433194310227177970e-01 2.441756024843736231e-02 5.167309449436642277e-01 3.155320637851806165e-01
1.745066745810011366e-01 2.781245944940238454e-02 4.931221307267787957e-01 3.045587352428176797e-01
1.718510835763795153e-01 1.930945537104326523e-02 5.162856226904176671e-01 2.925538383621594241e-01
1.873162612339401289e-01 1.971376696167128836e-02 4.782432683252391126e-01 3.147267034791494944e-01
1.845943451282031911e-01 2.039743724418887141e-02 4.845990677199081276e-01 3.104091499076997440e-01
1.870494266037077136e-01 3.123200350732734804e-02 4.844003481477240913e-01 2.973182217412408401e-01
1.747839629907973202e-01 1.992404034778668537e-02 4.923079840739195134e-01 3.129840125874963630e-01
1.682310538248303344e-01 1.362322282567075479e-02 5.029925906023540172e-01 3.151531327471450150e-01
1.507946457838758303e-01 2.423467915238957174e-02 5.121422888446598431e-01 3.128283862190747722e-01
1.686769934296930562e-01 2.565716482016328764e-02 4.821600593487992970e-01 3.235057824013444217e-01
1.765337710647069680e-01 1.889139426063579999e-02 4.465134722220550634e-01 3.580613624526022276e-01
1.813712398231612510e-01 1.887975561595016047e-02 4.692171465711077460e-01 3.305318579897809084e-01
1.761044412631959100e-01 3.875431710188319973e-02 4.831237522996123523e-01 3.020174893353083645e-01
1.284313974526496704e-01 2.031116087757203412e-02 4.934866663099792827e-01 3.577707753597990092e-01
1.755701857585786896e-01 8.340532358975385335e-03 5.312751354389627645e-01 2.848141464434832404e-01
2.534584279229215587e-01 1.558171654097347328e-02 4.132299388154874742e-01 3.177299167206174557e-01
1.823123403083795058e-01 1.265751107440858669e-02 4.774068943084170402e-01 3.276232543087947979e-01
1.760175575235121137e-01 1.949094885505301550e-02 4.957201658104457009e-01 3.087713278109890935e-01
1.639786672023424430e-01 2.514821238850623031e-02 4.813493867501423829e-01 3.295237336590087773e-01
1.732119951750413778e-01 3.768984864558302950e-02 4.876565173049723367e-01 3.014416388744031172e-01
1.736726970234371004e-01 1.222130989599093734e-02 5.081957034723626476e-01 3.059102896082094847e-01
1.878167932788420702e-01 1.475473245825276516e-02 5.000719248973284348e-01 2.973565493655768166e-01
2.080385403019821555e-01 2.364643335143887595e-02 4.815110483533981411e-01 2.868039779931807476e-01
1.490684912815273266e-01 5.743928466442951158e-02 5.182277348285598828e-01 2.752644892254832998e-01
1.609669592169753471e-01 2.711461215584582557e-02 4.562573217766632827e-01 3.556611068505153850e-01
1.711477274286438144e-01 1.981377668990970051e-02 4.352491766947311214e-01 3.737893191867153186e-01
2.063676783554881378e-01 2.999850854696174338e-02 4.492791165089333183e-01 3.143546965886169220e-01
1.865612218288459911e-01 2.421002976204328708e-02 4.641239113783023895e-01 3.251048370308083912e-01
1.225355660271296721e-01 3.146642173178264279e-02 5.576449099481106675e-01 2.883531022929770593e-01
1.532358546495703744e-01 3.152674569088045886e-02 4.310393650687150968e-01 3.841980345908340144e-01
1.513658534159044167e-01 2.445930862077278986e-02 4.493915770347485794e-01 3.747832609285742245e-01
1.851375153870799262e-01 2.086621566178499879e-02 4.970861253048498019e-01 2.969101436462853183e-01
1.567296106622286245e-01 1.409007392184423273e-02 5.209994344462890448e-01 3.081808809696380269e-01
2.102859490459460523e-01 5.450845207047851082e-02 4.430346115630074966e-01 2.921709873205677876e-01
1.405180200255335687e-01 3.779417826677454462e-02 4.588844773059062576e-01 3.628033244017856429e-01
1.899042507710606842e-01 2.261813848623545758e-02 4.651421823713394743e-01 3.223354283713642521e-01
1.469105758333501821e-01 3.968848664989291231e-02 4.826356979033208372e-01 3.307652396134360129e-01
1.459587971530302841e-01 2.635050511235346310e-02 4.952028205113470083e-01 3.324878772232692792e-01
1.891195546798297156e-01 2.724724018953375917e-02 4.640051973464175972e-01 3.196280077842189038e-01
2.101697840719973787e-01 1.988020383798486113e-02 4.830017197788993299e-01 2.869482923111184580e-01
1.801699122444296863e-01 1.562747774128597431e-02 4.920327328161390734e-01 3.121698771981452070e-01
1.836374676697168917e-01 2.260444156887668476e-02 4.961579117737563993e-01 2.976001789876501769e-01
1.867750155557278136e-01 1.342876781856412391e-02 5.302608969659079463e-01 2.695353196598001544e-01
1.928909729881042867e-01 2.787175786998852961e-02 3.712867502283522247e-01 4.079505189135548826e-01
1.599016319188026891e-01 1.574759397829366900e-02 4.620015325111685445e-01 3.623492415917350939e-01
1.374728611218646590e-01 2.461019520728945434e-02 4.613271619186909978e-01 3.765897817521548507e-01
1.317088291554826818e-01 2.589344461738048164e-02 5.007141031684626542e-01 3.416836230586741685e-01
1.512704581448340579e-01 2.688749557750883673e-02 4.672367716785659209e-01 3.546052745990911914e-01
1.795667799933009512e-01 2.097123440145678974e-02 5.082168199084518001e-01 2.912451656967905422e-01
2.036536074799584761e-01 2.473352929475304204e-02 4.717950281375740684e-01 2.998178350877144238e-01
1.691994055410689368e-01 2.098826574687123747e-02 4.824612305011104496e-01 3.273510982109493206e-01
2.070232599221117908e-01 3.343918237662094062e-02 4.428014458904685480e-01 3.167361118107986373e-01
1.713489309597711063e-01 2.390795293247740400e-02 4.908635377894152163e-01 3.138795783183364052e-01
1.413103579650859254e-01 3.555714700532362077e-02 4.676780422118883007e-01 3.554544528177021601e-01
1.802975983941477178e-01 1.814415492426284943e-02 4.768273006259911573e-01 3.247309460555984906e-01
2.033799787981734331e-01 3.309843993942310908e-02 5.283116274669990009e-01 2.352099537954045194e-01
1.655465976197154354e-01 3.978647651249068995e-02 5.037181910619037417e-01 2.909487348058901746e-01
1.773606278171474815e-01 3.411285137670574952e-02 4.972096663425342733e-01 2.913168544636124957e-01
1.855875678771513881e-01 2.365895173823327063e-02 4.831482784158518395e-01 3.076052019687637307e-01
1.817881115542206716e-01 2.116632604808891399e-02 4.984028253927251240e-01 2.986427370049651864e-01
1.435685639836473959e-01 1.677087208802827828e-02 4.719829564133171673e-01 3.676776075150071654e-01
1.704728420000228839e-01 2.605680059281580141e-02 4.919104163517327710e-01 3.115599410554285575e-01
1.695518123773173125e-01 3.096622426959665803e-02 4.634394714145123606e-01 3.360424919385736064e-01
1.904712237140341047e-01 2.127972990208310683e-02 4.589715155502943067e-01 3.292775308335885720e-01
1.637753006373125486e-01 4.471191778381557180e-02 4.780142396596815391e-01 3.134985419191901879e-01
1.556790700577598274e-01 1.964092628599483845e-02 5.496443641829612536e-01 2.750356394732841325e-01
1.858748426183527425e-01 1.504013386715368807e-02 5.084128137843231254e-01 2.906722097301706054e-01
1.640787486481049551e-01 3.615893555017721250e-02 4.803699329946211627e-01 3.193923828070965310e-01
1.466499913924221299e-01 3.352254080998485347e-02 4.695387444301289404e-01 3.502887233674640832e-01
1.822173138814537630e-01 2.368688886735855273e-02 5.225475922872925283e-01 2.715482049638950901e-01
1.933798639628860616e-01 3.331623354810686610e-02 4.724678049515278477e-01 3.008360975374790303e-01
1.732029901338607292e-01 2.059143154193297798e-02 5.012021990434091245e-01 3.050033792807972377e-01
1.708778433156448451e-01 2.825946260240671387e-02 4.993526900778492705e-01 3.015100040040991081e-01
1.498113320839045692e-01 2.100606030266336313e-02 5.098789481786147881e-01 3.193036594348174773e-01
1.888572358853739530e-01 1.962501105699404613e-02 4.933245366407413846e-01 2.981932164168905053e-01
2.123251846459082437e-01 1.184992310367639044e-02 5.046162409956734818e-01 2.712086512547419725e-01
1.874497033134047419e-01 1.936429400628605912e-02 4.554410051361849066e-01 3.377449975441244034e-01
2.181435891476944111e-01 2.274886336575168352e-02 4.622600837330653190e-01 2.968474637534886384e-01
1.836354565721651233e-01 3.346957023141423904e-02 4.302178430756210537e-01 3.526771301207995424e-01
1.777120255224678980e-01 3.114771083108432495e-02 5.203225840881194886e-01 2.708176795583282503e-01
1.961340841313501393e-01 3.127391326545526928e-02 5.045586936651632604e-01 2.680333089380314560e-01
1.518786947731495807e-01 4.162106386119963225e-02 4.674289873422635133e-01 3.390712540233871697e-01
2.035118306728590787e-01 2.555571318868733038e-02 4.320390916059091979e-01 3.388933645325444277e-01
1.414191132376846904e-01 2.113392453858613587e-02 4.914253710536641839e-01 3.460215911700648683e-01
1.540482039823524163e-01 2.103299943541098518e-02 4.804556575520202988e-01 3.444631390302163032e-01
1.913367228602960990e-01 2.524960641536124623e-02 5.015995303082960710e-01 2.818141404160466323e-01
1.679843789394246667e-01 3.497835635841287094e-02 5.034443239037903473e-01 2.935929407983720041e-01
1.486479865366264752e-01 3.063932748823579647e-02 5.093465804878277714e-01 3.113661054873100298e-01
1.730654503549911571e-01 2.565676598908110673e-02 5.018092985141630047e-01 2.994684851417647731e-01
1.389114712367891524e-01 3.387932031597148258e-02 4.997891726071835850e-01 3.274200358400556343e-01
1.946386230485426527e-01 1.361492554809409956e-02 4.458751809114843145e-01 3.458712704918789349e-01
1.963115526572115077e-01 1.808547855000019328e-02 4.767746652604291091e-01 3.088283035323591830e-01
1.707701440662020287e-01 1.940191453389556245e-02 5.020826211652904547e-01 3.077453202346118188e-01
1.615985310851043300e-01 3.005251546207375266e-02 4.739254952460699166e-01 3.344234582067520667e-01
2.061837066604166602e-01 3.117159934841090205e-02 4.973252314645555394e-01 2.653194625266168671e-01
1.943664881534876154e-01 2.714471728934750999e-02 4.985298897947350039e-01 2.799589047624297389e-01
1.555829390849873817e-01 1.100154762215592615e-02 5.632578175548492716e-01 2.701576957380073529e-01
1.730244651335308415e-01 3.260035648931322583e-02 4.800455537475972201e-01 3.143296246295586571e-01
1.870127446008052474e-01 2.230347625622811081e-02 4.791784301780698252e-01 3.115053489648967333e-01
1.697657685377148562e-01 1.588935378244610633e-02 5.043893652645692338e-01 3.099555124152698626e-01
1.741104105332169361e-01 1.846347559199071342e-02 4.884582554123337861e-01 3.189678584624584534e-01
1.826631945454261496e-01 1.084665631874987858e-02 4.516077489152617308e-01 3.548824002205620554e-01
1.702478642570658118e-01 3.952728309574386756e-02 4.720016265215765117e-01 3.182232261256136563e-01
1.744136245639559823e-01 2.718235502909984933e-02 4.638837460390364820e-01 3.345202743679077106e-01
1.257513657498944004e-01 3.087296595308657021e-02 5.180793174207644070e-01 3.252963508762547473e-01
2.052730111018714054e-01 2.186600800974691089e-02 4.501871316669771583e-01 3.226738492214043519e-01
1.455551198477477992e-01 1.789861850371842963e-02 5.065168240483731710e-01 3.300294376001605690e-01
1.588635873594400616e-01 3.464655471853270163e-02 4.849803034337087371e-01 3.215095544883183609e-01
1.822180024356934436e-01 2.514591970207060226e-02 4.336330067335094074e-01 3.590030711287265919e-01
1.546786034399392495e-01 2.254870164359902562e-02 4.924844290500560162e-01 3.302882658664057502e-01
1.652820032089649671e-01 1.764973659629454419e-02 5.179741513995271829e-01 2.990941087952132538e-01
1.482741839045456367e-01 2.373869925498571509e-02 4.926971246094003498e-01 3.352899922310683678e-01
2.181184322312262613e-01 1.916126591141300781e-02 4.936574014062392601e-01 2.690629004511214117e-01
1.491302134687911840e-01 2.989090393963452982e-02 5.400023269333011910e-01 2.809765556582731194e-01
1.513752156516468550e-01 4.782397065976533301e-02 4.788254468594806967e-01 3.219753668291070459e-01
1.837194693306293536e-01 1.730410342657464143e-02 4.915277145541958048e-01 3.074487126886001342e-01
1.613374179358398608e-01 2.064693590563925277e-02 4.862105235047424756e-01 3.318051226537784837e-01
1.613211936052206530e-01 1.622574779765284872e-02 5.028000015709387371e-01 3.196530570261877369e-01
1.788677643147733587e-01 2.474284018848902506e-02 4.564486559875612359e-01 3.399407395091762485e-01
1.782181830805722456e-01 3.108235676695383920e-02 4.414127067187299525e-01 3.492867534337439905e-01
1.859374041082227647e-01 3.960671317605155700e-02 4.890290982604108549e-01 2.854267844553148303e-01
2.063965522439394074e-01 1.893744755475913061e-02 4.699612595116758884e-01 3.047047406896256083e-01
1.623988589301519070e-01 1.967648463442376108e-02 4.699212605719202962e-01 3.480033958635039282e-01
1.963543883265687628e-01 2.138392305773493055e-02 4.242600343998123580e-01 3.580016542158839243e-01
1.657443834968154173e-01 1.010561031320360292e-02 5.356301848045257330e-01 2.885198213854551774e-01
1.652689337241031176e-01 3.564235096344285647e-02 5.035391417162924377e-01 2.955495735961615744e-01
1.394901234725419992e-01 2.498781708722212433e-02 4.814090075292840054e-01 3.541130519109518260e-01
1.846145694830282624e-01 2.355536966491705159e-02 4.581470256922159368e-01 3.336830351598388256e-01
1.808357378436630525e-01 3.048536967295732009e-02 4.463849857764612405e-01 3.422939067069184493e-01
1.533276413104477098e-01 1.928676539587335231e-02 4.752703405233274503e-01 3.521152527703514945e-01
1.567538534569342668e-01 2.616901453625992968e-02 4.685823426083279841e-01 3.484947893984779443e-01
1.678292393984613107e-01 2.053107309962403856e-02 4.808494165729777503e-01 3.307902709289369247e-01
1.522239930700045318e-01 3.875073018436908656e-02 5.052406331497872882e-01 3.037846435958392322e-01
1.615841615784481544e-01 2.343621825632834568e-02 5.157677617861678998e-01 2.992118583790556174e-01
1.718702336285237997e-01 3.880059872640884144e-02 4.830075663750816317e-01 3.063216012699856994e-01
1.402799116174898719e-01 6.255673378023654703e-03 5.064354708791806159e-01 3.470289441253059382e-01
