9.575030245611949875e-02 1.626119170751754162e-01 1.220554203789794706e-01 6.195823600897254479e-01
8.829445755981094046e-02 2.239111040940020836e-01 6.696751832032021845e-02 6.208269200258665910e-01
8.263679477070394463e-02 2.131089969687227637e-01 7.870999008803765407e-02 6.255442181725355821e-01
6.067583752530115310e-02 1.916982531080643481e-01 6.777624985918488665e-02 6.798496595074496884e-01
8.858665970686045721e-02 1.710178183412659203e-01 7.975750570150955121e-02 6.606380162503640019e-01
9.706441308838759108e-02 1.969183125264603873e-01 6.857828785296786467e-02 6.374389865321841153e-01
1.068928972781101189e-01 1.949190082548056535e-01 7.170325393948592807e-02 6.264848405275983412e-01
1.083471215193283210e-01 1.913264725556504675e-01 7.484066254613634672e-02 6.254857433788848509e-01
1.150270494952234379e-01 2.268304180584018725e-01 8.894585405960445113e-02 5.691966783867702384e-01
8.739318227802229944e-02 2.016539059582548865e-01 4.254791381155598878e-02 6.684049979521669016e-01
1.081687237376157129e-01 1.952017292131985327e-01 8.844580839710065867e-02 6.081837386520850819e-01
8.871083627108160286e-02 2.316310162894417157e-01 1.071390675445274970e-01 5.725190798949491011e-01
5.478164196929439372e-02 2.084093013416042361e-01 9.870257610707629248e-02 6.381064805820251262e-01
9.819726692691979619e-02 2.266399850677971450e-01 8.092295180623194917e-02 5.942397961990510957e-01
9.477355969379183676e-02 2.081115611578298885e-01 7.482993102646141870e-02 6.222849481219169254e-01
1.084728380565985612e-01 1.572535116219082041e-01 6.152484031712355389e-02 6.727488100043694796e-01
8.205922887208116911e-02 2.076725157223382745e-01 9.530931035560601117e-02 6.149589450499743926e-01
6.010963759714875454e-02 2.017470417959580098e-01 4.519153630202238370e-02 6.929517843048708103e-01
8.069651157381378670e-02 1.838839007959735539e-01 7.143899514693129171e-02 6.639805924832813400e-01
7.003322908327268281e-02 1.704481683024775818e-01 8.072490558677428152e-02 6.787936970274753845e-01
8.519585015203143263e-02 2.201519820315173126e-01 5.357569121746702523e-02 6.410764765989841463e-01
1.377814488316336239e-01 2.314278773432426606e-01 5.785134171178722001e-02 5.729393321133364747e-01
7.723832978572421626e-02 2.146867445439504807e-01 6.086060119237094584e-02 6.472143244779543503e-01
7.578010615300682928e-02 2.144540625916142307e-01 7.740565311597159825e-02 6.323601781394072585e-01
7.317479319570847907e-02 1.574122045702350536e-01 9.535375506567003723e-02 6.740592471683863884e-01
6.846906071462370569e-02 1.885061396204009421e-01 6.773548793720064742e-02 6.752893117277747326e-01
1.030760907264978710e-01 1.819535459967242808e-01 6.266918987594688462e-02 6.523011734008310469e-01
6.430812584407533117e-02 2.167587815750072477e-01 8.176092926173654518e-02 6.371721633191809175e-01
1.126497847072878700e-01 2.053560585838929975e-01 8.527144254165534842e-02 5.967227141671638257e-01
7.531127882532887008e-02 1.877494049627995154e-01 8.873134634951103383e-02 6.482079698623605113e-01
8.193844767173907861e-02 1.802692352568037171e-01 7.007233148104931308e-02 6.677199855904079051e-01
9.053477203592824596e-02 2.093387608413149192e-01 7.181413566856986730e-02 6.283123314541870785e-01
9.644407463382539958e-02 1.708407279570923198e-01 1.187997930883963604e-01 6.139154043206860312e-01
8.688918287361414861e-02 2.000604548824300444e-01 7.153753060179800227e-02 6.415128316421578880e-01
1.035382915864541259e-01 2.417443984050707262e-01 4.453984947962844054e-02 6.101774605288465825e-01
1.046816961923586337e-01 1.730873898401750488e-01 8.176267318940654005e-02 6.404682407780598608e-01
5.335691244462831967e-02 2.275538153898100935e-01 7.979760903733311428e-02 6.392916631282284934e-01
9.645581584730872349e-02 2.095795826286188934e-01 6.588320917641059260e-02 6.280813923476618044e-01
9.412463797671007104e-02 2.214370449867633928e-01 6.683173638400120853e-02 6.176065806525252722e-01
1.114773505187580671e-01 1.811923947540782787e-01 1.194493047196673180e-01 5.878809500074964056e-01
6.311623608541133690e-02 2.563873631615262716e-01 7.395005661943820918e-02 6.065463441336241823e-01
8.124581165079838851e-02 2.522817283511081810e-01 9.905838191735109877e-02 5.674140780807424012e-01
9.296936244639388003e-02 1.843966014392475206e-01 7.363257414275665991e-02 6.490014619716019117e-01
9.846890366851260290e-02 2.088083172034738977e-01 7.351951036512449633e-02 6.192032687628890031e-01
6.802954013429579616e-02 2.274961909798776938e-01 4.336240017225874432e-02 6.611118687135677519e-01
1.534942672473620096e-01 1.582397848262671880e-01 6.788409906466674748e-02 6.203818488617038884e-01
1.458069445478518411e-01 2.053251616795261636e-01 6.256329085086025088e-02 5.863046029217617860e-01
9.333386480135530405e-02 2.107173812955801251e-01 7.472548775732089366e-02 6.212232661457435245e-01
5.643555365878155650e-02 2.057498196539036817e-01 8.690384417615582002e-02 6.509107825111588586e-01
1.053595141109242572e-01 1.932955342774842211e-01 5.488487343602654889e-02 6.464600781755649450e-01
1.021959465817569440e-01 2.351692146216438351e-01 6.374639556549971386e-02 5.988884432310995765e-01
8.128086619412065728e-02 1.791569519349211215e-01 1.165035107878468201e-01 6.230586710831113040e-01
1.230340305232269227e-01 1.838278838572217355e-01 8.341388687322041917e-02 6.097241987463311030e-01
8.811062529831119317e-02 2.042898526461534581e-01 6.565749263078693443e-02 6.419420294247484282e-01
9.039321092896883403e-02 2.180343793736481961e-01 1.174844103240432619e-01 5.740879993733397635e-01
9.994569270772866998e-02 1.697261712225240637e-01 9.134192680901671857e-02 6.389862092607305755e-01
1.061465605675295798e-01 1.913920689489537197e-01 7.531615913337677548e-02 6.271452113501398973e-01
7.862226856721740709e-02 2.025833004647773772e-01 6.397479362310638795e-02 6.548196373448988972e-01
5.847495094309326097e-02 2.092131567087126276e-01 6.253319095731377231e-02 6.697787013908802489e-01
1.107626007265913731e-01 1.453132535476694687e-01 8.537046267781493725e-02 6.585536830479241655e-01
7.348270228848780006e-02 1.951541588436382368e-01 6.684881889457930382e-02 6.645143199732946870e-01
9.638776570377757813e-02 1.726507405373449155e-01 9.764695065126627327e-02 6.333145431076112608e-01
9.390913807214006093e-02 2.172688220416758298e-01 8.894288655561850832e-02 5.998791533305656287e-01
7.956614731043937239e-02 2.495937916331170403e-01 8.306352904941674553e-02 5.877765320070267308e-01
1.088165351715107837e-01 1.844610983653477421e-01 8.557369905906583862e-02 6.211486674040754830e-01
8.081420997405051876e-02 2.012446522456248776e-01 7.966660757987550912e-02 6.382745302004492194e-01
9.542325446121260879e-02 2.316955865303168272e-01 9.576975240303069181e-02 5.771114066054399139e-01
8.903734394012753628e-02 1.691271896954656961e-01 7.585070840416750781e-02 6.659847579602392598e-01
6.408266798432540878e-02 2.412836028079435591e-01 7.849956379856613820e-02 6.161341654091648801e-01
8.185351289492157068e-02 1.904741006772384115e-01 6.211708282916508783e-02 6.655553035986749855e-01
8.564694551884266538e-02 1.870638757442605049e-01 8.554439823967227574e-02 6.417447804972246095e-01
7.258882851541044456e-02 2.163731741092569383e-01 8.847916227611844764e-02 6.225588350992141695e-01
9.331891967780522879e-02 2.337609396013573537e-01 9.142697889212759998e-02 5.814931618287096926e-01
9.545309367360109432e-02 1.895475465693689243e-01 6.690280086887864797e-02 6.480965588881513195e-01
1.126660663434761317e-01 1.834094535639346768e-01 6.344455558421173424e-02 6.404799245083774295e-01
9.319292849598737050e-02 2.161983233437334839e-01 9.659417548334654768e-02 5.940145726769325840e-01
1.016483413086773507e-01 2.105153297958061998e-01 6.033487899563311913e-02 6.275014498998833234e-01
8.348811241210261913e-02 2.569293221550622008e-01 6.095789927946714676e-02 5.986246661533680680e-01
7.279972906151666034e-02 1.803115021138222140e-01 8.273999999607617450e-02 6.641487688285848678e-01
1.231434069146207788e-01 1.907848095944399136e-01 1.106784266211925938e-01 5.753933568697465750e-01
5.493206157064638856e-02 2.162899327348921374e-01 9.560747941051488119e-02 6.331705262839465442e-01
7.756905352751704286e-02 2.524406192617089650e-01 3.664308772590198215e-02 6.333472394848719267e-01
9.698396129177841440e-02 2.126805251577834899e-01 7.446829389547159062e-02 6.158672196549664912e-01
7.826066286753911860e-02 1.998446099658098829e-01 6.955892363677529389e-02 6.523358035298757462e-01
9.446544491588088066e-02 2.457443547824125218e-01 8.613192873818398265e-02 5.736582715635225593e-01
9.292589382728885794e-02 2.004774380926744592e-01 7.898395716725888083e-02 6.276127109127778159e-01
7.939190154675153377e-02 1.676784608429824630e-01 7.077529662740379701e-02 6.821543409828622062e-01
8.228918002838329915e-02 2.124020447969655612e-01 6.532130181988511641e-02 6.399874733547659122e-01
1.031956361439336639e-01 2.152795886045575646e-01 5.113872751096965735e-02 6.303860477405390794e-01
8.825447177204309712e-02 1.863698648019005977e-01 1.253855964414958835e-01 5.999900669845604773e-01
9.644992008792059590e-02 2.285388744275997086e-01 4.985885421616435831e-02 6.251523512683153649e-01
9.057966382656955362e-02 2.201203299785348400e-01 8.896469193622090488e-02 6.003353142586745905e-01
9.404419271983835427e-02 1.502884966013466606e-01 6.143434224330019539e-02 6.942329684355147412e-01
8.488874259663470312e-02 1.837738890128909619e-01 5.665834394125295742e-02 6.746790244492213429e-01
1.052873227154628999e-01 1.905027652302531405e-01 4.892719828504443064e-02 6.552827137692395221e-01
9.034570963164394175e-02 2.657677670970004513e-01 7.376564237390816070e-02 5.701208808974475017e-01
1.013908144620176977e-01 2.163364011595069747e-01 6.044408545143475225e-02 6.218286989270406240e-01
9.368214116734062402e-02 2.201612412801478846e-01 9.338083303824346038e-02 5.927757845142680448e-01
1.120803380741183936e-01 1.811245245637742307e-01 1.112393802852300051e-01 5.955557570768774678e-01
8.974439763594176112e-02 2.147755277587642397e-01 1.060100855385329860e-01 5.894699890667609576e-01
9.597519599638337784e-02 2.135998724198653054e-01 7.827268524381815473e-02 6.121522463399331482e-01
8.455863547181804996e-02 1.877626551769920882e-01 6.311651529827576323e-02 6.645621940529141680e-01
4.901204759149020707e-02 2.180657197985347573e-01 1.308896003560172383e-01 6.020326322539577557e-01
9.743731254079562865e-02 1.931255464276899203e-01 7.818960126168784941e-02 6.312475397698266155e-01
8.761849475041083579e-02 2.153001140545341696e-01 1.206433359130073962e-01 5.764380552820475012e-01
6.409585529333593212e-02 2.383460396361644362e-01 7.154948452585903340e-02 6.260086205446405705e-01
1.058323374470177408e-01 1.550843718784790104e-01 1.101994835446725579e-01 6.288838071298306076e-01
8.127261475576158523e-02 1.959251009057436932e-01 7.567911149080670807e-02 6.471231728476880551e-01
1.046472995647772103e-01 1.802405432466891999e-01 5.850190381035084292e-02 6.566102533781827955e-01
7.888420594230752259e-02 1.945037411626740209e-01 1.187246399250770218e-01 6.078874129699414208e-01
5.900645610608810238e-02 1.864448667321698949e-01 1.359570313332694735e-01 6.185916458284724806e-01
8.821747253723692672e-02 2.077122171654638416e-01 1.038287095985212238e-01 6.002416006987779662e-01
1.487493061454278898e-01 2.155304616759170233e-01 7.860025221011944507e-02 5.571199799685356835e-01
9.162270945666453614e-02 2.108298742661406378e-01 8.703993092197759296e-02 6.105074853552172609e-01
6.965322786745416217e-02 2.471175396512059197e-01 4.144460878086807937e-02 6.417846237004718457e-01
1.104821665082259402e-01 2.423702710351506306e-01 9.131282582858209207e-02 5.558347366280412816e-01
9.295540240023107692e-02 2.092579428225535554e-01 7.289852877005233156e-02 6.248881260071631472e-01
1.039971607049039182e-01 2.142201439384659178e-01 5.967010955703667269e-02 6.221125857995933872e-01
1.189267707380428085e-01 2.003213074284207751e-01 5.396368520789453227e-02 6.267882366256417592e-01
6.781246266891674535e-02 1.745505637138129174e-01 8.318263295519728873e-02 6.744543406620729931e-01
8.066507134708794657e-02 2.130643145468386346e-01 9.302691261413283119e-02 6.132437014919405183e-01
5.932015740299665524e-02 2.143943526104604425e-01 8.911824879078072970e-02 6.371672411957622906e-01
7.081773868978738506e-02 1.936670156189514991e-01 8.935097081016199483e-02 6.461642748810990655e-01
7.955468174958295335e-02 1.880643474321196384e-01 9.459643124988334484e-02 6.377845395684140772e-01
9.953277364381965531e-02 1.861798091860203119e-01 9.322087931880158884e-02 6.210665378513583468e-01
7.489704505314875860e-02 2.180472257140874115e-01 6.627351069297880704e-02 6.407822185397850090e-01
7.713629293210015614e-02 2.302164792669895155e-01 1.020848985448141871e-01 5.905623292560961968e-01
1.428229076553093058e-01 2.066309138409492818e-01 9.184303366588750239e-02 5.587031448378539933e-01
8.854339682750882179e-02 2.291168866869719989e-01 6.257454185199579078e-02 6.197651746335234302e-01
8.583627869334246874e-02 1.835754051697213174e-01 1.028435034979176543e-01 6.277448126390186012e-01
7.426956240572442358e-02 1.752787917493535685e-01 9.271117111950157030e-02 6.577404747254205208e-01
7.726704406339657272e-02 2.178715655365317527e-01 8.022940867717061331e-02 6.246319817229010196e-01
7.587686659266769384e-02 2.514811278177931930e-01 5.429659225374670883e-02 6.183454133357922933e-01
8.895164594501667188e-02 1.929678616373594613e-01 7.281419949026587957e-02 6.452662929273579318e-01
9.438005377545291563e-02 1.935346084297117075e-01 4.969552815212949920e-02 6.623898096427059956e-01
7.146336164448650885e-02 2.103657976292382936e-01 6.491100053102115408e-02 6.532598401952541822e-01
9.374077754339753266e-02 1.459068773433654376e-01 7.343919701743789608e-02 6.869131480957991753e-01
9.397157598178638993e-02 2.171866038887441397e-01 5.354425282707397926e-02 6.352975673023955050e-01
1.021664347129950939e-01 2.167466138715725410e-01 7.065522182613093172e-02 6.104317295893013640e-01
7.042620281521133618e-02 2.299793214219944537e-01 8.840615361546209916e-02 6.111883221473323191e-01
1.088297450064893146e-01 1.874094447958989107e-01 6.954697611730308038e-02 6.342138340803087360e-01
7.622482376121862691e-02 2.260766565744119772e-01 6.917376479317094429e-02 6.285247548711985210e-01
7.113480402665599278e-02 2.300923528363057746e-01 7.417731499916339899e-02 6.245955281378747781e-01
1.626519617564277653e-01 2.010776572823619046e-01 5.384129896467752113e-02 5.824290819965327604e-01
1.009501408013121493e-01 1.637716655679188893e-01 7.733279416805378947e-02 6.579453994627151303e-01
8.587586964954904700e-02 1.870290984626822306e-01 6.845068011641168571e-02 6.586443517713570506e-01
5.654054699552377161e-02 2.244581590377474345e-01 1.071424658573934124e-01 6.118588281093353398e-01
9.880372610917885490e-02 1.705667968421897551e-01 8.625979020122069574e-02 6.443696868474106942e-01
8.724171120229384790e-02 2.247879950857956111e-01 6.405808631893213090e-02 6.239122073929783685e-01
1.000293365336615836e-01 2.224404760192131847e-01 8.351108291355681390e-02 5.940191045335683206e-01
1.051357115236560696e-01 1.760333271530583332e-01 8.630369676208207719e-02 6.325272645612036726e-01
8.075898340328641067e-02 2.364497032390227571e-01 4.423809056460778488e-02 6.385532227930831306e-01
1.024974683114428381e-01 1.619625958741093552e-01 9.334802986763091059e-02 6.421919059468170765e-01
8.443004178182601793e-02 2.096131764253754970e-01 8.482489078830823814e-02 6.211318910044901775e-01
8.427832801064163992e-02 1.955033504843539660e-01 8.902048900144228505e-02 6.311978325035619841e-01
1.465454584286670914e-01 1.659505427984720727e-01 8.071343871896835553e-02 6.067905600538925359e-01
1.075630072211806176e-01 2.319780900968897164e-01 4.929147394135297705e-02 6.111674287405767236e-01
5.977433369209806530e-02 1.756860254210106664e-01 8.141689703881192786e-02 6.831227438480792502e-01
9.057682212727680149e-02 2.014981668339719256e-01 7.454197144944378628e-02 6.333830395893074172e-01
8.706868749436030841e-02 1.608679018927762217e-01 7.026558706230040530e-02 6.817978235505631757e-01
6.504634283338463219e-02 1.700821736938979700e-01 6.924609697322856028e-02 6.956253864994886849e-01
5.849482373815681480e-02 2.103515666938163275e-01 1.087739010876789120e-01 6.223797084803479596e-01
8.193341966985634439e-02 1.442622195489245140e-01 6.397705140692509784e-02 7.098273093742939466e-01
7.564221634394327487e-02 2.371935433260356774e-01 7.365890346005665723e-02 6.135053368699644460e-01
6.822993344107727842e-02 2.161914028837368107e-01 7.902550876892810994e-02 6.365531549062578565e-01
8.760260389880869525e-02 1.956399734431939763e-01 1.073850112358841896e-01 6.093724114221131805e-01
1.020269595693033687e-01 1.985776610008101462e-01 8.176085047443275300e-02 6.176345289554536766e-01
7.362188509673289749e-02 2.222004121720478065e-01 7.519659172732966190e-02 6.289811110038897590e-01
1.046690291935328809e-01 1.748303008736484532e-01 9.063284055850244492e-02 6.298678293743161793e-01
8.733648711683028587e-02 1.995894091959471150e-01 6.446860113539211457e-02 6.486055025518303596e-01
1.048179686250375886e-01 2.741472196976394438e-01 7.881491064913657973e-02 5.422199010281864018e-01
7.650716429307298505e-02 2.087149006455707723e-01 8.016602149220863893e-02 6.346119135691477009e-01
1.020344425069179828e-01 1.823611287051018492e-01 6.351465538749424822e-02 6.520897734004859059e-01
7.301915782980832048e-02 2.705292524207738025e-01 7.633699046651648557e-02 5.801145992829013220e-01
7.494093677307596402e-02 1.994607122658257625e-01 5.377830677393451164e-02 6.718200441871636786e-01
1.529371217517756232e-01 2.629131414157593327e-01 5.670929692392867594e-02 5.274404399085363959e-01
7.252568894047034531e-02 1.721880492547452346e-01 6.779529287498789469e-02 6.874909689297964421e-01
1.100312164174661322e-01 1.820823316323296193e-01 6.363678480034337670e-02 6.442496671498608718e-01
9.449607654810573965e-02 2.129051154386873979e-01 4.856198945746807716e-02 6.440368185557387992e-01
6.926406388837258454e-02 2.285803300660554094e-01 6.077380500782648964e-02 6.413818010377454470e-01
7.272133270986372300e-02 2.148718029166629129e-01 5.102923719099182465e-02 6.613776271824816089e-01
7.273359291427382300e-02 2.217495030888899654e-01 7.727643821547197645e-02 6.282404657813642768e-01
1.225871179257266019e-01 2.056813601345370279e-01 8.245874184369753057e-02 5.892727800960387841e-01
6.499722493477370910e-02 2.661133821805097277e-01 5.765171842309314842e-02 6.112376744616233593e-01
6.169492742370751015e-02 2.206418510269876898e-01 6.437048363151415264e-02 6.532927379177906335e-01
7.828263686390717069e-02 1.739560695701323212e-01 1.260385942964100670e-01 6.217226992695503718e-01
1.322425118129280930e-01 1.778213778553532909e-01 7.938943166403664153e-02 6.105466786676820856e-01
1.244581992775457696e-01 2.078171448163208812e-01 4.471469058027131849e-02 6.230099653258619474e-01
5.892143329888552272e-02 2.080103362403216971e-01 7.188151937884204590e-02 6.611867110819507065e-01
1.219501834128265821e-01 1.999644046981821632e-01 5.774625750973773342e-02 6.203391543792534657e-01
7.724316950353517230e-02 2.089077368022826675e-01 9.622304249172715374e-02 6.176260512024549509e-01
1.143500070308817729e-01 1.820508754576984356e-01 8.715689431339442017e-02 6.164422231980253297e-01
8.785110363189221894e-02 1.943209281034137537e-01 7.579363512411320392e-02 6.420343331405808929e-01
9.021980840040361160e-02 1.746547389653772264e-01 7.179154342391722010e-02 6.633339092103018864e-01
8.565122891364294888e-02 1.996879466139443171e-01 4.572099236476195178e-02 6.689398321076506226e-01
1.043786619832519497e-01 1.918255244334909626e-01 4.606290039173822209e-02 6.577329131915187199e-01
7.338380769197937192e-02 2.206874823400219732e-01 6.622297226937337578e-02 6.397057376986253763e-01
6.722980144693822824e-02 2.238403402043756263e-01 1.117480580283969488e-01 5.971818003202891134e-01
8.387092187295476509e-02 2.027347330200884312e-01 8.092227044636260413e-02 6.324720746605940747e-01
8.057376920907451112e-02 2.247673741582696672e-01 5.585828654322748388e-02 6.388005700894282546e-01
7.650524284306953193e-02 2.286776435986460354e-01 4.538530081504060093e-02 6.494318127432437970e-01
9.757794223868283823e-02 1.682732706179646542e-01 7.437478918084107493e-02 6.597739979625113493e-01
1.072424800258220817e-01 1.767341372154874191e-01 8.918385505194512120e-02 6.268395277067454474e-01
7.124275663088483479e-02 1.960676651074529098e-01 7.873042636974939001e-02 6.539591518919128932e-01
9.189162395881399215e-02 1.748477600249135067e-01 9.550835400720497637e-02 6.377522620090676497e-01
1.419686399130143106e-01 1.582673043075114860e-01 7.275714057151555503e-02 6.270069152079587038e-01
6.629856559884542144e-02 1.788819923402754364e-01 8.593048918733656172e-02 6.688889528735426637e-01
8.644453356588296944e-02 2.299672921365446265e-01 6.410129391662036658e-02 6.194868803809518987e-01
8.001861480348863853e-02 2.263887252747049939e-01 6.479490495151425666e-02 6.287977549702921110e-01
9.782356317775552090e-02 2.319339854975173976e-01 6.363053532075098329e-02 6.066119160039761260e-01
1.041946474339099926e-01 1.759856584409793812e-01 4.640072792832977688e-02 6.734189661967808771e-01
9.288020993344545118e-02 2.325055765082289783e-01 5.831149728398635212e-02 6.163027162743393017e-01
7.535116993207777170e-02 2.330677949164913776e-01 5.278093563503671176e-02 6.388000995163940487e-01
8.934339769105358042e-02 2.088312451057013353e-01 6.236735832581055683e-02 6.394579988774344859e-01
1.069854004558746657e-01 2.301110478788646330e-01 6.470567589138224995e-02 5.981978757738783958e-01
5.559100857938426010e-02 1.977551060385819293e-01 7.748060358176113438e-02 6.691732818002725791e-01
7.559094298522135713e-02 1.691246001526795495e-01 7.157724872790593995e-02 6.837072081341932783e-01
7.015771988686932137e-02 2.254906961385781117e-01 5.420643760093937086e-02 6.501451463736130920e-01
1.008393371025250590e-01 1.982122320070678345e-01 7.608221045910722180e-02 6.248662204312999124e-01
9.343567464249788457e-02 2.078863177662378658e-01 6.514209585313388007e-02 6.335359117381302863e-01
9.146730762831276063e-02 2.027310024769949370e-01 9.782141153800565092e-02 6.079802783566866653e-01
1.019767266417513363e-01 1.975248143521398658e-01 5.186865436473922508e-02 6.486298046413695451e-01
9.598530746413808101e-02 1.909966391642356764e-01 9.046361251346761445e-02 6.225544408581584754e-01
7.399178592437978541e-02 1.705564727037665596e-01 9.694480114883111121e-02 6.585069402230225855e-01
9.086229418301680627e-02 2.252228023850855465e-01 7.118105543322333917e-02 6.127338479986742525e-01
8.780905646693384914e-02 2.154483811746187583e-01 8.716731656900524039e-02 6.095752457894419996e-01
6.926989154974136365e-02 2.111099172771231380e-01 7.263845917743994018e-02 6.469817319956956414e-01
6.829945875106932518e-02 2.109081560693768231e-01 6.055517473215097507e-02 6.602372104474029113e-01
8.952075046647366141e-02 2.118101346866451129e-01 9.577457691401648765e-02 6.028945379328647380e-01
1.083441307983138840e-01 1.964774135355888962e-01 7.508910111522014430e-02 6.200893545508771032e-01
1.253066621667017211e-01 2.068912901856867492e-01 6.426523328167632609e-02 6.035368143659353146e-01
9.763297814975228917e-02 1.678987182581957449e-01 5.924655248089671228e-02 6.752217511111552328e-01
7.294734531570876146e-02 2.320042777586871496e-01 7.820899634014652491e-02 6.168393805854576195e-01
6.204415481621320533e-02 2.093604036890871767e-01 9.836698598596520238e-02 6.302284555087342977e-01
1.037741675475928882e-01 1.981208120073988665e-01 8.593805039555348080e-02 6.121669700494547506e-01
6.468188353142344249e-02 2.392152390505938864e-01 8.990624363843308098e-02 6.061966337795494653e-01
9.855653234217820469e-02 1.999971531760204035e-01 4.977193772171829844e-02 6.516743767600829962e-01
1.046704501601168485e-01 1.883673831300426427e-01 6.879037389421358006e-02 6.381717928156268593e-01
1.220044848021084316e-01 1.925554977117345801e-01 7.748482191495265070e-02 6.079551955712043654e-01
8.933749949998152917e-02 1.902859530784842546e-01 6.247409269220313699e-02 6.579024547293310654e-01
8.580499550790413044e-02 2.275265174302159854e-01 8.841195428695358682e-02 5.982565327749264084e-01
8.129839827727061707e-02 2.225339141090839912e-01 8.773623986969407429e-02 6.084314477439513036e-01
7.135681531753257367e-02 1.955392177197058934e-01 7.922841285890122598e-02 6.538755541038603347e-01
9.215639941631964538e-02 1.825105802546582723e-01 9.068911933430398586e-02 6.346439009947180132e-01
8.354937567969081269e-02 2.541284403155990579e-01 7.214361424042647908e-02 5.901785697642837336e-01
1.153837494435937527e-01 2.125575643999192688e-01 8.168875661419654211e-02 5.903699295422903948e-01
8.457921409034876992e-02 1.943019178612477860e-01 5.874866629126912487e-02 6.623702017571342360e-01
1.038958640427178615e-01 1.477885842217319112e-01 7.853794350478207620e-02 6.697776082307680401e-01
8.598783550000116405e-02 2.069095234186063281e-01 6.050611288981587454e-02 6.465965281915765361e-01
8.657746071180488778e-02 1.874057238980345874e-01 7.336086656151590002e-02 6.526559488286446387e-01
8.636959892637406655e-02 1.858610884923152518e-01 1.030822127659060256e-01 6.246870998154048227e-01
8.216696773323335645e-02 2.567794096510376822e-01 3.780814350227918591e-02 6.232454791134497407e-01
7.902897519167947915e-02 2.541034786899015185e-01 6.918339794677830223e-02 5.976841481716406168e-01
1.060975581589881644e-01 1.774857265491499025e-01 8.685166136796451664e-02 6.295650539238972776e-01
7.178940607138793728e-02 2.018801832637751870e-01 8.152485227526340417e-02 6.448055583895735410e-01
1.118046788069654990e-01 1.662158968066701770e-01 5.023435783248572650e-02 6.717450665538786669e-01
8.753657724156463371e-02 1.870174810016919931e-01 7.703352594546791776e-02 6.484124158112755110e-01
8.866935284472218792e-02 2.288748542993396251e-01 6.011209692946711119e-02 6.223436959264710966e-01
7.529977585850496091e-02 2.322121332018260154e-01 8.012996595089294516e-02 6.123581249887760647e-01
8.250049823643827718e-02 2.142367854962089757e-01 6.169841027906817349e-02 6.415643059882846222e-01
7.045875250582329941e-02 2.273519998390702013e-01 8.847848483745747450e-02 6.137107628176490248e-01
1.012513654629432908e-01 2.222830903582281026e-01 5.932328107463992473e-02 6.171422631041886264e-01
1.250262317031707038e-01 1.696570960265333661e-01 6.684089752451571886e-02 6.384757747457803223e-01
1.145884546233156692e-01 2.072339659633385678e-01 5.430871416636327831e-02 6.238688652469824847e-01
9.501947933393056767e-02 1.992391710561545182e-01 7.129691961189407734e-02 6.344444299980207536e-01
1.149724328861249922e-01 2.288922004521668496e-01 7.994956578202820630e-02 5.761858008796798547e-01
1.058018418939023902e-01 1.580961120622266791e-01 7.087627768276352769e-02 6.652257683611075834e-01
7.333292401413619988e-02 1.870355802921851718e-01 1.276547647539550967e-01 6.119767309397234900e-01
6.342715863452606795e-02 2.367773324759672449e-01 1.021741050283476449e-01 5.976214038611590285e-01
8.710507739808728833e-02 1.582537592936633930e-01 5.972289793500506344e-02 6.949182653732444148e-01
8.661967396165588806e-02 1.263673028302474133e-01 8.951319393273052261e-02 6.974998292753662454e-01
8.823465229386874553e-02 1.797837302460085773e-01 7.716668445546223665e-02 6.548149330046604266e-01
9.987599812757159967e-02 1.886325030178719608e-01 9.581287875030936041e-02 6.156786201042472317e-01
7.640666195108042347e-02 1.887433637997671110e-01 1.053978736045141085e-01 6.294521006446384126e-01
1.346845270450188481e-01 1.836476827487085461e-01 7.540951453349001299e-02 6.062582756727825650e-01
8.242617317517049458e-02 1.983787170251190002e-01 7.313431916838600277e-02 6.460607906313244886e-01
9.370893002330499266e-02 1.865807035142099390e-01 1.010897636241494119e-01 6.186206028383357536e-01
6.541604890131057226e-02 2.272595492334776313e-01 6.292315268940043560e-02 6.444012491758113192e-01
9.873455683256213145e-02 1.778125065431993557e-01 9.286972970140976169e-02 6.305832069228287651e-01
6.654227034839976795e-02 1.771999512997528281e-01 7.274255452807774913e-02 6.835152238237696132e-01
8.449205250569304104e-02 1.901251311519623344e-01 7.203614014977587077e-02 6.533466761925688093e-01
6.845734918142244718e-02 2.083140367026066475e-01 8.084066113970901635e-02 6.423879529762618334e-01
9.850221143965670612e-02 1.705923527240542636e-01 5.537157928772908771e-02 6.755338565485600189e-01
1.054935615001689753e-01 1.852340379401982984e-01 6.029236560787484822e-02 6.489800349517578226e-01
9.719160374388441381e-02 1.953293222600248347e-01 8.405810054379482532e-02 6.234209734522958568e-01
9.619792774504941357e-02 1.404805199782196423e-01 7.219431844608692472e-02 6.911272338306441165e-01
1.071397981361835311e-01 1.920335841902710561e-01 5.769489902929916814e-02 6.431317186442461198e-01
8.714008202478859544e-02 1.701008526255226028e-01 7.888860466506467106e-02 6.638704606846239642e-01
1.225895161141455636e-01 1.795820189958363400e-01 7.427781073017872271e-02 6.235506541598394570e-01
7.398484261802237838e-02 2.157347505781888608e-01 9.837053630194342313e-02 6.119098705018454210e-01
1.173452778508906336e-01 1.927089141268316652e-01 4.789797855636371282e-02 6.420478294659139884e-01
1.052084974686372937e-01 2.380938258541495378e-01 5.354626043948965824e-02 6.031514162377235033e-01
6.554543672669375931e-02 2.113013241733924241e-01 4.639342002547086619e-02 6.767598190744429365e-01
7.974454650904223840e-02 1.761466663279688538e-01 1.057976634731464527e-01 6.383111236898424412e-01
7.476328275352912833e-02 2.322566661882960182e-01 6.196470900949922062e-02 6.310153420486755982e-01
9.660390411922631371e-02 1.890800381026692956e-01 8.189011935025822253e-02 6.324259384278463347e-01
9.258929242069609267e-02 1.602969441553407925e-01 9.117707090813091664e-02 6.559366925158321981e-01
6.359873924521604327e-02 2.192095550942898541e-01 8.266026566396453279e-02 6.345314399965296115e-01
1.043821760029302048e-01 1.886801087064416960e-01 9.694583268777060003e-02 6.099918826028575269e-01
1.032205789316283512e-01 2.103358271958762349e-01 6.171578972768360788e-02 6.247278041448118824e-01
7.758785098774391431e-02 1.993443550839084644e-01 8.810941872567251698e-02 6.349583752026752848e-01
7.231543941395876529e-02 2.084522338345046188e-01 5.725322239349357051e-02 6.619791043580429690e-01
1.228845778069148631e-01 1.830289437184995927e-01 6.535344780090239503e-02 6.287330306736830243e-01
8.901312171188129063e-02 1.880796028656207264e-01 7.440636914842924110e-02 6.485009062740687558e-01
7.947957133842196986e-02 1.691078250338667044e-01 5.413669008090117585e-02 6.972759135468102887e-01
8.888847347142450617e-02 2.255944056735347536e-01 7.860984672003608342e-02 6.069072741350046707e-01
1.167396063840484832e-01 1.782517405546732436e-01 7.477802343849818123e-02 6.302306296227800919e-01
9.197562306357148776e-02 2.413987847628651651e-01 4.929818885055978900e-02 6.173274033230036206e-01
7.992129515712931287e-02 1.962826872024239777e-01 6.466221151696940894e-02 6.591338061234772727e-01
7.943215648040834187e-02 1.975517516377360838e-01 7.709261054766763932e-02 6.459234813341880876e-01
7.077834604842631050e-02 2.138740529266845714e-01 9.515251716173792063e-02 6.201950838631512530e-01
9.072947875777785665e-02 1.762321445715113732e-01 7.371517195975832437e-02 6.593232047109522931e-01
7.501119035403554236e-02 2.134469755721097595e-01 5.214668135614953376e-02 6.593951527177049909e-01
7.946318147340328264e-02 2.065431329805822447e-01 4.271846049252713690e-02 6.712752250534872456e-01
1.112817154523081942e-01 1.422076612015184538e-01 5.863227127974086905e-02 6.878783520664324413e-01
7.362208151294810654e-02 1.659139538249586598e-01 8.243182844979470014e-02 6.780321362122985196e-01
1.005469364919583247e-01 2.099980802733134866e-01 6.501030333263563277e-02 6.244446799020925143e-01
1.082477815447814434e-01 2.341787040018080412e-01 5.920160937470370782e-02 5.983719050787068561e-01
8.804322564972377752e-02 2.190573629036952630e-01 9.392636831284618959e-02 5.989730431337346728e-01
9.816089323274614087e-02 1.754394953626584874e-01 9.216464682572740597e-02 6.342349645788679657e-01
8.313868196549552281e-02 2.140395496166917488e-01 7.475482174128267321e-02 6.280669466765300690e-01
6.704881016200689436e-02 1.514968488569162774e-01 8.514434742606728779e-02 6.963099935550094433e-01
8.940506050454891107e-02 2.102644615189670774e-01 7.553065813766596248e-02 6.247998198388180491e-01
8.836326200535329911e-02 1.976874084695181277e-01 8.818315602096611638e-02 6.257661735041625262e-01
1.082672208792990198e-01 1.378009945012742266e-01 4.956100236656298119e-02 7.043707822528637585e-01
6.967657051724410189e-02 2.166748302789656688e-01 1.103898804243753501e-01 6.032587187794150596e-01
5.124524027414958938e-02 1.845078535537072184e-01 6.702695356261526016e-02 6.972199526095278488e-01
7.112582407198494994e-02 1.984758492959761977e-01 5.102770043810498507e-02 6.793706261939339575e-01
9.381894057459284897e-02 2.207799526961519709e-01 7.670130413522278923e-02 6.086998025940323354e-01
8.948258385644629331e-02 2.160712399738551615e-01 6.190060928121760009e-02 6.325455668884809590e-01
6.280885488711319964e-02 1.961922263577454417e-01 9.345255737564175935e-02 6.475463613794995021e-01
9.619493240349989704e-02 2.060566096940581460e-01 7.417380962129269117e-02 6.235746482811493907e-01
7.762140851096097083e-02 1.700204714468758205e-01 7.115073545420928791e-02 6.812073845879538236e-01
7.253251148333249299e-02 1.903455143394129356e-01 6.827919951747984939e-02 6.688427746597745971e-01
1.043536447957166130e-01 1.851516813201116440e-01 7.943336081520388503e-02 6.310613130689677330e-01
7.858783015860215659e-02 2.298241161401726462e-01 7.430350250747529139e-02 6.172845511937499197e-01
7.828751026753191788e-02 2.407889734607455423e-01 8.243439058790320850e-02 5.984891256838191786e-01
8.225293153178421524e-02 2.232033854558808927e-01 8.679080317315689130e-02 6.077528798391780285e-01
1.037176231837989293e-01 1.706888883076465857e-01 8.138298989694502106e-02 6.442104986116095056e-01
1.008760344592226077e-01 2.098936687117277100e-01 6.732439753482270806e-02 6.219058992942269048e-01
7.997580167868352519e-02 2.379830504291736148e-01 7.481358830554102335e-02 6.072275595866017950e-01
8.946391695616637274e-02 1.720314776087187025e-01 5.123119369806617557e-02 6.872734117370488116e-01
9.115490675029776224e-02 2.524720675744882015e-01 5.895594643766118720e-02 5.974170792375526062e-01
8.352636185952941328e-02 2.255215319579030042e-01 5.567847986420688261e-02 6.352736263183608179e-01
8.870348023901047929e-02 2.077544425249273352e-01 6.275141890421424840e-02 6.407906583318480065e-01
8.310364734226144412e-02 1.764613966161290293e-01 6.752697996976574080e-02 6.729079760718437164e-01
8.730412326972473991e-02 1.518707793703147901e-01 6.816479239456690875e-02 6.926603049653935473e-01
7.881752246458943734e-02 2.178425900940757221e-01 7.649389587038481209e-02 6.268459915709500008e-01
9.412646182681136398e-02 1.857554388089466268e-01 5.390757470721292688e-02 6.662105246570289019e-01
7.410029728418600359e-02 1.915380876448110614e-01 9.018968944418412348e-02 6.441719256268189087e-01
6.835212544641523780e-02 1.916374197318780337e-01 6.680838335477216894e-02 6.732020714669345596e-01
9.948027150363859816e-02 2.066564308860111276e-01 8.639291972379617435e-02 6.074703778865540027e-01
1.280879391965794312e-01 1.649655099358724730e-01 6.325545328217477281e-02 6.436910975853733508e-01
8.680458462929883934e-02 1.948195966466680917e-01 1.196763567225343078e-01 5.986994620014987056e-01
6.703434455119182400e-02 2.324651506502701526e-01 7.672441673141633389e-02 6.237760880671215924e-01
9.772254870703032947e-02 2.189691083781335201e-01 5.752220038762730775e-02 6.257861425272086553e-01
9.104191660971487632e-02 1.936272909940424114e-01 6.949707098086568835e-02 6.458337214153770933e-01
8.979079843290165008e-02 2.097724747089089459e-01 7.668374269315576808e-02 6.237529841650335527e-01
9.176053145890207541e-02 2.396151155328150872e-01 5.580668444362391761e-02 6.128176685646589128e-01
7.730513144695258521e-02 1.781882698609874582e-01 5.273349333549144646e-02 6.917731053565686627e-01
1.066573160523918984e-01 1.748658224188896770e-01 6.715235474944147853e-02 6.513245067792770016e-01
6.413143738747416334e-02 2.138927325769585386e-01 8.797102788314381527e-02 6.340048021524234967e-01
8.248325830377761791e-02 1.741729911913648676e-01 4.561322433064830817e-02 6.977305261742091647e-01
9.799270514721909742e-02 2.303024403200901460e-01 5.870051613191303030e-02 6.130043384007776153e-01
8.371270033422753554e-02 1.802086058917017619e-01 6.951203199654291953e-02 6.665666617775277691e-01
8.546905819040234720e-02 1.761536057649631115e-01 8.574863761237298820e-02 6.526286984322614559e-01
5.997243005586289782e-02 2.033437803430106494e-01 6.653904119240591775e-02 6.701447484087205142e-01
1.125467420250132466e-01 2.100572176683648817e-01 7.825875350397504260e-02 5.991372868026467735e-01
1.042522101701987280e-01 1.706354453247748704e-01 1.237350320929771902e-01 6.013773124120491698e-01
8.334507151998779562e-02 1.866721720068247603e-01 8.616851988286286512e-02 6.438142365903245512e-01
1.092278415094925931e-01 1.877592457263586589e-01 9.128121264051868022e-02 6.117317001236299845e-01
7.448860081163469204e-02 1.998730090815833416e-01 7.595900317897988363e-02 6.496793869278021383e-01
8.032027529135096766e-02 2.204134239861668398e-01 6.180124824760917929e-02 6.374650524748730618e-01
9.049476256449473510e-02 2.035653339816336782e-01 7.358096264122289398e-02 6.323589408126487621e-01
7.327048353855337981e-02 1.793499766862290956e-01 6.231217406242591655e-02 6.850673657127916982e-01
6.278969317390371840e-02 2.325040512752282462e-01 7.909705691931472049e-02 6.256091986315532871e-01
6.223582422196617669e-02 1.581348594575404110e-01 7.907146508636449245e-02 7.005578512341288366e-01
9.010884575666264218e-02 1.813688794841952223e-01 6.778219915574264232e-02 6.607400756033995348e-01
8.280273984103693474e-02 2.274891441041698992e-01 7.477696582221632360e-02 6.149311502325767176e-01
7.671546025580341932e-02 1.607906610290472660e-01 9.187389884919060223e-02 6.706199798659586708e-01
8.576856162783555448e-02 1.627190954364562125e-01 4.411394118125434860e-02 7.073984017544537872e-01
8.702167209003408566e-02 2.149095521415761156e-01 7.946402306846189756e-02 6.186047526999279844e-01
9.598515320710096499e-02 1.826888062595320716e-01 6.363710719116105752e-02 6.576889333422059059e-01
9.762682144557266462e-02 2.045696050367221130e-01 8.554680510629214529e-02 6.122567684114129660e-01
1.076668616537449635e-01 2.383687510602152393e-01 5.343843353117373740e-02 6.005259537548659488e-01
9.108901941060058849e-02 2.115381055923949705e-01 6.151513488396274237e-02 6.358577401130416362e-01
1.057993572816045141e-01 1.759430284096605290e-01 8.475321210771638580e-02 6.335044022010185572e-01
8.243353034898269482e-02 2.090696208140150059e-01 6.734786406061708808e-02 6.411489847763851557e-01
7.291532339907590143e-02 2.108201568234679968e-01 7.541793213850979394e-02 6.408465876389463078e-01
6.295626115437388814e-02 2.012253925677310595e-01 7.619362204174466580e-02 6.596247242361503726e-01
1.010803585925691417e-01 1.603297840649870187e-01 7.086320810991635077e-02 6.677266492325274472e-01
8.572223643415638472e-02 2.143014169140965708e-01 7.934045854105743756e-02 6.206358881106894820e-01
8.940688719875188040e-02 2.284445740836299199e-01 6.987737365652181565e-02 6.122711650610964673e-01
1.221098238847647399e-01 1.685643184850659504e-01 4.576044046584518132e-02 6.635654171643240451e-01
9.415170029753293368e-02 1.948204065679405572e-01 1.250351836481685130e-01 5.859927094863581765e-01
8.542892692219283823e-02 2.065818072541031059e-01 1.096111089044462944e-01 5.983781569192576644e-01
9.348830028097138145e-02 2.136542110014456597e-01 8.730515148354750510e-02 6.055523372340355648e-01
1.090581754598493602e-01 2.825927593636797797e-01 4.484558132118696833e-02 5.635034838552838155e-01
8.630868705263794460e-02 2.092622822331600130e-01 6.712831182794162799e-02 6.373007188862604977e-01
5.740712107298663602e-02 1.932429357706318962e-01 1.122240383151747178e-01 6.371259048412066806e-01
