2.949977016365502025e-01 7.200993436458552610e-02 5.138506514797235303e-01 1.191417125191407828e-01
2.745822681400540421e-01 6.070376060164350135e-02 5.170552577822326024e-01 1.476587134760701248e-01
3.167444499927328239e-01 1.034605557142272148e-01 4.700142058037230508e-01 1.097807884893167996e-01
2.430491517997863393e-01 7.577444369893444887e-02 5.224791028913586821e-01 1.586973016099205436e-01
3.162670640836296454e-01 6.722354563812601991e-02 4.629199015181272303e-01 1.535894887601170489e-01
2.634904386236411877e-01 5.562311073104237585e-02 5.343962328528261141e-01 1.464902177924903570e-01
2.972660856373705585e-01 5.296227640830043076e-02 4.863078502408846870e-01 1.634637877134444139e-01
2.595266705131504259e-01 7.232594963652320963e-02 5.460105568400307474e-01 1.221368230102956726e-01
2.396893111914774888e-01 7.328588152736212336e-02 5.522377320249186594e-01 1.347870752562415897e-01
2.564023002925481243e-01 7.749885914477340487e-02 4.993915701969493526e-01 1.667072703657289934e-01
2.870022888545194495e-01 7.730191695026041032e-02 4.814784037946712170e-01 1.542173904005487706e-01
2.623977149418166288e-01 6.740411851133464027e-02 5.234034320110357852e-01 1.467947345358129319e-01
2.968071254872337583e-01 6.118158957324201785e-02 4.943053930844362731e-01 1.477058918550878674e-01
3.015948159065240941e-01 6.305192063596530561e-02 4.806653305639809193e-01 1.546879328935295561e-01
2.918182007495953578e-01 6.156549585438833572e-02 4.918021191684096016e-01 1.548141842276068436e-01
3.183555622189689904e-01 7.981270502009212009e-02 4.781741984030030146e-01 1.236575343579358610e-01
3.405578953592939273e-01 4.149118239961264998e-02 4.669127626173081302e-01 1.510381596237853064e-01
2.531116685404889433e-01 4.690684799533550997e-02 4.870133400659818479e-01 2.129681433981937266e-01
2.612095399765199666e-01 9.769992676888275551e-02 4.582510113416366493e-01 1.828395219129607674e-01
2.616831025088716678e-01 8.335911006004800838e-02 5.146234252750060412e-01 1.403343621560743382e-01
3.076781406863665635e-01 1.027135609700842722e-01 4.286808339972453807e-01 1.609274643463037002e-01
2.116437260474732796e-01 1.134891273345017965e-01 5.507770519801493680e-01 1.240900946378756253e-01
3.459237974985537312e-01 5.651684527353188769e-02 4.813505824868407612e-01 1.162087747410736893e-01
2.468943348661491455e-01 9.680277706058910969e-02 4.964621326435728066e-01 1.598407554296889521e-01
2.667809319353000030e-01 9.344266887689259282e-02 5.071861856552907222e-01 1.325902135325168207e-01
3.284665577919167467e-01 7.959199696799763857e-02 4.205851632540587026e-01 1.713562819860269260e-01
2.323276947775656520e-01 7.826028113793505325e-02 5.010968749046853521e-01 1.883151491798139843e-01
3.095754343111140616e-01 8.453217368581310287e-02 4.304524333917875145e-01 1.754399586112851961e-01
2.567803682420752298e-01 6.657655176381759021e-02 5.313854457801593378e-01 1.452576342139479393e-01
2.375041981660748758e-01 6.855335554221431149e-02 5.492220723102008151e-01 1.447203739815101642e-01
2.666880981284180385e-01 7.161362988780479999e-02 5.470851908021645560e-01 1.146130811816125777e-01
3.034317361016178882e-01 7.253609538102009924e-02 4.959250701867342626e-01 1.281070983306278610e-01
2.374885735493901806e-01 7.731920566445396603e-02 4.927574582139303550e-01 1.924347625722254429e-01
3.307765335320621003e-01 8.499921770302983071e-02 4.505365914394136584e-01 1.336876573254943412e-01
2.802369779249446191e-01 6.455276477377001887e-02 4.729415868674863299e-01 1.822686704337991015e-01
2.658371741710880976e-01 7.562186873969486967e-02 5.147735157049008192e-01 1.437674413843162136e-01
2.681192648678911161e-01 9.594755458243450774e-02 4.857335766462090865e-01 1.501996039034652619e-01
2.822856970955571754e-01 8.878034553548193319e-02 4.647076803591852490e-01 1.642262770097756841e-01
2.618624771176322197e-01 8.368709485812739213e-02 5.002030228593820071e-01 1.542474051648583810e-01
2.955308113467244313e-01 7.983264557974870113e-02 4.920580198016006879e-01 1.325785232719261797e-01
2.758001729129597734e-01 6.691149078741258360e-02 5.131579730531843353e-01 1.441303632464431828e-01
2.796872245930001610e-01 8.293148655162976834e-02 4.812880942589757849e-01 1.560931945963943968e-01
2.700667339738606620e-01 6.747592995810403060e-02 4.685499073856328467e-01 1.939074286824025162e-01
2.771696763999668134e-01 5.776669372472269248e-02 4.867520958973928780e-01 1.783115339779175190e-01
2.864091006382653570e-01 9.855612456278893541e-02 5.152353528694397777e-01 9.979942192950581881e-02
2.898880443524762818e-01 5.645384854983429707e-02 5.245326605553604082e-01 1.291254465423288533e-01
2.889111664234361720e-01 8.589961572838158976e-02 4.742927805049676482e-01 1.508964373432145623e-01
2.880934479305090612e-01 9.695000802983552712e-02 4.317731101875114663e-01 1.831834338521440564e-01
2.683941044193147718e-01 8.125367317256765309e-02 5.321752051803025907e-01 1.181770172278150122e-01
2.996260567812059072e-01 5.414057152456012989e-02 4.698270249153944644e-01 1.764063467788394568e-01
2.941050035846554112e-01 9.707556132465253174e-02 4.693217238176093931e-01 1.394977112730825808e-01
2.466785871883398484e-01 9.046092116918627579e-02 5.024809245407786396e-01 1.603795671016951807e-01
3.216214209696001691e-01 7.149118958202722862e-02 4.689951428030089131e-01 1.378922466453635920e-01
2.958229759455976993e-01 9.519679869071466516e-02 4.638322323645994727e-01 1.451479929990881212e-01
2.848060809419292738e-01 6.938742016243087951e-02 4.194148648120200051e-01 2.263916340836197583e-01
2.327121010177497229e-01 7.095504689825307687e-02 5.435307154768728166e-01 1.528021366071244114e-01
2.811915221338351367e-01 7.549418541544733463e-02 4.326401538540769476e-01 2.106741385966404978e-01
2.842238668320780093e-01 6.713757071509281193e-02 5.227424621739191757e-01 1.258961002789099615e-01
2.787939063440431631e-01 6.171136593034175916e-02 4.902004847069098559e-01 1.692942430187050762e-01
2.962837286266202796e-01 6.290541023931109366e-02 5.064622324158242206e-01 1.343486287182445449e-01
2.794112667915219506e-01 8.352612898990706414e-02 4.861666440057639260e-01 1.508959602128070732e-01
2.364889522197990701e-01 7.541614179990653588e-02 5.037333446526541803e-01 1.843615613276402831e-01
2.942914483634659351e-01 4.753985722720435042e-02 4.789492248084926129e-01 1.792194696008372334e-01
2.788111873335137880e-01 8.136469082853300949e-02 4.571579859899196352e-01 1.826661358480337338e-01
2.419567437431123236e-01 7.484426192520353405e-02 5.322133228662571103e-01 1.509856714654271292e-01
2.142483534480880136e-01 8.474565499831930582e-02 5.148070519189577032e-01 1.861989396346349912e-01
2.853516773427856035e-01 6.673534121944654784e-02 4.795053338390385944e-01 1.684076475987291988e-01
2.735675613428100728e-01 7.438111102563149668e-02 4.924595062418718472e-01 1.595918213896866944e-01
3.124607974339827510e-01 6.789711543326172605e-02 4.790360506333944945e-01 1.406060364993612088e-01
2.512139359133635508e-01 4.094191832606420417e-02 5.362041851908017076e-01 1.716399605697705444e-01
2.642056875203858679e-01 5.209176866918454468e-02 5.675666204635957390e-01 1.161359233468338276e-01
2.496454679556731893e-01 9.624353632365557909e-02 4.970598397409603519e-01 1.570511559797107271e-01
3.109386499168125817e-01 6.058133657214485185e-02 4.982664918941377419e-01 1.302135216169047760e-01
2.888159725792892596e-01 1.039579412989271451e-01 4.550678414773362546e-01 1.521582446444472714e-01
2.299574639734326131e-01 7.154801567109975169e-02 5.068346437139145122e-01 1.916598766415531785e-01
2.787549264095412482e-01 8.353194364451292653e-02 4.649545080137236219e-01 1.727586219322221894e-01
3.102676477780578757e-01 3.461470518935809426e-02 4.396276429186399826e-01 2.154900041139442279e-01
2.519942917805729765e-01 8.656925353678510127e-02 4.858978944071487560e-01 1.755385602754930552e-01
2.690282738910175775e-01 4.075902413950500264e-02 4.708313716487905198e-01 2.193813303206867960e-01
2.766772888576419787e-01 6.051779274761948796e-02 4.705723103313677047e-01 1.922326080633708079e-01
2.698823138691647805e-01 5.293897064923586138e-02 4.981835887744364699e-01 1.789951267071628049e-01
2.797166673116357472e-01 5.508716103216623750e-02 4.801191807973693160e-01 1.850769908588287271e-01
3.172132899261295158e-01 7.285667880249707684e-02 4.424719820372255974e-01 1.674580492341479210e-01
2.666154899198426298e-01 1.066409750872437390e-01 4.730135258464482351e-01 1.537300091464653684e-01
2.670566237109913144e-01 8.630765830823299012e-02 5.202503093611754448e-01 1.263854086196002924e-01
3.208137667281157901e-01 7.168615005249279193e-02 4.618951582578911252e-01 1.456049249615004038e-01
2.924859279105200827e-01 7.149389723140307795e-02 4.949247163146904827e-01 1.410954585433863429e-01
2.675131067720806777e-01 1.024579832057954804e-01 4.826233414647184694e-01 1.474055685574053309e-01
2.515148375211540555e-01 3.999511712135113417e-02 5.264276750135131744e-01 1.820623703439815388e-01
2.995463785827650605e-01 6.295834282533893655e-02 5.010141122487307141e-01 1.364811663431654276e-01
2.699068568774173338e-01 6.189170023096029344e-02 5.109277561695317882e-01 1.572736867220906054e-01
2.573435561960382145e-01 4.793058956611580268e-02 5.175288727492983742e-01 1.771969814885476502e-01
2.753524516083885598e-01 6.374540686420235303e-02 4.843524115443424982e-01 1.765497299830667555e-01
2.713609590654602610e-01 6.663020855773968409e-02 5.068676106855776187e-01 1.551412216912224362e-01
2.595785014655989098e-01 6.430196434667598271e-02 5.449952764472457689e-01 1.311242577404793941e-01
2.914656203022082948e-01 1.051165411724412080e-01 4.374310126788624187e-01 1.659868258464880508e-01
2.436070080560697182e-01 8.212299627520965040e-02 4.794930057505810139e-01 1.947769899181396314e-01
2.235766284457029462e-01 6.329682144546693034e-02 5.698438014221458570e-01 1.432827486866841693e-01
3.124924849949052286e-01 7.372958504499313448e-02 4.916853927134501312e-01 1.220925372466514086e-01
2.291085549753522910e-01 1.057047938710645174e-01 5.546754819898525035e-01 1.105111691637307714e-01
2.535028944499272407e-01 9.920543902867458297e-02 5.134140235271801300e-01 1.338776429942180601e-01
3.385547052431284176e-01 5.867850372730219061e-02 4.352479461105251968e-01 1.675188449190440354e-01
2.570440537595338193e-01 7.540717448961384295e-02 5.301987633265193844e-01 1.373500084243328978e-01
2.464260462471639934e-01 8.731863980056016328e-02 5.377241730587676294e-01 1.285311408935082833e-01
3.152325676005297561e-01 8.371820714679323316e-02 4.446381449201783354e-01 1.564110803324987031e-01
2.942596745484360454e-01 5.345554467899436141e-02 4.794916856579963249e-01 1.727930951145732474e-01
2.896476184357041905e-01 9.008988129110652443e-02 4.366243524346832272e-01 1.836381478385060995e-01
2.628602130565731443e-01 4.355590219695527204e-02 4.882261334208691794e-01 2.053577513256024112e-01
3.283305522977504332e-01 5.538789514835116418e-02 4.820981015720909313e-01 1.341834509818075338e-01
2.995345795735986916e-01 8.698742660103360447e-02 4.440550647931704176e-01 1.694229290321971892e-01
2.252359235918300340e-01 1.001116791105211151e-01 4.936239413195640524e-01 1.810284559780847291e-01
2.213520582639662282e-01 7.178570269867554088e-02 5.306117254338086342e-01 1.762505136035495967e-01
2.755417717431337121e-01 7.818782609472768597e-02 4.783687183025235323e-01 1.679016838596150418e-01
2.937015082681599387e-01 7.459838838716094378e-02 4.797415273943224090e-01 1.519585759503568057e-01
2.568689684941323215e-01 7.232841661368588637e-02 5.038646117727212381e-01 1.669380031194605263e-01
3.220301417044252879e-01 8.145964152123164048e-02 4.488652891305356385e-01 1.476449276438075164e-01
2.900872778641225280e-01 7.831738892682722775e-02 5.100709345167353526e-01 1.215243986923149055e-01
2.390947094214252999e-01 6.276729573777557747e-02 5.461156161016926802e-01 1.520223787391065118e-01
2.832902065738073794e-01 6.853082646834125768e-02 5.203996796315797368e-01 1.277792873262717510e-01
2.907085612429576305e-01 7.897718889388211094e-02 4.891159910850937931e-01 1.411982587780664655e-01
2.338319201882640419e-01 5.944149406845234546e-02 5.633292296136397370e-01 1.433973561296438826e-01
2.430966099329282815e-01 6.199883160105892910e-02 5.257670861048776567e-01 1.691374723611350495e-01
2.761739486464737658e-01 4.635944744902548847e-02 5.102247689743545367e-01 1.672418349301462437e-01
2.747467330979930789e-01 6.745759540385466713e-02 5.248634448271696229e-01 1.329322266709827005e-01
3.227910718048404570e-01 5.576527102540754927e-02 4.815434905460893034e-01 1.399001666236626140e-01
2.789142747511853537e-01 6.198420806535835659e-02 5.239692649741239938e-01 1.351322522093321987e-01
3.718093981776335877e-01 7.747021875469892183e-02 4.130536292865388259e-01 1.376667537811285258e-01
2.187023948955810759e-01 1.251658591767836615e-01 5.246768122865265171e-01 1.314549336411088010e-01
2.628844297167700073e-01 7.399902405766010938e-02 4.892189675159923090e-01 1.738975787095775327e-01
2.694624280194427568e-01 6.361060447980962373e-02 5.136909230959916250e-01 1.532360444047560499e-01
2.776712010525196894e-01 8.349027177526506527e-02 4.758577417942686516e-01 1.629807853779464411e-01
3.248608912256076842e-01 4.604899581356566157e-02 4.554606531360907429e-01 1.736294598247359044e-01
2.229703027157644568e-01 1.357311023652329474e-01 4.710867806920887579e-01 1.702118142269137824e-01
3.018358438545459266e-01 5.896166904876948972e-02 4.911592790436966616e-01 1.480432080529879846e-01
2.755510870304695437e-01 7.079954896165824296e-02 4.609710574625793811e-01 1.926783065452928323e-01
2.762966519537163324e-01 6.819026846716776113e-02 4.814959964700542550e-01 1.740170831090618320e-01
3.109255737522861884e-01 7.550633372872168902e-02 4.405317336698152952e-01 1.730363588491769244e-01
2.771013415284893644e-01 6.875567404026734775e-02 4.853010102763860023e-01 1.688419741548571884e-01
2.627934220769388984e-01 9.227703244933689597e-02 4.571116467920823268e-01 1.878178986816418372e-01
2.612076828574300125e-01 7.085737078863593719e-02 5.420076332660259677e-01 1.259273130879082214e-01
2.693176797000138567e-01 6.274555752520193097e-02 4.945023532617233153e-01 1.734344095130606889e-01
2.744910477588363706e-01 7.414272467605759198e-02 4.617874958385925210e-01 1.895787317265135441e-01
2.581450067650468694e-01 7.066507358222851032e-02 5.129918524476242414e-01 1.581980672051005177e-01
2.608587156352991654e-01 7.700732438448040784e-02 5.094442212851929552e-01 1.526897386950275270e-01
2.963031112968551595e-01 1.042557065737392402e-01 4.632558864757465034e-01 1.361852956536590553e-01
2.440334475456110708e-01 7.531820914101601538e-02 5.471708485735119476e-01 1.334774947398609801e-01
2.855086601149651182e-01 1.276103704440443853e-01 4.287630373023421093e-01 1.581179321386483871e-01
2.926881859413221765e-01 6.637392636351895081e-02 4.885050532443546145e-01 1.524328344508040778e-01
2.542573061371448673e-01 7.995299416191771480e-02 5.296024993103105594e-01 1.361872003906266781e-01
2.237347318932075280e-01 4.255920797291459778e-02 5.675829347868525110e-01 1.661231253470252800e-01
2.805359021675689624e-01 5.349516466445676521e-02 4.723234675563230955e-01 1.936454656116511630e-01
3.337605213529735160e-01 6.137051214847526887e-02 4.797363870583472023e-01 1.251325794402040892e-01
2.923767040851188437e-01 8.586716620317441651e-02 4.371081727856026000e-01 1.846479569261040843e-01
2.925399088704379591e-01 8.244280699004345736e-02 4.564187148255574589e-01 1.685985693139611385e-01
2.972131305425093628e-01 6.757785082720117742e-02 5.030973861414100856e-01 1.321116324888793325e-01
2.244705749626141056e-01 7.940615019192813484e-02 5.652972290427070723e-01 1.308260458027505346e-01
2.873416912512873345e-01 8.295432126430131448e-02 4.542317358731748911e-01 1.754722516112362796e-01
2.873630981687348984e-01 7.740036251151108382e-02 4.604283460725038801e-01 1.748081932472502764e-01
2.298227800507304797e-01 8.288788909074308597e-02 5.203702864619843549e-01 1.669190443965421489e-01
2.480338666496018918e-01 7.090180780603942690e-02 4.708739365906531305e-01 2.101903889537055925e-01
2.792581900226415725e-01 8.003987619191979541e-02 5.103665598619905319e-01 1.303353739234480724e-01
3.131794137409066869e-01 7.142884186436866678e-02 4.582951634032374488e-01 1.570965809914872668e-01
2.894675486080330318e-01 4.629322639459415578e-02 5.312764634386683005e-01 1.329627615587045120e-01
2.812643916608155159e-01 1.075510464400503685e-01 4.644959506341549416e-01 1.466886112649791740e-01
2.410589275984759972e-01 6.602290409247878189e-02 5.186564891274574318e-01 1.742616791815877475e-01
3.209936761519707193e-01 7.242223974369649264e-02 4.677066116603409984e-01 1.388774724439917896e-01
2.718931403469002639e-01 6.920356166716648549e-02 4.868306060978659366e-01 1.720726918880673695e-01
3.115816290244002307e-01 8.780510663544489891e-02 4.810769057430173135e-01 1.195363585971375431e-01
2.862430534380774882e-01 6.760650357270689415e-02 4.840085649352129371e-01 1.621418780540026250e-01
2.424225056738713024e-01 9.041684944887704023e-02 4.798653300514135189e-01 1.872953148258381939e-01
2.723205686281704452e-01 7.673264293542793324e-02 4.792912428433136474e-01 1.716555455930878771e-01
2.839714021376742448e-01 8.026966336581885242e-02 4.617595918173105773e-01 1.739993426791963949e-01
2.598533791152945471e-01 9.999533296818345629e-02 5.149551398630052290e-01 1.251961480535166149e-01
2.756184312005742210e-01 6.267454905373502638e-02 5.195287549527716209e-01 1.421782647929190069e-01
3.337598922227925646e-01 5.479227563772302162e-02 4.549458212672308211e-01 1.565020108722534886e-01
2.739895479261577615e-01 8.658742172387222380e-02 4.889671573724229114e-01 1.504558729775471726e-01
2.294230631465013770e-01 7.732584677161588593e-02 5.159254592499525893e-01 1.773256308319301755e-01
3.101543602707636516e-01 7.287705348524875504e-02 4.676792809125247530e-01 1.492893053314628404e-01
3.094596224497526693e-01 6.436372377680461832e-02 4.561567615180077140e-01 1.700198922554349568e-01
2.711669892492220013e-01 4.414263086457477503e-02 5.446035559091276790e-01 1.400868239770757806e-01
2.979492762811360995e-01 1.006834549178040744e-01 4.776742074304339281e-01 1.236930613706259674e-01
2.228352183180513646e-01 5.468529614445262477e-02 5.666027718926607282e-01 1.558767136448352131e-01
3.136401111708587708e-01 4.994278190203075424e-02 4.857968988832071511e-01 1.506202080439033586e-01
2.253862899484578020e-01 8.419788302565942018e-02 4.466206613352975419e-01 2.437951656905852360e-01
2.807937719532840326e-01 7.715842797272015607e-02 5.004236948148852449e-01 1.416241052591104554e-01
3.319874757744308291e-01 7.419937175982752042e-02 4.354501500106431333e-01 1.583630024550984616e-01
2.655487371317436507e-01 8.108315615797564990e-02 5.029733825089166555e-01 1.503947242013641550e-01
2.775556447445043928e-01 9.342949789575148711e-02 4.585980705656252931e-01 1.704167867941188408e-01
2.850619422407257297e-01 5.348396624488004764e-02 5.065251038013387497e-01 1.549289877130554660e-01
2.683144937760481574e-01 6.836367732332918057e-02 5.127627909329418587e-01 1.505590379676808033e-01
2.617625125193991931e-01 8.353349262565261391e-02 5.041037036968220031e-01 1.506002911581261761e-01
2.408726442409760138e-01 7.255512037446551488e-02 5.006276916165348645e-01 1.859445437680235513e-01
2.899080397962186528e-01 7.323710956201597011e-02 4.925015957669352518e-01 1.443532548748302224e-01
2.592818197121999901e-01 9.422932406822680240e-02 5.002121279099390749e-01 1.462767283096341742e-01
2.861838956815822566e-01 1.097747858512669733e-01 4.516152072917701821e-01 1.524261111753804632e-01
2.581923500117026538e-01 1.141264321816117810e-01 4.914819977366291504e-01 1.361992200700564426e-01
2.756413761013855601e-01 5.564795047155216695e-02 5.180871712687595831e-01 1.506235021583027522e-01
2.391308468214708161e-01 6.585116503817839417e-02 5.338478711202589988e-01 1.611701170200917077e-01
2.674526877889930598e-01 6.140161142940860767e-02 5.193170821356203337e-01 1.518286186459779918e-01
2.529558290065459514e-01 5.615400514421158701e-02 5.496190830015830198e-01 1.412710828476594349e-01
2.561503290473621242e-01 9.552059339463821186e-02 5.279650896578609309e-01 1.203639879001388024e-01
2.839826503982949557e-01 4.649357173187184528e-02 4.818906467668130356e-01 1.876331311030201010e-01
2.564170027378654959e-01 8.426652153044875138e-02 4.865293912489282446e-01 1.727870844827575914e-01
2.376711734630082007e-01 6.954326594057579081e-02 5.349220570500720084e-01 1.578635035463439584e-01
2.384101326182976877e-01 5.612575410330542663e-02 5.433427013082851031e-01 1.621214119701115952e-01
2.546330184906414607e-01 6.713557230783195884e-02 4.961366680616204339e-01 1.820947411399061466e-01
2.693675468600490452e-01 7.600909091968229003e-02 5.081600514753921161e-01 1.464633107448766181e-01
3.144532121470872688e-01 5.697769706750095697e-02 4.723130164528561714e-01 1.562560743325556167e-01
3.374360470649385157e-01 7.383275308293811567e-02 4.761304447907834803e-01 1.126007550613399855e-01
3.210715382057145462e-01 1.041177284591929680e-01 4.343235179475681274e-01 1.404872153875242891e-01
2.042844280477288388e-01 9.740282180798748302e-02 4.977747823792560422e-01 2.005379677650274695e-01
2.669733693507196359e-01 6.745956420395991804e-02 5.035027723133495003e-01 1.620642941319707930e-01
2.297515749595573087e-01 9.588360912705873318e-02 5.236613024961356277e-01 1.507035134172483304e-01
2.863189198471129404e-01 7.436051340855137637e-02 4.834806968465074073e-01 1.558398698978281649e-01
2.600654836908596335e-01 7.228162577104205178e-02 5.195772027449119257e-01 1.480756877931862781e-01
2.580467028169065591e-01 7.155047531260406990e-02 5.009255412636913762e-01 1.694772806067981474e-01
2.863666355204347314e-01 5.187818833684854081e-02 5.016398206770874557e-01 1.601153554656292721e-01
2.889252879961068943e-01 9.979372382897813698e-02 4.400834545821712407e-01 1.711975335927436170e-01
3.156310188917563764e-01 7.866076971378671567e-02 4.388791967064541999e-01 1.668290146880027358e-01
2.668443129052229246e-01 7.733919510288268795e-02 5.536322989457541643e-01 1.021841930461402925e-01
2.630996902857053454e-01 5.363368192025765036e-02 4.691532026471592065e-01 2.141134251468778116e-01
3.118557649685924638e-01 6.427388211000206741e-02 4.876923525663335868e-01 1.361780003550716878e-01
2.568003765261359095e-01 7.795700393873394862e-02 5.453980269282137083e-01 1.198445926069165862e-01
2.669722226962736311e-01 9.190038478891073004e-02 4.934577963337907769e-01 1.476695961810249591e-01
2.838298767342763429e-01 6.862995706707185339e-02 5.098360118867065749e-01 1.377041543119454925e-01
2.485775577142374515e-01 4.730541927509316485e-02 5.419993445280915090e-01 1.621176784825778538e-01
2.537421947898532149e-01 5.549421644223316574e-02 5.085738233224449401e-01 1.821897654454687765e-01
2.785016201215580467e-01 5.249149948072294458e-02 5.047398153032552903e-01 1.642670650944638433e-01
2.631753908248062879e-01 7.065458482326802958e-02 5.229860454636923173e-01 1.431839788882333930e-01
2.477780331333258035e-01 7.639727015097234897e-02 5.095875839838058807e-01 1.662371127318960362e-01
2.594366816742892379e-01 7.743000263931473781e-02 5.029012454694734569e-01 1.602320702169225120e-01
2.557277629465352642e-01 7.576486629025941388e-02 4.903201715296182650e-01 1.781871992335870847e-01
2.477288184107657443e-01 7.267079856529572168e-02 5.021934371476620695e-01 1.774069458762764784e-01
2.808604251674704511e-01 6.496421216695973111e-02 4.886974706082412578e-01 1.654778920573286294e-01
2.538699742047943464e-01 7.486729164188013486e-02 4.657706117465981732e-01 2.054921224067272900e-01
2.937540313883780785e-01 7.444940220040188739e-02 4.662413279044290704e-01 1.655552385067908527e-01
2.602427506537608459e-01 7.266800088465943941e-02 5.490264135130193957e-01 1.180628349485601941e-01
2.802192398304215182e-01 8.961362342337776676e-02 5.097837439970767104e-01 1.203833927491239630e-01
2.312596617129942800e-01 1.025614314782982844e-01 5.268668921578734121e-01 1.393120146508340651e-01
3.079911787720447380e-01 7.258781124197491441e-02 4.811973878267710170e-01 1.382236221592094139e-01
2.775410981826957890e-01 1.168350654599657062e-01 4.319028862748989783e-01 1.737209500824395958e-01
2.536872865032899216e-01 6.477203755090076009e-02 5.420040234197319728e-01 1.395366525260773594e-01
2.604437363196990818e-01 6.549018005210428817e-02 4.976817729204464635e-01 1.763843107077501249e-01
3.031152593843756127e-01 5.632979466610252978e-02 5.021402754229467025e-01 1.384146705265751620e-01
2.930242497975785732e-01 5.874145868861883890e-02 4.938025039394162152e-01 1.544317875743864699e-01
2.775051260678070286e-01 7.357777028440676270e-02 4.678276725788267920e-01 1.810894310689593611e-01
2.878003136272875295e-01 6.124422471822445202e-02 5.113341985716199911e-01 1.396212630828681800e-01
2.555523156365441251e-01 1.120215335408287355e-01 4.750609826295000282e-01 1.573651681931270974e-01
2.489987515350442771e-01 7.734819014075798582e-02 5.655932859874086560e-01 1.080597723367891644e-01
2.929685686780726939e-01 8.179884838428892746e-02 4.741010349624202314e-01 1.511315479752181612e-01
2.161081850558875250e-01 6.576861455223341479e-02 5.169155376824583481e-01 2.012076627094207260e-01
2.791098978146530074e-01 7.638686378287239120e-02 4.760361616094822557e-01 1.684670767929923041e-01
2.382074452094507244e-01 5.507374237058031141e-02 5.289447678327443558e-01 1.777740445872246777e-01
2.454009583396892236e-01 5.140008698747811078e-02 4.983888860287729039e-01 2.048100686440598728e-01
2.978640313921402938e-01 8.583647603970194495e-02 4.886335834013216251e-01 1.276659091668360113e-01
3.123353328333868251e-01 4.928334318032721179e-02 4.757470388421927709e-01 1.626342851440932824e-01
2.936967197672263330e-01 6.088701755942038663e-02 4.771763796983595762e-01 1.682398829749937319e-01
2.313474016376785847e-01 8.929926753023326169e-02 5.044828219942812941e-01 1.748705088378068317e-01
2.451471878563063478e-01 5.835294856954460069e-02 4.931974345166256213e-01 2.033024290575233817e-01
2.508812748533923442e-01 7.622468965187539913e-02 5.424706926807850715e-01 1.304233428139472128e-01
2.533324599169587965e-01 7.450333704951019043e-02 4.967707048099569422e-01 1.753934982235741125e-01
2.997592064158484115e-01 8.624889553957269805e-02 4.521129378157606737e-01 1.618789602288182583e-01
2.500859705279678269e-01 6.111266162801531898e-02 5.481250947861207035e-01 1.406762730578960952e-01
3.047466878132758517e-01 8.805175201992514189e-02 4.636063719215222090e-01 1.435951882452767836e-01
2.802019228797817396e-01 7.109475694867713191e-02 4.522131181750483897e-01 1.964902019964926971e-01
3.118731372587951745e-01 5.403178971010829529e-02 4.934315748020630665e-01 1.406634982290335678e-01
2.325357716076157377e-01 7.647746664884291778e-02 5.291007939338180366e-01 1.618859678097233634e-01
2.822091800593591326e-01 7.536632280233489245e-02 4.988604492255923062e-01 1.435640479127136826e-01
2.874687556433083713e-01 6.904091289947537902e-02 4.945818386591724347e-01 1.489084927980438566e-01
3.112817211073117263e-01 5.674974457444792453e-02 4.997398923516815916e-01 1.322286419665586188e-01
2.761999723928619255e-01 8.805379229694104692e-02 4.566607086241947777e-01 1.790855266860022499e-01
2.590126198181891271e-01 5.921078144678296878e-02 5.071248245895114692e-01 1.746517741455163031e-01
2.506031647353690328e-01 8.618430599076856713e-02 5.295079676215036502e-01 1.337045616523587499e-01
2.289694348770684174e-01 7.335442430560822069e-02 5.385820637846090442e-01 1.590940770327142484e-01
2.909196002487456356e-01 5.748259016810826350e-02 4.817250411182002479e-01 1.698727684649457836e-01
2.615200416605817368e-01 5.865487065023565483e-02 4.845231591580879682e-01 1.953019285310946818e-01
2.278006569919346358e-01 8.657688190478667056e-02 5.229918271143511044e-01 1.626306339889276864e-01
2.636963515211498965e-01 8.269022372167995905e-02 4.899621385045735411e-01 1.636512862525965617e-01
2.632509621482597706e-01 8.271120041395556288e-02 4.640335986742871177e-01 1.900042387634976182e-01
3.060586691704990092e-01 7.020863978067462541e-02 4.514140860639516695e-01 1.723186049848748624e-01
2.724602316141072067e-01 6.802963279171560240e-02 4.845246162978559257e-01 1.749855192963213346e-01
2.341932135930208381e-01 6.245814524786959254e-02 5.010550437134460022e-01 2.022935974456634978e-01
2.639582498789522780e-01 5.330357377486449194e-02 4.696658609596020550e-01 2.130723153865811126e-01
2.422825163484449429e-01 5.022107508256368896e-02 5.304567243960138789e-01 1.770396841729776072e-01
2.542092983205623824e-01 7.694271198993521410e-02 5.139203121684902120e-01 1.549276775210121637e-01
2.386781415267536233e-01 8.398715704771503310e-02 5.199320583026989517e-01 1.574026431228323919e-01
2.457695693803831072e-01 5.589208602051742858e-02 5.282896464695764349e-01 1.700486981295230848e-01
2.923521761798195118e-01 7.803737464776892840e-02 5.070668589025132400e-01 1.225435902698984031e-01
2.988195492529109321e-01 4.898533857898783317e-02 5.150889890881151789e-01 1.371061230799860697e-01
2.314673934338515593e-01 7.152653588406708562e-02 5.296764283899150216e-01 1.673296422921664306e-01
2.445790261249497499e-01 4.767155854419816152e-02 5.504490525939247370e-01 1.573003627369274071e-01
2.576010686088867629e-01 8.759384787655027926e-02 4.831495287299214514e-01 1.716555547846414786e-01
2.959573883748098933e-01 7.944320083479543271e-02 4.756413010512304806e-01 1.489581097391641795e-01
2.283224980951227556e-01 1.182754754557908405e-01 5.097916264435421452e-01 1.436104000055442864e-01
2.460789739597977477e-01 8.080381236108673260e-02 4.912513045351435959e-01 1.818659091439718267e-01
2.816761216904253851e-01 9.003338557054500757e-02 4.783545446173280702e-01 1.499359481217014400e-01
2.859984201176854479e-01 8.067842697387946072e-02 4.744169639078285594e-01 1.589061890006064626e-01
3.057002592157403442e-01 5.026777401106358178e-02 4.753855206253537746e-01 1.686464461478423271e-01
2.790278092328033477e-01 7.778884190681376043e-02 4.532472807656438007e-01 1.899360680947390911e-01
2.680113327100549503e-01 7.066597243063675593e-02 5.233986552983805884e-01 1.379240395609276637e-01
2.396034355943085226e-01 6.484655542768524850e-02 5.340029410854503222e-01 1.615470678925560177e-01
2.556706791586100813e-01 8.498921820633439927e-02 5.045297060971341008e-01 1.548103965379213909e-01
3.386324883397570096e-01 6.829173268363751548e-02 4.608768102337842398e-01 1.321989687428213045e-01
2.739351448404160894e-01 5.509554766234764367e-02 4.838974520045171701e-01 1.870718554927190413e-01
2.771572491456012477e-01 4.934737981195390366e-02 4.877942579467760553e-01 1.857011130956688072e-01
3.126301475063223423e-01 5.943465249864896688e-02 4.613221215827835175e-01 1.666130784122451802e-01
2.383743317845456733e-01 7.288073264213675018e-02 5.123974626600190652e-01 1.763474729132984697e-01
3.056967224193827826e-01 7.062841577707540397e-02 4.814719288344904702e-01 1.422029329690512045e-01
3.021336738973323111e-01 5.631132698280434667e-02 4.602552172668645802e-01 1.812997818529987759e-01
3.115124729779175650e-01 5.367680440903516842e-02 4.882771765032264955e-01 1.465335461098206393e-01
3.062776964999373019e-01 4.916999811204457449e-02 4.983246046971014365e-01 1.462277006909167287e-01
2.435860943078740903e-01 9.140675137727727328e-02 4.729020856983441878e-01 1.921050686165044763e-01
2.938874069687984480e-01 8.201870110720337059e-02 4.795483635430870528e-01 1.445455283809110592e-01
2.639594287088449787e-01 8.201897954942978519e-02 5.027544431511618006e-01 1.512671485905633939e-01
2.645889787116195158e-01 8.246756848774733362e-02 5.031873602790889466e-01 1.497560925215442318e-01
3.012598773926330464e-01 5.647678098430203991e-02 4.797559223125919536e-01 1.625074193104728837e-01
3.074979043013298385e-01 8.160601165556889691e-02 4.812726837428635829e-01 1.296234003002374735e-01
2.751591098322889173e-01 6.150235669126902921e-02 4.990468067124541052e-01 1.642917267639880108e-01
2.571177680508925367e-01 4.604863274645189242e-02 5.035798690125894428e-01 1.932537301900659754e-01
3.131662586860269881e-01 8.559310512489078093e-02 4.787111976180986050e-01 1.225294385709835565e-01
2.767315718656421231e-01 9.078782931526803435e-02 4.568647481837376789e-01 1.756158506353521775e-01
2.458200166070423631e-01 4.706201436906701230e-02 5.472707505210802070e-01 1.598472185028104731e-01
2.582852445835531752e-01 5.133670173707709922e-02 4.947022825549654002e-01 1.956757711244044018e-01
3.096796236791858892e-01 6.641901158948952666e-02 4.827738799562764083e-01 1.411274847750479400e-01
3.038051546931540003e-01 6.939159996343859105e-02 5.111677042858262521e-01 1.156355410575813786e-01
2.599846844816606217e-01 6.549248899624693365e-02 5.188030070785880632e-01 1.557198194435043259e-01
2.507224736466435178e-01 7.309483718038030375e-02 5.254553852448323736e-01 1.507273039281438742e-01
2.722830921630595147e-01 8.920271080700462041e-02 4.723347896494308196e-01 1.661794073805049343e-01
3.309992470149902832e-01 7.245802858604502572e-02 4.568664348628101446e-01 1.396762895361544354e-01
2.961796196988051855e-01 7.055123895385086163e-02 5.065023239081282158e-01 1.267668174392159453e-01
2.587304893632744185e-01 9.378208197541985924e-02 5.114279641451935365e-01 1.360594645161121996e-01
2.923801289402102044e-01 7.511204327837697758e-02 4.499087301197909339e-01 1.825990976616218286e-01
2.859478274921755103e-01 8.615393803427821851e-02 4.673743453244713075e-01 1.605238891490748665e-01
2.759066963667518579e-01 5.906752941097974385e-02 5.360814602665260331e-01 1.289443139557424900e-01
3.176049681216634446e-01 6.517869209854135204e-02 4.612639848238075935e-01 1.559523549559875821e-01
2.336783703511110533e-01 7.645267912773484609e-02 4.826937989062777823e-01 2.071751516148763461e-01
2.747201740822631799e-01 6.417347574245046982e-02 4.886926730587854983e-01 1.724136771165007409e-01
2.435774600258963918e-01 1.080210434813190651e-01 5.330024558803594381e-01 1.153990406124252854e-01
2.856367085964641728e-01 4.968648723513330312e-02 5.304349675303540179e-01 1.342418366380483119e-01
2.875006329841160446e-01 4.766575650185046059e-02 5.003294366387285308e-01 1.645041738753049987e-01
2.364313510702340526e-01 7.913015265482320482e-02 4.912700593194507803e-01 1.931684369554919345e-01
2.898725769988909629e-01 7.106841823644795275e-02 5.249295130911920682e-01 1.141294916734688497e-01
2.961076964583564952e-01 8.559927402697407872e-02 4.563847386646491255e-01 1.619082908500202866e-01
2.664565844925879667e-01 5.861198963347681590e-02 5.116966134397867849e-01 1.632348124341484741e-01
2.249546408837947709e-01 6.754364302742635329e-02 5.302304781727967820e-01 1.772712379159819551e-01
2.990346849547961816e-01 8.280676041948541177e-02 4.782237393051452234e-01 1.399348153205731693e-01
3.087656043909819403e-01 4.391040823531491832e-02 5.032964349336104259e-01 1.440275524400927154e-01
2.306151486444451282e-01 8.630843005432949078e-02 5.454600003344008963e-01 1.376164209668245819e-01
3.144612010131448421e-01 8.257621493532349422e-02 4.335101953238668648e-01 1.694523887276648821e-01
2.910497487397155636e-01 6.325338332311949974e-02 4.820994096819163910e-01 1.635974582552486012e-01
3.025452872875952770e-01 7.358658325572989267e-02 4.534816335702502310e-01 1.703864958864245160e-01
2.584616704856321223e-01 5.930901476161106606e-02 4.879802683507841188e-01 1.942490464019727137e-01
3.573204811434835815e-01 5.446523085303312667e-02 4.192272633166208573e-01 1.689870246868624970e-01
2.616711738872360415e-01 5.163569328444046758e-02 5.490507095316351505e-01 1.376424232966882988e-01
2.750222518502667968e-01 6.056629612537137858e-02 5.041618852458940037e-01 1.602495667784679390e-01
2.610866315334792742e-01 8.627199445667696476e-02 4.677691067352884868e-01 1.848722672745553297e-01
2.415566682325922254e-01 5.640075577241748794e-02 5.473965244008026643e-01 1.546460515941875669e-01
3.119851866422189701e-01 7.461196703243017092e-02 4.384874360494823153e-01 1.749154102758684881e-01
2.975043434612386073e-01 8.124533377389281386e-02 4.911976591465890829e-01 1.300526636182796347e-01
2.559363585029614252e-01 8.060722175457800398e-02 4.557216307036239811e-01 2.077347890388367146e-01
2.802426198350115305e-01 6.768806450736629399e-02 5.243196234629288188e-01 1.277496921946933983e-01
2.899650583832308892e-01 5.460469608955379611e-02 5.299689652790087191e-01 1.254612802482066025e-01
2.626704235003205490e-01 7.278337923772318363e-02 4.965649565855789760e-01 1.679812406763774024e-01
2.547807293410967455e-01 6.491470888665772099e-02 5.251818713828074747e-01 1.551226903894381282e-01
2.937470682102196751e-01 4.524116726450336939e-02 4.790814774070168980e-01 1.819302871182600090e-01
2.915594474108935685e-01 6.138174702503349650e-02 5.143574261541616899e-01 1.327013794099111688e-01
2.532461652614391712e-01 6.394491370455233914e-02 5.157331762196794012e-01 1.670757448143289359e-01
2.713415862166567716e-01 7.452963458733211088e-02 4.853689550946403974e-01 1.687598241013706091e-01
2.544576294148688800e-01 9.302184069067630234e-02 4.962898744572086240e-01 1.562306554372462075e-01
2.485898423418748671e-01 7.603933015696900943e-02 5.298631161266781353e-01 1.455077113744779604e-01
2.331280577703598866e-01 9.984578880086589225e-02 5.284924627370407579e-01 1.385336906917335187e-01
2.532655231578015420e-01 7.142384827451003781e-02 5.182023256470367212e-01 1.571083029206517268e-01
2.716955333281486085e-01 7.679596010956422913e-02 4.885293559254003104e-01 1.629791506368868104e-01
2.906872155277047676e-01 5.282282815903449613e-02 4.957109797959449171e-01 1.607789765173157359e-01
2.887957916363256272e-01 8.723052029846270483e-02 4.968268420304571276e-01 1.271468460347543183e-01
3.060824948556700731e-01 7.279643694175416679e-02 4.760992558638222349e-01 1.450218123387535252e-01
2.756222077809746818e-01 5.667644443485009287e-02 5.278774928141004574e-01 1.398238549700746847e-01
2.717147718935111200e-01 7.873385992222969865e-02 4.513419020058010434e-01 1.982094661784581380e-01
2.977884611788987890e-01 8.448708665166528020e-02 4.720839587801362036e-01 1.456404933892997411e-01
3.853236493762143278e-01 6.245125909240983181e-02 4.149920746115260961e-01 1.372330169198497096e-01
2.512452817883228939e-01 6.053839087863162327e-02 5.205986930968848903e-01 1.676176342361605232e-01
3.138082799778919019e-01 4.689379069325069066e-02 4.939431104855128152e-01 1.453548188433447519e-01
2.534112338146437549e-01 9.702133091398207343e-02 4.851827410720733758e-01 1.643846941993007960e-01
2.858107731414028518e-01 7.945334819250023106e-02 5.025077983944635784e-01 1.322280802716332970e-01
3.087826207067762563e-01 8.547919665753631047e-02 4.658391686663659326e-01 1.398990139693216672e-01
3.149932778796075139e-01 5.701297224176288952e-02 4.873009833130834134e-01 1.406927665655461901e-01
2.976903222976461927e-01 6.955031645472997681e-02 4.781791198595263803e-01 1.545802413880975335e-01
2.336973210956687919e-01 8.422355737385853192e-02 5.408083648415166200e-01 1.412707566889560007e-01
2.878884418665672573e-01 6.887319355364460161e-02 4.951482409699818898e-01 1.480901236098061957e-01
2.399497813089642717e-01 8.936196464157653008e-02 5.007178888335731548e-01 1.699703652158860434e-01
2.973056239635192277e-01 7.915119705664842853e-02 4.650875185562816094e-01 1.584556604235507205e-01
2.910008538998797301e-01 6.362844166890048447e-02 4.992914055330540113e-01 1.460792988981658158e-01
2.597274938622024520e-01 7.125725076400590829e-02 5.071115258122246283e-01 1.619037295615670669e-01
3.194579173114065473e-01 6.781991216647373366e-02 4.701946578798225085e-01 1.425275126422971550e-01
2.592049912458775363e-01 8.167947852400457565e-02 4.919311020630483533e-01 1.671844281670694654e-01
2.674285426642518670e-01 6.548386799155377080e-02 4.519782295993606258e-01 2.151093597448337502e-01
2.407453331348415881e-01 5.540833036752623036e-02 5.202549602836720188e-01 1.835913762139601557e-01
2.974701471933318131e-01 4.390814426026865003e-02 4.746051853089279793e-01 1.840165232374714188e-01
2.519579432421661380e-01 9.069174295775843386e-02 4.839247618431992692e-01 1.734255519568760340e-01
2.812042456688652603e-01 8.655386471698793549e-02 4.923602055295083768e-01 1.398816840846384413e-01
