2.144186316978642370e-01 1.607922996151156872e-02 4.036606054752760464e-01 3.658415328653480958e-01
1.863308135267664478e-01 1.204824097816374617e-02 4.299252315055717144e-01 3.716957139894979667e-01
2.207126969484133894e-01 1.846441866949295740e-02 4.070753728453706533e-01 3.537475115367229028e-01
1.808752396706719001e-01 8.427991385900508725e-03 3.973914217100784074e-01 4.133053472333490519e-01
2.136488977528497868e-01 2.657567351153176938e-02 4.405595218693001969e-01 3.192159068663182886e-01
1.758117362359967184e-01 1.979707608584497375e-02 3.731414739912104483e-01 4.312497136869479775e-01
1.402202891561347420e-01 1.871144831844822470e-02 3.992111655705455897e-01 4.418570969548712979e-01
1.596677775644395891e-01 2.135820065622327096e-02 3.708536205576713485e-01 4.481204012216658539e-01
1.751216106428233610e-01 1.200621164761947121e-02 4.534760953138136652e-01 3.593960823957435546e-01
1.894705032268197142e-01 3.194344814860856918e-02 4.574735849183216851e-01 3.211124637062500731e-01
2.208083470654250424e-01 2.548974020639382942e-02 3.714876164754031262e-01 3.822142962527778631e-01
1.491267052594570930e-01 6.057154220117436788e-03 4.331011035109927909e-01 4.117150370094326273e-01
1.859387150437746827e-01 1.766792315450287087e-02 4.349932887276074522e-01 3.614000730741150913e-01
1.627050568701438327e-01 2.764235915893996365e-02 4.753417784771901133e-01 3.343108054937261042e-01
1.340552039598644218e-01 1.724739204572618700e-02 5.020299345050068807e-01 3.466674694894025244e-01
1.698802948063574958e-01 7.029868902487766691e-03 4.473177411903515033e-01 3.757720951008032828e-01
1.937055955375608929e-01 2.277491827515305475e-02 3.988724708411123254e-01 3.846470153461737929e-01
1.775268764739128258e-01 1.260346500493308639e-02 4.567047677989902743e-01 3.531648907221637268e-01
1.953640583711452328e-01 2.279752120281976907e-02 4.433117537881963721e-01 3.385266666378385358e-01
1.767485259012001042e-01 2.353244932271946269e-02 4.477414147988726389e-01 3.519776099772077282e-01
2.178419337370517406e-01 3.021207024705114749e-02 4.442515620617286110e-01 3.076944339541684559e-01
1.385315750635714438e-01 3.426555024477375561e-02 4.466892014446521841e-01 3.805136732470025263e-01
1.870780262141306105e-01 3.469255142583715229e-02 3.645581717447219372e-01 4.136712506153104596e-01
1.323404270725224985e-01 3.782568943052004584e-02 4.731200718653205128e-01 3.567138116316369567e-01
1.476029133048686603e-01 1.425022718472141597e-02 4.407106859980355340e-01 3.974361735123742578e-01
1.804201586147360370e-01 2.562256069338481046e-02 4.065579130725744395e-01 3.873993676193048241e-01
1.533616010800724072e-01 1.799766518839322760e-02 4.394334328710256532e-01 3.892073008605087536e-01
1.398099298592026807e-01 3.178545930877039322e-02 3.977594911009101342e-01 4.306451197311169099e-01
2.401040121209334077e-01 1.266281270289223125e-02 3.792135612376116849e-01 3.680196139385626952e-01
1.631879728964459320e-01 1.969485998118387579e-02 4.293322624495928275e-01 3.877849046727772087e-01
1.627576902376522139e-01 3.508181307140827935e-03 4.202726977762403227e-01 4.134614306789666238e-01
2.232862500837603237e-01 2.155975021599642119e-02 4.010401832192276861e-01 3.541138164810156419e-01
2.047894569863004943e-01 1.634256812084297975e-02 4.129335773147714272e-01 3.659343975780851022e-01
1.822233816444020216e-01 1.491246777351185743e-02 4.128946114055505046e-01 3.899695391765355401e-01
1.546769432611033168e-01 2.524452219873929426e-02 4.873998821229642564e-01 3.326786524171931880e-01
1.780302639139105247e-01 3.778714277901705845e-03 4.177480305304313024e-01 4.004429912777565659e-01
1.566648115455439305e-01 1.496359796582685808e-02 4.195977225214402861e-01 4.087738679671888975e-01
1.921297600911531511e-01 2.389298502569271038e-02 4.262581349043093049e-01 3.577191199788447018e-01
1.102604617540678261e-01 4.198874370146901680e-02 5.014303538471887034e-01 3.463204406972743565e-01
1.576650675289344439e-01 1.284198289350826742e-02 4.631283460264807861e-01 3.663646035510765286e-01
1.709884134392236910e-01 2.802285774217677661e-02 4.441847882177297202e-01 3.568039406008699510e-01
1.503339019893466522e-01 1.276741590007945092e-02 4.131473752260507726e-01 4.237513068845231712e-01
1.765394697283143299e-01 1.375702965441459591e-02 4.432152134581328617e-01 3.664882871591382263e-01
1.230045506624558305e-01 1.455366962940443827e-02 4.751010355494604265e-01 3.873407441586793620e-01
1.591256801170725654e-01 1.800635011270261890e-02 4.257477829995594543e-01 3.971201867706653510e-01
1.408313953339987712e-01 6.729267088399402963e-03 4.471111656992673433e-01 4.053281718783344201e-01
1.619671560421797329e-01 1.885694600178139738e-02 4.490718160822804172e-01 3.701040818737584837e-01
1.802158309052332708e-01 9.235684774833812644e-03 3.837100427249944823e-01 4.268384415949383892e-01
1.934811662403761734e-01 1.993740590839108637e-02 3.854110494146116839e-01 4.011703784366209002e-01
1.330837171815897058e-01 1.598366936148340467e-02 4.771775572787765318e-01 3.737550561781505243e-01
1.568300056242906693e-01 1.950549899938686105e-02 4.913016192199640697e-01 3.323628761563585665e-01
1.623470662766601791e-01 2.256662413949423948e-02 4.715505626533054717e-01 3.435357469305399536e-01
1.556985812102306688e-01 1.484511756195076686e-02 4.263373532103192365e-01 4.031189480174993678e-01
1.338938106119455240e-01 9.891532802135167071e-03 4.600193884343850015e-01 3.961952681515341634e-01
1.573469187783010648e-01 4.077391818503237758e-02 4.567123637878086617e-01 3.451667992488578474e-01
1.847741077408782684e-01 2.326522616307373850e-02 3.927947666949240801e-01 3.991658994011238470e-01
1.629992874190912544e-01 1.469705571803662028e-02 3.947707454292229690e-01 4.275329114336492431e-01
1.505234515872688472e-01 2.661546498732069582e-02 4.410927565817772678e-01 3.817683268436333766e-01
1.707257033139903124e-01 1.727365223187262225e-02 4.312998680351786129e-01 3.807007764189583865e-01
1.578389126179081392e-01 9.035186728653219965e-03 4.213185714212915878e-01 4.118073292321470236e-01
2.090069483397558603e-01 2.499675624780901481e-02 4.184611636089122788e-01 3.475351318035228010e-01
1.682759306558015977e-01 1.238833503673225991e-02 4.517736113006289855e-01 3.675621230068371603e-01
1.870927602518496213e-01 2.138026655545196414e-02 4.519329670076993044e-01 3.395940061849991864e-01
1.897255068371755671e-01 2.193326863769255383e-02 4.146239422522178808e-01 3.737172822729141197e-01
1.493707441040016681e-01 1.654890309665017420e-02 4.490669450931298323e-01 3.850134077062182247e-01
1.697998906435591870e-01 2.850318619248235624e-02 4.286118573226828654e-01 3.730850658412756538e-01
2.069781358925546766e-01 2.474119074198896304e-02 4.223836899253648469e-01 3.458969834400914545e-01
1.291310782008160407e-01 2.957169063765450329e-02 3.782726944233803512e-01 4.630245367381490285e-01
1.690130852727545208e-01 5.933437527900183375e-03 4.403673252304255437e-01 3.846861519689198095e-01
1.341628462252499321e-01 8.008636713988676742e-03 4.312179404110816350e-01 4.266105766496797735e-01
1.546176161203928201e-01 2.883142348271176825e-02 4.622339593856455986e-01 3.543170010112498547e-01
1.500088110156575782e-01 2.761580460613134030e-02 4.204355845126089286e-01 4.019397998656020765e-01
1.488411382407707206e-01 1.041306475437302724e-02 4.202763133530654782e-01 4.204694836517906542e-01
1.645833870913366026e-01 2.107118887990987177e-02 4.198170191611759194e-01 3.945284048675776756e-01
1.547828416493083892e-01 1.242253070202673816e-02 3.911650344048782646e-01 4.416295932437867555e-01
1.522463976736931346e-01 3.342709613254384038e-02 4.987853143597197891e-01 3.155411918340431110e-01
1.584729274442810143e-01 1.988942065999414061e-02 4.228400444335008168e-01 3.987976074622241462e-01
2.076837913067370311e-01 2.184561945107245037e-02 4.935730585962209704e-01 2.768975306459695584e-01
1.819316162193288788e-01 4.637640765614960484e-03 4.104867332834421512e-01 4.029440097316139280e-01
1.572443897701401583e-01 1.850954647975875875e-02 3.994611377331074298e-01 4.247849260169935803e-01
1.685335091461102053e-01 1.646392242756921850e-02 4.289909359147871526e-01 3.860116325115334202e-01
1.561407172768742302e-01 1.557189113467744371e-02 3.554740544280249326e-01 4.728133371604235080e-01
2.186993305349650141e-01 1.799229904022548246e-02 3.914850855593338674e-01 3.718232848654756673e-01
1.939773671270000055e-01 2.339240599053684158e-02 3.981241205087857060e-01 3.845061063736772700e-01
1.658080458401006430e-01 2.336524324310556081e-02 4.192443683106411023e-01 3.915823426061527113e-01
1.686000159544479293e-01 3.013360291481224570e-02 4.353898139594890582e-01 3.658765671712507217e-01
1.415090964901264403e-01 1.233327336668393892e-02 4.741855211537447934e-01 3.719721089894449384e-01
1.534882074569705046e-01 1.402688127203763693e-02 4.500657014945188550e-01 3.824192097764730347e-01
1.755483102690768293e-01 1.589525429404786347e-02 4.619134292885499482e-01 3.466430061483253833e-01
1.593626450358857916e-01 1.217757171330409102e-02 4.010264327965493147e-01 4.274333504542607298e-01
2.047339311902317827e-01 1.114354060886703704e-02 4.224882107741382842e-01 3.616343174267627747e-01
1.710288391517128248e-01 3.594376441004180217e-02 4.291590852268563627e-01 3.638683112113888507e-01
1.955293121847540561e-01 1.454075510736601261e-02 4.273570514051400759e-01 3.625728813027399022e-01
1.396659682488796128e-01 8.091354931468867570e-03 4.716315878008092710e-01 3.806110890188421081e-01
1.594489168921875144e-01 2.697838395175903431e-02 3.741603196658818686e-01 4.394123794901715896e-01
1.617520993029443188e-01 1.067335877783190737e-02 4.136208145256012880e-01 4.139537273936226280e-01
1.867904365010911449e-01 1.472509042825569624e-02 4.304335331107899676e-01 3.680509399598631548e-01
1.551203786857434097e-01 4.662422372995013442e-02 3.729297822938676954e-01 4.253256152904387188e-01
1.695947007868994494e-01 1.221252307491725413e-02 4.281915457716971019e-01 3.900012303664861513e-01
2.040871164925863734e-01 1.999192186747698191e-02 4.082653191519093894e-01 3.676556424880272900e-01
1.578587215265429555e-01 2.421155424984038421e-02 4.179951592700421048e-01 3.999345649535745451e-01
1.514955388026082983e-01 2.017255059125434499e-02 3.974883591789991621e-01 4.308435514271380384e-01
1.871405480300612489e-01 6.737798769357231272e-03 4.466817654605303445e-01 3.594398877400512005e-01
1.679020073596647344e-01 4.498226823150180964e-02 3.957376339717474933e-01 3.913780904370859903e-01
1.957014953501129140e-01 9.923011368921291764e-03 4.379196530134371046e-01 3.564558402675287452e-01
2.365723996292241893e-01 2.820595478839911172e-02 3.733961421933283953e-01 3.618255033890482864e-01
1.746910824010535490e-01 2.508586303940251935e-02 4.642371033208361752e-01 3.359859512387077252e-01
1.467344806009596714e-01 2.601632362396121348e-02 4.634282202824412944e-01 3.638209754926378103e-01
1.734497111881618259e-01 2.237222971341757891e-02 4.140922707864875818e-01 3.900857883119330793e-01
1.861595696081616014e-01 4.154403763127452465e-02 4.119825815959256010e-01 3.603138111646383424e-01
1.818220105095587624e-01 2.532080703841690233e-02 4.296308247616485443e-01 3.632263576903757563e-01
1.913485614171523130e-01 8.230406651743146437e-03 4.147279612542074112e-01 3.856930706768970096e-01
1.671657214964599458e-01 5.404790754621810814e-03 4.596297231384085524e-01 3.677997646105096718e-01
1.942573717613977069e-01 2.134309070533880678e-02 4.112279603623371638e-01 3.731715771709262497e-01
2.117114357049060536e-01 2.194594445047182846e-02 4.349798445762874111e-01 3.313627752683347971e-01
1.436819890250447262e-01 1.861407682688246898e-02 4.170612949706015149e-01 4.206426391774713003e-01
1.833365669233553985e-01 3.591831127506103088e-02 4.691876439314379699e-01 3.115574778701455383e-01
1.932944971410580082e-01 1.013304928883126260e-02 4.248779231191128769e-01 3.716945304509978176e-01
2.110525159198574086e-01 2.238408073686751557e-02 4.167885577637383543e-01 3.497748455795367528e-01
1.683228614568584580e-01 1.643445785394825540e-02 4.592223651518865246e-01 3.560203155373068418e-01
1.529260467762532383e-01 1.363100482497883389e-02 4.496746767253484989e-01 3.837682716734194255e-01
1.915163063111212371e-01 2.788287886829073081e-02 4.219137596750096586e-01 3.586870551455784151e-01
1.241175289699885803e-01 2.997402185916430220e-02 5.235413111185140966e-01 3.223671380523330243e-01
2.024163906700044702e-01 1.864756894273051843e-02 3.798707895806981982e-01 3.990652508065667403e-01
1.716161618101277042e-01 3.274004639194198762e-02 4.393270538816403947e-01 3.563167379162898163e-01
1.656322628735978630e-01 1.498961304218804184e-02 4.254065515891006788e-01 3.939715724951133868e-01
1.389350162590300142e-01 2.142118555949481043e-02 4.116115014650295612e-01 4.280322967164456038e-01
1.586517632725059357e-01 2.741724751934684554e-02 4.382826467084952604e-01 3.756483424996520104e-01
1.978539670045172671e-01 2.174136896064231966e-02 3.897554647007848150e-01 3.906491993340555635e-01
1.514950174858183396e-01 2.361471135064940191e-02 4.593458454348137154e-01 3.655444257287185361e-01
1.800083498016516459e-01 2.829043579539513437e-02 4.403475515546845243e-01 3.513536628482686330e-01
1.569903677161186561e-01 1.595609673363324738e-02 4.342156168389649795e-01 3.928379187112830406e-01
1.467690817706064077e-01 3.732314348261429188e-02 4.240301314945337241e-01 3.918776432522455000e-01
1.964484633173095018e-01 6.473059555078244411e-03 3.947655987558634227e-01 4.023128783717488388e-01
1.844249085868187032e-01 2.735418509713415797e-02 4.790652772603463672e-01 3.091556290557008757e-01
1.792514465028605397e-01 1.068735867418605344e-02 4.340470405728786285e-01 3.760141542500747280e-01
1.903108377261506778e-01 2.045626316267197889e-02 3.899156639534629432e-01 3.993172351577143897e-01
1.813626314645049309e-01 8.823807343364856864e-03 4.009934559983756031e-01 4.088201051937545571e-01
1.915131350201590144e-01 3.170595992345734415e-02 4.464395479047809645e-01 3.303413571516026770e-01
1.947022745515373243e-01 5.800279510829716399e-03 4.330925397546656064e-01 3.664049061829673382e-01
2.082231153439946525e-01 1.809756749144146581e-02 4.326103818945236656e-01 3.410689352700402299e-01
1.356449158654375875e-01 2.455797842517489643e-02 4.834709488718861303e-01 3.563261568375013510e-01
1.441377479570637721e-01 1.793819348913564329e-02 3.952573472077553496e-01 4.426667113460452385e-01
1.600622810736637702e-01 1.046956495156154895e-02 4.023973336288291236e-01 4.270708203459455121e-01
1.758199655628004954e-01 1.589944408883566668e-02 4.356277818884546904e-01 3.726528084599092239e-01
1.429353568412459752e-01 2.399140243260629649e-02 4.675676611694761786e-01 3.655055795566716226e-01
2.249210672559268376e-01 2.364225109247198101e-02 4.068519066293387332e-01 3.445847750222623684e-01
1.935599224362954118e-01 1.526912431584744739e-02 4.167561981362057910e-01 3.744147551116511208e-01
1.718421040446382053e-01 2.731902139697747756e-02 4.531105083366123165e-01 3.477283662217720561e-01
2.019963977359011398e-01 1.251077698727639381e-02 3.629595533011433783e-01 4.225332719756790256e-01
1.845024303977591540e-01 1.368839676190201048e-02 4.545117414774499376e-01 3.472974313628889309e-01
1.967980746643584467e-01 1.563923521211525378e-02 4.610715683095804041e-01 3.264911218139460169e-01
1.639706074572712946e-01 2.781103724974201552e-02 4.070070610318427540e-01 4.012112942611439914e-01
1.731545774698151074e-01 7.326867021687810330e-03 4.783444285876340962e-01 3.411741269208629634e-01
1.648170743754886758e-01 1.197132275732282550e-02 4.395469148112919333e-01 3.836646880558965411e-01
1.701049179078994722e-01 4.102916305180213247e-02 3.933309475208574546e-01 3.955349715194408922e-01
1.969008401979341905e-01 1.338122821268596281e-02 4.551431162344006798e-01 3.345748153549791271e-01
2.018242433458178886e-01 1.699159934435731656e-02 4.116875915299638700e-01 3.694965657798608416e-01
2.237291208065623205e-01 1.752132943932238271e-02 3.915543760732669298e-01 3.671951736808482525e-01
1.864249665795111310e-01 2.425027893754135369e-02 4.285277256868658124e-01 3.607970287960816647e-01
1.482329979356348248e-01 1.934072877700735577e-02 4.309896379578754821e-01 4.014366353294823719e-01
1.519816176965015087e-01 2.651244940229884398e-02 4.373558184514247937e-01 3.841501144497748710e-01
1.632162587679373278e-01 1.075542550544977133e-02 4.474576898581522078e-01 3.785706258684606307e-01
1.678423920813980341e-01 2.480728730251723427e-02 4.063629754959814933e-01 4.009873451201034777e-01
1.669041492178045261e-01 1.061662372646472209e-02 4.171655960691370013e-01 4.053136309865937870e-01
1.795955386253675623e-01 7.167712359569107690e-03 4.288165586724211331e-01 3.844201903426422429e-01
1.916723962755340349e-01 7.337997310925741500e-03 4.060387010364304716e-01 3.949509053771095846e-01
1.662533069408627939e-01 2.238357409216230887e-02 4.669431165918367377e-01 3.444200023751382567e-01
1.392328819331664636e-01 1.707253802176565000e-02 4.743275523633694868e-01 3.693670276816983788e-01
1.595119629345439216e-01 1.558584634738740919e-02 4.514719492983584881e-01 3.734302414197101516e-01
2.009157045418527854e-01 1.967781012055315470e-02 4.084531213099971692e-01 3.709533640275969324e-01
1.453589894319159970e-01 1.920499055053596221e-02 3.949489827006559262e-01 4.404870373168920383e-01
1.512199356010813511e-01 1.337171409469051914e-02 4.135123235296079836e-01 4.218960267746201254e-01
1.845947109103437678e-01 1.105581587610311549e-02 4.512268580853766586e-01 3.531226151281766090e-01
1.775104444407856474e-01 9.813783491059770506e-03 4.578409860905520157e-01 3.548347859776025404e-01
1.440706474308059148e-01 1.807530844195107123e-02 4.254048678915277049e-01 4.124491762357153091e-01
1.794487932573213818e-01 1.886826952097211268e-02 4.114930841979055343e-01 3.901898530238009921e-01
1.809136255968599172e-01 1.567169580878020538e-02 4.143251301619674254e-01 3.890895484323923514e-01
1.774501841423408721e-01 1.214818626965612387e-02 4.885526497030475701e-01 3.218489798849553662e-01
1.807227874686682390e-01 9.339228913937066417e-03 3.957064563248727240e-01 4.142315272925218839e-01
1.703984508856107305e-01 9.655877687065016202e-03 4.511486241422987820e-01 3.687970472850255477e-01
1.583809235037426932e-01 5.386354005990892126e-03 4.118300465900264773e-01 4.244026759002400562e-01
1.926058611189606085e-01 1.378752489838866273e-02 3.884724037930154528e-01 4.051342101896353021e-01
1.799618010758792241e-01 2.059765935422131281e-02 4.010910006458247579e-01 3.983495389240745421e-01
1.919178704084019693e-01 3.320889442208475872e-02 3.906317061922920941e-01 3.842415289772210807e-01
1.743115180535564912e-01 6.572632788750713308e-03 4.203336581819959727e-01 3.987821909756967820e-01
1.596908529074335115e-01 2.018827264227442478e-02 4.187485944321982512e-01 4.013722800180937189e-01
1.572090340528114749e-01 1.258859247276815710e-02 4.178004829476634208e-01 4.124018905267569646e-01
1.553936581951221585e-01 3.835198234400560152e-02 4.901698428514175698e-01 3.160845166094546355e-01
1.665554736043701189e-01 1.027804364575485296e-02 4.114051350633382564e-01 4.117613476865367717e-01
1.899661510831839317e-01 1.671930042190988494e-02 4.179288641927897952e-01 3.753856843021163847e-01
1.523864143072004851e-01 1.682431076335153680e-02 4.176955527618672059e-01 4.130937221675808346e-01
1.656159071290535245e-01 1.635334430706797751e-02 4.663482271369674970e-01 3.516825214269109767e-01
1.454685307484749612e-01 1.277800521095076927e-02 4.007305096499205188e-01 4.410229543906536431e-01
1.850969946711344960e-01 1.292078113360418945e-02 4.181430596081794904e-01 3.838391645870818381e-01
1.848360855137793635e-01 2.574280217386808178e-02 3.943036704545520021e-01 3.951174418578005110e-01
1.595473088896413871e-01 1.514309368139390467e-02 4.155960039858651589e-01 4.097135934430995996e-01
1.767475914275275228e-01 2.471512180997211330e-02 3.879258175531885566e-01 4.106114692093119078e-01
1.620450148605301344e-01 2.230328882789108999e-02 4.494511549184070920e-01 3.662005413931717079e-01
2.071835476351724936e-01 1.352161310461111841e-02 4.412534836373018798e-01 3.380413556229144856e-01
1.615987697876648532e-01 2.192149154938263789e-02 3.761656545368987081e-01 4.403140841260538285e-01
1.880326421261978298e-01 1.425158773805986108e-02 4.208637828058908181e-01 3.768519873298515899e-01
1.709071917674737373e-01 1.168826475529304715e-02 4.304371680422574564e-01 3.869673754349758354e-01
1.416597774353448302e-01 1.063730675639244089e-02 4.574583612709043345e-01 3.902445545373583458e-01
1.961919620440521761e-01 1.011375360692454671e-02 3.810053509851248355e-01 4.126889333638985580e-01
1.601338660205628706e-01 3.928776208676206666e-02 4.110996028797307411e-01 3.894787690129442592e-01
1.261791565823037475e-01 1.264008962613490626e-02 4.876530595690526382e-01 3.735276942225086994e-01
1.911658185864938408e-01 1.315850045960727938e-02 4.312829921178209513e-01 3.643926888360779492e-01
1.725842852405334860e-01 2.893198855373464370e-02 4.133993174816399385e-01 3.850844087240918867e-01
1.450555064339002775e-01 3.728530078332691761e-02 4.548440154373087352e-01 3.628151773454640350e-01
1.862019225568364300e-01 1.657779323984234429e-02 4.308858852977704990e-01 3.663343989055506400e-01
1.416794488662600493e-01 1.563307099547006293e-02 4.043124514884351983e-01 4.383750286498346305e-01
1.376001121584350950e-01 1.813274690864952882e-02 4.468823634915383702e-01 3.973847774413770129e-01
1.855326962007548264e-01 1.176450684538821005e-02 3.963402649669185984e-01 4.063625319869384467e-01
1.997729673413626006e-01 1.528043169491815484e-02 4.536783530194383740e-01 3.312682479442808914e-01
1.374555691866246321e-01 1.610575746245632156e-02 4.274503305791881314e-01 4.189883427717306930e-01
1.768144737346601936e-01 2.028811442880845001e-02 4.484768915327282945e-01 3.544205203038029994e-01
1.754224869921043595e-01 3.201944365051959812e-02 4.242283357060940285e-01 3.683297336512820763e-01
1.709642153159623701e-01 7.941321267125473968e-03 4.154159138541834162e-01 4.056785495627286409e-01
2.140768778302994668e-01 2.284963033778652022e-02 3.602063168066497734e-01 4.028671750252644235e-01
1.647232416660083243e-01 1.204799519567215441e-02 4.328556270149911400e-01 3.903731361233283015e-01
1.641369349714765224e-01 1.232059836136474747e-02 4.359754040691753985e-01 3.875670625979833472e-01
1.692602242063519502e-01 2.276925651780930052e-02 4.260893496953307436e-01 3.818811695805080508e-01
1.499512277505250790e-01 3.072855840517248541e-02 4.381675614906647143e-01 3.811526523536378774e-01
1.839919140784428142e-01 1.646544482244585023e-02 4.611801758273386675e-01 3.383624652717727721e-01
1.610219153991469254e-01 1.274082189652277382e-02 4.834423007721415089e-01 3.427949619321888908e-01
1.737116052982498604e-01 7.008018800215220015e-03 4.348307599998568196e-01 3.844496159016779768e-01
1.955397438514058228e-01 1.822196081581094543e-02 4.556249756559068720e-01 3.306133196768764604e-01
1.502212369216782140e-01 1.292308632965202299e-02 4.596069974005773107e-01 3.772486793480923639e-01
1.473509352551347351e-01 1.490759402410966362e-02 4.859715467096235031e-01 3.517699240111321068e-01
1.354303991809863161e-01 1.798421680049904284e-02 4.800446107760662495e-01 3.665407732424483256e-01
1.686384497347303835e-01 2.122219793264410945e-02 4.262808561651441619e-01 3.838584961674814666e-01
1.724652496346307240e-01 4.100752726171678908e-02 4.387651925530750563e-01 3.477620305505774723e-01
1.090240894506719488e-01 1.690223268772680573e-02 5.125499890917259993e-01 3.615236887698753399e-01
1.663728214620827095e-01 8.642955679712209169e-03 4.121240569512772955e-01 4.128601659069277008e-01
1.653747204053519770e-01 2.179717632787073547e-02 4.303735024383452124e-01 3.824546008284320786e-01
1.769269084194719510e-01 5.308539517924432648e-03 4.195256648681412459e-01 3.982388871944623210e-01
1.785701234568420337e-01 4.976467477484992213e-02 4.364714461025629433e-01 3.351937556657451633e-01
1.227824706591266885e-01 1.858526819819125361e-02 4.803067375636277392e-01 3.783255235790542459e-01
2.070870008210556057e-01 9.421011685036022668e-03 4.337823226223294082e-01 3.497096648715789513e-01
1.886903194370293246e-01 1.058040142086028035e-02 4.744217051394353790e-01 3.263075740026749605e-01
1.635633831447872999e-01 1.423793548040724541e-02 4.259412297429169825e-01 3.962574516318885243e-01
1.441438834513397993e-01 1.965340054039355772e-02 4.803313170176728431e-01 3.558713989905937236e-01
1.551332346549302854e-01 9.813680000720388999e-03 4.460476240173710250e-01 3.890054613269782191e-01
1.483538675064038359e-01 1.043078774227852723e-02 4.305072874458941712e-01 4.107080573054233685e-01
1.366189379429971484e-01 2.998476798265569190e-02 3.937992850782902066e-01 4.395970089960570260e-01
1.211590867323316528e-01 1.564218802267065833e-02 4.626676872005533458e-01 4.005310380444442875e-01
1.525718632692458776e-01 2.592205051100220786e-02 4.107256468237952540e-01 4.107804393959567646e-01
1.815210818640805301e-01 1.168909685835959472e-02 4.165298465196027311e-01 3.902599747579570955e-01
1.850803947018082596e-01 1.655909795931795672e-02 4.155453177309884616e-01 3.828151896078854088e-01
1.608869871579896027e-01 1.354024469120386140e-02 4.616376372892438962e-01 3.639351308615627056e-01
1.991021839284398964e-01 3.778940229224409669e-02 4.084819816626145683e-01 3.546264321167013622e-01
1.758579856884238679e-01 2.305664417406141226e-02 4.012719376723812847e-01 3.998134324651335669e-01
1.762179208036796507e-01 2.023936023208985566e-02 4.557387058134184099e-01 3.478040131508119970e-01
2.068449761526219011e-01 1.366820737852636122e-02 4.344030137619618315e-01 3.450838027068898195e-01
1.614095189586501056e-01 1.919515661186927541e-02 4.154681614520706612e-01 4.039271629774099925e-01
1.830586032961590837e-01 8.139035124578522171e-03 4.048889011893974099e-01 4.039134603898649756e-01
1.761743531195608670e-01 2.158325813436597421e-02 4.007523555858633069e-01 4.014900331602099248e-01
1.980621625528932450e-01 2.514830972216424917e-02 4.458476284098463194e-01 3.309418993150962107e-01
1.618912686485798336e-01 8.167557439230789529e-03 4.648284090344227959e-01 3.651127648777665602e-01
1.821386705287942054e-01 2.106494044619851985e-02 4.299354750786048562e-01 3.668609139464025781e-01
1.574262277587548109e-01 2.708041744262535550e-02 4.415846320554511761e-01 3.739087227431686644e-01
1.946281553653161911e-01 2.367097797309522175e-02 4.160016527445307699e-01 3.656992139170577860e-01
1.728072086422741960e-01 1.852821567312288795e-02 3.976508397967334907e-01 4.110137358878694358e-01
1.322370680486313066e-01 2.370559396397122973e-02 4.411198990304736611e-01 4.029374389569237991e-01
1.453092499122953241e-01 1.319015894441896014e-02 5.017214519733549372e-01 3.397791391699308550e-01
2.057775649119388262e-01 1.622218720828209546e-02 3.931782374368422150e-01 3.848220104429369015e-01
1.492693863387645203e-01 2.031077567811060205e-02 4.322661184553071023e-01 3.981537195278178620e-01
1.466555508858505552e-01 2.208417040434117184e-02 4.328987025220190077e-01 3.983615761877893902e-01
1.602994900520820221e-01 1.532609589469482655e-02 4.000269735508151236e-01 4.243474405024079132e-01
1.591310239420254957e-01 1.554855039629954132e-02 4.259563480582434503e-01 3.993640776034315110e-01
1.706834865113555644e-01 2.084060350035856629e-02 4.543473302747141340e-01 3.541285797135717006e-01
2.068064097030331561e-01 2.088651586862635273e-02 4.587756682486308635e-01 3.135314061797095930e-01
1.257516325292507287e-01 2.256552242360699428e-02 4.748577500408042162e-01 3.768250950063381510e-01
1.573436383345228062e-01 1.061134440989794717e-02 4.749271718742227311e-01 3.571178453813566023e-01
1.618274728264879614e-01 1.136413268512716755e-02 4.158756786932698013e-01 4.109327157951150888e-01
1.522860308750311198e-01 2.191266782442077149e-02 4.518997209640353008e-01 3.739015803365128288e-01
1.607974565063974570e-01 1.229374798432407954e-02 4.527114241692233310e-01 3.741973713400550960e-01
1.118293399884829897e-01 3.553193846023949137e-02 4.506056310893815642e-01 4.020330904618958368e-01
1.608372402320670524e-01 2.015319264039456063e-02 4.267752637630398693e-01 3.922343033644986043e-01
1.460362841042055770e-01 2.195054480926013005e-02 4.067394309426060617e-01 4.252737401439283249e-01
1.988824971447260836e-01 2.206251609515468698e-02 3.919554943948248549e-01 3.870994923652942288e-01
1.557615914001369561e-01 6.528050873993449313e-03 4.369849230718544364e-01 4.007254346540151113e-01
1.912304050935871857e-01 2.490215467841443500e-02 4.189407015202329387e-01 3.649267387077655966e-01
1.398732170554633503e-01 1.565519812157877347e-02 4.482742700071585817e-01 3.961973148157992841e-01
1.830221607868214861e-01 1.711743188349434605e-02 3.938710951086815126e-01 4.059893122210026517e-01
1.615360211287927561e-01 5.926596857372886350e-03 4.511957484843694965e-01 3.813416335294649850e-01
1.571137062400919382e-01 1.211935065945020373e-02 4.225824546713969343e-01 4.081844884290610209e-01
1.312548455734240949e-01 1.199239406881756793e-02 4.688457487251128097e-01 3.879070116326455153e-01
1.838368167655323182e-01 2.278010622323514700e-02 3.896388230984921819e-01 4.037442539127403252e-01
1.521353565320635870e-01 9.274030998531260228e-03 4.643025177208601750e-01 3.742880947485449639e-01
1.844382073422630441e-01 1.120640518535735014e-02 3.988271897011292921e-01 4.055281977712504315e-01
1.346369181166715001e-01 2.699016145158094487e-02 4.800946048430045354e-01 3.582783155887430682e-01
1.624363084185645456e-01 1.052963839468934806e-02 4.207436947355976953e-01 4.062903584511483590e-01
1.896958445948663530e-01 1.335593719533007331e-02 4.173392566979476914e-01 3.796089615118558025e-01
1.441058458687514143e-01 1.711051071842491916e-02 4.474267248947508824e-01 3.913569185180726939e-01
1.583624809618165707e-01 1.672496778890095182e-02 4.255227106509976709e-01 3.993898405982846955e-01
1.716718892647503270e-01 1.406502914300352021e-02 4.151060670487206616e-01 3.991570145435254791e-01
1.520532582486199269e-01 9.872764831669803356e-03 4.272632820103408058e-01 4.108106949093695004e-01
1.780932170306301632e-01 2.715111923510231048e-02 4.166972498767956279e-01 3.780584138574719644e-01
1.594454202764272743e-01 1.566884456778940005e-02 4.289384419781944180e-01 3.959472931775889215e-01
1.785830788454641771e-01 4.512143568904660069e-03 4.547200379751495936e-01 3.621847396104815320e-01
1.715588322619553685e-01 1.291625757069916197e-02 4.571491202117025088e-01 3.583757899556428983e-01
1.739529736901842538e-01 2.427971265286173533e-02 4.051279444232013804e-01 3.966393692337525367e-01
1.513035786533373228e-01 2.604659132994456561e-02 4.267592610269846376e-01 3.958905689897334601e-01
1.555811251324194233e-01 3.088554337404523023e-02 3.978734854793113951e-01 4.156598460142238993e-01
1.687408847541170265e-01 1.421294294540965258e-02 4.207095157693496734e-01 3.963366565311236545e-01
1.611802238443149626e-01 3.139849032562459091e-02 4.655714650532083998e-01 3.418498207768521091e-01
1.757426589410154005e-01 1.079653796064173818e-02 4.148640930769851298e-01 3.985967100213577141e-01
1.670126679619555188e-01 1.184905161988195413e-02 4.366968857465788889e-01 3.844413946715836139e-01
1.252645418466120653e-01 1.504381975388839436e-02 4.882674225825203163e-01 3.714242158169793195e-01
1.640801335211397594e-01 2.247657423343373678e-02 4.325779907884424458e-01 3.808653014569841067e-01
1.531254028425366454e-01 2.468543346733614169e-02 4.205627125718358061e-01 4.016264511182915387e-01
1.588011737982869265e-01 2.114438406147916075e-02 4.607254281824890718e-01 3.593290139577448028e-01
1.722233691503997632e-01 2.299652387605404663e-02 4.119868845929760548e-01 3.927932223805701284e-01
1.130480578839548611e-01 1.825556636899292387e-02 3.902563003730796787e-01 4.784400753739725953e-01
2.080130728232660875e-01 2.013807581758469273e-02 3.918964802503196454e-01 3.799523711088295674e-01
1.371314587041363720e-01 9.545070020337697789e-03 4.452465859741314147e-01 4.080768853013944653e-01
1.819164691680755230e-01 9.852208487460718811e-03 4.300767710973800173e-01 3.781545512470836368e-01
1.977551395365407805e-01 2.616624966331263999e-02 4.136759341295201953e-01 3.624026766706263669e-01
1.321909000745750407e-01 6.864174139699946720e-03 4.650834359894866488e-01 3.958614897962385859e-01
1.763284327641145288e-01 2.152812054715894444e-02 4.807126278422155230e-01 3.214308188465108684e-01
1.652268101971200442e-01 4.505588058704310811e-02 4.222196132201350705e-01 3.674976959957018674e-01
2.026314909594430780e-01 1.002492017076230327e-02 4.037815627088729986e-01 3.835620261609217208e-01
1.594101753751353545e-01 1.608626074063803507e-02 3.899279965522962632e-01 4.345755673319304235e-01
1.800815726794604832e-01 1.797649505690457686e-02 4.329572794284020643e-01 3.689846528352327404e-01
1.664146691983643400e-01 2.233807895328373747e-02 4.300219499439542070e-01 3.812253019043977953e-01
1.595126103468444412e-01 1.620361636539954450e-02 4.381241478467791661e-01 3.861596254409767615e-01
1.568566313237948762e-01 2.353544518864451179e-02 4.574223708563902591e-01 3.621855526311702489e-01
1.903116045894883146e-01 1.872042026508476467e-02 4.497098417625017830e-01 3.412581333829250996e-01
1.468568047493375162e-01 2.483217262492767169e-02 4.380321839997712297e-01 3.902788386259635756e-01
2.047382210586623785e-01 1.630466951223127209e-02 4.257465824594725001e-01 3.532105269696338978e-01
2.051347615385165635e-01 2.825493652375897502e-02 4.176369770282309379e-01 3.489733249094935097e-01
1.512566045731188746e-01 1.831616826506248658e-02 4.045308576124237998e-01 4.258963695493948598e-01
1.430811565445644362e-01 1.445640196946136949e-02 4.127741994755120825e-01 4.296882420104621292e-01
1.281014291387436166e-01 8.924099000883218419e-03 4.227549721928796633e-01 4.402194996674935190e-01
1.304469549852791121e-01 8.703242575562401481e-03 4.582965362968727252e-01 4.025532661422856484e-01
1.439517705251320556e-01 1.583414321299391261e-02 4.253156924616266488e-01 4.148983938002472893e-01
1.454071702115625753e-01 4.207249441877202074e-03 4.345432649892652099e-01 4.158423153572951003e-01
1.430772644384229186e-01 3.106864487498682201e-02 3.884093569244730371e-01 4.374447337621171772e-01
1.343398142839592191e-01 3.377988421643832173e-02 4.322985962700346962e-01 3.995817052295677629e-01
1.547475921373581420e-01 1.079153768192049612e-02 4.292712220871942597e-01 4.051896480935271994e-01
1.953210438694097106e-01 1.201523623857334543e-02 4.186863834562729036e-01 3.739773364357439900e-01
1.499780109222494107e-01 2.197563758047166652e-02 4.787269811883446136e-01 3.493193703089342850e-01
1.885093988191668124e-01 1.991413428405309702e-02 3.995635413731025154e-01 3.920129255236777244e-01
1.590968861832146031e-01 9.069434598002601780e-03 4.650276696718713687e-01 3.668060095469113380e-01
1.504059652929269075e-01 1.216589882591747294e-02 4.779210213392199313e-01 3.595071145419356240e-01
1.841186066944248134e-01 1.819821318172640950e-02 4.232438439569441435e-01 3.744393361669047238e-01
1.572580880106528856e-01 1.131840144172688127e-02 4.057800945977559914e-01 4.256434159498641567e-01
1.751674445009030190e-01 3.136802530884187645e-02 4.713528077024814467e-01 3.221117224877736995e-01
2.133848626155961659e-01 1.418687036749959572e-02 3.935673285288912027e-01 3.788609384880129993e-01
1.933263752173577932e-01 8.050713657889048067e-03 4.329459422962582127e-01 3.656769688284948749e-01
1.610232103830907535e-01 1.931776462293269617e-02 4.471694779555197008e-01 3.724895470384567697e-01
1.644672642135523444e-01 1.679721652247882432e-02 3.899896363423439594e-01 4.287458829216249656e-01
1.734770254600799255e-01 1.455709398326373791e-02 4.197542430831514570e-01 3.922116374735049593e-01
1.556671686322765591e-01 4.140564541296139905e-02 4.182981983682489968e-01 3.846289875865130381e-01
1.781130248423019868e-01 1.190167634846337266e-02 3.977584411534126341e-01 4.122268576558219544e-01
1.644936028850702836e-01 2.080574174662202375e-02 4.284111128743080532e-01 3.862895424939996603e-01
1.472848496547291275e-01 1.293118860926672879e-02 4.473083621628539119e-01 3.924755995731503688e-01
2.043015592230432720e-01 1.475066304799618234e-02 4.155487101959731144e-01 3.653990675329874538e-01
1.820187876790566039e-01 1.616654475664292684e-02 4.328622956410687617e-01 3.689523719232317700e-01
1.522615007654272434e-01 1.904452203753538575e-02 4.708848267731281512e-01 3.578091504239091503e-01
1.576983713690211786e-01 2.017897976466065738e-02 4.650751750151804198e-01 3.570474738511376644e-01
1.821078770763067123e-01 1.315798651767857187e-02 4.516268360977896967e-01 3.531073003082251249e-01
1.616900078710054312e-01 2.117662015484696875e-02 4.187419922461508293e-01 3.983913797279968194e-01
1.718661561788056291e-01 2.048378836844295253e-02 4.188738709578388453e-01 3.887761844949125800e-01
1.670128450482680493e-01 1.084234493223839788e-02 4.816809725432712463e-01 3.404638374762222197e-01
1.908273813422206033e-01 2.527036128430850889e-02 4.267365252611403648e-01 3.571657321123304363e-01
1.679940273855282107e-01 1.936034986091233340e-02 3.700935203726201106e-01 4.425521023809392829e-01
1.456230464082204079e-01 3.034280531595650449e-02 4.359951601585437264e-01 3.880389881172793820e-01
1.909521934234054974e-01 3.096979230434961788e-02 3.629222674631083501e-01 4.151557468091365832e-01
1.857425006405053758e-01 2.014697015545240111e-02 4.211954298019899845e-01 3.729150994020521970e-01
1.644831554895118120e-01 1.604100918744190418e-02 3.853724403647841301e-01 4.341033949582622231e-01
1.790203688822831485e-01 1.396062497971615850e-02 4.101220294982489967e-01 3.968969766397516530e-01
1.868164674050531437e-01 1.524258919562183553e-02 4.115737999994584784e-01 3.863671433998665528e-01
1.595943878886515732e-01 3.625054901046985412e-02 3.918576865739245574e-01 4.122973765269539181e-01
1.715930929163443919e-01 1.329821465114764019e-02 4.298588683146136735e-01 3.852498241178943239e-01
1.693985208188515112e-01 1.089061038183145209e-02 4.281737608979426790e-01 3.915371079013743039e-01
1.555176705321465458e-01 1.810689981444951399e-02 4.649077631360086227e-01 3.614676665173953141e-01
1.736689454844560221e-01 2.355040312146507511e-02 3.920864661320128675e-01 4.106941852620661915e-01
1.698757557650142080e-01 1.441847655093846797e-02 4.384304364096745510e-01 3.772753312743727938e-01
1.717756281982407707e-01 2.208885251737471508e-02 4.367790377014356684e-01 3.693564815829487591e-01
1.580359463531981479e-01 1.454446220825015255e-02 4.664677429308234924e-01 3.609518485077281569e-01
1.631929944824334344e-01 7.318302883774815103e-03 4.758086662111173926e-01 3.536800364226742599e-01
2.236221230329746845e-01 6.450088190827553067e-03 4.231383255935523557e-01 3.467894631826453633e-01
1.731131441505790736e-01 9.194568677864020309e-03 4.062227433575014701e-01 4.114695438140553718e-01
1.707357556251231090e-01 1.714177411136969670e-02 4.202775747621919078e-01 3.918448955013152935e-01
1.696099379145360464e-01 1.063269617313351324e-02 3.983081911794512653e-01 4.214491747328792393e-01
1.719954322487005915e-01 1.308330474333850926e-02 4.691286080424964533e-01 3.457926549654644632e-01
2.167181029236636691e-01 2.163101192801011180e-02 4.034427428053593001e-01 3.582081423429669398e-01
1.488796592366820049e-01 1.107159119577966547e-02 4.665469657123731406e-01 3.735017838551652480e-01
1.843965771882718763e-01 1.884746935301861645e-02 3.976681422429227952e-01 3.990878112157868474e-01
1.617785092261060653e-01 9.783736105137287239e-03 4.479877893381984388e-01 3.804499653305582485e-01
1.668463762828072128e-01 2.242959951224276355e-02 3.876595018943783666e-01 4.230645223105717334e-01
1.142648063744268472e-01 1.960236659326594633e-02 4.597891141552271077e-01 4.063437128770802098e-01
1.629251891809512520e-01 1.188693411947482070e-02 4.170407513640331243e-01 4.081471253355407058e-01
2.118352307162958414e-01 2.441695189830433640e-02 3.838874671397528582e-01 3.798603502456469605e-01
1.489873403926372797e-01 1.454758856794921736e-02 4.296652565594163420e-01 4.067998144799971350e-01
1.827863013954735272e-01 1.496323565767057606e-02 4.484884890454761130e-01 3.537619739013798115e-01
1.841243781259982171e-01 2.071966250860177508e-02 4.245148975804037828e-01 3.706410617849961175e-01
