7.445235424999253615e-01 8.187319444887379560e-02 8.425869276714388623e-02 8.934457028405695667e-02
7.536186950045334898e-01 1.110755681462919781e-01 4.849084630173255278e-02 8.681489054744202793e-02
7.822125452703823090e-01 8.973062775476110808e-02 4.520085581391285884e-02 8.285597116094377268e-02
7.580833794779233692e-01 9.141255144598754712e-02 7.082371022530926929e-02 7.968035885077977276e-02
7.448178706476268340e-01 8.836239495991919657e-02 6.770132823135274758e-02 9.911840616110138835e-02
7.064796582061108055e-01 8.490584053815951326e-02 8.244240068702816948e-02 1.261721005687015673e-01
7.946817386912378156e-01 6.545157152427202862e-02 3.128876101674780974e-02 1.085779287677422489e-01
8.077693011535093115e-01 7.238320265338388237e-02 4.840894418367620161e-02 7.143855200943050043e-02
7.443796859546387701e-01 6.689583128644623067e-02 1.238101618118951225e-01 6.491432094701986288e-02
7.347163355982797572e-01 7.753498916587830969e-02 9.803964634972207881e-02 8.970902888611979875e-02
8.027434000201989495e-01 8.293941104376263695e-02 5.494152596718783477e-02 5.937566296885052330e-02
7.484096554732169171e-01 1.216113382771949192e-01 5.970880370876948534e-02 7.027020254081865758e-02
7.736380581486560493e-01 9.826156907036803778e-02 5.613811874208159830e-02 7.196225403889440486e-02
7.348085401951619522e-01 9.317885317824124713e-02 7.273815530184662981e-02 9.927445132474997658e-02
7.254243764804486627e-01 9.558324221529919396e-02 6.769796164332061994e-02 1.112944196609316899e-01
7.636931352590347055e-01 1.079116416495461278e-01 5.963737605221796495e-02 6.875784703920137519e-02
8.241350768263436821e-01 8.676575263173118280e-02 3.803773689178680667e-02 5.106143365013824514e-02
7.245057427207819423e-01 9.312387504042056452e-02 9.659725705614936875e-02 8.577312518264809671e-02
7.535170462501904476e-01 1.030802913333277587e-01 6.750199678089846556e-02 7.590066563558336976e-02
7.481872666585552833e-01 1.137050119244380486e-01 7.718788373993924756e-02 6.091983767706744823e-02
7.541219585299505646e-01 9.307718751782652344e-02 6.982620879470291531e-02 8.297464515752014935e-02
7.578643370737805363e-01 1.122603706967042064e-01 7.854748876679945591e-02 5.132780346271580141e-02
7.472989451658413884e-01 9.693534300947426186e-02 8.360846052772771819e-02 7.215725129695642337e-02
7.871450214754783792e-01 8.746800170106955319e-02 8.638917358816375347e-02 3.899780323528830028e-02
7.369886564109233706e-01 1.111119183884974743e-01 9.695290426657160454e-02 5.494652093400762688e-02
7.379046909920048414e-01 1.349717777955756204e-01 6.319530325644982793e-02 6.392822795596973806e-02
7.517700072587936155e-01 8.958317511065716499e-02 5.747817898295598527e-02 1.011686386475933314e-01
7.436356984202068254e-01 8.707663971353388210e-02 7.031552385867287369e-02 9.897213800758636326e-02
7.394504899382282614e-01 8.973929063279539875e-02 5.556259146526680570e-02 1.152476279637095202e-01
7.275708069408549639e-01 6.662774515446180656e-02 1.020859199220141289e-01 1.037155279826689758e-01
7.563353158498208328e-01 8.512469596879321254e-02 6.548705730135648273e-02 9.305293088002933310e-02
6.896866779884560650e-01 1.241506340819927001e-01 6.235388200964745581e-02 1.238088059199036611e-01
7.465134046937287327e-01 1.006625925769448621e-01 7.655224825947680445e-02 7.627175446984948981e-02
7.565470656504322822e-01 8.410573730231674094e-02 7.647885004009577492e-02 8.286834700715507707e-02
6.865095098646951666e-01 9.245205051421201414e-02 7.464803349778052766e-02 1.463904061233121667e-01
7.838189359184625227e-01 7.568699980343826517e-02 6.928599474091333421e-02 7.120806953718607224e-02
7.230825187450923286e-01 8.156869796637719605e-02 7.806336662708379670e-02 1.172854166614468036e-01
7.257149237397578778e-01 7.594223879271937150e-02 7.425209212091382627e-02 1.240907453466088550e-01
7.829756163333940755e-01 1.036356339520241171e-01 5.457893153920446300e-02 5.880981817537713624e-02
7.220638701140572602e-01 7.616242631369044003e-02 5.563608810011740069e-02 1.461376154721348020e-01
7.667622271535782241e-01 1.161163267810371991e-01 4.386545992810630956e-02 7.325598613727835051e-02
7.660760783236479909e-01 8.010604454785175133e-02 6.772366198512354274e-02 8.609421514337671499e-02
7.289368096136227271e-01 8.620144937709739441e-02 8.244205576771827804e-02 1.024196852415615172e-01
7.094559931759975013e-01 9.506124207849081520e-02 6.494866022367912217e-02 1.305341045218326446e-01
8.210017902706462367e-01 6.660486013106640957e-02 3.965658697180923786e-02 7.273676262647818525e-02
7.606517223303860264e-01 7.898328769135265492e-02 6.896559819693649784e-02 9.139939178132462649e-02
8.023426263590088814e-01 5.653647872095380472e-02 6.238464914565695907e-02 7.873624577438034788e-02
7.774203084579657252e-01 7.137991313006886163e-02 7.261749302147997576e-02 7.858228539048557615e-02
7.657050601060328976e-01 8.398700196171965393e-02 6.418464318663760770e-02 8.612329474560986853e-02
7.577131202405119614e-01 8.284296608219345048e-02 3.314553720109814083e-02 1.262983764761962391e-01
7.358382003866452692e-01 1.013419914605565159e-01 8.233603270952807862e-02 8.048377544327020572e-02
7.147987845616903257e-01 1.126858237274866309e-01 8.774520424534115737e-02 8.477018746548177497e-02
7.580469971476793134e-01 9.221485945082154301e-02 6.962271436387326706e-02 8.011542903762597367e-02
7.638791183380050365e-01 1.057993380519886562e-01 6.345529444140617092e-02 6.686624916860015033e-02
7.573412365397780288e-01 9.124739078091710642e-02 4.129238867970776161e-02 1.101189839995970615e-01
7.096577035583062631e-01 9.114668245502559329e-02 5.262058111114689685e-02 1.465750328755212328e-01
7.709138908836643544e-01 9.019243976830099152e-02 6.551838294815923169e-02 7.337528639987538071e-02
7.291448599743708403e-01 1.051130986024190334e-01 6.043759860491710462e-02 1.053044428182929454e-01
7.721617478244512389e-01 7.729987525338458121e-02 5.167893072201446003e-02 9.885944620014967821e-02
7.551876923763108929e-01 9.526831774797955843e-02 6.594011202541320837e-02 8.360387785029647911e-02
7.607084770973951970e-01 8.330936324766646806e-02 8.644968864667570974e-02 6.953247100826263905e-02
7.652772975524188004e-01 9.879496713908723915e-02 4.440421497836509468e-02 9.152352033012874089e-02
7.408882237594553999e-01 9.235676967644525226e-02 5.837432489472774155e-02 1.083806816693714675e-01
7.227340086579510103e-01 1.024893084887314731e-01 8.330011358042141434e-02 9.147656927289585238e-02
8.094516149761832313e-01 8.236756088952243426e-02 5.872505941583887334e-02 4.945576471845542638e-02
7.827385933408441687e-01 4.835605303142122280e-02 6.744367750858219768e-02 1.014616761191522720e-01
7.545236028604525025e-01 1.294471349291766438e-01 4.215143142450780006e-02 7.387783078586322716e-02
6.988386293278769923e-01 1.006719708004280289e-01 1.026111908534880907e-01 9.787820901820687425e-02
7.040414219844838284e-01 1.225212283404791547e-01 9.060087968978416950e-02 8.283646998525293070e-02
7.504846402670026784e-01 9.095243480742448705e-02 7.869729111409921873e-02 7.986563381147369911e-02
7.513994549315845539e-01 1.175144801812296469e-01 6.494597126902781903e-02 6.614009361815795240e-02
7.879125017138510767e-01 7.521918646518098439e-02 4.513489649032657869e-02 9.173341533064149900e-02
7.928235321505439082e-01 7.316558867373475217e-02 4.185256132148949815e-02 9.215831785423185540e-02
7.801080260732959903e-01 7.726480136872543314e-02 6.643998347844504160e-02 7.618718907953338226e-02
7.493991282212492111e-01 9.807838592659189059e-02 6.832791910095169230e-02 8.419456675120717826e-02
7.824279880716168423e-01 6.066712981819018941e-02 6.005990043493773106e-02 9.684498167525514012e-02
7.420007326452084939e-01 9.114743037161698869e-02 6.409626277825318519e-02 1.027555742049213183e-01
7.873754825746992481e-01 7.382849459297664840e-02 5.002562156327022141e-02 8.877040126905387518e-02
7.664859111328204966e-01 7.560498885970191874e-02 7.232255385165441142e-02 8.558654615582328429e-02
7.620443837680590526e-01 6.500407892451237624e-02 8.155251786503328604e-02 9.139901944239539611e-02
8.053773580650354091e-01 5.489269134623389612e-02 6.301850055147775742e-02 7.671145003725297895e-02
7.394122928893649416e-01 8.648258045902734725e-02 9.132686507277880394e-02 8.277826157882894886e-02
7.879423974398468422e-01 6.439955234559531505e-02 6.392628396738010699e-02 8.373176624717774963e-02
7.565267297301484506e-01 9.297612149341892562e-02 6.232189971372246312e-02 8.817524906271012597e-02
7.794755535257392731e-01 7.047688925357069312e-02 7.147706031302993035e-02 7.857049690766015893e-02
8.089302828798781153e-01 6.428830197811691294e-02 4.428449382287285435e-02 8.249692131913211046e-02
7.811719885835642918e-01 9.421284368445266566e-02 5.066740876397779481e-02 7.394775896800527548e-02
7.482135500971293096e-01 9.561684158212667428e-02 7.488025474279076665e-02 8.128935357795323557e-02
7.872739717368565371e-01 9.509788979049961510e-02 5.056548234974633793e-02 6.706265612289755151e-02
7.915848995869032567e-01 8.850982866317667896e-02 6.529406867289430649e-02 5.461120307702559129e-02
7.453433598718858244e-01 1.016930580127797523e-01 6.555669465616027758e-02 8.740688745917400693e-02
7.466840167184062294e-01 7.174068239359607246e-02 9.599850312418566067e-02 8.557679776381210690e-02
7.320651157693920386e-01 1.046657064588824432e-01 8.621158320331619163e-02 7.705759456840938215e-02
7.249248816046485189e-01 1.083981966594797230e-01 7.844162653502813332e-02 8.823529520084377742e-02
7.729533023251986545e-01 7.742799623002594167e-02 5.560347361671035687e-02 9.401522782806519263e-02
7.577611283161923561e-01 7.941206190467074710e-02 8.043906817751027283e-02 8.238774160162662397e-02
7.627385789820229078e-01 8.666695936254516230e-02 6.264202890330509976e-02 8.795243275212670520e-02
7.368658203360274328e-01 1.249008333734699938e-01 7.847644587832783292e-02 5.975690041217479598e-02
7.435095176867313471e-01 1.081810907789289844e-01 7.421420886191688882e-02 7.409518267242293232e-02
7.174300304984413401e-01 1.185955308993597301e-01 4.250734150560311897e-02 1.214670970965959079e-01
7.117121508425174881e-01 8.157123352271365702e-02 8.079559952601167439e-02 1.259210161087570834e-01
7.479812223096466983e-01 6.938665799939640333e-02 6.882088643864545108e-02 1.138112332523113224e-01
7.455144847637905636e-01 6.447813031199883804e-02 1.033742259378966355e-01 8.663315898631389345e-02
7.539122211450350886e-01 8.983816441009472020e-02 6.142836076541752927e-02 9.482125367945247463e-02
7.330396716071428953e-01 1.291895882904994797e-01 5.178552096186934961e-02 8.598521914048837256e-02
7.448322643700221457e-01 1.089885798084996582e-01 6.994744211451552063e-02 7.623171370696268934e-02
7.692335419155000853e-01 8.464043276765260970e-02 8.904881499567923742e-02 5.707721032116804677e-02
7.307487335670501682e-01 7.180165595771405285e-02 1.162988707959715234e-01 8.115073967926438037e-02
7.542306367353145413e-01 7.406715395586387085e-02 7.672604200499298643e-02 9.497616730382860140e-02
7.583295332093448193e-01 1.107201852804152870e-01 4.178067720645881750e-02 8.916960430378097213e-02
7.752323152657547567e-01 9.189543629165643213e-02 6.552504976141612647e-02 6.734719868117258756e-02
7.750505001876401012e-01 6.498164438359778361e-02 6.535554232334804536e-02 9.461231310541419470e-02
7.533769050979437498e-01 9.373255617664116857e-02 8.915181259260041013e-02 6.373872613281474087e-02
7.269134520972305724e-01 9.392464774744402334e-02 1.140027314505506484e-01 6.515916870477474199e-02
7.650673522292376072e-01 9.004594421273186267e-02 6.349507290707291640e-02 8.139163065095754435e-02
7.772039850470076061e-01 1.038289207499047961e-01 5.129360556942356292e-02 6.767348863366402789e-02
7.945025725910610515e-01 5.518610717187053677e-02 5.536945127951989343e-02 9.494186895754845590e-02
7.916910255451341527e-01 7.067484205738019942e-02 7.247008881560593196e-02 6.516404358187956325e-02
7.774705512342570124e-01 6.541610205991296723e-02 5.953089922431026998e-02 9.758244748151993775e-02
7.581694412318848997e-01 7.315018211081095179e-02 6.419833487586586174e-02 1.044820417814382729e-01
7.396374231267377475e-01 8.936995342089200378e-02 7.801271389767121256e-02 9.297990955469888352e-02
7.669709824628460071e-01 8.285939793255107932e-02 6.587207954749711714e-02 8.429754005710578257e-02
7.570156565695795869e-01 8.533629878795252754e-02 9.020539401991473083e-02 6.744265062255314080e-02
7.511241459789601560e-01 8.303257933609071995e-02 7.896075285471972072e-02 8.688252183022954211e-02
7.561256823777143810e-01 1.123675346470548869e-01 5.277106205777690878e-02 7.873572091745396906e-02
7.784966500561993907e-01 8.224183729434608736e-02 6.181320138574435824e-02 7.744831126371025387e-02
7.743208603386284583e-01 8.994134107829078462e-02 7.248598462798240549e-02 6.325181395509839322e-02
7.280880272404551823e-01 6.957152739597805002e-02 8.169545656960533475e-02 1.206449887939613635e-01
7.095662225548835522e-01 1.206131858422248987e-01 5.037580642648672308e-02 1.194447851764048468e-01
7.311017195419421411e-01 1.035031466552474022e-01 6.417038992074215742e-02 1.012247438820682577e-01
7.454302223249019699e-01 8.262441891120414494e-02 9.471614961188359882e-02 7.722920915201021697e-02
7.086915910473102764e-01 9.267312203835803563e-02 6.840330982377058888e-02 1.302319770905610297e-01
7.490881415653101172e-01 9.806409505634738899e-02 6.365129942980148059e-02 8.919646394854112426e-02
7.867096376637813249e-01 8.632210803976010649e-02 5.317820160837880006e-02 7.379005268807969919e-02
7.451319099695850046e-01 1.012672631889959540e-01 8.272617922172446903e-02 7.087464761969451688e-02
7.448265913445794029e-01 1.074868340502152381e-01 4.322813562121907011e-02 1.044584389839862959e-01
7.722070988444630357e-01 7.896513284247429210e-02 7.167349630894340184e-02 7.715427200411915931e-02
7.870128649726675363e-01 9.495991301785527972e-02 4.763710778108926069e-02 7.039011422838779841e-02
7.784744526304463452e-01 7.491430926923368927e-02 7.036062867546530319e-02 7.625060942485467619e-02
7.389077311304251827e-01 7.211935850591136288e-02 8.042433911359804510e-02 1.085485712500655342e-01
7.267771368176989544e-01 7.877040648877672857e-02 8.837280400581591644e-02 1.060796526877083451e-01
6.913056005540115789e-01 9.964580476027676270e-02 1.027984965720361715e-01 1.062500981136753619e-01
7.521434193022943360e-01 8.974612263576002558e-02 7.907764890470107833e-02 7.903280915724450462e-02
7.822847575441248535e-01 7.504035602163056096e-02 7.342476620168819634e-02 6.925012023255643079e-02
7.215168588039838626e-01 8.562667107714970471e-02 9.591127966998132248e-02 9.694519044888517956e-02
7.980287974938281570e-01 6.419545740165889802e-02 6.189380732608031760e-02 7.588193777843252330e-02
6.661047398916600804e-01 1.690107140709389555e-01 6.554923249941993491e-02 9.933531353798107089e-02
7.934625928689991170e-01 7.696115895186514400e-02 5.964309562933581971e-02 6.993315254979987072e-02
8.025083517819834311e-01 8.490286748883489609e-02 5.231447913315198650e-02 6.027430159602965160e-02
7.491971019539810372e-01 1.096056175206315403e-01 6.966386287810567846e-02 7.153341764728161911e-02
7.782444749847485799e-01 6.578685257222706417e-02 6.778102881948967762e-02 8.818764362353471997e-02
7.862923051800045915e-01 8.809585545565337683e-02 5.499469522961555196e-02 7.061714413472663932e-02
7.557570746736045342e-01 9.741538094935664471e-02 7.850349141918996909e-02 6.832405295784892141e-02
7.315923626673506153e-01 1.059988110960693730e-01 6.598234814107301061e-02 9.642647809550701499e-02
6.803869492992856705e-01 1.228813318930782605e-01 7.124657030090275622e-02 1.254851485067332573e-01
7.467628470786291661e-01 1.207320971988045111e-01 4.404347111421812178e-02 8.846158460834821491e-02
7.458848253085085256e-01 9.014910539059520223e-02 9.217229256852429997e-02 7.179377673237202773e-02
7.482959636020704020e-01 7.910930912245117685e-02 9.151401124749546090e-02 8.108071602798284927e-02
7.760533269801292988e-01 6.242644667806206138e-02 9.493765188326042104e-02 6.658257445854821877e-02
7.743838537203241446e-01 7.523952177994458479e-02 8.815854785786206294e-02 6.221807664186935344e-02
7.337444032519309101e-01 9.571835071163947717e-02 8.729659003411208151e-02 8.324065600231740636e-02
7.527880062269703965e-01 8.299109648692695740e-02 7.970882129396603122e-02 8.451207599213633737e-02
7.693803449882997691e-01 1.109234782249771817e-01 3.964585671459937288e-02 8.005032007212366241e-02
7.481686640984711589e-01 9.551968129112406447e-02 6.173841137121383049e-02 9.457324323919102937e-02
7.767019492984947870e-01 8.124592992334442321e-02 4.393118376587649976e-02 9.812093701228428999e-02
7.779889718904998697e-01 8.330082879296110687e-02 5.891659489606473205e-02 7.979360442047436774e-02
7.646510175823743038e-01 9.115407571094547023e-02 5.280848540339747044e-02 9.138642130328282487e-02
7.288031622705130053e-01 8.172277581446707462e-02 1.034010013130746281e-01 8.607306060194526431e-02
7.286231222767155513e-01 9.308705149451482197e-02 5.749669915865079223e-02 1.207931270701188831e-01
7.605394420892245266e-01 8.028254988794665536e-02 9.576568525368985008e-02 6.341232276913902344e-02
7.336228460422614672e-01 9.939671144640939426e-02 7.890421723622677297e-02 8.807622527510231003e-02
7.248009880206467415e-01 1.025713821241126256e-01 7.419036576229050273e-02 9.843726409294999147e-02
7.548683907557259820e-01 7.426182610555570607e-02 8.008008218249952626e-02 9.078970095621891057e-02
7.631222129154155986e-01 6.946986210321583199e-02 7.444545156754300841e-02 9.296247341382554708e-02
7.665803314018933001e-01 9.185806312007405161e-02 6.002375005176119327e-02 8.153785542627153826e-02
7.678891281629013355e-01 6.490721027235787921e-02 6.211242535333168918e-02 1.050912362114090198e-01
7.983568203613988778e-01 8.229661064422863492e-02 4.977759105061251715e-02 6.956897794376006028e-02
7.724654803803455705e-01 7.620876569829654334e-02 7.322572810203613336e-02 7.810002581932157240e-02
7.342298504725945918e-01 9.377726255107213249e-02 9.189009232317588149e-02 8.010279465315713054e-02
7.987235092076654386e-01 5.717070678767045139e-02 6.546165275154261498e-02 7.864413125312144648e-02
7.245560406962137101e-01 1.221351025976334798e-01 3.510741575533209147e-02 1.182014409508206770e-01
7.537584088924901282e-01 5.370071794521547731e-02 7.316910728934329644e-02 1.193717658729511327e-01
6.953991483095458559e-01 1.028980579681825075e-01 1.065997937231967785e-01 9.510299999907477486e-02
7.966211571137029601e-01 8.227761839857872239e-02 6.018286573641375148e-02 6.091835875130454520e-02
7.696123808907483488e-01 9.258451713542889538e-02 7.100263784078834906e-02 6.680046413303447617e-02
7.389024627340147200e-01 1.143821663773958858e-01 8.345351019109382984e-02 6.326186069749552277e-02
7.440555531120425226e-01 1.187426073169296353e-01 6.893137213676189812e-02 6.827046743426591624e-02
7.076073767408250781e-01 7.424582311281549551e-02 8.303524442358942159e-02 1.351115557227700881e-01
7.302632731034787161e-01 9.794574159124361246e-02 8.912948751490909483e-02 8.266149779036853495e-02
7.414084013349545588e-01 6.855397389532823238e-02 8.749160591280544241e-02 1.025460188569117387e-01
7.950754871125638168e-01 7.350159182654861234e-02 3.943693153600863477e-02 9.198598952487900549e-02
7.359383989644734392e-01 7.004266318753929466e-02 8.771678814707591088e-02 1.063021497009112720e-01
7.285429645601850801e-01 7.648181471597795267e-02 7.262668651088369232e-02 1.223485342129532333e-01
7.501561205436584334e-01 9.639755403311044135e-02 6.385244260250934334e-02 8.959388282072176801e-02
7.570935588058104182e-01 9.882296179192065488e-02 5.976775308109341656e-02 8.431572632117562138e-02
7.742651911130867814e-01 8.837797439713521164e-02 5.904042423615992602e-02 7.831641025361808783e-02
7.265784397985526333e-01 1.011259828267427885e-01 6.417899360937608100e-02 1.081165837653283585e-01
7.311849065010981308e-01 9.800668594316631899e-02 7.298664352749753559e-02 9.782176402823815342e-02
7.851672791546510100e-01 8.022265265542774526e-02 4.876615465153031487e-02 8.584391353839093686e-02
7.496459479850278163e-01 7.665811097163363619e-02 8.811496531340388960e-02 8.558097572993460245e-02
7.321232867102736019e-01 9.751995441501237760e-02 6.210134096861244513e-02 1.082554179061016031e-01
7.396919966990851414e-01 8.251338726967792636e-02 7.393353283753505145e-02 1.038610831937018530e-01
7.536315796235725228e-01 9.628802826736281018e-02 5.770881580565321439e-02 9.237157630341141790e-02
6.982939054448780158e-01 1.009683060061801335e-01 8.566150347214580851e-02 1.150762850767960005e-01
8.079938336153683620e-01 5.870853090923481427e-02 6.060768422083659401e-02 7.268995125456018114e-02
7.230147844258992818e-01 1.018016181082159327e-01 9.393641085272104452e-02 8.124718661316393531e-02
8.087026485781515506e-01 4.053613976063288882e-02 7.620382319606210098e-02 7.455738846515345963e-02
7.433459516755234198e-01 7.556530001114579453e-02 1.186495445463071063e-01 6.243920376702369324e-02
7.630842500122978489e-01 9.519519567340417598e-02 6.788786004117992878e-02 7.383269427311801858e-02
7.746873692632879616e-01 7.650569054656083945e-02 9.019388902231768868e-02 5.861305116783335767e-02
7.620514000766954732e-01 1.240084031451617608e-01 5.033789374269422023e-02 6.360230303544849029e-02
7.512267838741596426e-01 8.573941804421172930e-02 5.908568716342854632e-02 1.039481109182001928e-01
7.691296811027016345e-01 9.121966376588661052e-02 4.493420656504727023e-02 9.471644856636439458e-02
7.699803702987455534e-01 6.596239809075538085e-02 7.904350122288753000e-02 8.501373038761143863e-02
7.522067135258581061e-01 5.471427366049388952e-02 1.098276709955175179e-01 8.325134181813054202e-02
7.668104175938394995e-01 9.990772941424533315e-02 6.997324464717216697e-02 6.330860834474311138e-02
7.140918227423158626e-01 1.274376292227405727e-01 9.714226559271921246e-02 6.132828244222428282e-02
7.463494653142462854e-01 8.727775357540057399e-02 7.166072405611263740e-02 9.471205705424066978e-02
7.407811262537279395e-01 1.244913124761223150e-01 6.372005734405598865e-02 7.100750392609378459e-02
7.823967343020575838e-01 7.350285260067132564e-02 5.319248813583857954e-02 9.090792496143242085e-02
7.607765576599626600e-01 9.292888649861197337e-02 8.331747341011248864e-02 6.297708243131294736e-02
7.855057975830829209e-01 7.499587717329865566e-02 5.351317973481710399e-02 8.598514550880113905e-02
7.852745085082255549e-01 7.875544097198330928e-02 6.788151587931932907e-02 6.808853464047176507e-02
7.840548902770994033e-01 1.005578907293852298e-01 5.321967678641782717e-02 6.216754220709753975e-02
7.918533462514053545e-01 8.711371588032482127e-02 5.493781923134089668e-02 6.609511863692876799e-02
7.612840146528274676e-01 1.109499273426174243e-01 5.385130465227893487e-02 7.391475335227618015e-02
7.713065673134144040e-01 8.997317937973389745e-02 6.392569798702182893e-02 7.479455531982984184e-02
7.426173756798469805e-01 1.032232298576173796e-01 7.206839422393712669e-02 8.209100023859833284e-02
7.824449371185212554e-01 9.231102797432209905e-02 5.560675980591542333e-02 6.963727510124111120e-02
8.267557325184419215e-01 5.996324609438368619e-02 5.244564000830968103e-02 6.083538137886472519e-02
8.040713327515829345e-01 8.158628333007537925e-02 6.509570427272580451e-02 4.924667964561588174e-02
7.873028033289504179e-01 7.719519405171296200e-02 3.853966025035013981e-02 9.696234236898650105e-02
7.180336367640396400e-01 1.220511365863856668e-01 8.871425626971958522e-02 7.120097037985498312e-02
7.894641681228711239e-01 6.324290844850916082e-02 8.008158158994732601e-02 6.721134183867226441e-02
7.611611290620864390e-01 1.109086814633764434e-01 6.400688397890103021e-02 6.392330549563630948e-02
7.704868271855984663e-01 1.122383982813472264e-01 5.231772167337098156e-02 6.495705285968331189e-02
7.550224508343927887e-01 1.005149727046432961e-01 7.930466768578660341e-02 6.515790877517720070e-02
7.649516051191419530e-01 7.736457368935566181e-02 8.371905515395362818e-02 7.396476603754868762e-02
8.158262374736360290e-01 5.554816737450231356e-02 7.449974449654248043e-02 5.412585065531914930e-02
7.710226390826953047e-01 6.198290530026950157e-02 5.141501686184547781e-02 1.155794387551898061e-01
7.838506436420933365e-01 8.899960957514289894e-02 5.385107382041309787e-02 7.329867296235068053e-02
7.666166670149442419e-01 8.359164665989977927e-02 8.831788318366706747e-02 6.147380314148893909e-02
7.523244830614537193e-01 9.579044020549110083e-02 7.715768725945883200e-02 7.472738947359643114e-02
7.268842225273820512e-01 9.982938054379876525e-02 7.158323512636736996e-02 1.017031618024517164e-01
7.870344341493811235e-01 8.278078463573029788e-02 4.644726575587136697e-02 8.373751545901725324e-02
7.366427689661416700e-01 8.852729171361682636e-02 6.854287918305124183e-02 1.062870601371902202e-01
7.725137275168977302e-01 9.979768524887464021e-02 6.466014246443833879e-02 6.302844476978937405e-02
7.891744428228348873e-01 8.918733024062786008e-02 5.400701974966205798e-02 6.763120718687526400e-02
7.878348163883249766e-01 9.205673136609250629e-02 3.592457254452148530e-02 8.418387970106092077e-02
7.071406893886394984e-01 1.128469811030076708e-01 1.101789917127216634e-01 6.983333779563123678e-02
7.976553009973421648e-01 5.858017534435049078e-02 6.388603751956468957e-02 7.987848613874271031e-02
7.633699875844852656e-01 6.499106204405052933e-02 9.387531806277966961e-02 7.776363230868443832e-02
7.338423977027913603e-01 7.637682376427669395e-02 8.420254959014558671e-02 1.055782289427862897e-01
7.247673446540118247e-01 1.023054006904931673e-01 7.021389232712506312e-02 1.027133623283700420e-01
7.897343129724050392e-01 5.535725730241593256e-02 5.921961683884443411e-02 9.568881288633469817e-02
7.815055981126100004e-01 9.910709380143832570e-02 5.621432625418587570e-02 6.317298183176583981e-02
7.309187255921500981e-01 8.833179029346421851e-02 7.063929028770513097e-02 1.101101938266805386e-01
7.788348812377849928e-01 6.180735587499742306e-02 6.524979062975774791e-02 9.410797225745985706e-02
7.782657658871879880e-01 9.050199267354425148e-02 6.035435358825793489e-02 7.087788785100977706e-02
7.909390890521423856e-01 8.345810087262539589e-02 7.622651156332985178e-02 4.937629851190240837e-02
7.195784993609724012e-01 1.108989921375777149e-01 8.243078870402463509e-02 8.709171979742537373e-02
7.724138104486278911e-01 1.088910488495729162e-01 3.968804716240578734e-02 7.900709353939340540e-02
7.670797104388368259e-01 8.288688415302727930e-02 7.306159227668616862e-02 7.697181313144962900e-02
7.159167315867084325e-01 9.347114967540874619e-02 9.462298554740139478e-02 9.598913319048139881e-02
7.672559683926426510e-01 9.845511534552911503e-02 7.046975498199033183e-02 6.381916127983783271e-02
7.142923680838322298e-01 1.090209789920639494e-01 7.740766982960076148e-02 9.927898309450300385e-02
7.485625445816941337e-01 9.005478390833722424e-02 9.300820594050347723e-02 6.837446556946517873e-02
7.831205764505949629e-01 6.576252365568302505e-02 6.848271281511728037e-02 8.263418707860477330e-02
7.341705521571361137e-01 9.342378264108981700e-02 6.400962062556846133e-02 1.083960445762056496e-01
7.664915861033416711e-01 9.221573075227136596e-02 5.241661212457002922e-02 8.887607101981687130e-02
7.895931195558499871e-01 7.245884262518065277e-02 4.633776873033594590e-02 9.161026908863349749e-02
7.551946847313737443e-01 8.633842886175256692e-02 6.211269507810190244e-02 9.635419132877165449e-02
7.774930563882752610e-01 7.670958660204772739e-02 4.413487953653385393e-02 1.016624774731431091e-01
7.514548457415320959e-01 8.229074455704564472e-02 9.710363769924335031e-02 6.915077200217889519e-02
8.198540510734724229e-01 8.360479446506083323e-02 3.532043623326436982e-02 6.122071822820237402e-02
7.880347157777235489e-01 7.464938107925382649e-02 5.050269818894064650e-02 8.681320495408192950e-02
7.808997646412860760e-01 7.175051796394903147e-02 7.164390965557221325e-02 7.570580773919267925e-02
7.686930384062625743e-01 7.713625343447214067e-02 6.944887459669080165e-02 8.472183356257441400e-02
7.519691538796720032e-01 8.247805796036045134e-02 8.579076419951021937e-02 7.976202396045724285e-02
8.357849452942776036e-01 7.792572507709841223e-02 4.728677149843642930e-02 3.900255813018754097e-02
7.384888202264960899e-01 1.091467369759973188e-01 6.333236168054186266e-02 8.903208111696460370e-02
7.677596967114788118e-01 8.620346705231385354e-02 6.602273378436614160e-02 8.001410245184117920e-02
8.038364218897595670e-01 6.034888236065791278e-02 7.385545092208226081e-02 6.195924482750016921e-02
7.501818946475844463e-01 8.206723997952423966e-02 7.048140304887762220e-02 9.726946232401365022e-02
7.898757794027082557e-01 8.825676492523916450e-02 6.207615363009936355e-02 5.979130204195326481e-02
7.779366027384325699e-01 9.864376139642169750e-02 6.024673013832958918e-02 6.317290572681617811e-02
7.267766713045241689e-01 1.142010355786922532e-01 6.856659845384542595e-02 9.045569466293822136e-02
7.764218664374427092e-01 6.645023286216392155e-02 6.260247742272272153e-02 9.452542327767055053e-02
7.987172857944078164e-01 5.763865807239904049e-02 7.111771516540403570e-02 7.252634096778914907e-02
7.213212110641302743e-01 9.091725689073416883e-02 7.698205632406136811e-02 1.107794757210740638e-01
7.982989883981601587e-01 7.346319425757322219e-02 5.529457952202063847e-02 7.294323782224589048e-02
7.872361068606589241e-01 8.653660446085387203e-02 3.715785107756225392e-02 8.906943760092496387e-02
7.710911904753322554e-01 6.939983741015381957e-02 6.251816675964459724e-02 9.699080535486934163e-02
7.771843351223208796e-01 6.619494474379741811e-02 7.439836199238047953e-02 8.222235814150122279e-02
7.851580831100403168e-01 7.289290325692172889e-02 7.073477145725398652e-02 7.121424217578395388e-02
7.473529529215570122e-01 7.613041131858690191e-02 8.380517246011427723e-02 9.271146329974182254e-02
7.478926431588049928e-01 1.076950386259536985e-01 7.763728107815950907e-02 6.677503713708173028e-02
7.832405581248548243e-01 9.355454257994814948e-02 5.830367204927870695e-02 6.490122724591838865e-02
7.748537704884008726e-01 7.475481475773257389e-02 6.248069997870160652e-02 8.791071477516503030e-02
7.570855719781690585e-01 9.024155491979432564e-02 8.646289013957018932e-02 6.620998296246641268e-02
7.316213786818153153e-01 1.034665704803871683e-01 6.303002365453296008e-02 1.018820271832644314e-01
7.770942200008058576e-01 8.463976898296748930e-02 5.218341340453427207e-02 8.608259761169233248e-02
8.072911650677935258e-01 4.955720897251724572e-02 6.448347076122082355e-02 7.866815519846843963e-02
7.984254064794443773e-01 7.616362232961548795e-02 4.952433879418123575e-02 7.588663239675891292e-02
7.778764417487912253e-01 1.009525523572569750e-01 6.311724714506285194e-02 5.805375874888893395e-02
7.727040179456668989e-01 1.105754527914805246e-01 4.945883548843280075e-02 6.726169377441999775e-02
7.890756329335583130e-01 8.978936417673560877e-02 4.948257522817803289e-02 7.165242766152805920e-02
8.207102042588549917e-01 5.461275306550312375e-02 7.002825865373882297e-02 5.464878402190304074e-02
7.797983589543635574e-01 6.983847175464585888e-02 5.736633979169982606e-02 9.299682949929090336e-02
7.424091092954159254e-01 9.458026588553557212e-02 8.313368373269540423e-02 7.987694108635311208e-02
7.540235836947857262e-01 8.225037351443933997e-02 7.642678862489654668e-02 8.729925416587842879e-02
7.503271354855099995e-01 8.051263048080234408e-02 7.979208317468038103e-02 8.936815085900712274e-02
7.336854308589016993e-01 1.087331921620848102e-01 8.650092449850832477e-02 7.108045248050516574e-02
8.092780829683678956e-01 7.804087303597320724e-02 4.944666169899878533e-02 6.323438229665998001e-02
7.564521450638660438e-01 1.052572904178871310e-01 8.172947750430226144e-02 5.656108701394432781e-02
7.472494694772048307e-01 9.492324511719790747e-02 6.741532127135231589e-02 9.041196413424490430e-02
7.568531406941381157e-01 5.739811974278491435e-02 8.970409034050089159e-02 9.604464922257606452e-02
7.367461776756525360e-01 9.682850911319211551e-02 8.538387412898938711e-02 8.104143908216583647e-02
7.460432539047977540e-01 9.458792082803267609e-02 8.200924311338070316e-02 7.735958215378867242e-02
7.987951791191431061e-01 6.050273710173574571e-02 7.756646387950164034e-02 6.313561989961932741e-02
7.437470288652905381e-01 8.728754586574140328e-02 9.514621635746212114e-02 7.381920891150571540e-02
7.405623922527402314e-01 8.690633746488449218e-02 1.016401890851596768e-01 7.089108119721547474e-02
8.041100764191955186e-01 7.066461963758915998e-02 6.505546010258619893e-02 6.016984384062909474e-02
7.794152823890174719e-01 8.783652022137812543e-02 5.873019135557758230e-02 7.401800603402673706e-02
7.658336539897637740e-01 8.837778269696923428e-02 6.349277520514490236e-02 8.229578810812229750e-02
7.553346112217724784e-01 1.107954291735915309e-01 6.439088613333898703e-02 6.947907347129690658e-02
7.452216619910992934e-01 1.045542974105829748e-01 7.540196468120020923e-02 7.482207591711738381e-02
7.900202123513885288e-01 5.615836913177154471e-02 5.727348916297540088e-02 9.654792935386444230e-02
7.502042304633105285e-01 9.715005867461916356e-02 7.753596883299482267e-02 7.510974202907548525e-02
7.564948724060416296e-01 9.056350873746353558e-02 5.288585592929424123e-02 1.000557629272005866e-01
7.470424526618960614e-01 1.122251647508735323e-01 5.139023499714742704e-02 8.934214759008295148e-02
7.229033463143927918e-01 1.205245400717411819e-01 6.081349419330062123e-02 9.575861942056536347e-02
7.696151787817664403e-01 7.474130432804383661e-02 4.751946731957503584e-02 1.081240495706146804e-01
7.482991347811873695e-01 9.252168093846900587e-02 6.386172450910158893e-02 9.531745977124200797e-02
7.121472888222217801e-01 1.115351108869122448e-01 7.242738327607824156e-02 1.038902170147876919e-01
7.970971835138583872e-01 7.954737738997685881e-02 5.464658779122606724e-02 6.870885130493872839e-02
8.129412872076294816e-01 7.142147419045839773e-02 4.404187330343729834e-02 7.159536529847466968e-02
7.220519259749336172e-01 8.571022125216645748e-02 8.786321483491817130e-02 1.043746379379817402e-01
7.610334480319331796e-01 1.042975191997095874e-01 6.286244920208498843e-02 7.180658356627216132e-02
7.405864799595278658e-01 1.027357795813802765e-01 7.334698018769379713e-02 8.333076027139815767e-02
7.609211175226873181e-01 9.090520256567136137e-02 5.383015905189085515e-02 9.434352085975070135e-02
7.815742843618576075e-01 7.744796045599121326e-02 7.055506143470664793e-02 7.042269374744457300e-02
7.262649659087134779e-01 8.056402858614461482e-02 7.933982858940780147e-02 1.138311769157342168e-01
7.917230334259699465e-01 8.314538939029690601e-02 5.148367827095336885e-02 7.364789891277974399e-02
7.234833878369889559e-01 9.454719888928957150e-02 9.537755639338928171e-02 8.659185688033220474e-02
7.851625286930078440e-01 9.175330691151828422e-02 5.396755055515713856e-02 6.911661384031675404e-02
7.745123068557886459e-01 9.553923736378625020e-02 4.897655323223498725e-02 8.097190254819022770e-02
7.632565812454912280e-01 8.050416535148705033e-02 5.743765163123663864e-02 9.880160177178495817e-02
7.703297067598070536e-01 9.906984366794424623e-02 4.974547617342575667e-02 8.085497339882298518e-02
7.828813943893878635e-01 5.725612210636938509e-02 6.204816003995865248e-02 9.781432346428405034e-02
7.791301042563265611e-01 6.117350983547563403e-02 8.968683033806804095e-02 7.000955557012979169e-02
7.970908688670415021e-01 7.663094023066038818e-02 6.455687090980254117e-02 6.172131999249563794e-02
7.472116981308292161e-01 9.681543679093808363e-02 7.695233435423722013e-02 7.902053072399546629e-02
7.058385266156946836e-01 9.314730646393130920e-02 9.003491319480330657e-02 1.109792537255706174e-01
7.297094995136083062e-01 1.025752020464098246e-01 8.848064226513402408e-02 7.923465617484776180e-02
7.383893146900664117e-01 8.983936542611051235e-02 1.003324507045024599e-01 7.143886917932068537e-02
7.254643519145899111e-01 7.532960022279783230e-02 5.100546985405875200e-02 1.482005780085534630e-01
7.536005773921042872e-01 9.363453049310543896e-02 6.423356182679140769e-02 8.853133028799897719e-02
7.271757453062630550e-01 8.357455636312802194e-02 8.259077852039856116e-02 1.066589198102104868e-01
7.740651626001096020e-01 8.368241660112570035e-02 6.652002303629657443e-02 7.573239776246828980e-02
7.830869406172699110e-01 9.172709273259982421e-02 4.111925276482188141e-02 8.406671388530839728e-02
7.424006372496888551e-01 8.614114672442106657e-02 9.021227525736039143e-02 8.124594076852999225e-02
7.960539268989510475e-01 7.070101499749757712e-02 6.824626886924856084e-02 6.499878923430273125e-02
7.735581973783233201e-01 7.847956559296015433e-02 7.398491812147157953e-02 7.397731890724483506e-02
7.615418154683588625e-01 8.229273873590045585e-02 6.534105073255752627e-02 9.082439506318309985e-02
7.948098575572009050e-01 7.126553712829347687e-02 7.319040804381164722e-02 6.073419727069404722e-02
7.781359091572606079e-01 7.770913851187279120e-02 7.786744888707267109e-02 6.628750344379377712e-02
7.451614365177194887e-01 1.040334989379189945e-01 7.385866257959478043e-02 7.694640196476676408e-02
7.669874334515787151e-01 6.560604463596980684e-02 6.654957533500607814e-02 1.008569465774454138e-01
7.664490138723825119e-01 8.188042193221548026e-02 6.496690884805915445e-02 8.670365534734270074e-02
7.824072274724619414e-01 7.582993328944639955e-02 5.779953054609542062e-02 8.396330869199639113e-02
7.641047996435684775e-01 8.953657318065925963e-02 5.572296984434022687e-02 9.063565733143218173e-02
7.434826336710949057e-01 9.283459704659570433e-02 4.912727332630147797e-02 1.145554959560079189e-01
7.547539855474934001e-01 1.014222282558921717e-01 5.233905187428442712e-02 9.148473432233010516e-02
7.605003544505647417e-01 8.618104169288050287e-02 8.111149437196665812e-02 7.220710948458812506e-02
7.528938187431272189e-01 7.237142345459451898e-02 7.304322195326791445e-02 1.016915358490102506e-01
7.888490494174459355e-01 9.819904076829780171e-02 3.514044360571374342e-02 7.781146620854242912e-02
7.720210114234845600e-01 4.497053690704398698e-02 7.314055191083619623e-02 1.098678997586352568e-01
7.729053911807189925e-01 7.543110354340269719e-02 7.377936578463391293e-02 7.788413949124449454e-02
7.195187707288576151e-01 1.145577197344561787e-01 5.328771640734943082e-02 1.126357931293367753e-01
7.692267221318326298e-01 7.588706524620573990e-02 8.331408495293415872e-02 7.157212766902752710e-02
7.517071102889893996e-01 1.016093991765790877e-01 5.151536097002530623e-02 9.516812956440627580e-02
7.399039479891328375e-01 1.055779399831700688e-01 6.127757626537175956e-02 9.324053576232517460e-02
7.627816217901146612e-01 9.833783258854111864e-02 6.472058705176976512e-02 7.415995856957438570e-02
7.633506271820265088e-01 9.640736382310739760e-02 6.047131909248111559e-02 7.977068990238496415e-02
7.340259452674292584e-01 9.545646749958963673e-02 8.274033658798515822e-02 8.777725064499586338e-02
7.615002337980024683e-01 7.799017723052355244e-02 5.379599445866399543e-02 1.067135945128099561e-01
7.569187527929938097e-01 7.794050016575677919e-02 8.974252956001718684e-02 7.539821748123239076e-02
7.472749214542662166e-01 9.723210812093696642e-02 7.550570542038914645e-02 7.998726500440749010e-02
7.571121862061162000e-01 9.264089985295519136e-02 5.381977288853163205e-02 9.642714105239695577e-02
7.741514548146950503e-01 5.563418128466511570e-02 7.510957756781019845e-02 9.510478633282959393e-02
7.675493004925915130e-01 7.940398752040443708e-02 7.558708477017302141e-02 7.745962721683109786e-02
7.480022526848186804e-01 9.674988334104156484e-02 6.710523398890583247e-02 8.814262998523385295e-02
7.539988591329315204e-01 7.031255020579389725e-02 7.804189205785208583e-02 9.764669860342264918e-02
7.253393125073690495e-01 8.080225211250524620e-02 7.058804110479174887e-02 1.232703942753339693e-01
7.367034870594406648e-01 8.744060117132350374e-02 8.077001479976476939e-02 9.508589696947099268e-02
7.710341172265516851e-01 9.595165989827005026e-02 5.396464711055067032e-02 7.904957576462758040e-02
7.631517612680118745e-01 8.105477607544360474e-02 9.181162143832198586e-02 6.398184121822253489e-02
7.853920966360721234e-01 7.164668070055583982e-02 6.495097400689120448e-02 7.801024865648074902e-02
7.583997474550063789e-01 9.911369887598035777e-02 7.277186379917387204e-02 6.971468986983937743e-02
