1.517185149689029844e-01 3.047049935056152237e-02 9.492058977742247328e-02 7.228903959031131032e-01
1.118920607673355577e-01 6.213549815413112187e-02 1.070611330327595062e-01 7.189113080457739668e-01
1.032770596393569190e-01 6.199820524704852120e-02 1.141806465897191869e-01 7.205440885238753035e-01
9.697611411904628886e-02 6.512720024578652622e-02 1.189873354665948596e-01 7.189093501685723808e-01
1.237518238442055635e-01 4.366667113074514800e-02 1.520815885281025515e-01 6.804999164969466330e-01
1.214584287949784375e-01 5.521437341336307703e-02 1.489274700867064538e-01 6.743997277049520456e-01
1.220257289314815446e-01 4.059579891626972220e-02 1.207258636397214174e-01 7.166526085125273227e-01
1.290118933183359573e-01 8.697446928303174951e-02 1.415567288969159787e-01 6.424569085017163284e-01
9.882066059461963592e-02 3.912246431052100737e-02 8.615911705642684271e-02 7.758977580384326389e-01
1.078737570787575151e-01 5.277433024494259522e-02 1.204199001863075214e-01 7.189320124899923892e-01
9.553493919621004749e-02 6.276346009197218689e-02 1.166003829567789779e-01 7.251012177550387738e-01
9.140526837998452780e-02 8.335309199787434287e-02 1.029028853738519489e-01 7.223387542482891943e-01
1.793976492311803173e-01 7.281372999271552848e-02 1.091080258466320535e-01 6.386805949294720453e-01
1.090104823305770299e-01 5.084351186199916744e-02 9.614221640474675257e-02 7.440037894026770848e-01
1.138099086661880921e-01 3.354965699512825472e-02 1.323577423364981631e-01 7.202826920021854207e-01
1.233924086486778843e-01 6.794997197512407661e-02 1.257765592412716793e-01 6.828810601349264431e-01
1.352636059809287083e-01 5.940669618221918608e-02 9.454251753236796174e-02 7.107871803044841785e-01
1.373480077704555269e-01 8.268101969372206039e-02 1.416354518052857780e-01 6.383355207305366763e-01
1.345597708512351609e-01 5.070447826006085207e-02 1.279995625009361093e-01 6.867361883877679540e-01
9.040002378848002729e-02 5.802855576073941146e-02 1.173332122711464170e-01 7.342382081796342552e-01
1.130685504678846376e-01 2.256085972427687020e-02 1.611556255827746864e-01 7.032149642250639099e-01
1.235569687423411639e-01 3.739439908343635682e-02 1.229893299159167397e-01 7.160593022583056078e-01
1.355346064351937718e-01 7.005514661115075370e-02 1.430912203045338615e-01 6.513190266491216684e-01
9.441082509978555859e-02 4.056929722486153633e-02 1.326113841171174812e-01 7.324084935582353406e-01
1.189248796625319987e-01 7.691699212784183781e-02 1.065640608367321995e-01 6.975940673728939778e-01
1.152794669201893663e-01 3.674043100248933907e-02 1.075914239354305718e-01 7.403886781418906882e-01
1.353945617929663003e-01 4.957619656702583200e-02 1.158255883924478868e-01 6.992036532475599531e-01
9.759142919024638152e-02 3.534018831091501750e-02 1.087046587622870347e-01 7.583637237365515871e-01
1.181166929510770180e-01 3.377497416853932066e-02 1.333931818840361216e-01 7.147151509963475258e-01
1.235967775388760181e-01 6.412047096849465833e-02 9.045421852000556928e-02 7.218285329726238375e-01
1.092421129767295745e-01 5.758800087452618094e-02 1.111596639250142515e-01 7.220102222237300138e-01
1.234174138793027453e-01 9.904236228497727279e-02 9.581026323066463291e-02 6.817299606050553074e-01
1.213644042559629266e-01 8.214024462039902497e-02 1.223955672966937219e-01 6.740997838269443543e-01
5.989043664773418402e-02 6.537580184070516942e-02 1.242345164841882760e-01 7.504992450273724192e-01
1.207199541437884993e-01 8.101585171020525555e-02 8.940533412044238126e-02 7.088588600255638639e-01
1.126840871697568774e-01 6.200015055069044850e-02 1.675302167598626546e-01 6.577855455196900403e-01
1.565228465871338348e-01 4.095306174710298258e-02 8.672408518789195830e-02 7.158000064778712312e-01
1.055579857454623516e-01 6.340600933783541171e-02 1.113933052533857826e-01 7.196426996633163986e-01
1.138251861456700403e-01 5.451361669962311030e-02 1.359984146522600912e-01 6.956627825024468414e-01
1.000163030115251012e-01 4.887006931721879499e-02 1.109216131310116621e-01 7.401920145402444140e-01
8.739253709822042415e-02 4.564225592552576677e-02 1.364631357787992327e-01 7.305020711974545833e-01
1.380397385191931003e-01 5.933356011438928324e-02 1.518796980863836577e-01 6.507470032800339865e-01
1.113841415302504190e-01 5.490878023509730699e-02 1.066271138876406649e-01 7.270799643470114981e-01
1.123354935217378142e-01 6.503484803581137397e-02 1.116752318470602967e-01 7.109544265953905429e-01
1.410885654240343068e-01 9.407927672447374823e-02 9.744360649600215807e-02 6.673885513554898008e-01
1.700651200047591238e-01 7.091266390562940558e-02 1.056107445181804494e-01 6.534114715714310906e-01
1.036064882803830051e-01 4.476671198044512162e-02 9.303702735214762487e-02 7.585897723870241860e-01
1.191695911480338960e-01 7.084597234259078224e-02 7.059520054127103872e-02 7.393892359681042414e-01
1.542859948850481833e-01 8.140133909245843291e-02 1.297320030554510173e-01 6.345806629670422971e-01
1.481838365498453214e-01 3.533813806931539875e-02 9.299229210721554617e-02 7.234857332736237545e-01
8.656112746315974826e-02 4.570590543920432375e-02 8.918798309608480523e-02 7.785449840015511436e-01
9.873446320786147257e-02 5.557564249635191939e-02 1.010827131934707579e-01 7.446071811023159404e-01
1.091063749227962204e-01 5.575893465269529670e-02 7.279203437444392577e-02 7.623426560500646820e-01
1.240869088333242526e-01 5.419983378638761756e-02 1.564124602866428793e-01 6.653007970936453130e-01
1.297740198601395334e-01 7.453144046300702596e-02 7.422396838304338995e-02 7.214705712938102034e-01
8.970624347081651573e-02 6.773550048491076836e-02 1.304240527734528698e-01 7.121342032708198877e-01
1.354900956908638432e-01 6.821855859070977135e-02 1.235775411107466054e-01 6.727138046076799327e-01
1.094063614388870315e-01 4.660853875152382725e-02 1.012998049460785144e-01 7.426852948635106477e-01
1.363213910203022738e-01 7.648891732967094681e-02 1.473656305965582725e-01 6.398240610534684514e-01
1.244518678973312864e-01 4.759891391355148410e-02 9.251662190403341091e-02 7.354325962850838394e-01
1.360834622700956287e-01 7.879878931061867764e-02 1.077332500192188236e-01 6.773844984000669811e-01
1.382340497517808298e-01 5.900435337141400616e-02 1.387851924301102546e-01 6.639764044466949233e-01
8.232791272014566841e-02 7.764044488602075966e-02 1.538890803661643603e-01 6.861425620276692117e-01
1.438788622807784245e-01 1.028144598570159829e-01 9.830258177095749228e-02 6.550040960912479893e-01
1.342649198846470882e-01 7.606469280478013462e-02 1.554279095541088174e-01 6.342424777564639182e-01
1.124944312969778926e-01 5.019995133768041795e-02 9.693321029924074905e-02 7.403724070661008572e-01
1.653944122736787647e-01 8.528354518901536119e-02 1.035984827529585622e-01 6.457235597843473673e-01
1.128501731585788703e-01 9.556307860883078709e-02 1.053212547807034494e-01 6.862654934518868100e-01
1.258242914470891483e-01 5.418125245782610955e-02 1.039360914199670832e-01 7.160583646751176312e-01
1.509675370586023024e-01 8.857964622754201101e-02 1.308541956978681031e-01 6.295986210159876251e-01
1.219463880783094034e-01 5.435339953311072586e-02 1.280002831954323572e-01 6.956999291931474927e-01
1.196085311717165200e-01 5.953909130310368336e-02 1.296828175078414969e-01 6.911695600173383136e-01
9.537545542960808309e-02 5.958700903373252006e-02 9.522615329742406542e-02 7.498113822392352690e-01
1.052342281117876061e-01 6.995823388269126197e-02 1.196695161711353456e-01 7.051380218343857864e-01
1.027798080230029332e-01 7.816343488708626941e-02 1.203364865975025816e-01 6.987202704924083685e-01
1.305220437978991121e-01 6.491425469692013728e-02 9.096167296470268615e-02 7.136020285404779395e-01
1.829693000662982183e-01 4.535518264287825146e-02 1.262198005516627641e-01 6.454557167391609118e-01
1.128001281865163574e-01 5.828526411244951133e-02 1.060112905349035184e-01 7.229033171661305435e-01
1.347351630313356474e-01 6.297918521822566673e-02 1.152508671895966091e-01 6.870347845608419934e-01
1.002295322472232797e-01 8.452195891008515427e-02 1.251751502527881921e-01 6.900733585899033740e-01
1.335983845331563946e-01 6.298843140241891514e-02 1.227900530954046943e-01 6.806231309690199405e-01
1.841307679509338879e-01 3.679867190878065297e-02 1.154532473353320765e-01 6.636173128049535075e-01
1.508400652998128089e-01 7.114746178672438914e-02 1.336791163410604444e-01 6.443333565724023160e-01
1.175581379670903176e-01 5.700849981405813754e-02 1.019721641180937749e-01 7.234611981007577075e-01
1.401188687711857617e-01 5.961566490648363692e-02 1.181484596703705203e-01 6.821170066519599562e-01
1.145121133015264553e-01 7.292213007369927058e-02 8.098437531347400797e-02 7.315813813113003494e-01
1.262472545076530339e-01 8.018414717265150149e-02 1.158562980533789644e-01 6.777123002663164586e-01
9.588021497431993556e-02 8.980097408595490160e-02 8.625578812177774057e-02 7.280630228179474361e-01
1.543458411928373963e-01 4.297667967195168554e-02 1.078506137868078391e-01 6.948268653484029889e-01
1.227847794890841032e-01 7.915081147343483448e-02 1.198203532674171901e-01 6.782440557700638584e-01
1.144834828741907451e-01 9.990117982695490007e-02 1.056152275599552548e-01 6.800001097388991278e-01
8.534346976838010079e-02 5.244756850019735572e-02 1.097365210593632401e-01 7.524724406720593173e-01
1.021954106912811439e-01 6.402358498436001855e-02 1.052190495858464775e-01 7.285619547385122630e-01
1.082258709240356970e-01 4.395729830039369485e-02 1.134636665488430035e-01 7.343531642267275839e-01
1.348681500943658962e-01 5.133783919366007725e-02 1.021592579601435652e-01 7.116347527518305238e-01
1.108332327338005380e-01 1.047386384570201251e-01 1.331855083004249152e-01 6.512426205087543662e-01
9.765612569742981863e-02 6.122891486788371168e-02 1.187517308468015870e-01 7.223632285878848203e-01
9.131983800254402095e-02 6.829849018933896454e-02 1.017335152308452700e-01 7.386481565772718971e-01
1.421688127608566887e-01 7.626502695592415892e-02 9.710096221667721683e-02 6.844651980665419355e-01
1.097136016693107813e-01 6.926064318873810521e-02 9.779872691349154878e-02 7.232270282284595231e-01
1.488631505865945226e-01 6.126851773871933721e-02 6.990840568106292119e-02 7.199599259936231288e-01
1.009524503078920998e-01 5.024196726626526527e-02 7.076729741328696699e-02 7.780382850125555638e-01
1.149111125761957258e-01 4.515098178705042459e-02 1.084761258861137445e-01 7.314617797506401953e-01
1.104467646355408866e-01 5.837516715295136549e-02 9.740513668610310816e-02 7.337729315254045703e-01
1.841561200631639250e-01 7.304644256306414007e-02 5.760977943706894339e-02 6.851876579367029985e-01
1.293507156670238578e-01 9.477292024903850864e-02 1.014193496522227123e-01 6.744570144317150184e-01
1.343071560790872754e-01 4.806869579383134250e-02 8.499007842958690440e-02 7.326340696974944500e-01
1.342182355360505841e-01 2.033093962601764323e-02 1.301856310895097291e-01 7.152651937484220124e-01
1.554548444819303932e-01 5.773106045181548157e-02 1.018584378352674485e-01 6.849556572309868363e-01
1.054751607606509017e-01 4.891979041856430593e-02 9.647926630308641116e-02 7.491257825176982355e-01
1.357825628447694999e-01 7.093742268759978264e-02 1.215014393861301584e-01 6.717785750815006285e-01
8.947932547881254361e-02 7.639300907991429523e-02 9.314886439717859345e-02 7.409788010440946371e-01
1.464433702715939034e-01 3.950106540961174223e-02 1.056266375664403900e-01 7.084289267523538047e-01
1.210352590779035509e-01 8.861049013493485504e-02 1.243950466633216567e-01 6.659592041238397986e-01
1.602817989132436782e-01 7.981971639113377703e-02 1.132855838446053670e-01 6.466129008510171916e-01
1.313983827608654342e-01 4.822765141533422173e-02 1.138737027967283710e-01 7.065002630270719175e-01
1.026537471632413823e-01 7.370386388786044629e-02 8.372396297483329641e-02 7.399184259740649861e-01
1.403803979906412813e-01 7.841268790200429939e-02 7.300814040976798258e-02 7.081987736975865477e-01
9.669754022877243005e-02 6.574904805143071129e-02 1.267196607955947407e-01 7.108337509242020902e-01
1.029896575005925657e-01 6.889515365440126993e-02 1.430410581934482284e-01 6.850741306515579776e-01
1.200707004856479965e-01 5.776152221075361859e-02 1.153178334397747529e-01 7.068499438638236043e-01
9.181209046434757326e-02 8.725861935386999835e-02 1.563221454036743396e-01 6.646071447781081165e-01
1.175359518421858762e-01 6.640530081743011015e-02 9.994355264775478531e-02 7.161151946926291867e-01
1.035794721702868321e-01 6.076320736209783052e-02 6.137076105465919668e-02 7.742865594129560991e-01
1.027020606438678457e-01 4.617707197321113677e-02 9.648599176228635221e-02 7.546348756206346930e-01
1.196444642543956910e-01 4.707863667911622862e-02 1.098566132977976811e-01 7.234202857686905519e-01
9.354893065590527690e-02 5.833196899382871864e-02 1.050798049583689664e-01 7.430392953918970589e-01
1.542259051685039017e-01 6.570445266727578670e-02 1.335787115209160214e-01 6.464909306433043179e-01
1.269967823167920673e-01 6.162797826095755410e-02 1.375464591018950578e-01 6.738287803203553139e-01
9.901604914454859019e-02 4.876111443658525529e-02 1.130999592215790744e-01 7.391228771972870870e-01
1.139913300403632979e-01 5.044388009764121106e-02 1.080493673179001440e-01 7.275154225440952915e-01
1.365347078353930099e-01 8.501246396853659459e-02 1.047254201838501153e-01 6.737274080122201969e-01
1.089826502400344233e-01 5.424023480778693285e-02 1.404232744673782340e-01 6.963538404848004237e-01
1.374799362033856109e-01 7.448709095027507276e-02 7.757417169803478008e-02 7.104588011483043974e-01
1.174707054604772344e-01 7.667081168884458398e-02 8.220747170455534880e-02 7.236510111461227357e-01
1.282584969972608846e-01 6.318183967448337546e-02 1.308858762704264989e-01 6.776737870578292133e-01
8.452649325759889476e-02 7.031862511199875321e-02 1.256829713654681879e-01 7.194719102649340670e-01
1.230775152465199973e-01 4.564132852483289426e-02 1.251328315466269103e-01 7.061483246820202675e-01
1.232431315087748197e-01 9.443427353220038012e-02 9.609053149006184513e-02 6.862320634689630383e-01
1.755253632715877699e-01 3.866397786245766299e-02 9.567138184557563707e-02 6.901392770203788052e-01
1.144480692520785658e-01 6.062322856438732976e-02 6.666018944844223637e-02 7.582685127350917709e-01
1.320374919280859205e-01 4.904801434946811506e-02 1.362554442036454372e-01 6.826590495188004093e-01
1.264048976391112800e-01 5.982846594690262310e-02 1.186074039854659590e-01 6.951592324285201796e-01
1.358208177446807718e-01 5.015156042528215452e-02 1.641499137938872976e-01 6.498777080361498593e-01
1.486033007567965913e-01 6.071433059213088984e-02 7.726165664337088235e-02 7.134207120077017406e-01
1.199336976860101711e-01 4.753518714602580214e-02 1.437322422540256439e-01 6.887988729139382649e-01
1.446058489180806483e-01 5.077839063538670122e-02 8.727540845049398810e-02 7.173403519960387387e-01
9.931381063734937009e-02 7.609740227673079949e-02 1.192472526337501337e-01 7.053415344521697383e-01
1.100301843818501241e-01 6.581008658085693575e-02 1.311265501271536571e-01 6.930331789101391582e-01
1.037527141718267154e-01 5.274269891802727678e-02 1.351450225615575818e-01 7.083595643485884885e-01
1.232116978604607949e-01 8.229201642552698426e-02 9.041717632574626518e-02 7.040791093882661222e-01
1.040686459729677493e-01 3.851416855987881138e-02 8.074942468304414922e-02 7.766677607841092623e-01
1.485488677766715615e-01 4.381434117362191516e-02 1.327758262071791484e-01 6.748609648425273333e-01
9.047653549421399988e-02 6.058525765321927381e-02 1.019488131482716581e-01 7.469893937042951793e-01
1.310591406697132200e-01 5.702995640106454933e-02 1.110496055544972355e-01 7.008612973747250230e-01
1.283189857949743051e-01 9.557563077381320271e-02 1.032663416197434902e-01 6.728390418114690297e-01
8.770458170482843541e-02 9.501887510447193375e-02 1.209574226633793881e-01 6.963191205273201456e-01
1.486536682760325467e-01 4.989668636265292417e-02 9.208738536733289404e-02 7.093622599939818363e-01
1.332561490654219638e-01 8.798834940910375824e-02 8.844565026799146301e-02 6.903098512574827872e-01
8.362635529650713773e-02 4.767398088000620454e-02 1.040360338498765719e-01 7.646636299736100373e-01
1.188006342177876373e-01 5.159249954709695107e-02 9.541415367998541674e-02 7.341927125551300781e-01
1.019579322365411350e-01 8.207388542566294853e-02 1.600453055130710012e-01 6.559228768247250541e-01
1.252628454633755162e-01 6.855646311695262618e-02 1.007377695380473892e-01 7.054429218816244962e-01
1.211596275088393238e-01 5.259656628518970256e-02 1.339037589638626680e-01 6.923400472421082918e-01
1.282320369755723111e-01 5.329200049146565893e-02 9.553752820872452034e-02 7.229384343242374333e-01
1.612123466497187574e-01 6.310083732183481564e-02 1.340040443236982792e-01 6.416827717047480784e-01
1.099075330458445382e-01 5.711184752060525366e-02 1.488775233968582801e-01 6.841030960366919489e-01
9.556328088233220774e-02 7.009755690853405885e-02 1.467805275598481896e-01 6.875586346492854606e-01
1.263068169851123967e-01 6.304679092555778852e-02 8.669634757170611994e-02 7.239500445176236809e-01
1.486601743078120319e-01 9.295129385257036581e-02 1.044096942439604603e-01 6.539788375956572253e-01
1.394978167540161518e-01 7.694299800156544078e-02 6.806823046309705416e-02 7.154909547813212978e-01
1.422350113339639621e-01 6.350282804841279882e-02 1.357006508227079355e-01 6.585615097949153451e-01
1.496810472275326709e-01 3.081905029397258647e-02 1.536785535243468948e-01 6.658213489541477959e-01
1.058426209833735337e-01 6.422762216862289153e-02 1.467314383655652921e-01 6.831983184824382827e-01
1.690112214491245601e-01 4.845897088986611534e-02 9.443654943498405729e-02 6.880932582260252950e-01
9.833600326456898300e-02 6.056995132135015864e-02 1.739266868997169091e-01 6.671673585143638174e-01
1.188344357976788973e-01 8.337091310764591090e-02 9.517937440068875710e-02 7.026152766939864902e-01
1.126709219930399630e-01 6.128784006962096492e-02 1.375656339425098129e-01 6.884756039948292106e-01
1.240140481135468820e-01 6.388897674987768782e-02 1.276980939567200768e-01 6.843988811798551453e-01
1.076380855052601476e-01 9.375331120589583400e-02 1.080077927874834309e-01 6.906008105013607956e-01
1.343796421628299376e-01 8.327795566742308975e-02 1.086138676910222423e-01 6.737285344787246055e-01
1.259564720282963513e-01 7.331596251996587432e-02 1.188606055529052852e-01 6.818669598988323921e-01
1.390399181961830544e-01 4.421835503522382471e-02 1.069261680830043693e-01 7.098155586855887655e-01
1.158234756450324532e-01 4.860593836691960712e-02 9.623194578429494772e-02 7.393386402037530614e-01
1.704540075828802626e-01 5.994407330777439674e-02 7.500722718162348979e-02 6.945946919277218301e-01
1.015330215605257103e-01 5.772481689562371926e-02 1.298766446063086555e-01 7.108655169375418525e-01
1.399423481346636911e-01 6.789621567432220506e-02 1.141302313837875282e-01 6.780312048072264508e-01
1.163632864575653847e-01 5.372963924364865945e-02 1.100445310938382715e-01 7.198625432049478023e-01
1.540930713451963974e-01 4.674921556964072716e-02 9.434123404974303906e-02 7.048164790354197740e-01
1.431510477080582266e-01 7.367909568214180138e-02 9.552826047148389732e-02 6.876415961383161024e-01
8.584134522155457969e-02 6.325808812081830379e-02 1.309176669991743980e-01 7.199828996584528573e-01
1.293630350961599840e-01 7.411354910246727157e-02 1.100651805538679640e-01 6.864582352475048221e-01
8.249839534327854662e-02 4.651615487316707043e-02 9.343676742649591194e-02 7.775486823570585404e-01
8.331932123449341254e-02 1.109386822178670129e-01 1.034578677210572228e-01 7.022841288265823101e-01
1.686362811948541596e-01 4.411595731592082847e-02 9.940219474509878750e-02 6.878455667441262245e-01
8.594147806617485896e-02 6.578879962891652500e-02 1.154544205406657364e-01 7.328153017642426992e-01
1.353002217183560396e-01 8.554835877489756768e-02 1.325394981172478559e-01 6.466119213894985229e-01
1.130293527908720758e-01 5.453580614244233488e-02 1.186201450853199002e-01 7.138146959813655990e-01
1.084691164431470095e-01 4.369335136132380254e-02 9.965414145445042338e-02 7.481833907410788687e-01
1.259720937347564573e-01 7.972530933972211964e-02 1.447146808630456472e-01 6.495879160624755677e-01
1.212407988220986083e-01 5.535212214303313755e-02 1.025734923886968686e-01 7.208335866461713648e-01
1.387177751695550243e-01 6.631477583186859426e-02 1.161039282455886695e-01 6.788635207529878368e-01
1.000271268515196960e-01 3.788451974724042076e-02 1.272314996754197736e-01 7.348568537258201028e-01
1.789917880934748518e-01 5.537529686665457196e-02 1.418698029391467219e-01 6.237631121007237711e-01
1.039023332879023681e-01 5.535783617222205660e-02 1.456720970027087780e-01 6.950677335371668875e-01
1.185181058620677769e-01 7.381264139031418203e-02 1.219651124308460538e-01 6.857041403167719595e-01
1.427658723814936026e-01 6.313040355075155707e-02 1.317634172033536610e-01 6.623403068644011515e-01
1.142716887446344476e-01 5.940921410817794762e-02 1.142473429189542616e-01 7.120717542282333223e-01
1.224571850694405467e-01 7.218445231064418710e-02 9.903800769155225725e-02 7.063203549283630922e-01
1.267100262242857045e-01 8.558074395832986070e-02 1.330147280190545622e-01 6.546945017983298865e-01
1.231065281432717345e-01 7.344865050108426163e-02 1.273021112644445729e-01 6.761427100911994170e-01
1.523374485593370908e-01 5.042971929779462015e-02 1.110533101578684845e-01 6.861795219849998739e-01
1.218368544541131165e-01 8.632224747170177959e-02 1.027016401300704790e-01 6.891392579441146804e-01
1.083210337278836116e-01 4.343579052922091205e-02 1.263418673450957819e-01 7.219013083977996459e-01
1.037541515754505095e-01 5.223360826663289019e-02 1.056865210302749408e-01 7.383257191276416664e-01
1.494088836904945428e-01 6.093148494165109841e-02 1.001227576437370009e-01 6.895368737241175383e-01
1.145777997117760766e-01 5.471428761164784382e-02 1.259105842490510496e-01 7.047973284275251826e-01
1.258417693016228300e-01 8.062316909289508893e-02 9.584117723644079712e-02 6.976938843690413394e-01
1.152736911758041743e-01 5.210648756955799099e-02 1.476998990271591594e-01 6.849199222274787724e-01
1.298204693790254993e-01 6.193972822312308890e-02 1.131004243153673067e-01 6.951393780824841606e-01
1.218011840482173674e-01 5.263940585638781505e-02 1.070544961444355875e-01 7.185049139509592786e-01
1.294175048484234869e-01 4.713093253254599380e-02 1.012152032873885193e-01 7.222363593316420971e-01
1.199525196618705242e-01 6.529150546345263706e-02 7.766688923968459446e-02 7.370890856349923137e-01
1.066614712057226133e-01 6.391438798310628000e-02 1.024584800610940372e-01 7.269656607500770695e-01
1.313181942052087936e-01 7.192757525125831330e-02 1.230719485460763374e-01 6.736822819974565002e-01
1.694703602095272710e-01 5.881236405517027699e-02 7.994430625352413888e-02 6.917729694817783548e-01
1.031559085451356911e-01 2.555324803962270158e-02 1.463377902824337107e-01 7.249530531328078897e-01
1.133794088742806766e-01 5.823472224336744690e-02 9.945116012152460661e-02 7.289347087608271103e-01
1.583624827642552690e-01 5.989138399951381836e-02 9.923495607395767248e-02 6.825111771622732748e-01
1.397140797276144597e-01 5.172948003621199303e-02 9.171591509491369698e-02 7.168405251412598433e-01
1.185189599260722398e-01 5.190463325027527830e-02 1.148797045534677153e-01 7.146967022701848915e-01
1.487856209528872764e-01 7.407709559879507855e-02 8.758839973566796833e-02 6.895488837126496628e-01
1.257408531910083616e-01 5.632119747046137465e-02 9.935009677010245288e-02 7.185878525684279428e-01
1.311254015773698767e-01 5.097251784652211126e-02 1.016906193751366400e-01 7.162114612009713444e-01
1.087132416743750440e-01 5.212951690840571251e-02 1.362887530600547792e-01 7.028684883571645337e-01
1.132788766747945264e-01 6.422575748515958749e-02 1.240850584066181261e-01 6.984103074334278016e-01
1.143121544617829999e-01 7.297804429006750360e-02 1.062202135701420802e-01 7.064895876780075135e-01
1.084781098908365327e-01 6.700433206447573009e-02 1.362401790676887325e-01 6.882773789769990325e-01
9.487699609057236028e-02 3.962012424911171005e-02 1.333213432178817215e-01 7.321815364424342221e-01
8.967322374694448872e-02 7.829637483127399600e-02 1.040303912144027315e-01 7.280000102073789225e-01
1.063646367178600338e-01 5.825624198088825978e-02 1.357946873091164519e-01 6.995844339921353239e-01
1.259897847622835632e-01 6.147349664510483314e-02 1.030931657002567420e-01 7.094435528923548340e-01
1.251477079288537131e-01 7.594259243234689760e-02 9.563447318056743363e-02 7.032752264582320390e-01
1.023597495933066953e-01 4.421302701940699881e-02 1.560956375268869045e-01 6.973315858603994499e-01
8.509659326112041511e-02 6.704368850092591592e-02 1.193211361987487756e-01 7.285385820392047407e-01
1.302045403142434998e-01 8.615629115488371292e-02 8.183443209106905369e-02 7.018047364398036780e-01
1.426479077150164532e-01 7.453032168122779300e-02 8.957086148693839400e-02 6.932509091168174153e-01
1.164848330380875152e-01 3.900993107792037617e-02 1.396204464150495039e-01 7.048847894689427296e-01
1.308545802465886920e-01 7.423599693424412505e-02 8.050661082744975383e-02 7.144028119917176234e-01
1.200655642092667147e-01 5.390767207835760882e-02 6.820658841003990336e-02 7.578201753023356968e-01
1.089314411595176807e-01 8.067737634113528178e-02 1.203365310137283900e-01 6.900546514856187308e-01
1.167830830868142322e-01 7.583761508555823816e-02 1.315600947580045643e-01 6.758192070696230624e-01
1.263585555170933239e-01 6.270645060267046600e-02 1.120531643777295250e-01 6.988818295025066574e-01
1.243914390891737720e-01 9.043253930692916887e-02 1.279137831023532679e-01 6.572622385015437496e-01
1.374355465693236356e-01 2.982172359534819919e-02 1.108201403233700227e-01 7.219225895119582015e-01
1.004359528260983930e-01 7.492590582917721398e-02 1.123200647846450823e-01 7.123180765600793940e-01
1.588183519770529628e-01 4.718394596002903341e-02 1.265492410456633965e-01 6.674484610172546351e-01
1.237903646304570754e-01 6.369665568086893548e-02 1.465467291630159763e-01 6.659662505256580545e-01
1.279433612427153533e-01 7.033769754485651171e-02 1.320228259621767097e-01 6.696961152502515224e-01
1.528560700270311656e-01 4.376413627326711242e-02 1.025323480947612081e-01 7.008474456049404999e-01
1.581318266651848548e-01 5.962806874755530867e-02 9.513085681805077964e-02 6.871092477692090084e-01
1.439069228589545391e-01 6.191023893375678655e-02 1.014666147852430478e-01 6.927162234220456405e-01
1.479386562936356453e-01 6.735452564641346285e-02 1.169837329616809363e-01 6.677230850982699417e-01
1.078757050582071358e-01 4.380660921407826536e-02 1.343665247844603172e-01 7.139511609432542816e-01
1.613432337358791380e-01 4.328710266365617954e-02 1.376789462015128307e-01 6.576907173989519073e-01
1.413004866965815454e-01 7.550467440263235186e-02 1.163762772756004038e-01 6.668185616251856018e-01
1.351732556510203132e-01 7.390218969357240097e-02 9.645732297028386526e-02 6.944672316851234761e-01
1.420185520973334115e-01 4.769241967460375459e-02 1.244885383927380879e-01 6.858004898353248224e-01
1.051162637102367181e-01 5.629839982476590732e-02 1.363794608769884065e-01 7.022058755880088432e-01
1.225892279359201836e-01 8.149513446888943802e-02 1.213204675133909699e-01 6.745951700817992558e-01
1.041518282596208267e-01 8.691788588274280969e-02 8.163333880218691385e-02 7.272969470554495608e-01
1.178317780909376861e-01 4.255707824292659369e-02 1.096056845344634129e-01 7.300054591316723629e-01
1.320452511303296106e-01 6.019184962611321549e-02 1.216206035213602543e-01 6.861422957221969821e-01
1.188147761834486976e-01 4.164798097251002501e-02 1.258029887770589494e-01 7.137342540669823210e-01
1.560152116735361305e-01 5.613778725798603680e-02 7.976384624900791087e-02 7.080831548194700398e-01
1.529850054716148100e-01 5.349984411284857549e-02 1.064825970200966310e-01 6.870325533954398933e-01
7.325746791614926035e-02 5.537772485179593557e-02 1.786788076180431117e-01 6.926859996140117826e-01
1.397928397335785888e-01 7.137497898175089450e-02 1.357317875579910627e-01 6.531003937266794956e-01
9.893121528895335026e-02 1.007734832941440395e-01 1.033442613253347520e-01 6.969510400915678305e-01
1.357384980828189591e-01 6.332626040798733369e-02 1.044738582596537180e-01 6.964613832495398782e-01
1.208493548479823015e-01 8.534415501387102032e-02 8.787886147317297558e-02 7.059276286649738275e-01
1.286994273026360602e-01 5.885140720688335908e-02 1.067244833623262890e-01 7.057246821281544236e-01
1.499339827457074614e-01 9.002628632787347540e-02 8.767348264058945351e-02 6.723662482858296929e-01
1.504135284681954177e-01 4.621519148714430675e-02 1.199031266668872664e-01 6.834681533777730023e-01
1.530818853894437281e-01 7.181459722888099140e-02 1.127532779502024435e-01 6.623502394314727537e-01
1.033632657644178443e-01 7.210119842053398787e-02 1.000737584413435438e-01 7.244617773737047628e-01
1.212972654860327154e-01 3.696390121963959857e-02 1.272187163912134600e-01 7.145201169031141220e-01
1.078190232002780025e-01 9.263597926212442657e-02 8.682515348460578819e-02 7.127198440529918244e-01
1.429656776998866619e-01 5.872938896428343825e-02 9.838256711536606802e-02 6.999223662204637764e-01
1.145975727080551509e-01 5.421739874953734190e-02 8.946507609221224233e-02 7.417199524501952856e-01
1.151519450909873343e-01 5.474807951277801954e-02 1.054671843438761691e-01 7.246327910523583382e-01
1.321617046857276323e-01 5.810559755606536925e-02 1.299240735729873253e-01 6.798086241852198119e-01
1.072247169771010505e-01 6.964081907766839219e-02 9.869811867461578125e-02 7.244363452706146234e-01
1.449554678731811708e-01 5.575006516096271680e-02 1.154386260943018744e-01 6.838558408715542658e-01
1.463830550590906887e-01 7.286949442201173799e-02 9.773152879388584402e-02 6.830159217250116876e-01
1.589572457992544929e-01 5.532161953502841983e-02 1.218312827271119808e-01 6.638898519386049468e-01
1.557968849118042953e-01 6.407156980191833218e-02 7.672908472448325412e-02 7.034024605617941184e-01
1.357263169039966411e-01 5.560740836227334727e-02 1.066946151267593457e-01 7.019716596069708325e-01
1.119441319459339584e-01 6.131479196144024729e-02 1.262605303255086298e-01 7.004805457671171576e-01
1.125818962342203106e-01 7.330381682084145811e-02 1.164617545120861380e-01 6.976525324328519684e-01
1.029910274322191482e-01 3.723095843643597913e-02 8.190716733187451692e-02 7.778708467994703835e-01
1.293934881759176703e-01 5.138310266808879950e-02 1.387636349621460541e-01 6.804597741938473998e-01
1.350463710314504240e-01 5.861468134908227878e-02 9.670357151382448502e-02 7.096353761056427567e-01
1.274470303799237481e-01 6.104558445145408241e-02 1.410968680609863968e-01 6.704105171076356617e-01
1.172626593489961982e-01 5.077615864977367416e-02 8.163565226549390763e-02 7.503255297357361853e-01
1.418311063370548686e-01 6.648884891900697092e-02 9.685727128045605594e-02 6.948227734634820907e-01
1.260490989986937094e-01 3.355074506797198902e-02 1.090389489459014510e-01 7.313612069874327881e-01
1.515556993219278337e-01 4.048774081758946264e-02 1.291754938319219226e-01 6.787810660285606978e-01
1.063979275620351023e-01 5.460374709677057181e-02 1.368739842489571923e-01 7.021243410922372030e-01
1.100931828763802994e-01 7.429031407429446954e-02 7.696249191536569390e-02 7.386540111339594539e-01
9.600162933600117632e-02 6.936157098045014902e-02 1.228722565750387519e-01 7.117645431085100061e-01
1.312957938636557798e-01 8.789149754251421309e-02 1.294056130725124709e-01 6.514070955213175917e-01
1.247367379941808768e-01 5.881261159136467326e-02 9.028127947404941678e-02 7.261693709404050123e-01
1.012552726982406531e-01 5.218631798907919644e-02 1.125172568563971298e-01 7.340411524562829859e-01
1.196388717958065534e-01 6.987109514012869449e-02 9.981718044142352808e-02 7.106728526226412379e-01
1.217369964090400519e-01 4.923722259284339653e-02 1.229871225574802052e-01 7.060386584406364019e-01
1.514395673700499045e-01 4.354832540321443984e-02 1.265845057894631753e-01 6.784276014372725427e-01
1.170760305548687874e-01 7.843300063198908878e-02 1.228485012778538221e-01 6.816424675352882323e-01
1.047244821807428727e-01 5.753190776765658432e-02 1.096981479480612920e-01 7.280454621035392648e-01
1.148974180610544266e-01 8.256918987697832446e-02 9.592757766361455218e-02 7.066058143983527939e-01
1.208577574695333529e-01 8.653996804894556472e-02 1.171618294621758621e-01 6.754404450193451925e-01
1.481856553979370716e-01 4.323207896166246511e-02 1.269553162409746416e-01 6.816269493994259188e-01
1.102129043456826218e-01 6.189870154696598681e-02 1.533013949416958399e-01 6.745869991656556763e-01
1.161439572428615841e-01 7.358575660139564378e-02 1.330628355117077777e-01 6.772074506440350916e-01
1.353241898477331173e-01 8.160210759444394557e-02 7.314043264028223523e-02 7.099332699175406880e-01
1.069604749012259687e-01 5.593337967131833954e-02 1.078574665071603406e-01 7.292486789202953235e-01
1.148198891373475999e-01 4.293501737542987362e-02 1.416637387919142677e-01 7.005813546953083559e-01
9.371134219869169113e-02 2.999541240653885027e-02 8.822426855324494444e-02 7.880689768415246599e-01
9.573749208530939192e-02 5.764517691610199224e-02 8.448110524951882305e-02 7.621362257490698067e-01
8.146409547879204793e-02 5.706946570783209827e-02 1.194190538771172927e-01 7.420473849362585472e-01
1.412742725032263558e-01 5.431686828406391554e-02 1.193433570191559656e-01 6.850655021935538880e-01
1.066771583341887403e-01 5.170984106823296039e-02 1.492452333146078169e-01 6.923677672829704477e-01
1.063410164427422422e-01 6.270158492287093710e-02 9.530370451172016921e-02 7.356536941226666793e-01
1.099535880651574538e-01 5.043402690166759461e-02 8.604308049403477932e-02 7.535693045391401723e-01
9.668333158717447307e-02 8.998579912417759008e-02 1.039828619569403423e-01 7.093480073317076640e-01
1.131005291549301711e-01 5.593659039901430902e-02 1.147600678818597453e-01 7.162028125641958232e-01
1.252737209759886561e-01 5.457691695141619892e-02 1.076510447909698187e-01 7.124983172816253818e-01
1.515250839460204335e-01 7.642036353245430791e-02 9.371958796404565584e-02 6.783349645574796583e-01
1.324507766125524733e-01 4.271030863662496346e-02 8.697610626956053803e-02 7.378628084812620669e-01
9.823248332890731349e-02 5.700262496587951006e-02 1.286952863906563049e-01 7.160696053145568785e-01
1.146839973839130777e-01 5.480366150852290785e-02 1.077486507552474493e-01 7.227636903523165790e-01
1.133227505129794643e-01 6.966344689574671678e-02 1.151398987058404461e-01 7.018739038854335810e-01
1.425049726853906962e-01 4.769264570693429461e-02 9.456568027276217314e-02 7.152367013349127944e-01
1.006531086251629403e-01 5.158917927855247859e-02 1.181288920850115387e-01 7.296288200112730493e-01
1.234453616749962568e-01 4.774804452963794105e-02 8.689048937385691895e-02 7.419161044215090151e-01
1.238127853690624419e-01 7.628015225023160317e-02 1.105169082063206243e-01 6.893901541743854278e-01
1.202742103687371722e-01 9.083116586910057466e-02 8.240165355175479989e-02 7.064929702104074671e-01
1.363996531222477770e-01 7.164710048046944724e-02 8.074497932663761424e-02 7.112082670706449949e-01
1.202550430145491039e-01 5.357676938698238689e-02 1.426262518233940013e-01 6.835419357750743830e-01
1.050225054889856457e-01 5.640688056717631238e-02 1.368334386587195806e-01 7.017371752851184752e-01
1.360038147411508358e-01 3.779490259409366143e-02 1.052575532410049836e-01 7.209437294237505123e-01
1.133893255603696110e-01 5.065686959835709324e-02 1.099755745571929233e-01 7.259782302840803725e-01
1.358878850748015676e-01 9.024916784322889463e-02 1.189355030111973049e-01 6.549274440707724132e-01
1.294963412335101982e-01 3.965778795260953282e-02 1.313074544527574883e-01 6.995384163611227946e-01
1.397078850903232250e-01 6.016113946643323468e-02 1.152610469128779319e-01 6.848699285303655460e-01
1.419229160763686992e-01 5.975617329969077490e-02 1.064690437770312859e-01 6.918518668469091359e-01
1.626493667244295616e-01 5.695984174646422787e-02 1.312495442685191749e-01 6.491412472605870843e-01
1.271226355732318347e-01 4.197946749303505670e-02 1.192502084944745688e-01 7.116476884392585189e-01
1.334875379842288545e-01 6.757776927445229009e-02 1.095846640669737998e-01 6.893500286743449168e-01
1.230481866804311319e-01 7.151106563985100417e-02 1.164664410534805850e-01 6.889743066262372650e-01
1.214206366139488347e-01 6.625956281831422989e-02 7.999058734882447119e-02 7.323292132189126447e-01
9.098684990652848581e-02 8.888278582671420291e-02 1.336356149875717048e-01 6.864947492791856343e-01
1.095602778119404014e-01 7.033800476095000698e-02 1.258491188780467840e-01 6.942525985490626272e-01
1.412638250713882382e-01 5.020863930286090238e-02 1.367620113292281614e-01 6.717655242965226980e-01
1.415325216910098272e-01 4.128698991080352598e-02 1.360369713972338079e-01 6.811435170009528806e-01
1.110957068000028997e-01 7.838049983134143250e-02 9.172577187062845583e-02 7.187980214980272953e-01
1.293666860898123050e-01 5.479810536226368406e-02 1.086446346112637934e-01 7.071905739366601829e-01
1.211983263391212540e-01 6.949421144539418005e-02 6.591524448080737786e-02 7.433922177346772298e-01
8.573107305578431259e-02 8.392144375481946916e-02 8.008418061976568803e-02 7.502633025696304747e-01
1.763197641975691177e-01 4.820495878647285126e-02 1.244213519495675213e-01 6.510539250663904820e-01
1.264789828967114449e-01 7.413636441723794879e-02 1.174607376744508797e-01 6.819239150115996573e-01
8.864454215734754450e-02 5.414392421227440244e-02 1.144444703131763108e-01 7.427670633172015480e-01
1.706580905373087098e-01 4.305565778489457707e-02 1.200872987480926524e-01 6.661989529297039914e-01
1.384597096100478875e-01 4.194163276296149212e-02 8.399241459961910572e-02 7.356062430273715425e-01
1.451404927066046457e-01 4.481130397240692953e-02 9.214622286538998175e-02 7.179019804555982764e-01
1.236015097631175258e-01 5.075706902019388317e-02 1.071615240265952895e-01 7.184798971900933084e-01
1.041112350517246488e-01 8.857548643740177641e-02 1.033323435733001366e-01 7.039809349375735215e-01
1.324775979081105892e-01 5.627986150104947322e-02 1.383999529653125449e-01 6.728425876255272886e-01
9.663606409433433964e-02 5.328884967028314074e-02 1.355011104018607748e-01 7.145739758335218905e-01
1.204021886200820485e-01 6.318042209801592868e-02 8.759082546218890930e-02 7.288265638197132246e-01
1.176612536529596381e-01 8.230270307277379183e-02 1.078862957779000709e-01 6.921497474963665963e-01
9.664797297978093560e-02 5.267838822538942894e-02 9.848233461529738719e-02 7.521913041795323940e-01
1.398250581417108673e-01 2.860687774266786054e-02 1.170729794528614087e-01 7.144950846627597940e-01
1.188470622035040780e-01 6.660837724440157870e-02 9.904046601428986851e-02 7.155040945378043915e-01
1.228323958909977587e-01 5.905397171802158340e-02 9.718191555849022001e-02 7.209317168324903546e-01
1.515370397364720068e-01 6.963512871105950741e-02 1.044792244401510362e-01 6.743486071123174774e-01
9.480857093696218318e-02 3.789593234388018150e-02 1.355706256608942284e-01 7.317248710582633375e-01
1.045377578127152929e-01 5.763744528295484948e-02 1.423929992373224318e-01 6.954317976670073564e-01
1.145192217627118425e-01 7.206106332692285843e-02 9.639315417497293370e-02 7.170265607353923931e-01
1.108664041902924641e-01 5.959930361006975791e-02 1.041951997636273303e-01 7.253390924360103575e-01
1.234556251965476942e-01 5.292889900098515094e-02 8.756391664929794039e-02 7.360515591531694435e-01
1.000753408310417342e-01 6.490109977060057322e-02 8.253075118806170452e-02 7.524928082102959603e-01
1.237728420043677086e-01 6.474069908127332018e-02 7.666925245732848782e-02 7.348172064570304141e-01
1.114209261750654656e-01 3.991218952478075427e-02 1.392847765416199979e-01 7.093821077585337198e-01
1.344450507678401352e-01 7.211361877009885013e-02 1.018770536714583147e-01 6.915642767906025057e-01
1.345708112499963416e-01 6.309452789868383316e-02 1.143660456943082493e-01 6.879686151570116870e-01
1.387934382820584234e-01 4.771736144728686707e-02 1.391859834757465109e-01 6.743032167949083444e-01
9.944431422979377322e-02 4.082886138819980665e-02 1.072702762288199468e-01 7.524565481531864108e-01
1.366964465081079994e-01 6.860301743888751191e-02 1.065761953275707330e-01 6.881243407254338251e-01
1.147313081139022112e-01 7.943308866094755949e-02 7.502667034442989102e-02 7.308089328807204632e-01
