6.151071644534930050e-01 1.691780949821796998e-01 1.511985053350420050e-01 6.451623522928538745e-02
6.128470506490536485e-01 1.690562372363756949e-01 1.815302407578224253e-01 3.656647135674839094e-02
6.129130505738750179e-01 1.543945494503421723e-01 1.778023949360914846e-01 5.489000503969122119e-02
5.955160041575996432e-01 2.188545496780771871e-01 1.545275818676110635e-01 3.110186429671226230e-02
6.507392292194869032e-01 1.701595248457896392e-01 1.314914657973680623e-01 4.760978013735541609e-02
6.317939807100622085e-01 1.613877918268113998e-01 1.445700130899453817e-01 6.224821437318121820e-02
6.359054904085427173e-01 1.573103001890452657e-01 1.331141257304780945e-01 7.367008367193400575e-02
5.986111512453569095e-01 1.856914313255167426e-01 1.774516646881297843e-01 3.824575274099670935e-02
5.703647875256053768e-01 1.791974446914736119e-01 1.758187247564510225e-01 7.461904302647011378e-02
6.293274505140021846e-01 1.898510128165672162e-01 1.375567475456639377e-01 4.326478912376663377e-02
5.962968974532385502e-01 1.726497609627095087e-01 1.875970856259369379e-01 4.345625595811492686e-02
5.816193831189340191e-01 1.827944493760128575e-01 1.629047543710638313e-01 7.268141313398916725e-02
6.145772473473392061e-01 1.665525159085586293e-01 1.656386086900339116e-01 5.323162805406814191e-02
5.906166023414254340e-01 2.199248753326105699e-01 1.424065948288362748e-01 4.705192749712781147e-02
6.389354400760310915e-01 1.643558619251121178e-01 1.440739232809892800e-01 5.263477471786743439e-02
6.010676518659633372e-01 1.747664319492016893e-01 1.795221035460659587e-01 4.464381263876911199e-02
6.705513643720943939e-01 1.410732095464210523e-01 1.284976344378780111e-01 5.987779164360659129e-02
6.228401125892506496e-01 1.794480987609412270e-01 1.682189595821625971e-01 2.949282906764561299e-02
6.805968588713432466e-01 1.346833961640737654e-01 1.516676324866720327e-01 3.305211247791100398e-02
6.441924731555669359e-01 1.690715858888205692e-01 1.382699503780923100e-01 4.846599057752010858e-02
6.549491789147353638e-01 1.299456363317771646e-01 1.539297462941250916e-01 6.117543845936244951e-02
6.316508167690468856e-01 1.627826729703747144e-01 1.191738890633863290e-01 8.639262119719202937e-02
6.192301534675890284e-01 1.754465769300892486e-01 1.721160145950123843e-01 3.320725500730938723e-02
6.224705570272496269e-01 1.841349622356982241e-01 1.521101472610830729e-01 4.128433347596914549e-02
6.109922185971117248e-01 1.756212529534485201e-01 1.413861353709105484e-01 7.200039307852924841e-02
5.771424425548251635e-01 1.942246810853026640e-01 1.734959423513981747e-01 5.513693400847399090e-02
6.352270488703662954e-01 1.577130725550166257e-01 1.442656995493182548e-01 6.279417902529882411e-02
6.470075452115293668e-01 1.491685431986346511e-01 1.645475316182391790e-01 3.927637997159684480e-02
6.724055139240573409e-01 1.374416594999557650e-01 1.405303834917485395e-01 4.962244308423836847e-02
5.923424947135780272e-01 1.919071595204485114e-01 1.722928780627075163e-01 4.345746770326582020e-02
5.371854169371373944e-01 1.790088001616482738e-01 2.272886144437967493e-01 5.651716845741755479e-02
5.970709125471040934e-01 2.087081638441364018e-01 1.456423279401240778e-01 4.857859566863542006e-02
6.271751191846770546e-01 1.461550089916933692e-01 1.605565993238345923e-01 6.611327249979498388e-02
5.832699206949167881e-01 1.804789256362626104e-01 1.935658404609505723e-01 4.268531320786989741e-02
5.769452315506967688e-01 1.733515621491160119e-01 1.866439337838952106e-01 6.305927251629191155e-02
5.608438028430678957e-01 1.998020099131227745e-01 1.906413750242285376e-01 4.871281221958065344e-02
6.007813589253460096e-01 2.144010096392126585e-01 1.208587278002383331e-01 6.395890363520286004e-02
5.773046120434668360e-01 2.081681404144651582e-01 1.588940676754821424e-01 5.563317986658580100e-02
6.321704591822455699e-01 2.063869876326707709e-01 1.285538939982737994e-01 3.288865918680975581e-02
5.231565747788506915e-01 2.468516493484259888e-01 2.037428690737709824e-01 2.624890679895228868e-02
6.099756563923021124e-01 1.906130654286761761e-01 1.534174063844033209e-01 4.599387179461830732e-02
6.449196439728788199e-01 1.318817353123087066e-01 1.585249018659755094e-01 6.467371884883704736e-02
5.904247871074661536e-01 1.715942338192352756e-01 1.655202987709367413e-01 7.246068030236189894e-02
5.613140075415941066e-01 2.126923932907287818e-01 1.597972083297923007e-01 6.619639083788478318e-02
5.695065903208804681e-01 1.786589044104392454e-01 2.099766897763137574e-01 4.185781549236639032e-02
6.141963102749674608e-01 1.590995874410391642e-01 1.511854701679891944e-01 7.551863211600422232e-02
6.083768844513073315e-01 1.521630785618300341e-01 1.766253677801543631e-01 6.283466920670821576e-02
6.613122280004283260e-01 1.481775654792736874e-01 1.285618845104651853e-01 6.194832200983273196e-02
6.107937904000748652e-01 1.538325201371143203e-01 2.047243019637107198e-01 3.064938749910023699e-02
6.503222647579364191e-01 1.605766768574868331e-01 1.495814209177351584e-01 3.951963746684147155e-02
6.236518732074480820e-01 1.447172450091324392e-01 1.854740301469454400e-01 4.615685163647401806e-02
6.216822118067165670e-01 1.728070646514661690e-01 1.419620184736018476e-01 6.354870506821544418e-02
6.502648219734620261e-01 1.660400281749949414e-01 1.447671461829331541e-01 3.892800366860979522e-02
5.842347647391401555e-01 1.559590347070095584e-01 2.217112094305985492e-01 3.809499112325182013e-02
6.179135151789272307e-01 2.115441646039113444e-01 1.245621871103303191e-01 4.598013310683110588e-02
6.351407296428651650e-01 1.578442778725003548e-01 1.582585637624609187e-01 4.875642872217361701e-02
6.083267644433357768e-01 1.833856092623697420e-01 1.695051360947398555e-01 3.878249019955470195e-02
6.455178102638057247e-01 1.618341590411870590e-01 1.404227257787760974e-01 5.222530491623098708e-02
5.686326831539133542e-01 1.783465881781216844e-01 1.925416667983460284e-01 6.047906186961882896e-02
5.863492239729849453e-01 1.915816502638272856e-01 1.612824076101309623e-01 6.078671815305683457e-02
6.237733987532477764e-01 1.603438846614486657e-01 1.623329367664737011e-01 5.354977981882984295e-02
5.893835388167482092e-01 1.857514761646852086e-01 1.805786648483188872e-01 4.428632017024768108e-02
5.963562904435489864e-01 1.902212917048684837e-01 1.649278387817536828e-01 4.849457906982899275e-02
6.080116359575115093e-01 1.822692911321573961e-01 1.511182953741230239e-01 5.860077753620800134e-02
6.239504688581231084e-01 1.762002834364601589e-01 1.501272343920353469e-01 4.972201331338138575e-02
6.525473703104098799e-01 1.450446729908882459e-01 1.636100969819960782e-01 3.879785971670582367e-02
6.201955283780018480e-01 1.701855517820202168e-01 1.651406191638775667e-01 4.447830067610050037e-02
6.462826913900334702e-01 1.629950568741331540e-01 1.423045121074922592e-01 4.841773962834107492e-02
5.941289837907202109e-01 1.908555812300845589e-01 1.377005834782876748e-01 7.731485150090747216e-02
5.561236884512904544e-01 2.205064933501941493e-01 1.552329116102073581e-01 6.813690658830817704e-02
6.191200628795184846e-01 1.772348525555289822e-01 1.368056900048551516e-01 6.683939456009749258e-02
6.244346843016470583e-01 1.395652746593753213e-01 1.807174061518230790e-01 5.528263488715452062e-02
5.915044051302955630e-01 1.553159493397938407e-01 1.949763499962234303e-01 5.820329553368705500e-02
6.308214320620245674e-01 1.781564986891070457e-01 1.362657293034686412e-01 5.475633994539975263e-02
5.534425429926508322e-01 2.019376491212185876e-01 1.914615554182482748e-01 5.315825246788231234e-02
5.989839087429261744e-01 1.845255174508184659e-01 1.654627696659099201e-01 5.102780414034539802e-02
6.069554127561964663e-01 1.447397948080220154e-01 2.128874941356353190e-01 3.541729830014612307e-02
5.934825865906162567e-01 2.192061463519258957e-01 1.370613602968920319e-01 5.024990676056573236e-02
6.268937738610129706e-01 1.572569163822747362e-01 1.734913274168811970e-01 4.235798233983115169e-02
6.092894901579559708e-01 1.931343072661131643e-01 1.340313156197746602e-01 6.354488695615631566e-02
6.248741771099125542e-01 1.778025972285073864e-01 1.385762458049646095e-01 5.874697985661547078e-02
6.840124459895269293e-01 1.114856547791638758e-01 1.590597857198683407e-01 4.544211351144076400e-02
5.792167900322299223e-01 1.309724734218967457e-01 2.366503028512983164e-01 5.316043369457488371e-02
5.795096586074406364e-01 1.827599672635723260e-01 1.923118023718051739e-01 4.541857175718185674e-02
6.713100581589644955e-01 1.736558011806672575e-01 1.238166025255434260e-01 3.121753813482464404e-02
6.408848236307097546e-01 1.269400519934533178e-01 1.740081825140997740e-01 5.816694186173711201e-02
6.122437313854469654e-01 1.631314564427119029e-01 1.644149298810568538e-01 6.020988229078437504e-02
5.972694184624381952e-01 1.864820952862197290e-01 1.553144927352826943e-01 6.093399351605949948e-02
5.703397824248086501e-01 1.831648696464692472e-01 1.784932922982108983e-01 6.800205563051114899e-02
5.841583194409447621e-01 1.703624255658890974e-01 1.931345572099780750e-01 5.234469778318800309e-02
6.062818539737839796e-01 1.643812115267271612e-01 1.569931726863847965e-01 7.234376181310420151e-02
6.546077966904979561e-01 1.537057281449437651e-01 1.476671581030214730e-01 4.401931706153694446e-02
5.641824116233665753e-01 1.786723623306297470e-01 1.656842990119571646e-01 9.146092703404663793e-02
5.488441755418393964e-01 1.809224585362497473e-01 2.202386845866774745e-01 4.999468133523343044e-02
5.684172964013419760e-01 2.137610050779666093e-01 1.508925831884496416e-01 6.692911533224188414e-02
6.123551224778789326e-01 1.501535205312991283e-01 1.818037151670032769e-01 5.568764182381865518e-02
6.770125154445960636e-01 1.234496769809485250e-01 1.413168968296023287e-01 5.822091074485303414e-02
6.434465098925109539e-01 1.630456113925321526e-01 1.463583667808647792e-01 4.714951193409226693e-02
6.068939768962231529e-01 1.419774609326278358e-01 2.017267958328703981e-01 4.940176633827857849e-02
5.983951642626542666e-01 1.896509855598089156e-01 1.584302421929309479e-01 5.352360798460590458e-02
5.992168777291569937e-01 1.876020401477292987e-01 1.607567541924115884e-01 5.242432793070220254e-02
5.485684183493925170e-01 2.114220398697703174e-01 1.874902584508053860e-01 5.251928333003184207e-02
6.012062756874464453e-01 1.910017627231128112e-01 1.433214613324327313e-01 6.447050025700803988e-02
5.645334475259055074e-01 1.694974738711983175e-01 2.066573658574425987e-01 5.931171274545361111e-02
5.757560256773155416e-01 2.029810625360679577e-01 1.582796970967143557e-01 6.298321468990232541e-02
6.461468936273326857e-01 1.558010298885913192e-01 1.467873081361059373e-01 5.126476834797018267e-02
5.839032516293102271e-01 1.875789159405345519e-01 1.796732586038234381e-01 4.884457382633179690e-02
6.647511674833986861e-01 1.818717023090370977e-01 1.187874130935153566e-01 3.458971711404885269e-02
5.940135087477337317e-01 1.735033591004464248e-01 1.896679635610863945e-01 4.281516859073333098e-02
5.765710634201735019e-01 1.996926460100736100e-01 1.697314392335097510e-01 5.400485133624319950e-02
6.363187974356027121e-01 1.423795695087380353e-01 1.711918448292518713e-01 5.010978822640727026e-02
5.948073541813230225e-01 1.582983692553486255e-01 1.920258743901943344e-01 5.486840217313403156e-02
6.370763950347724247e-01 1.748897756881531707e-01 1.293558963187842470e-01 5.867793295829010908e-02
6.102957500287308212e-01 1.968844852062864859e-01 1.152238841323419971e-01 7.759588063264069580e-02
6.322999521189208716e-01 1.694762291236647234e-01 1.470778798451135849e-01 5.114593891230076461e-02
6.201555472184827611e-01 1.838645587022356143e-01 1.659797387870775853e-01 3.000015529220395605e-02
6.085171929998554052e-01 1.432249775422853033e-01 1.709201002391092794e-01 7.733772921874992878e-02
6.366746495987632981e-01 1.504598499082160090e-01 1.790629139464944564e-01 3.380258654652627121e-02
6.136460503550116297e-01 1.384925482422409704e-01 1.950653749987875385e-01 5.279602640395981983e-02
6.340404386992216645e-01 1.753906862713960901e-01 1.407915423971556612e-01 4.977733263222672289e-02
6.090345033118297335e-01 1.073608475991082584e-01 1.973336018195538388e-01 8.627104726950816926e-02
6.286847708377407695e-01 1.623117839150531871e-01 1.587782202492068195e-01 5.022522499799927931e-02
6.344642216567065729e-01 1.490324061655031174e-01 1.725726405097683658e-01 4.393073166802180518e-02
5.931019578474285847e-01 1.747939724803036499e-01 1.722329485200347343e-01 5.987112115223298947e-02
6.086933234717171182e-01 1.676390844583985629e-01 1.790480589244128617e-01 4.461953314547142252e-02
6.625045199864513235e-01 1.283363132855586397e-01 1.599690866492791685e-01 4.919008007871095850e-02
5.965158625542543724e-01 1.948948280189101157e-01 1.414778125031471712e-01 6.711149692368831299e-02
6.322679550772971613e-01 1.460108240156114678e-01 1.461663477497366359e-01 7.555487315735472109e-02
6.237569875740138770e-01 1.667091748615596447e-01 1.639905055043663074e-01 4.554333206006012241e-02
6.200962041895737853e-01 1.587134971647092829e-01 1.546163015204039815e-01 6.657399712531295033e-02
5.549436234806457424e-01 2.156988693195354412e-01 1.828824091533970408e-01 4.647509804642169923e-02
6.132540160390997919e-01 1.456637716272552174e-01 1.683740834257322905e-01 7.270812890791278349e-02
5.553377342726982802e-01 1.492301597427625193e-01 2.429891218243407369e-01 5.244298416019857467e-02
6.115291662202131384e-01 1.651121970245858217e-01 1.542351636445757623e-01 6.912347311062526367e-02
6.346478979272244247e-01 1.492616620086939239e-01 1.694206922524222891e-01 4.666974781165928593e-02
6.282811169947228880e-01 1.710211518368392747e-01 1.327782605370617375e-01 6.791947063137618312e-02
5.867063448006191173e-01 1.803535897971925150e-01 1.847142617134346354e-01 4.822580368875377388e-02
5.874609353257679301e-01 2.030656019622867903e-01 1.581901672407523551e-01 5.128329547119277881e-02
6.115374173143374170e-01 1.199200445408152710e-01 1.945272289307813929e-01 7.401530921406590524e-02
5.876265398018862829e-01 1.612294324882984353e-01 1.965552898302428408e-01 5.458873787957248952e-02
6.787150007852015277e-01 1.556226090042868715e-01 1.448633318951987048e-01 2.079905831531296198e-02
6.527779413659499097e-01 1.473784800856593469e-01 1.772372343534080186e-01 2.260634419498284975e-02
6.379644843982757996e-01 1.709967593054191326e-01 1.389791439471846080e-01 5.205961234912039742e-02
6.099121258232390597e-01 1.776463525001831245e-01 1.681283605987650420e-01 4.431316107781296809e-02
6.595631422607481920e-01 1.489579791958985100e-01 1.344015759460296389e-01 5.707730259732371469e-02
5.961665716015940308e-01 1.673525681338774440e-01 1.624318542267493837e-01 7.404900603777904433e-02
5.461218600579267335e-01 2.133517617407299505e-01 1.892218656924282427e-01 5.130451250891501086e-02
6.386146841082577241e-01 1.955430206341343402e-01 1.199833011843090824e-01 4.585899407329873528e-02
6.131289460707599615e-01 1.857802386222920932e-01 1.571133516595742963e-01 4.397746364737355890e-02
6.343669904846087615e-01 1.452729928165867046e-01 1.658604595827642969e-01 5.449955711604023700e-02
6.062229834905379366e-01 1.576374095192900893e-01 1.715280372338873205e-01 6.461156975628462584e-02
6.204022071290524742e-01 1.571840122341928436e-01 1.728916524362238416e-01 4.952212820053102094e-02
5.878674034828829109e-01 1.547284958780323627e-01 1.931644993388127729e-01 6.423960130027206450e-02
6.269965782314871339e-01 1.364558957196344846e-01 1.870355875553248448e-01 4.951193849355361304e-02
6.522457299082621285e-01 1.419090411231339888e-01 1.529522535707152076e-01 5.289297539788869601e-02
5.414790892712080250e-01 2.043591369171209315e-01 1.850133589339852669e-01 6.914841487768576267e-02
6.325552991143410519e-01 1.819407789189398938e-01 1.188674059865365978e-01 6.663651598018253963e-02
6.084748125704917410e-01 1.732586510595228724e-01 1.451540340159166165e-01 7.311250235406872855e-02
6.409559641107681616e-01 1.762126169122672503e-01 1.277600969017747279e-01 5.507132207518979083e-02
6.212944684617602853e-01 1.776382797222946786e-01 1.540743050852017848e-01 4.699294673074320278e-02
5.503908128602542638e-01 1.804265230174771639e-01 2.080373460221890958e-01 6.114531810007936552e-02
6.365157068386524397e-01 1.844755881825927146e-01 1.309431962210606260e-01 4.806550875769433073e-02
6.225459285925065700e-01 1.875886342831522002e-01 1.294675498951103898e-01 6.039788722923092323e-02
5.029839978875185746e-01 2.202756281002077599e-01 1.950079202567058523e-01 8.173245375556795200e-02
5.709422524012123246e-01 1.897456189910183000e-01 2.029923999485576946e-01 3.631972865921161836e-02
5.926530757778600833e-01 1.743962551573144115e-01 1.708268760428011401e-01 6.212379302202423320e-02
5.993829370993133399e-01 2.253758194860776554e-01 1.254998162682989804e-01 4.974142714631000356e-02
6.340914044461470889e-01 1.704236746813288239e-01 1.376610112663526619e-01 5.782390960617148079e-02
6.658720130330205711e-01 1.480469516599183522e-01 1.367478305848914832e-01 4.933320472216966984e-02
6.514974109412972059e-01 1.616268437731753771e-01 1.510466824169049982e-01 3.582906286862244660e-02
5.998673299624524002e-01 1.974905948588497329e-01 1.537297388426024369e-01 4.891233633609535364e-02
6.250882895866876066e-01 1.603196263310734393e-01 1.559578802005537890e-01 5.863420388168515129e-02
6.420719648755786046e-01 1.667119439256544156e-01 1.385214330264959437e-01 5.269465817227117488e-02
6.302986456109067603e-01 1.739332011618644480e-01 1.378170896524824884e-01 5.795106357474642811e-02
6.312117289691965283e-01 1.636159286078877617e-01 1.565001878458613105e-01 4.867215457705444115e-02
6.479209309198141753e-01 1.520929656706165034e-01 1.511329727940734780e-01 4.885313061549567681e-02
6.592061077410940051e-01 1.574960986496181659e-01 1.415207785654765404e-01 4.177701504381124004e-02
5.787522631063831691e-01 1.797272604301442811e-01 1.964236179204823241e-01 4.509685854299001762e-02
6.580141258384634151e-01 1.618793413169381801e-01 1.355979942221742784e-01 4.450853862242414027e-02
6.090913151591081931e-01 1.809232891391225617e-01 1.560033149644447503e-01 5.398208073732437690e-02
6.063839162091976265e-01 1.804445048891394898e-01 1.516650998271270867e-01 6.150647907453583169e-02
5.622975287797654653e-01 1.808267859880823003e-01 1.901986859326555146e-01 6.667699929949687243e-02
6.535066350096553345e-01 1.952547686955771467e-01 1.160013065961421341e-01 3.523728969862516269e-02
6.358292910605967130e-01 1.623845539997333109e-01 1.470832512095300026e-01 5.470290373014018159e-02
6.223173452859133148e-01 1.848509658575235026e-01 1.585888628239125464e-01 3.424282603265055985e-02
6.332570599324620630e-01 1.732646912152739915e-01 1.247038291459811737e-01 6.877441970628285495e-02
5.701895450647818109e-01 2.063224871664233462e-01 1.549137520044354677e-01 6.857421576435959731e-02
6.215220275874853151e-01 1.857944745877028181e-01 1.595158188000015409e-01 3.316767902481028429e-02
6.239710308555648233e-01 1.467202790346820995e-01 1.699269170763243186e-01 5.938177303342880020e-02
6.370596193495254855e-01 1.414542252012356838e-01 1.634584931345853531e-01 5.802766231465353308e-02
6.220653444295202172e-01 1.641464510082750183e-01 1.921285162831431192e-01 2.165968827906156538e-02
5.921407492756681767e-01 1.698800753674156172e-01 1.811335430720817652e-01 5.684563228483457964e-02
6.191912995874804260e-01 1.818738061166040865e-01 1.533288205945663452e-01 4.560607370134914934e-02
6.825759050486188695e-01 1.273619550989752991e-01 1.436788024516175710e-01 4.638333740078832979e-02
6.361571532769892956e-01 1.788862763643075671e-01 1.191781225987101761e-01 6.577844775999294735e-02
5.570499737774446958e-01 1.727078719500109438e-01 1.917971584432094923e-01 7.844499582933484039e-02
5.807793379968825276e-01 1.963286400868512194e-01 1.849044671346855018e-01 3.798755478158072352e-02
6.594685849348310702e-01 1.592457653814529916e-01 1.518169555778505209e-01 2.946869410586536522e-02
5.457403721634510596e-01 2.521155512868163973e-01 1.438039445609874123e-01 5.834013198874515166e-02
6.381334980974391335e-01 1.730422392693182487e-01 1.441573524622219438e-01 4.466691017102077804e-02
6.133044673976166816e-01 1.669459545568422187e-01 1.678209532045669417e-01 5.192862484097424125e-02
6.099754433949973187e-01 1.727651410000726195e-01 1.526563953677285979e-01 6.460302023720145004e-02
5.891815528334918284e-01 1.931695157867928947e-01 1.389447631002130312e-01 7.870416827950219019e-02
5.506727580959158708e-01 1.836295464069545580e-01 2.158029945603483490e-01 4.989470093678143731e-02
6.743567180681938611e-01 1.301078071765901234e-01 1.557172240948858921e-01 3.981825066033019972e-02
5.579902089273798271e-01 2.114146792485880333e-01 1.749289697091029328e-01 5.566614211492925540e-02
5.982814496991494257e-01 1.691913699265413518e-01 1.765877968267342557e-01 5.593938354757497372e-02
6.216190959741334510e-01 1.514390800283393901e-01 1.782251512336887334e-01 4.871667276383826600e-02
6.213973538251074125e-01 1.527156499190236438e-01 1.680112313817148373e-01 5.787576487415410642e-02
6.046957663904369840e-01 1.604368684543255597e-01 2.028058534259637724e-01 3.206151172927380888e-02
5.946450901164449521e-01 1.799804108907070710e-01 1.756683399501696996e-01 4.970615904267831897e-02
6.132638842500504062e-01 1.696589028834851187e-01 1.557310591188794113e-01 6.134615374758498746e-02
5.983548174756564419e-01 1.704600042972676810e-01 1.801756510246154408e-01 5.100952720246041544e-02
6.297879324447314131e-01 1.797504997234813107e-01 1.341356634672404291e-01 5.632590436454685406e-02
6.424600488738645421e-01 1.571575602322169696e-01 1.510269167778343080e-01 4.935547411608434687e-02
6.409782649581018399e-01 1.485167945035941184e-01 1.408651531971302773e-01 6.963978734117369507e-02
5.957053160029702754e-01 1.967363918138431422e-01 1.634704477822802315e-01 4.408784440090635082e-02
5.497127020526355601e-01 2.342983958265811573e-01 1.552248828445732531e-01 6.076401927620993237e-02
5.974765200611510396e-01 1.699330905695088656e-01 1.693437279639449788e-01 6.324666140539511594e-02
6.208694571916424376e-01 1.418918252915495337e-01 1.809307823827682182e-01 5.630793513403992839e-02
6.024214218880622473e-01 2.005502734024396660e-01 1.391205768996023329e-01 5.790772780989566354e-02
6.287629192462454997e-01 1.723839007617740116e-01 1.665665486823768304e-01 3.228663130960363059e-02
6.113609672628903535e-01 1.580912538504725406e-01 1.758303343837256671e-01 5.471744450291154277e-02
6.637545915240260497e-01 1.439961317333379454e-01 1.286962634357802227e-01 6.355301330685572681e-02
5.923433937250119907e-01 1.954835628041777795e-01 1.660459545469864240e-01 4.612708892382375025e-02
6.087771634564979051e-01 1.659927965730983723e-01 1.805788029830837638e-01 4.465123698732005597e-02
6.157686881280175495e-01 1.783048232424766788e-01 1.430667266792760850e-01 6.285976195022971447e-02
5.950094485053272209e-01 1.920938163712120339e-01 1.484003773786784497e-01 6.449635774478222616e-02
6.916597489409090915e-01 1.110849029010295419e-01 1.477915779649584815e-01 4.946377019310299605e-02
6.165663152830702654e-01 1.829077280874595868e-01 1.441216552860816735e-01 5.640430134338859230e-02
6.470986997582034439e-01 1.327459487850374542e-01 1.790970372710936065e-01 4.105831418566539132e-02
5.888899240380083278e-01 1.555241492694368621e-01 1.806565366633653413e-01 7.492939002918955205e-02
6.175894304222655506e-01 1.448472474149846700e-01 1.807048761531955261e-01 5.685844600955420464e-02
6.632598978949582058e-01 1.598953656003787582e-01 1.182704825142914667e-01 5.857425399037164554e-02
5.745257697464604130e-01 1.653974403719124520e-01 2.209480597636140076e-01 3.912873011801310669e-02
6.970742879414795201e-01 1.405023987181072131e-01 1.298602300274724619e-01 3.256308331294080483e-02
5.988730185612640700e-01 1.943043880412237412e-01 1.755659563985532412e-01 3.125663699895911418e-02
5.800731020868873378e-01 1.878365747621283666e-01 1.807859765610520253e-01 5.130434658993215935e-02
6.381217475008293949e-01 1.830197147783825251e-01 1.475724654124428714e-01 3.128607230834511144e-02
6.203661828940679746e-01 1.514923089164683379e-01 1.847689001632823180e-01 4.337260802618131406e-02
6.513904381488112572e-01 1.306223679287890072e-01 1.664463169332877912e-01 5.154087698911197224e-02
5.982513970186867924e-01 1.859611426070077178e-01 1.454209049307371993e-01 7.036655544356831826e-02
6.531882998272140473e-01 1.462622580485622159e-01 1.667456612665360050e-01 3.380378085768766250e-02
6.127378416455240284e-01 1.563771561809595423e-01 1.961209802363984567e-01 3.476402193711805588e-02
5.866184536521991122e-01 1.851733864876078106e-01 1.757455016831553918e-01 5.246265817703766460e-02
6.087220070872385591e-01 1.695409424484833061e-01 1.462075540193665257e-01 7.552949644491165071e-02
6.541102387808507279e-01 1.289897604032485545e-01 1.681604962667945513e-01 4.873950454910602748e-02
5.882622745449904711e-01 1.738463147370830630e-01 1.945321200672176509e-01 4.335929065070880106e-02
6.044508978989122649e-01 1.771546567079703982e-01 1.599008868341088019e-01 5.849355855900845863e-02
5.838944310587148578e-01 1.692462349182167758e-01 1.740099516304081384e-01 7.284938239266025573e-02
5.967180418993407454e-01 1.669923648457320164e-01 1.566924963977415486e-01 7.959709685718562022e-02
6.157871166888483350e-01 1.815220440168298921e-01 1.470248722359962235e-01 5.566596705832565356e-02
6.062081670867436323e-01 1.942112966153173303e-01 1.642770336835200073e-01 3.530350261441916188e-02
5.555222617618329473e-01 2.271529593393067092e-01 1.731954544621592817e-01 4.412932443670102706e-02
6.034307883560271479e-01 1.909734650109110587e-01 1.474175816259461202e-01 5.817816500711570082e-02
6.268070692602440985e-01 1.887286073383789564e-01 1.295690985036498100e-01 5.489522489772712122e-02
6.748641929992303945e-01 1.597725809690953291e-01 1.219173040233350047e-01 4.344592200833929940e-02
7.055016619872385153e-01 1.272407207619521696e-01 1.352062187169840446e-01 3.205139853382533988e-02
5.684836274434529324e-01 1.790274360570184020e-01 1.598660870261281453e-01 9.262284947340050645e-02
5.768604245541555375e-01 1.832555104411652813e-01 1.933802913552971625e-01 4.650377364938190761e-02
5.917388369738438847e-01 2.105203605194497785e-01 1.362042456557237269e-01 6.153655685098245037e-02
6.503544482087777467e-01 1.659995167309255282e-01 1.472361836770020027e-01 3.640985138329454890e-02
6.328641802189303167e-01 1.622430320793405434e-01 1.526041041837174761e-01 5.228868351801165687e-02
5.637875314583404851e-01 2.229931613138396995e-01 1.663474923888863255e-01 4.687181483893346906e-02
6.182428854285475506e-01 2.037941519630852016e-01 1.484179189264799859e-01 2.954504368188727928e-02
6.048904727096109379e-01 1.715951361883965298e-01 1.359019412795410553e-01 8.761244982245154633e-02
5.901760003211379280e-01 1.603509965555895700e-01 1.855893575050736044e-01 6.388364561819900866e-02
5.800152558039518569e-01 2.075183605132071563e-01 1.572565080634275025e-01 5.520987561941360228e-02
6.717582796519618871e-01 1.426081513782980204e-01 1.464669857678455589e-01 3.916658320189456838e-02
6.148229772170541452e-01 1.712776141174145728e-01 1.421988204119142840e-01 7.170058825361708132e-02
5.913109100975745269e-01 1.850346508365605103e-01 1.827476061498718163e-01 4.090683291599320898e-02
6.473146704227473736e-01 1.603669499848575375e-01 1.322033866726806117e-01 6.011499291971438008e-02
6.003238967778740109e-01 2.119700394684274902e-01 1.619125687203289421e-01 2.579349503336954286e-02
6.162186851321893588e-01 1.908962568038280461e-01 1.498907378284712044e-01 4.299432023551130050e-02
6.548920885072115894e-01 1.788929542337029388e-01 1.223524924194368674e-01 4.386246483964872933e-02
6.095119402798573338e-01 1.776735768731687592e-01 1.719839785638163365e-01 4.083050428315747327e-02
6.323639865037065100e-01 1.712620373858822209e-01 1.542839068728568408e-01 4.209006923755440055e-02
6.159423255832053856e-01 1.921669946542480245e-01 1.475634686560653164e-01 4.432721110648132901e-02
6.444338335312065347e-01 1.695524569007981763e-01 1.490154498558482199e-01 3.699825971214709686e-02
6.059623973576737654e-01 1.661001799515230415e-01 1.635287788634569583e-01 6.440864382734619309e-02
6.183614093116296395e-01 1.734102001303192142e-01 1.470187831887635743e-01 6.120960736928752338e-02
6.991020503465719127e-01 1.497675860043056473e-01 1.030366906761537166e-01 4.809367297296850141e-02
5.950154320018963272e-01 1.793448438152673852e-01 1.418597440790443642e-01 8.377998010379186788e-02
5.713710642266029982e-01 2.202850762461894263e-01 1.619459587088691588e-01 4.639790081833840285e-02
6.254319073564078568e-01 1.861296396724105295e-01 1.267135666730503096e-01 6.172488629813130401e-02
6.239056587689065791e-01 1.764197071577291998e-01 1.532562173211205470e-01 4.641841675224368108e-02
6.270861085556875825e-01 2.165612839549310442e-01 1.142017499251283819e-01 4.215085756425285268e-02
6.746543314167127159e-01 1.339568798040271513e-01 1.518037648386713623e-01 3.958502394058873580e-02
6.366690896648999898e-01 1.487180963126495115e-01 1.533028148197264351e-01 6.130999920272404979e-02
5.941377180375060352e-01 1.467661145266661582e-01 1.971626880653092606e-01 6.193347937051847663e-02
5.692292322916916447e-01 1.957260904856501782e-01 1.859832546711081835e-01 4.906142255155019477e-02
6.491444242623444216e-01 1.727474151564138416e-01 1.476000769419400505e-01 3.050808363930155448e-02
5.858092554574895194e-01 1.868505414346823545e-01 1.946972269018632518e-01 3.264297620596493671e-02
6.310562021298511404e-01 1.415253749479394585e-01 1.548197737280596620e-01 7.259864919414982243e-02
6.493804931449284057e-01 1.422594678236544230e-01 1.758613833903084067e-01 3.249865564110885480e-02
6.164763770862874415e-01 1.772375419270829644e-01 1.670227815709751373e-01 3.926329941565440823e-02
6.040230713309153732e-01 1.728287763753788286e-01 1.569161365621757342e-01 6.623201573153005006e-02
6.627580464928911619e-01 1.565520486582935022e-01 1.370677933744073318e-01 4.362211147440793468e-02
6.438173144660761515e-01 1.454118763156955485e-01 1.553052881240598593e-01 5.546552109416828802e-02
6.356000633455805016e-01 1.790968447151699561e-01 1.280832564570727194e-01 5.721983548217684373e-02
5.837372286043873704e-01 1.786671578544919980e-01 1.892890882574213285e-01 4.830652528369921983e-02
5.821142385851834078e-01 2.239044199654950940e-01 1.316356715793592647e-01 6.234566986996225441e-02
6.340378142731718514e-01 1.877556505446683621e-01 1.367659114275708021e-01 4.144062375458899133e-02
6.020187476075993249e-01 1.797466868061795009e-01 1.857376079346771958e-01 3.249695765154392985e-02
6.037199768263344923e-01 1.798446515108834132e-01 1.452260702360038680e-01 7.120930142677830976e-02
6.226260824510532199e-01 1.703842207364662520e-01 1.519023734588097196e-01 5.508732335367089172e-02
6.273766992773578410e-01 1.548650494113558429e-01 1.838598678563990174e-01 3.389838345488725702e-02
5.837439080250053092e-01 2.179711341553394188e-01 1.536480072567092126e-01 4.463695056294613578e-02
6.507527157622615688e-01 1.565773031993434039e-01 1.439374567074064304e-01 4.873252433098854142e-02
5.832501691507695485e-01 1.910809095407257630e-01 1.381366926449920929e-01 8.753222866351260956e-02
6.170063607541279582e-01 1.891214285311985932e-01 1.491416222280639026e-01 4.473058848660942804e-02
6.439266666130879502e-01 1.456835358268739333e-01 1.701555311264152381e-01 4.023426643362285754e-02
6.214553968993624666e-01 1.547086530103916335e-01 1.576042217910479659e-01 6.623172829919783677e-02
6.243378833398296468e-01 1.600733373503226142e-01 1.670981251223094544e-01 4.849065418753834011e-02
6.302627327636539656e-01 1.589363431180564334e-01 1.461618606766221518e-01 6.463906344166728268e-02
6.073954707303913514e-01 1.744145535691343785e-01 1.278140782087374694e-01 9.037589749173680076e-02
6.233977291652990083e-01 1.704570203731458899e-01 1.643367282119344852e-01 4.180852224962054720e-02
6.248688794135144331e-01 1.689290683230370571e-01 1.457111190581916182e-01 6.049093320525676665e-02
6.476649811998428374e-01 1.521300281435899182e-01 1.404386784638086416e-01 5.976631219275867213e-02
6.023870341281540863e-01 1.658288292964127941e-01 1.662280117626954712e-01 6.555612481273775938e-02
6.347759892058670861e-01 1.735153484967657533e-01 1.388951957159714479e-01 5.281346658139577516e-02
6.481598185705033099e-01 1.834476062218571291e-01 1.234029136198372123e-01 4.498966158780254299e-02
5.924973741086003720e-01 2.233606368958935273e-01 1.326317389848891692e-01 5.151025001061695224e-02
6.312772133379220829e-01 1.839132359086656510e-01 1.299986715464036269e-01 5.481087920700879190e-02
6.220975059835942567e-01 1.463992914374835641e-01 1.659761993304991190e-01 6.552700324842315738e-02
6.315817074508597306e-01 1.217562174033710726e-01 1.923811229667737044e-01 5.428095217899543690e-02
6.049107452502094917e-01 1.784727089746797890e-01 1.761027171210164666e-01 4.051382865409416251e-02
5.848482152443155169e-01 1.712344684412251128e-01 1.766489615690884640e-01 6.726835474537071202e-02
6.227931378304857324e-01 1.648647092086180377e-01 1.454726685638070560e-01 6.686948439708928493e-02
5.697714746899898985e-01 1.945321590579803528e-01 1.595895467058227879e-01 7.610681954620714118e-02
5.994800646129385679e-01 1.918838951286424566e-01 1.462272908171968477e-01 6.240874944122212081e-02
6.287888235796580405e-01 1.782258422485571148e-01 1.216059996490316542e-01 7.137933452275316282e-02
6.053621998825987616e-01 1.675831339735563419e-01 1.907549459060043640e-01 3.629972023784044932e-02
6.373068849667052893e-01 1.618212789439707755e-01 1.521369543273044522e-01 4.873488176201942051e-02
6.114627298928952959e-01 1.617818118886145407e-01 1.667164413702380277e-01 6.003901684825220519e-02
6.149695260297736166e-01 1.946507220342764133e-01 1.454518474912714354e-01 4.492790444467860411e-02
6.357516160822692664e-01 1.739348807354801907e-01 1.361672247815529091e-01 5.414627840069766856e-02
6.138725999917354903e-01 1.540122043764934334e-01 1.562709767564769148e-01 7.584421887529431416e-02
6.217890536404305779e-01 1.571775049212810194e-01 1.582056474973455307e-01 6.282779394094266390e-02
6.495629696247815499e-01 1.533029767731642901e-01 1.666283696340277454e-01 3.050568396802651183e-02
6.428129830642228537e-01 1.494162532032836666e-01 1.401500955732899456e-01 6.762066815920346474e-02
5.826366754704791484e-01 1.380325781653410633e-01 2.440921596172993535e-01 3.523858674688043480e-02
6.407313362450275385e-01 1.731890850877434718e-01 1.427642541816198096e-01 4.331532448560915932e-02
5.824854509016914594e-01 1.530885019182995355e-01 1.670504741936088278e-01 9.737557298640013570e-02
5.880256212816526995e-01 1.895428838186868636e-01 1.392709442660783337e-01 8.316055063358214483e-02
6.549851376961014493e-01 1.613800402219618124e-01 1.398006631334749728e-01 4.383415894846172389e-02
6.220121383590094810e-01 1.450429522803811655e-01 1.875525660245909443e-01 4.539234333601843696e-02
6.211805500438210004e-01 1.594441649709250064e-01 1.620133135191220708e-01 5.736197146613188080e-02
5.951100342657215103e-01 1.769937783294670275e-01 1.961999014789875539e-01 3.169628592582401927e-02
5.816728883602868549e-01 1.724063491423258043e-01 1.953083155667486581e-01 5.061244693063856465e-02
6.604726248665472310e-01 1.537610670031503701e-01 1.406424160683552305e-01 4.512389206194718921e-02
6.311779298837403296e-01 1.534375152468580861e-01 1.474269209117690937e-01 6.795763395763239345e-02
5.895830614600089392e-01 1.975342174401049367e-01 1.807614487790656921e-01 3.212127232082024469e-02
6.339158746083329854e-01 1.729093314320329922e-01 1.595259069290587695e-01 3.364888703057534319e-02
6.209186455160936591e-01 1.451862034176056027e-01 1.949855106787659331e-01 3.890964038753463861e-02
6.350217732360711187e-01 1.491947727191207940e-01 1.664459274760930196e-01 4.933752656871510239e-02
6.307943958468829049e-01 1.657091549617547566e-01 1.637199504942785377e-01 3.977649869708379388e-02
6.474557144110864026e-01 1.722162308896593164e-01 1.492306597364163046e-01 3.109739496283799726e-02
6.182353292427461566e-01 1.691691207843313838e-01 1.578786480751549481e-01 5.471690189776749064e-02
6.080939252701214048e-01 1.922768670575729089e-01 1.636192119421219782e-01 3.600999573018383998e-02
6.139913279154395331e-01 1.708131394136899184e-01 1.826721738088618596e-01 3.252335886200882764e-02
6.270146613460674256e-01 1.698034878062265052e-01 1.503513234249426178e-01 5.283052742276346525e-02
6.378743823512530442e-01 1.680569089081364598e-01 1.471626180281883078e-01 4.690609071242218125e-02
5.807389634604384065e-01 2.125072062326658351e-01 1.624426535395391558e-01 4.431117676735657485e-02
6.048074285351304757e-01 1.484859862154423449e-01 1.978849932288820612e-01 4.882159202054510427e-02
6.397030642352636853e-01 1.471874379941475186e-01 1.431230418879567701e-01 6.998645588263190109e-02
5.860578897334843829e-01 1.812597315525693864e-01 1.895013405900280445e-01 4.318103812391835272e-02
6.009619840376820843e-01 1.581287948217986461e-01 1.767414041601800268e-01 6.416781698033936776e-02
6.140862422291324396e-01 1.674214213632368997e-01 1.401423111590463511e-01 7.835002524858444839e-02
5.813964569883695033e-01 1.709188628051263592e-01 1.911723341475275728e-01 5.651234605897639124e-02
6.011900727775983944e-01 1.613621347405719275e-01 1.944904206718787165e-01 4.295737180995074650e-02
5.972077183076803797e-01 1.660011157264583148e-01 1.786874262759897414e-01 5.810373968987168902e-02
5.931421390084961054e-01 2.075082868768137467e-01 1.371403404885716271e-01 6.220923362611863183e-02
6.155789105217223112e-01 1.925162999560787458e-01 1.454209703131828790e-01 4.648381920901609177e-02
6.493808794676193541e-01 1.599444963432647415e-01 1.228964603283602963e-01 6.777816386075567745e-02
6.761611687850000996e-01 1.231605635899183787e-01 1.445532113864624046e-01 5.612505623861907544e-02
6.394969786831347092e-01 1.782352054673619068e-01 1.333146821497785683e-01 4.895313369972488504e-02
6.365467175096385377e-01 1.782278089108350339e-01 1.414032384407356013e-01 4.382223513879084098e-02
6.262447726119944047e-01 1.680392712527526700e-01 1.676622944320893815e-01 3.805366170316346747e-02
6.375020751894664439e-01 1.554272585404515572e-01 1.375179322000452953e-01 6.955273407003678687e-02
6.163731130783169920e-01 1.622803491545200261e-01 1.927625399908331205e-01 2.858399777632985791e-02
6.719708043096166428e-01 1.727839098453180788e-01 1.212524145178984214e-01 3.399287132716673210e-02
6.080907392284460311e-01 1.645482491242671874e-01 1.729040457321677493e-01 5.445696591511902523e-02
5.640891455345232730e-01 1.564593968265406421e-01 2.065493217467035958e-01 7.290213589223254464e-02
6.207564244108645379e-01 1.867916490993542789e-01 1.561798648134401779e-01 3.627206167634108164e-02
6.371615759856316119e-01 1.666730542506379975e-01 1.391348787272570220e-01 5.703049103647336859e-02
6.337911686312355242e-01 1.635762533593560497e-01 1.322501042812417038e-01 7.038247372816683334e-02
6.165369679234493638e-01 1.553191794498428313e-01 1.963556506687783587e-01 3.178820195792953635e-02
6.176976960000739592e-01 1.523102967768429350e-01 1.576147827594625017e-01 7.237722446362061801e-02
5.883418406385498844e-01 1.832757030362898720e-01 1.673885534466890146e-01 6.099390287847113873e-02
6.516034861943200696e-01 1.725381572613898795e-01 1.211682552618956743e-01 5.469010128239432805e-02
6.125047939280748865e-01 1.673515546074825500e-01 1.588526604587956748e-01 6.129099100564679853e-02
6.090748914485228926e-01 2.037964580940324899e-01 1.412111325468151102e-01 4.591751791062931992e-02
5.827652841876004297e-01 1.904796386702688471e-01 1.766824952925076797e-01 5.007258184962305042e-02
5.534172562603968393e-01 2.406006927331791889e-01 1.428198401413040830e-01 6.316221086512002758e-02
6.415255338728913515e-01 1.506897877808942021e-01 1.475384553951079869e-01 6.024622295110643871e-02
6.534394225765278730e-01 1.536799688634413741e-01 1.548691689469940402e-01 3.801143961303664331e-02
6.368444805617262672e-01 1.500897081985307080e-01 1.497236778084702902e-01 6.334213343127272078e-02
5.791106620237084224e-01 2.065753513622623494e-01 1.634745032964126654e-01 5.083948331761659750e-02
5.675670482792560811e-01 2.088153834482356919e-01 1.572515562212098428e-01 6.636601205129830094e-02
