6.870621378530238077e-02 9.192145701455059492e-02 3.205931334640031993e-01 5.187791957361439499e-01
6.815523894552802386e-02 9.066112903211129281e-02 2.737060238061781448e-01 5.674776082161825386e-01
7.427080860173360111e-02 1.066768412149922129e-01 3.289991796149235870e-01 4.900531705683505157e-01
7.398563564111955426e-02 6.427115561019988710e-02 3.640649368999242519e-01 4.976782718487562929e-01
8.302214647887717902e-02 8.587232951121934188e-02 3.209652079055980156e-01 5.101403161043054357e-01
4.719021316514129122e-02 1.176221954589207613e-01 3.247561606502735732e-01 5.104314307256642147e-01
5.771337101634284317e-02 8.738991398674318678e-02 3.573389939338951771e-01 4.975577210630188207e-01
9.187687548622386347e-02 9.433482712558724503e-02 3.500056484435309367e-01 4.637826489446579270e-01
9.703423375517651606e-02 1.263496916453074881e-01 2.561234932104376472e-01 5.204925813890783903e-01
4.588816366080986781e-02 1.136068379129085010e-01 3.192904464927540653e-01 5.212145519335276145e-01
6.179990342264154307e-02 8.973318715366795928e-02 3.427684994710376021e-01 5.056984099526529164e-01
9.282916571489814583e-02 1.003530816517672897e-01 3.085759869503019170e-01 4.982417656830328556e-01
6.697010599670813469e-02 7.906366335857797911e-02 3.023864614423337760e-01 5.515797692023799437e-01
5.245028847237891839e-02 8.773799370697407674e-02 3.397669300187972641e-01 5.200447878018497061e-01
5.256148212306192835e-02 9.370846000454660651e-02 3.577678819543365640e-01 4.959621759180549705e-01
4.647016921637647097e-02 1.101920730075397759e-01 4.027399987217098465e-01 4.405977590543739275e-01
6.897023564966392462e-02 9.683069602091554096e-02 3.117450204623696264e-01 5.224540478670510746e-01
8.623182136425514011e-02 9.116072865225055555e-02 2.988678793077759188e-01 5.237395706757184133e-01
6.472306526142143634e-02 9.762447465954152137e-02 2.626413866658535157e-01 5.750110734131834711e-01
5.504739582508694218e-02 8.715487214619847822e-02 3.493029363626686812e-01 5.084947956660459401e-01
1.162974160554318959e-01 9.424178012960689188e-02 3.015189190052529611e-01 4.879418848097082373e-01
3.162570543182465638e-02 1.240834288904881927e-01 3.745459053575835862e-01 4.697449603201035440e-01
5.798273150855085684e-02 1.367604245531545970e-01 2.827896752224904886e-01 5.224671687158041200e-01
6.725964696947217547e-02 1.208693829015874688e-01 3.079399363816863189e-01 5.039310337472540091e-01
7.219246443813465142e-02 1.257191817910423004e-01 3.388656869632930002e-01 4.632226668075300480e-01
9.030717297845898550e-02 6.676278124507913081e-02 3.337550533755054283e-01 5.091749924009564277e-01
4.708030188334510341e-02 1.114126402761605183e-01 3.379445672767947273e-01 5.035624905636996163e-01
4.367541274423172165e-02 7.566304125425914184e-02 3.728202426973454275e-01 5.078413033041638824e-01
3.937897336937166287e-02 1.110976269625007923e-01 2.999961146760264374e-01 5.495272849921012392e-01
5.564270981067458155e-02 1.089849160432005137e-01 3.181396556756395655e-01 5.172327184704853531e-01
5.965324670136200325e-02 1.472065193889147694e-01 3.461329698666495980e-01 4.470072640430736155e-01
6.102888194898766633e-02 9.568419240665748671e-02 3.224498013306238975e-01 5.208371243137310813e-01
5.327567454047300866e-02 1.186679394107499341e-01 3.627431697071925032e-01 4.653132163415846234e-01
6.655188925646617071e-02 7.879148660135348869e-02 3.844255229645290317e-01 4.702311011776514893e-01
6.227486962427274814e-02 8.391313176950873642e-02 3.237931280534478984e-01 5.300188705527706379e-01
7.995216286965824148e-02 1.329511380335743342e-01 2.641808755868781944e-01 5.229158235098892993e-01
6.507103990150626960e-02 1.226593121485120147e-01 3.474903824820755327e-01 4.647792654679060997e-01
4.406313576735523124e-02 9.139830962359885014e-02 3.762924952129211298e-01 4.882460593961246986e-01
7.175591776214540474e-02 1.096328156409464571e-01 3.147889932956820513e-01 5.038222733012261978e-01
3.269857987546576084e-02 1.361859189211102050e-01 3.274477750311808877e-01 5.036677261722430909e-01
8.143097029166843082e-02 1.128139297108208816e-01 3.530554342726230366e-01 4.526996657248877898e-01
8.625811591217319441e-02 7.065878679209544599e-02 3.472432013401593465e-01 4.958398959555719854e-01
3.801464430233297831e-02 1.204944283156044738e-01 3.197286850162912586e-01 5.217622423657711783e-01
6.281836524946354805e-02 8.583050379688376974e-02 3.330455087208622489e-01 5.183056222327904194e-01
8.228005338174908256e-02 9.383618648000875695e-02 3.207152392564333598e-01 5.031685208818088562e-01
6.505769314012226079e-02 6.089747405166582445e-02 3.254365581325576184e-01 5.486082746756543171e-01
7.525921955283708387e-02 8.900599625383970315e-02 3.123635689991586806e-01 5.233712151941646296e-01
8.081185960087955422e-02 1.149407549805553930e-01 3.053873296880216803e-01 4.988600557305433725e-01
5.567953985058757965e-02 7.555737514128710308e-02 4.087588966041786898e-01 4.600041884039465234e-01
4.978835648319790419e-02 9.695973038735897220e-02 3.180801590037203863e-01 5.351717541257227095e-01
3.026389002245385290e-02 8.363715306753280454e-02 3.203076233897407810e-01 5.657913335202724436e-01
5.146731081843167882e-02 8.249241797766165840e-02 3.678821833201281755e-01 4.981580878837783555e-01
4.548209173416128265e-02 8.620245814531996009e-02 3.480698113111497793e-01 5.202456388093689155e-01
5.878863333011012660e-02 1.021449776107185708e-01 3.585967787288670272e-01 4.804696103303043309e-01
4.762566273652215493e-02 8.502189759868335195e-02 3.144972067923482162e-01 5.528552328724462006e-01
4.317436060820611932e-02 8.028609781267144474e-02 3.849918916884582654e-01 4.915476498906642400e-01
3.978704543672378913e-02 1.099787052008825705e-01 3.523141878197472154e-01 4.979200615426463972e-01
5.357668883744336197e-02 9.755991011057624229e-02 3.438174211967432448e-01 5.050459798552372481e-01
4.575214120822056890e-02 6.919792007512154397e-02 2.987516783977968160e-01 5.862982603188610087e-01
5.411984611357448238e-02 7.817060881876312928e-02 3.395024506410195819e-01 5.282070944266428203e-01
4.365421167374990835e-02 1.052404986481040167e-01 2.974785896154428788e-01 5.536267000627030921e-01
7.114003496249540759e-02 9.149072804501282019e-02 3.778911880555555491e-01 4.594780489369362786e-01
6.638136331218333352e-02 1.000656158514406785e-01 3.553823709093542060e-01 4.781706499270218513e-01
7.900360277519613561e-02 7.649990329848341264e-02 3.590617129687505016e-01 4.854347809575699224e-01
4.567844775061495610e-02 1.028938956454389653e-01 3.223549997358911567e-01 5.290726568680548247e-01
6.820832608403812336e-02 1.271046108690497833e-01 3.358993571061309469e-01 4.687877059407811187e-01
5.298559182740297802e-02 9.691526771174900634e-02 3.909306562183501588e-01 4.591684842424978430e-01
5.410646261950050051e-02 1.413550562601822436e-01 3.277320299236167189e-01 4.768064511967006203e-01
6.345600392077173357e-02 8.363815502758617515e-02 2.762555660330454077e-01 5.766502750185965587e-01
4.844320134527162203e-02 7.230524618868333642e-02 3.453918589236751324e-01 5.338596935423698397e-01
4.034622777164643265e-02 7.978125570153324353e-02 3.024372630737680034e-01 5.774352534530522441e-01
5.755188580670206333e-02 1.009279318444206708e-01 3.753901887127068515e-01 4.661299936361705254e-01
4.729383192461345670e-02 1.121853658771497092e-01 3.661097316914208588e-01 4.744110705068159128e-01
7.084218424960102289e-02 6.574149987128857786e-02 3.723138601979039120e-01 4.911024556812064179e-01
3.316584521808695063e-02 9.471393606584026237e-02 3.541457757856588118e-01 5.179744429304139475e-01
5.423247091034003736e-02 9.117451766777469324e-02 3.485813150751971290e-01 5.060116963466880780e-01
7.638683423783711179e-02 9.873544966572354864e-02 3.048453700939238176e-01 5.200323460025155775e-01
5.005908246271979778e-02 8.074847621287527255e-02 3.504536274252077477e-01 5.187388138991971820e-01
6.387036424191380735e-02 1.139426927023885205e-01 2.956701792855774835e-01 5.265167637701200221e-01
6.444814093178775904e-02 8.349388822289290080e-02 3.593280944651368602e-01 4.927298763801823966e-01
6.152295205550389889e-02 8.637671964816739933e-02 3.515867776043967163e-01 5.005135506919318189e-01
3.632165056745993020e-02 7.933419358025910195e-02 3.295454199068711398e-01 5.547987359454097378e-01
7.270603875177200637e-02 1.105115293352067624e-01 3.501361554136024901e-01 4.666462764994186996e-01
5.311349488042822753e-02 8.360260614909674481e-02 3.799629213684901918e-01 4.833209776019850024e-01
6.002168217854651766e-02 6.988456298390573196e-02 3.372849633313600437e-01 5.328087915061876512e-01
6.797122130171609489e-02 6.972997022968917269e-02 2.861371663186195735e-01 5.761616421499751173e-01
4.705463626149083978e-02 1.049438495293961437e-01 3.620676357739363027e-01 4.859338784351766583e-01
5.108143544812690506e-02 1.487917723120583124e-01 3.113495192754734409e-01 4.887772729643414249e-01
5.757745133164671181e-02 1.350786446961980414e-01 3.672400288691679560e-01 4.401038751029873186e-01
4.796497887454127113e-02 9.692235932476643556e-02 3.519721965111501372e-01 5.031404652895421492e-01
1.020273454937241087e-01 9.341884364490188331e-02 2.700466358604132200e-01 5.345071750009608991e-01
9.042001581704381397e-02 7.977629291513589627e-02 3.153184204738718743e-01 5.144852707939482350e-01
6.737021791977877705e-02 7.195820922842290079e-02 3.439212012880137337e-01 5.167503715637846717e-01
5.270286919705396284e-02 9.107761400332047008e-02 3.409049835606528522e-01 5.153145332389728051e-01
4.571807225279734405e-02 9.695700745586960378e-02 2.654136379501600973e-01 5.919112823411728508e-01
9.096937488457110255e-02 1.056145902101478656e-01 2.923429471587756789e-01 5.110730877465053945e-01
6.689950516919655754e-02 1.052624680343957481e-01 3.265414135009244712e-01 5.012966132954832510e-01
5.668314953893248409e-02 8.063216461136354929e-02 2.864449167439336308e-01 5.762397691057703497e-01
5.303863784617258992e-02 1.293077624594808905e-01 3.106287182318893114e-01 5.070248814624572775e-01
3.682697921267730906e-02 8.810607128865867443e-02 3.076513332064312878e-01 5.674156162922325830e-01
5.280533730651638252e-02 1.183004626617171207e-01 3.073944260045638477e-01 5.214997740272027116e-01
6.708435011936376979e-02 9.606047833056820251e-02 3.538054474092604540e-01 4.830497241408076570e-01
5.770995173000875028e-02 8.160271134178803676e-02 3.132657597515129400e-01 5.474215771766902661e-01
9.063209426989171646e-02 1.208677138445997667e-01 3.120211854223826076e-01 4.764790064631257982e-01
5.145230781617809307e-02 1.173348916754835963e-01 3.613148167170118774e-01 4.698979837913265789e-01
5.802786739190437387e-02 9.015493856141185147e-02 3.769554372532875619e-01 4.748617567933963723e-01
6.205033285803553122e-02 8.839994294518552231e-02 3.444330880151831864e-01 5.051166361815958572e-01
6.430503973515108718e-02 8.924342724027239937e-02 3.136220816175394055e-01 5.328294514070370802e-01
5.008687716016078234e-02 1.057549152741847770e-01 3.704615953361520830e-01 4.736966122295024340e-01
5.876117972104858561e-02 1.152530546972342224e-01 3.465425563370497231e-01 4.794432092446674343e-01
7.307402724877967715e-02 9.344397766091580571e-02 2.927303177692707759e-01 5.407516773210337968e-01
6.152262344069413941e-02 7.414882032997295591e-02 3.191979273407821727e-01 5.451306288885506834e-01
5.008254155752940584e-02 1.033919087372357215e-01 3.331527199223909830e-01 5.133728297828439313e-01
4.321588789741236808e-02 1.022411324341123279e-01 2.929762381778129865e-01 5.615667414906623245e-01
5.211012637277092491e-02 1.066638488217644259e-01 3.294825990521937364e-01 5.117434257532710307e-01
3.502260777218093452e-02 9.291890755198500829e-02 3.026252357480250788e-01 5.694332489278089993e-01
8.399566594713016310e-02 8.230198961960688564e-02 3.023424000362209263e-01 5.313599443970419278e-01
4.584074870564368992e-02 1.175798038276093527e-01 3.366498423461774525e-01 4.999296051205694980e-01
3.880291692584508789e-02 1.273335100739712844e-01 2.937605090853677714e-01 5.401030639148157730e-01
5.806240962606913636e-02 1.031120762536709146e-01 3.511935158147964087e-01 4.876319983054634988e-01
5.486186910654011761e-02 9.666210967870297877e-02 3.204736419368542921e-01 5.280023792779026115e-01
8.352552502838889170e-02 6.707893223454085285e-02 3.690128094435548012e-01 4.803827332935154959e-01
7.198693719212279074e-02 8.464957297999957386e-02 3.635469945588575280e-01 4.798164952690200380e-01
6.975186498338863117e-02 9.649810235605787989e-02 3.526131354003351759e-01 4.811368972602182437e-01
9.723116603872226926e-02 1.087119848130461697e-01 3.410666032084125332e-01 4.529902459398190695e-01
3.755736479459016730e-02 1.108991839674167423e-01 3.562816566969809751e-01 4.952617945410121014e-01
8.562320534426354213e-02 7.920262405895027447e-02 3.061056448536468300e-01 5.290685257431393396e-01
4.664054797002148423e-02 9.528976981287437531e-02 3.298608743254013986e-01 5.282088078917027696e-01
3.849769562674216355e-02 1.168033159137046306e-01 3.690399782632796666e-01 4.756590101962734907e-01
5.033688507241366322e-02 7.640459763475651589e-02 3.719986083244931074e-01 5.012599089683366094e-01
5.239146071263515309e-02 8.981905499836732865e-02 2.724838422146334538e-01 5.853056420743640853e-01
7.704310427458278820e-02 1.043708339048085298e-01 3.103368485458598558e-01 5.082492132747488123e-01
5.253755167602660453e-02 6.986207673692754194e-02 3.343969338436846850e-01 5.432034377433612171e-01
6.162731726295393037e-02 6.622414268769959145e-02 3.224374385620875083e-01 5.497111014872591017e-01
6.287657032103198540e-02 8.773173957035929060e-02 3.159848036634830271e-01 5.334068864451257941e-01
4.231689717192854000e-02 9.512495875447221638e-02 3.922433448070966611e-01 4.703147992665024923e-01
7.378902083113948740e-02 6.807747674119291048e-02 3.180513700191239246e-01 5.400821324085436359e-01
3.694882224232681756e-02 1.071775081796240842e-01 3.493231743592448146e-01 5.065504952188044641e-01
5.365309169250455368e-02 9.714812244203675784e-02 3.266739246050848200e-01 5.225248612603737852e-01
4.761354506817498666e-02 1.015132005644780733e-01 3.475774273783389101e-01 5.032958269890079883e-01
6.181628712098497652e-02 9.668057415269257215e-02 3.107136930447017553e-01 5.307894456816207862e-01
5.641689952552265269e-02 7.405491951295285757e-02 3.185938995821770425e-01 5.509342813793474125e-01
4.734654432886114400e-02 7.956315048478697360e-02 3.479170741584107218e-01 5.251732310279411120e-01
4.323054529120423650e-02 1.074991763978013076e-01 3.189996506372960172e-01 5.302706276736982582e-01
8.431737162151807519e-02 9.991095659897045178e-02 3.106398983448478979e-01 5.051317734346635335e-01
6.327832581240537546e-02 1.147180507364394253e-01 3.471238416723394504e-01 4.748797817788156239e-01
5.010690626659657088e-02 5.740938186827423961e-02 3.612109381669024177e-01 5.312727736982267857e-01
3.789638619304021294e-02 7.764040386582796160e-02 3.412735121719088216e-01 5.431896977692231010e-01
7.305899144005817414e-02 9.551403526990816240e-02 3.101580369848027097e-01 5.212689363052308567e-01
3.615877644642068872e-02 1.325111447886747618e-01 3.253725792465798627e-01 5.059574995183246937e-01
4.989758861478867796e-02 1.250207033567437287e-01 3.074691092896587596e-01 5.176125987388089378e-01
5.583384769326777547e-02 9.549320647815093266e-02 3.082400543676594995e-01 5.404328914609216605e-01
6.792636425704176584e-02 9.708295157931987052e-02 3.316243856558834802e-01 5.033662985077548280e-01
5.064113543829850544e-02 1.220090818109393765e-01 3.507974109250405204e-01 4.765523718257216323e-01
3.235965480629152818e-02 8.166464220751164238e-02 3.734373995087610920e-01 5.125383034774357860e-01
4.497815414628891090e-02 8.986334333029913357e-02 3.745529808630115864e-01 4.906055216604003899e-01
6.500847031782555629e-02 9.806500086215536038e-02 3.329427433623268762e-01 5.039837854576921794e-01
4.784113678343079878e-02 7.441493180670023799e-02 3.210932511680502088e-01 5.566506802418187405e-01
4.558614486128838295e-02 9.809237054734419592e-02 3.433075499755259830e-01 5.130139346158415492e-01
5.285822280961628705e-02 9.785233011175072104e-02 3.357231614389301622e-01 5.135662856397027465e-01
5.897605967571755564e-02 1.011705354874411072e-01 3.216127287737726714e-01 5.182406760630686726e-01
5.534810911223646268e-02 6.688232966891788367e-02 3.295605886351243297e-01 5.482089725837213656e-01
4.435856508856211855e-02 7.068477411167331526e-02 4.167948313789274217e-01 4.681618294208371722e-01
5.790150096646465988e-02 1.086478234548931276e-01 2.724228864588566501e-01 5.610277891197854583e-01
5.096919496145321804e-02 1.238960708675221345e-01 3.132252633558056387e-01 5.119094708152189810e-01
5.232953480291922810e-02 7.573528933076051350e-02 3.250696552570602194e-01 5.468655206092600807e-01
6.474503021922253798e-02 8.268320468279682922e-02 3.316697698398975436e-01 5.209019952580831170e-01
3.929102483251559197e-02 1.165025902085905646e-01 3.491919434099077235e-01 4.950144415489861061e-01
4.789214868748601500e-02 8.814738894826121274e-02 3.677390159502125777e-01 4.962214464140402570e-01
7.086724113686303228e-02 9.391186871663011193e-02 3.128798676635518028e-01 5.223410224829548865e-01
3.157474786040703058e-02 8.144695642147146974e-02 3.056296445412277074e-01 5.813486511768939380e-01
5.759163064903138202e-02 7.088543430784816080e-02 3.650510881254507844e-01 5.064718469176697768e-01
9.523485901216041660e-02 1.006419496339546055e-01 3.241901945053857759e-01 4.799329968484992159e-01
7.930755796726196571e-02 9.754204148929472573e-02 3.019207634985100475e-01 5.212296370449331917e-01
6.177328319521362132e-02 1.003542908905792341e-01 3.154780753835391138e-01 5.223943505306680724e-01
4.973722441133280464e-02 8.587808996260880290e-02 2.927721366101124767e-01 5.716125490159459366e-01
4.529166904047998016e-02 8.393369897303327998e-02 3.261923382154038875e-01 5.445822937710828038e-01
5.925433622728502880e-02 6.323350280055059502e-02 3.381727228325594470e-01 5.393394381396048320e-01
4.466576020780792244e-02 6.732442904447764886e-02 3.170694718801414513e-01 5.709403388675730051e-01
4.889708936620345420e-02 8.920466065450964599e-02 3.446407088307354427e-01 5.172575411485516028e-01
4.390586597949736047e-02 7.166599091411909872e-02 3.438630174799436889e-01 5.405651256264397686e-01
4.530257060913121803e-02 8.866770860675478316e-02 3.449158964090143220e-01 5.211138243750997878e-01
7.009563575666422075e-02 1.009139325031092466e-01 3.114488770432871090e-01 5.175415546969395209e-01
4.856972453486359254e-02 9.393243094091621725e-02 3.029751006979561345e-01 5.545227438262639863e-01
6.382764250992341293e-02 7.899067344117564893e-02 3.639480956016644675e-01 4.932335884472365262e-01
5.692959010035648221e-02 1.070630523824030872e-01 3.396392841503522719e-01 4.963680733668881517e-01
6.006628110772608414e-02 1.025190485848528482e-01 3.705717454064682559e-01 4.668429249009527493e-01
8.145864647571400552e-02 1.069098191913128715e-01 3.320673330864228889e-01 4.795642012465501924e-01
6.090427290338486926e-02 8.457060129485197142e-02 3.414327537485409292e-01 5.130923720532223342e-01
8.289617957401468340e-02 9.335211918528368846e-02 2.857338325407004498e-01 5.380178687000012339e-01
7.036874238806035964e-02 7.804209341847809234e-02 3.733328369957920057e-01 4.782563271976695285e-01
6.628258214033640183e-02 1.157714974419352810e-01 3.330592741229839726e-01 4.848866462947443168e-01
6.810299827415278173e-02 9.991355552933783857e-02 3.150094240008082247e-01 5.169740221957012105e-01
3.060994931586048448e-02 9.643919491109077813e-02 3.409675886641554965e-01 5.319832671088932097e-01
9.374121431451251651e-02 1.070802178416161293e-01 3.008255531451230480e-01 4.983530146987482645e-01
5.087594857278435190e-02 1.217203930804678369e-01 3.023224953163466955e-01 5.250811630304009769e-01
6.010989826120530927e-02 1.039639711958761509e-01 3.254920877297228787e-01 5.104340428131957097e-01
3.759902771766415047e-02 9.083413455876337972e-02 4.101544439818919363e-01 4.614123937416805266e-01
5.448857234715020342e-02 1.498488010857404740e-01 3.243977611005676165e-01 4.712648654665415604e-01
7.167764184965970398e-02 9.229879067027349504e-02 3.533841730219199340e-01 4.826393944581469087e-01
8.024369133460595993e-02 7.735131782096560382e-02 3.674025566103633067e-01 4.750024342340651295e-01
5.672606444947055765e-02 1.050267916744824226e-01 3.279547441261278506e-01 5.102923997499192454e-01
4.923005983436053168e-02 1.021968471794849898e-01 3.335165743112126213e-01 5.150565186749418434e-01
3.968055141879543724e-02 8.903636793663274873e-02 2.719949379805325917e-01 5.992881426640391807e-01
5.844452983564863563e-02 8.994097949176001194e-02 3.077601046130827300e-01 5.438543860595087542e-01
4.682336305291436712e-02 5.919473265318031530e-02 3.282208671018584378e-01 5.657610371920468451e-01
5.101071821675934315e-02 9.060105120461504902e-02 3.617836216954013473e-01 4.966046088832242189e-01
5.415037271959572546e-02 9.241881941641741371e-02 3.563844429487208476e-01 4.970463649152659924e-01
7.068511540948806127e-02 8.388363833094847344e-02 3.648091987808544379e-01 4.806220474787091246e-01
4.884724289144016379e-02 7.675485200365317340e-02 3.282369750221957316e-01 5.461609300827108271e-01
4.952061043508686200e-02 7.697992751414367563e-02 3.016600737756098827e-01 5.718393882751595658e-01
3.868758376345396433e-02 6.604997584079846940e-02 3.561015174857201093e-01 5.391609229100274847e-01
4.003952510363984613e-02 9.451323644853940054e-02 2.845121014974614782e-01 5.809351369503592544e-01
6.017151503058874862e-02 9.018083914544923474e-02 3.425558344336227523e-01 5.070918113903392088e-01
5.047142565659296087e-02 1.178265152784332553e-01 2.950669706232664780e-01 5.366350884417072642e-01
4.987072051426552632e-02 6.964698227520599305e-02 3.324464658512112925e-01 5.480358313593173269e-01
6.158096717958794902e-02 8.939890241782585956e-02 3.262481489995385231e-01 5.227719814030477030e-01
5.029706912167274807e-02 8.590125183024742428e-02 3.351326789603402689e-01 5.286690000877396489e-01
6.742545709088006156e-02 8.268076038374930214e-02 3.727842362595300552e-01 4.771095462658404007e-01
5.340284047703663939e-02 8.125079936136778147e-02 3.840329521256569678e-01 4.813134080359386946e-01
4.224765243673330589e-02 1.202748531384151554e-01 3.302631319793171705e-01 5.072143624455343058e-01
6.673339596489658021e-02 6.369158076304846927e-02 4.060877859456951122e-01 4.634872373263598244e-01
5.585083365005058531e-02 9.400786168940318543e-02 3.118081970860338004e-01 5.383331075745123595e-01
6.597047875511459492e-02 1.137372480513267892e-01 3.260468229770432935e-01 4.942454502165152253e-01
6.987392053010157977e-02 8.115490528027166639e-02 3.149724339775415438e-01 5.339987402120850435e-01
1.019208218393074100e-01 9.955903293116316610e-02 3.436622849403058177e-01 4.548578602892235367e-01
5.133772194890619950e-02 1.150359829716982585e-01 3.535700886724824632e-01 4.800562064069130996e-01
5.678662825324495150e-02 1.111860589428987495e-01 3.695504825892262368e-01 4.624768302146298748e-01
8.307851952710205989e-02 6.410688773441930444e-02 2.848769533713087498e-01 5.679376393671698997e-01
7.894741478792444145e-02 9.840106173792642630e-02 3.261877480498270865e-01 4.964637754243221290e-01
4.540646828070879493e-02 1.087692221109883006e-01 3.144447069536820960e-01 5.313796026546206974e-01
5.506048738210640725e-02 1.280355479668430219e-01 2.777428220085932375e-01 5.391611426424574027e-01
6.036476352055848704e-02 1.108237817848369416e-01 2.851698751133817100e-01 5.436415795812227225e-01
8.214053120598562019e-02 8.945044055457569698e-02 3.202887900321319536e-01 5.081202382073067847e-01
3.442018096193522753e-02 7.609747973949625155e-02 2.907733547557167508e-01 5.987089845428519297e-01
6.378803295261468997e-02 8.641336249907845268e-02 3.638340722194456922e-01 4.859645323288612206e-01
5.266268708210090910e-02 1.396429785067251905e-01 3.185628107503126749e-01 4.891315236608613226e-01
5.497715677994563510e-02 9.266279339238295276e-02 3.350132447491319665e-01 5.173468050785394734e-01
5.428086494218795771e-02 9.749597200411778963e-02 3.688249834508572356e-01 4.793981796028370934e-01
6.770933176634698347e-02 9.741963028790054380e-02 3.079353635182057736e-01 5.269356744275468518e-01
5.179145590564158269e-02 9.980446301999758296e-02 3.273608104627227511e-01 5.210432706116380208e-01
4.009393050658695279e-02 1.041267086164644334e-01 3.402191132929496820e-01 5.155602475839989873e-01
5.270890293834328694e-02 1.005053449530453474e-01 3.220459008774076426e-01 5.247398512312038132e-01
5.395068056392388761e-02 8.840314277423058642e-02 3.353935421003050310e-01 5.222526345615403631e-01
5.041341736680295810e-02 7.786718413722816534e-02 3.419251100021189482e-01 5.297942884938500185e-01
4.576124538818772403e-02 1.364896996731200240e-01 3.300943566345421742e-01 4.876546983041500360e-01
6.607901954364416020e-02 9.633859584991046054e-02 3.638825651038309905e-01 4.736998195026144720e-01
6.654837527017515297e-02 7.971500697454442230e-02 3.295425098460597613e-01 5.241941079092206079e-01
6.616433325364935725e-02 8.554563394448748415e-02 3.714314472542370460e-01 4.768585855476259461e-01
5.330734824930481730e-02 9.973542797249314307e-02 3.104138787951610245e-01 5.365433449830410151e-01
6.427507294480026834e-02 8.691111112472872657e-02 3.515267475002016861e-01 4.972870684302693745e-01
3.161959396470265943e-02 1.062409892430540570e-01 3.231238937987865878e-01 5.390155229934565639e-01
4.912786102246964604e-02 1.211446421738157919e-01 3.199049938389137426e-01 5.098225029648009166e-01
5.210851948266444905e-02 6.120381711475631620e-02 3.031660640261020778e-01 5.835215993764771847e-01
5.919824565388804444e-02 1.080124690996689257e-01 3.255353821734067177e-01 5.072539030730361942e-01
4.633142529229451745e-02 1.172368065715471974e-01 3.368795686735713835e-01 4.995521994625868323e-01
4.581914336904813201e-02 7.800280039806127552e-02 3.367227995588434886e-01 5.394552566740472566e-01
5.850000832981962218e-02 9.521109777952363462e-02 3.514872540880959462e-01 4.948016398025606999e-01
6.747003915749230640e-02 9.315225361004313143e-02 3.165153579256060890e-01 5.228623493068584871e-01
4.614891314732486732e-02 8.976960406376136015e-02 3.033036406760777903e-01 5.607778421128358781e-01
4.545114305823536038e-02 1.079223863665522976e-01 3.396427965821928741e-01 5.069836739930194680e-01
3.519288205168458888e-02 9.780189931565541617e-02 3.406690980903566146e-01 5.263361205423034983e-01
5.916600351398849933e-02 1.074025450914225105e-01 3.701382699279522903e-01 4.632931814666366166e-01
4.491952628195510638e-02 9.612056198051713296e-02 3.785021616585694249e-01 4.804577500789583566e-01
8.775960882714979594e-02 1.007213747132655740e-01 3.016670583017611040e-01 5.098519581578233595e-01
4.115528864267390535e-02 1.121249524988590790e-01 3.018024190103491544e-01 5.449173398481178543e-01
6.131682654724964626e-02 9.431094734785737399e-02 3.294822262955299785e-01 5.148899998093630082e-01
5.909064669709208906e-02 1.291322923106970055e-01 3.008538771655044908e-01 5.109231838267063175e-01
4.970691738614066435e-02 6.585154739136811486e-02 3.780121038632238695e-01 5.064294313592672125e-01
5.404187174690081724e-02 8.653964893072325915e-02 3.311003838960707157e-01 5.283180954263050344e-01
6.011451169016560764e-02 1.168079827941619214e-01 3.199160264109855989e-01 5.031614791046867818e-01
7.304210681657040405e-02 8.043449224194433589e-02 3.709640311776310484e-01 4.755593697638541006e-01
5.134012274249982050e-02 1.118310978632949121e-01 3.480343506519871788e-01 4.887944287422180123e-01
4.410276091464346987e-02 7.997181511703339851e-02 3.324284088332358222e-01 5.434970151350873024e-01
5.055558715326783498e-02 8.732281453688686690e-02 3.131059052635134510e-01 5.490156930463320206e-01
5.641646409385580457e-02 9.362250317959384949e-02 3.373293537606582015e-01 5.126316789658920126e-01
3.890211157879276682e-02 9.033858789015784818e-02 3.522123136784627850e-01 5.185469868525866000e-01
5.098861759668912169e-02 8.276230115517127506e-02 3.607753948947154399e-01 5.054736863534242675e-01
4.369539275226089203e-02 9.676047018071169681e-02 3.442577675825811978e-01 5.152863694844461717e-01
8.172528373933593548e-02 1.015900137727087371e-01 3.070178573490339180e-01 5.096668451389213539e-01
3.996199206917269708e-02 8.764378478539912309e-02 3.646348003652975511e-01 5.077594227801304205e-01
6.477882531835446600e-02 8.026212292915028967e-02 3.053519869214131877e-01 5.496070648310820150e-01
6.338137486057343617e-02 1.023142361719746041e-01 3.552033112238807688e-01 4.791010777435711354e-01
6.361735477684291040e-02 8.133426770628590652e-02 3.700969304051224817e-01 4.849514471117487013e-01
5.545656299599897865e-02 1.070978910990999650e-01 3.228277975068120642e-01 5.146177483980890477e-01
6.273073522202073093e-02 8.880114823686245662e-02 3.234396124232277736e-01 5.250285041178890388e-01
7.574617774742786747e-02 7.703004851707832834e-02 3.558963990998189053e-01 4.913273746356750515e-01
6.493413283077575926e-02 1.302678838250398985e-01 2.727064024446104740e-01 5.320915808995738683e-01
7.440487150743209377e-02 9.848524056818631911e-02 3.624674345811464971e-01 4.646424533432350623e-01
5.695316625973072255e-02 9.403413306860181065e-02 3.506195065468863947e-01 4.983931941247810582e-01
5.067646387257170038e-02 6.775250304962064651e-02 2.953986474358784586e-01 5.861723856419290835e-01
5.742205793976420253e-02 8.547967576518346322e-02 3.537688161010214549e-01 5.033294501940308585e-01
6.260817620971841080e-02 8.460221203003645551e-02 3.259583492714698272e-01 5.268312624887752094e-01
6.476930638328240453e-02 9.144276119343967835e-02 3.566480445117703457e-01 4.871398879115076963e-01
7.797669973032368695e-02 8.397658150721287740e-02 3.445355150561890678e-01 4.935112037062744372e-01
5.007634844129588148e-02 7.931762118976060094e-02 3.031478169956058344e-01 5.674582133733376832e-01
5.034085089677556996e-02 1.053005059466127491e-01 3.037904164794317796e-01 5.405682266771797417e-01
5.288021245553197608e-02 7.546239052106376577e-02 3.605574190156735637e-01 5.110999780077306598e-01
4.456499473207301693e-02 1.141771586750492673e-01 3.008571825087770768e-01 5.404006640841005904e-01
5.570216804165782631e-02 9.246921829927107206e-02 3.495187586480711928e-01 5.023098550110000060e-01
8.802900138307186151e-02 1.190634730201912544e-01 2.760399748527034847e-01 5.168675507440333439e-01
8.963378629065393843e-02 7.980637371520098167e-02 2.959373778824588297e-01 5.346224621116862918e-01
5.086869945677502391e-02 1.024761625467749959e-01 3.304155418931312149e-01 5.162395961033187097e-01
7.256332419230421271e-02 1.020407584511553167e-01 3.315526112288971761e-01 4.938433061276432667e-01
4.328301438016373542e-02 1.307157293128917153e-01 3.462269917871746427e-01 4.797742645197697331e-01
3.852603237625686072e-02 7.093114049141652222e-02 3.581309185439286447e-01 5.324119085883980418e-01
5.514302184439996007e-02 7.821244570140226116e-02 3.479903881414329603e-01 5.186541443127647977e-01
7.152151489591190847e-02 1.122504531903687208e-01 3.330530496428420473e-01 4.831749822708774622e-01
7.043761725143804497e-02 8.954494897303844070e-02 3.330143239665514510e-01 5.070031098089718968e-01
5.727902877998290038e-02 1.111785731891673512e-01 3.547431006168394463e-01 4.767992974140102813e-01
4.486297234968016079e-02 9.297271697310567629e-02 3.093007516224504649e-01 5.528635590547636980e-01
4.588724546998086684e-02 1.235671121488005481e-01 3.386030116094817521e-01 4.919426307717369995e-01
5.947498087803384376e-02 7.129716304401889637e-02 3.439596741135797497e-01 5.252681819643675309e-01
9.265782781829100256e-02 1.018328080125108642e-01 2.829898172977913240e-01 5.225195468714068925e-01
7.726747193311678252e-02 9.248940701233851480e-02 3.590488546199534503e-01 4.711942664345912801e-01
4.544208942007206542e-02 9.472287996940728649e-02 3.266307002836269513e-01 5.332043303268937384e-01
4.681223624305764358e-02 8.093761144714840816e-02 3.396594719687551778e-01 5.325906803410387358e-01
4.260878697559837558e-02 9.375890232523036161e-02 3.648336205750521422e-01 4.987986901241189819e-01
5.341871366218209349e-02 7.914448494705311754e-02 3.128733006594726640e-01 5.545635007312921250e-01
5.328918975873930125e-02 7.902626194747382204e-02 3.702885696777054592e-01 4.973959786160813690e-01
1.191138379931464403e-01 1.051276942351118404e-01 2.468528826055331749e-01 5.289055851662086694e-01
5.188409675629104129e-02 1.173270887345757435e-01 3.531299907408544381e-01 4.776588237682786731e-01
4.002366753055689591e-02 7.228382073339385816e-02 4.016463966109781736e-01 4.860461151250712319e-01
5.626811298587924837e-02 8.717325128085579022e-02 2.999890129487521873e-01 5.565696227845126076e-01
8.184278530595816281e-02 1.026823287225109710e-01 3.301494160018674795e-01 4.853254699696634145e-01
5.537807838039517788e-02 1.120071566383446793e-01 3.667436960114492939e-01 4.658710689698108420e-01
9.699885456556715801e-02 8.133870050555683240e-02 3.255279633554448160e-01 4.961344815734310965e-01
5.942517229164911291e-02 8.795400980756544473e-02 3.326006492780864132e-01 5.200201686226991749e-01
4.280848918925329871e-02 9.032353352630442811e-02 3.317059663352501242e-01 5.351620109491921351e-01
5.843759610839319857e-02 7.727492791880405387e-02 3.514408011912537599e-01 5.128466747815489946e-01
8.909237455787145932e-02 9.366669528172850978e-02 3.438241796211188306e-01 4.734167505392812836e-01
7.407509298465636549e-02 1.078373898222941552e-01 2.785235742726710484e-01 5.395639429203784587e-01
7.467425843992712975e-02 8.692519130975860653e-02 3.570774279004690355e-01 4.813231223498452005e-01
4.276603101186481071e-02 8.604019601108660320e-02 3.565481394495098044e-01 5.146456335275386706e-01
6.153181033888754231e-02 9.137133550465796616e-02 3.590019887396248555e-01 4.880948654168297263e-01
5.197794953708412963e-02 8.218171603137497394e-02 3.642409149587945150e-01 5.015994194727464439e-01
5.689742866853632342e-02 1.018416038905264193e-01 3.278706059809047835e-01 5.133903614600324739e-01
4.975877695241380516e-02 8.338689846776271841e-02 3.414847927399081717e-01 5.253695318399153047e-01
3.782501121714548081e-02 9.456485099972776476e-02 3.242357109366071910e-01 5.433744268465194871e-01
4.675662941869954820e-02 7.497920822293688281e-02 3.841345083546249817e-01 4.941296540037385387e-01
5.801073245576145176e-02 8.667283058391339612e-02 2.771756152274085228e-01 5.781408217329164767e-01
4.216656632136380617e-02 8.608308839337634744e-02 3.317320395553571277e-01 5.400183057299025036e-01
6.186724270109433127e-02 1.049763019408481157e-01 2.858414378777054399e-01 5.473150174803521617e-01
6.358712915643108254e-02 1.104955684601181404e-01 3.153056279597732936e-01 5.106116744236773863e-01
4.849142267566215747e-02 1.165364573250609187e-01 3.328613466623893680e-01 5.021107733368874726e-01
8.365784577062672367e-02 8.643478517789759952e-02 3.556096176078384907e-01 4.742977514436371722e-01
4.988157927643293438e-02 1.130589011851258902e-01 3.276516688879980710e-01 5.094078506504431392e-01
4.778514229773681010e-02 1.079325587389900892e-01 3.440251326937611154e-01 5.002571662695118881e-01
6.936824578261593932e-02 8.547360069431884921e-02 3.522654333590705678e-01 4.928927201639948241e-01
7.179243475201403657e-02 8.700865683801370376e-02 3.297772008060569915e-01 5.114217076039152543e-01
4.615204863212778869e-02 7.160511411348610689e-02 3.679194399416017003e-01 5.143233973127845360e-01
3.289162897414163456e-02 7.629137878828121111e-02 3.298108907483207064e-01 5.610061014892565590e-01
5.276896197933269445e-02 7.197116991951428566e-02 3.436596260049025187e-01 5.316002420962504527e-01
4.279381219912620216e-02 9.861975711886027118e-02 3.019545648533555338e-01 5.566318658286579790e-01
8.935018972394964676e-02 1.050218223303067272e-01 3.739201619117700215e-01 4.317078260339736739e-01
3.874143726553790079e-02 8.225644905944967666e-02 3.387623634536832684e-01 5.402397502213290847e-01
5.658775905788600291e-02 7.634750398556285067e-02 3.955895180730263916e-01 4.714752188835248936e-01
6.377346959078039612e-02 8.976262930696136955e-02 3.030380350475198048e-01 5.434258660547383046e-01
7.389534980079802418e-02 8.739404811904338821e-02 2.727990333623590558e-01 5.659115687177994625e-01
6.836657267756721112e-02 7.626160418548846853e-02 3.349811407381584338e-01 5.203906823987859420e-01
5.256147544249568232e-02 8.605315807323057897e-02 3.534458503533309259e-01 5.079395161309427920e-01
4.840829840037787213e-02 1.329124797723560125e-01 3.018515407823200158e-01 5.168276810449461411e-01
6.343196436725039022e-02 1.239558044941253129e-01 2.986077795983639871e-01 5.140044515402601988e-01
5.371187360378319731e-02 1.034023685752781530e-01 3.249590632606799701e-01 5.179266945602586381e-01
5.712430483773128786e-02 9.998315112725977838e-02 3.195111084449133720e-01 5.233814355900956450e-01
5.416401675912493885e-02 1.066152974296367961e-01 3.440275138776525687e-01 4.951931719335857518e-01
5.775828483517227857e-02 7.476720211704269980e-02 3.455642131770630399e-01 5.219102998707221275e-01
6.373175361731181487e-02 6.809934880265848534e-02 3.643687427322808703e-01 5.038001548477487601e-01
8.312797767549402750e-02 8.501200442190565143e-02 3.793692147467881415e-01 4.524908031558121380e-01
4.046382794458295434e-02 8.517824060443021650e-02 2.871428553436362607e-01 5.872150761073505754e-01
7.247971395774237269e-02 1.023578715517823312e-01 3.490019470825272974e-01 4.761604674079479849e-01
3.199589944672325686e-02 8.061729037340345516e-02 3.251551218924328968e-01 5.622316882874406341e-01
6.644843277620707256e-02 8.145283980177220329e-02 3.067587455910556482e-01 5.453399818309652147e-01
5.130802275511184979e-02 1.265137900955557448e-01 3.531441675288643500e-01 4.690340196204682566e-01
7.034595408744841183e-02 7.962987034455355773e-02 2.805851634151890761e-01 5.694390121528090098e-01
5.947579729555026867e-02 1.166655788134444427e-01 3.683743842202656937e-01 4.554842396707396990e-01
6.645714694001816913e-02 1.094740728801257001e-01 3.360838702797649957e-01 4.879849099000910795e-01
4.099475483237513540e-02 1.035712576225880505e-01 3.147252511058739044e-01 5.407087364391628403e-01
6.046305170687112096e-02 1.153627800723872748e-01 3.244284038213017807e-01 4.997457643994399623e-01
5.147497174739495279e-02 7.626645034751225460e-02 3.625051625844225023e-01 5.097534153206700891e-01
4.657298545499947290e-02 5.635039606119440769e-02 3.140251515148881900e-01 5.830514669689178531e-01
6.366824788954146552e-02 8.351515120423312621e-02 3.461968942787015946e-01 5.066197066275238692e-01
5.000174232158062504e-02 1.005598358076365412e-01 3.318489957543708235e-01 5.175894261164118992e-01
5.027133216085625383e-02 9.864965836923395015e-02 3.560482156419295663e-01 4.950307938279800979e-01
4.854627478497180321e-02 8.451493914582693112e-02 4.123316613397209895e-01 4.546071247294803941e-01
4.172076656146458257e-02 1.235261754381810073e-01 3.383295263996574653e-01 4.964235316006969656e-01
7.778257458857787410e-02 6.800436870342436990e-02 2.826397319767511296e-01 5.715733247312465570e-01
5.819842130494139176e-02 9.181665210659085974e-02 3.184742481640665535e-01 5.315106784244012506e-01
5.574953604616803698e-02 8.250693581893370210e-02 3.073208595008673494e-01 5.544226686340308907e-01
4.931538544593529194e-02 7.382428174070020110e-02 3.518378928640406578e-01 5.250224399493237382e-01
4.216822670703954112e-02 9.320958677837345996e-02 3.494631750909616974e-01 5.151590114236251905e-01
7.962825810027021611e-02 1.149186693380460922e-01 3.129764417635686469e-01 4.924766307981151559e-01
3.099046474357461042e-02 1.422878565303076215e-01 2.839542297518685143e-01 5.427674489742492225e-01
4.062525116289323474e-02 8.016997882418490373e-02 3.610962404614830312e-01 5.181085295514388234e-01
6.441265462596966473e-02 6.981051061891026255e-02 3.494464257009535779e-01 5.163304090541666058e-01
2.782893987892795171e-02 9.512491540714795857e-02 3.527049628227257871e-01 5.243411818911984934e-01
5.040680984006732507e-02 7.537902480473251954e-02 3.453502773861942265e-01 5.288638879690057415e-01
6.067102291013765081e-02 1.232457379058818220e-01 3.097626914619753258e-01 5.063205477220050765e-01
5.276750325191703617e-02 8.784032183390738657e-02 3.316040016588061023e-01 5.277881732553695304e-01
8.344269136722676228e-02 7.881328236543778953e-02 2.936006739757013317e-01 5.441433522916342413e-01
