1.026929935952682338e-01 8.076744612537060941e-02 3.385317724164223496e-01 4.780077878629388488e-01
1.128597749422676627e-01 5.608838619193170366e-02 2.963834718536774160e-01 5.346683670121231691e-01
1.067322911429075538e-01 7.987784568919437111e-02 3.579411487049316554e-01 4.554487144629663642e-01
8.653926730569842796e-02 2.035195385892102360e-02 3.833935208555076524e-01 5.097152579798728267e-01
1.371841824451453251e-01 5.505086910223054575e-02 2.945629175796017907e-01 5.132020308730224079e-01
1.442235186274196945e-01 3.036927333500519591e-02 3.573386119749326628e-01 4.680685960626424502e-01
9.454719443530204548e-02 3.323142261416321686e-02 3.897821712840730535e-01 4.824392116664616981e-01
1.286166899793796670e-01 4.124982256247161638e-02 3.434269156336344775e-01 4.867065718245143779e-01
1.052974732692259635e-01 5.802668267113973016e-02 3.881801923444729296e-01 4.484956517151612032e-01
1.101057587018824252e-01 4.146310253052076789e-02 3.347467638085885877e-01 5.136843749590083164e-01
6.462318190666167805e-02 4.016923602925965425e-02 3.574550739176914904e-01 5.377525081463873091e-01
1.036766548558781947e-01 1.013336819031271929e-01 3.326702147944856081e-01 4.623194484465090737e-01
1.292312102111355387e-01 4.664089767047729929e-02 4.066300345789126136e-01 4.174978575394744373e-01
1.185704082633329270e-01 6.107940531310254023e-02 4.028428881172315124e-01 4.175072983063330412e-01
1.703216048522489534e-01 4.823215582001624813e-02 3.268005482597874378e-01 4.546456910679473884e-01
1.077335621274078115e-01 5.129895222625335122e-02 3.939476487625493961e-01 4.470198368837894343e-01
1.073254443831677674e-01 7.086066322578807308e-02 3.308382467348763845e-01 4.909756456561678029e-01
1.268517873897371528e-01 4.859868899911126694e-02 3.569846295477995257e-01 4.675648940633519990e-01
9.939119825794935636e-02 6.960611004703472215e-02 3.648058620302783162e-01 4.661968296647376886e-01
1.151189945673104925e-01 8.469977192746296069e-02 3.610589249724793226e-01 4.391223085327471964e-01
8.651925870892673842e-02 6.415729117769353174e-02 3.679772943354238102e-01 4.813461557779558087e-01
9.252926332556100919e-02 5.205271860300492159e-02 3.806397278227073855e-01 4.747782902487267531e-01
6.645766249608625609e-02 7.137786624592681872e-02 4.149880575959714046e-01 4.471764136620156038e-01
1.310340859410970005e-01 3.506469453515524692e-02 3.795415559166825381e-01 4.543596636070652561e-01
1.140720199107297661e-01 4.843134544697055843e-02 3.582074142744418044e-01 4.792892203678579266e-01
1.343740610309748229e-01 5.534884425025544258e-02 3.600673051807511404e-01 4.502097895380186565e-01
8.025486173295784398e-02 6.489074293812063798e-02 3.421147585066882102e-01 5.127396368222333356e-01
1.139009658725255586e-01 4.139734761100833521e-02 3.418459270714563347e-01 5.028557594450097090e-01
1.201068358834734562e-01 2.300609426685763445e-02 3.899819510249668553e-01 4.669051188247020923e-01
8.825900615168290331e-02 4.753110807175511127e-02 3.577883744876619310e-01 5.064215112889001169e-01
8.642262884765608555e-02 9.748220051734104996e-02 3.553322297412937480e-01 4.607629408937091164e-01
6.427745266496250054e-02 4.507614520188313323e-02 4.094430099646657051e-01 4.812033921684886195e-01
8.110459164877401039e-02 7.756013544547965544e-02 3.346316224500556213e-01 5.067036504556908794e-01
1.117854237299651526e-01 3.151468171293148740e-02 3.541043549284282332e-01 5.025955396286749810e-01
1.068609899134427971e-01 7.970802641691354662e-02 3.218305919487121081e-01 4.916003917209315621e-01
6.202536417764364929e-02 4.330180233308820320e-02 4.376172150512542269e-01 4.570556184380137887e-01
1.031370535393786869e-01 5.034620052196251555e-02 3.822528874845823599e-01 4.642638584540765834e-01
1.159005855154400105e-01 5.307439459362740808e-02 3.410311782698816629e-01 4.899938416210509184e-01
8.012867727294450959e-02 5.915106366515737041e-02 2.930710025276758168e-01 5.676492565342223795e-01
9.272839601969844192e-02 5.875625167941308374e-02 3.648217886229216944e-01 4.836935636779668424e-01
1.105136610434555994e-01 6.581095681278359422e-02 3.753437608916471158e-01 4.483316212521137878e-01
1.616342328058742173e-01 5.264419551567484090e-02 4.047916915267038562e-01 3.809298801517470578e-01
8.723657682880524289e-02 6.323249811792247543e-02 3.876193961224642659e-01 4.619115289308080019e-01
1.039159882184165634e-01 7.163754485058294874e-02 3.770624111298396253e-01 4.473840558011606960e-01
1.159703908678250267e-01 6.137266325257149935e-02 3.039504320291259720e-01 5.187065138504775019e-01
1.219906312764454104e-01 5.983100248767467960e-02 3.022299112690728928e-01 5.159484549668070796e-01
1.156070466477894521e-01 5.959862910086274196e-02 3.661434678008563259e-01 4.586508564504914176e-01
1.128867719510933121e-01 3.186582163967672382e-02 4.040256094813416410e-01 4.512217969278882745e-01
8.987625981032298927e-02 8.642926967983717568e-02 3.472997945134767006e-01 4.763946759963632038e-01
9.002598377420660547e-02 5.634314385315775109e-02 3.266245727719929715e-01 5.270062996006428246e-01
1.068774411939563268e-01 4.269700870312258950e-02 3.155236310764042984e-01 5.349019190265169588e-01
6.802374948607459171e-02 3.023657106247510523e-02 4.468023749117550625e-01 4.549373045396952198e-01
9.762904387778184589e-02 5.909582280949152167e-02 3.297790670518863654e-01 5.134960662608402115e-01
1.045878329701226961e-01 5.465098022878866341e-02 3.665604971935135237e-01 4.742006896075751654e-01
8.037322248635667132e-02 5.217408610833566829e-02 3.495234618678838001e-01 5.179292295374239297e-01
9.964507640507525021e-02 6.246825461167933996e-02 3.473699617560802033e-01 4.905167072271651718e-01
1.153649392744257318e-01 6.382093828132151536e-02 3.465459824481458284e-01 4.742681399961068411e-01
1.022349334824897427e-01 4.015498334848670303e-02 3.677616790004702985e-01 4.898484041685532420e-01
1.038684334493489292e-01 4.400103351179603106e-02 3.821195776829273694e-01 4.700109553559276288e-01
1.069704752364002975e-01 5.415239421857862695e-02 4.260685771327071270e-01 4.128085534123140388e-01
6.281962276204165752e-02 4.799482082015064238e-02 4.398664431325591817e-01 4.493191132852486502e-01
8.859836937364271026e-02 5.899782920178306411e-02 3.498988923315937694e-01 5.025049090929802897e-01
1.144378670475316578e-01 5.873398391330721807e-02 3.922711450131884936e-01 4.345570040259726929e-01
1.310869592417630847e-01 5.270799686092079300e-02 3.502295806883359841e-01 4.659754632089802007e-01
9.726536202605556847e-02 5.891236859316442004e-02 3.547371049036610602e-01 4.890851644771189166e-01
1.090993806657227366e-01 5.239689571165173643e-02 3.969910984711915725e-01 4.415126251514339129e-01
1.242542114310824508e-01 4.893273738027679315e-02 2.959045050609707683e-01 5.309085461276701334e-01
8.589519028217934560e-02 6.552177601730080347e-02 3.541593675082170822e-01 4.944236661923027687e-01
9.737372950777693770e-02 3.313849773797548220e-02 4.057502833082504701e-01 4.637374894459970198e-01
1.093642790542154047e-01 5.187688720801088976e-02 4.115619668378076024e-01 4.271968668999661101e-01
1.023700698865207676e-01 5.017629583955326295e-02 3.583192868065530612e-01 4.891343474673729985e-01
1.175095792812400203e-01 3.765418412632432626e-02 3.583096592080449727e-01 4.865265773843906461e-01
1.001118657569810833e-01 5.345056521275119710e-02 3.774826688361079818e-01 4.689549001941596962e-01
1.134601658056784146e-01 6.346538382398662914e-02 4.014493942246396552e-01 4.216250561456953427e-01
8.103836269297698403e-02 4.046343978465118812e-02 3.676185965034862724e-01 5.108796010188855208e-01
8.091431362488367418e-02 5.424255247959068604e-02 3.558016087025865359e-01 5.090415251929391038e-01
9.599806940504874986e-02 3.418294409085699537e-02 3.770397820935294519e-01 4.927792044105647196e-01
8.179618628117504842e-02 4.130912555009508963e-02 3.573892109483448598e-01 5.195054772203850924e-01
8.890940616549077025e-02 3.738254940178916547e-02 3.733812029904980401e-01 5.003268414422219479e-01
1.370353196357273484e-01 4.055564225531124722e-02 3.588792434009356880e-01 4.635297947080256886e-01
1.154885350734711491e-01 5.222792207066559445e-02 3.647617933577459448e-01 4.675217494981174227e-01
9.870399669664331466e-02 4.383655867203128248e-02 4.057294352534277504e-01 4.517300093778975900e-01
7.003556862933481286e-02 6.498227953888330299e-02 3.059141681573917526e-01 5.590679836743902564e-01
8.926428635235574005e-02 5.012274248332045795e-02 3.740531156970505200e-01 4.865598554672731502e-01
1.090796362647222517e-01 5.245741840772345094e-02 3.804581431102663780e-01 4.580048022172880651e-01
1.126583889458323690e-01 3.934077492182348756e-02 3.168533991612461631e-01 5.311474369710980081e-01
1.102631633974170688e-01 9.205031781713494954e-02 3.142541432975590743e-01 4.834323754878889212e-01
1.299654835321862323e-01 4.306876042234510787e-02 3.526500856003946804e-01 4.743156704450738892e-01
1.399788819635977288e-01 4.831486346252305414e-02 3.642618269207582582e-01 4.474444276531208686e-01
1.002291049044381072e-01 5.957440376270162208e-02 3.941242919272412992e-01 4.460721994056189854e-01
1.247601304636556246e-01 7.137847598716547115e-02 3.148568612909599662e-01 4.890045322582188270e-01
9.885809572994924688e-02 4.198455373320881395e-02 3.757879928808550707e-01 4.833693576559869309e-01
1.466926620047352414e-01 6.742227591517385710e-02 3.058527025484247264e-01 4.800323595316662306e-01
1.009581232805705359e-01 6.690994542227834962e-02 3.689908786412849362e-01 4.631410526558661922e-01
7.013000796794122138e-02 6.283679224011415321e-02 3.659058484626951935e-01 5.011273513292493487e-01
9.408435279457712241e-02 3.159058971030717644e-02 3.837491721361699359e-01 4.905758853589458068e-01
1.243686724354745587e-01 4.369180572436209137e-02 3.711729589829291798e-01 4.607665628572342742e-01
8.507586486418004801e-02 6.315207012118603802e-02 3.750829333254985243e-01 4.766891316891354036e-01
1.091227286256202800e-01 7.624252960255462064e-02 3.609280161235026707e-01 4.537067256483224287e-01
7.133290925209954947e-02 7.301759085129609639e-02 3.293369628538904137e-01 5.263125370427140792e-01
1.053346660432010889e-01 7.120747441533679944e-02 3.686757331095865120e-01 4.547821264318755441e-01
9.250829541475712181e-02 8.471231549185885557e-02 3.296042204968877565e-01 4.931751685964961829e-01
1.532223577524020608e-01 4.300799900385799540e-02 3.541923381238847313e-01 4.495773051198553305e-01
1.262912380119689260e-01 6.294477595899945765e-02 4.016785294249212712e-01 4.090854566041104978e-01
1.040443925863339114e-01 7.471112102934211741e-02 3.179115579390274227e-01 5.033329284452964236e-01
1.017698484571112616e-01 7.074387470914390852e-02 3.504866970120240066e-01 4.769995798217207539e-01
1.138555372952982370e-01 4.026343502106190936e-02 3.852384031913253515e-01 4.606426244923145230e-01
8.953779848434109678e-02 5.691226787532984582e-02 3.496856709568704202e-01 5.038642626834586302e-01
1.284026253260083794e-01 5.707998441177374038e-02 3.268228853375421683e-01 4.876945049246756980e-01
9.080617949973593395e-02 4.798817728362987645e-02 3.830964477678574509e-01 4.781091954487768358e-01
6.569669410793010922e-02 6.796669049467052304e-02 3.246962714401124828e-01 5.416403439572869960e-01
1.240065048968719830e-01 5.293687685423360823e-02 3.558221114752112557e-01 4.672345067736831670e-01
7.309017956389331216e-02 5.440321890676357020e-02 3.578876276607770301e-01 5.146189738685659210e-01
1.367195572574043116e-01 5.457168633438563149e-02 2.822496569995172067e-01 5.264590994086929543e-01
9.947640814956582034e-02 5.398558490014287309e-02 4.023272454097926998e-01 4.442107615404985999e-01
9.771355107420411079e-02 8.426754164682986881e-02 3.977882395700173546e-01 4.202306677089487352e-01
9.033826472615501257e-02 5.479922894604097316e-02 4.284765296377181509e-01 4.263859766900859882e-01
8.631760946883856866e-02 3.362586380235874778e-02 4.113376594939740505e-01 4.687188672348288065e-01
8.840469415688073651e-02 5.559786664676832219e-02 3.763919790606342630e-01 4.796054601357165326e-01
7.641633281741225248e-02 4.064386452079281342e-02 3.756881962942263398e-01 5.072516063675686082e-01
9.568713704518319596e-02 6.372788248458990945e-02 3.918312404923131043e-01 4.487537399779137903e-01
1.122006961064121039e-01 5.906937853617211936e-02 3.795426355504208371e-01 4.491872898069949049e-01
1.241447902186469526e-01 5.508869666013066491e-02 4.201665135660945793e-01 4.005999995551278170e-01
9.012561762730283976e-02 4.220682949666730577e-02 3.698411860543354690e-01 4.978263668216944549e-01
9.424632423704974726e-02 6.017779791607060641e-02 3.862805018493281062e-01 4.592953759975515471e-01
8.641227894868823423e-02 5.847479242795541876e-02 4.292616953477984554e-01 4.258512332755579610e-01
9.924199793321411556e-02 6.182009028309459059e-02 3.606917098061271365e-01 4.782462019775641782e-01
9.358251411043731760e-02 4.490225146191081929e-02 3.642674637322335096e-01 4.972477706954183674e-01
8.432200167312739469e-02 4.021102828033317617e-02 3.868989375924043461e-01 4.885680324541349928e-01
8.973698910852960509e-02 5.342121882342779765e-02 3.833063305336034676e-01 4.735354615344389839e-01
6.867697624658586353e-02 5.626980917022432471e-02 3.979255397628066460e-01 4.771276748203832074e-01
7.625626820681476181e-02 4.737133566638770249e-02 3.808308367988916254e-01 4.955415593279058339e-01
9.679170401311719407e-02 3.518831264081667687e-02 4.038016444023588281e-01 4.642183389437072316e-01
6.763623689393573335e-02 3.783961141331819433e-02 4.200396971745708474e-01 4.744844545181752249e-01
1.437962459332544074e-01 4.668691714316048486e-02 3.576587239539222307e-01 4.518581129696628840e-01
1.066012072129712135e-01 6.275647352793529976e-02 3.581053559892102833e-01 4.725369632698833700e-01
9.125923741643778009e-02 7.066338540632748078e-02 4.240616080385146147e-01 4.140157691387201244e-01
1.184483812831455263e-01 6.853411537889281258e-02 3.147228383599809387e-01 4.982946649779807502e-01
1.037490872285299903e-01 7.727525669255608243e-02 3.642878200749619655e-01 4.546878360039518507e-01
6.969520355202446504e-02 7.660288648259101774e-02 4.035052956347529585e-01 4.501966143306315726e-01
8.192069854609553003e-02 4.514216228821101018e-02 3.512322971448172959e-01 5.217048420208763027e-01
1.152199867644543990e-01 2.722001241412571118e-02 4.346925592708343333e-01 4.228674415505856432e-01
1.013405763896750439e-01 9.142875115248356999e-02 3.612441270428484730e-01 4.459865454149929409e-01
1.191310411109028355e-01 7.294252609811996413e-02 3.704698543191801696e-01 4.374565784717970307e-01
1.550338791673500638e-01 7.482912020456279623e-02 3.020132113907389448e-01 4.681237892373482090e-01
1.374914449386974991e-01 5.107029971780317062e-02 3.639749526645781885e-01 4.474633026789212598e-01
7.275424479410098899e-02 5.846529580917685098e-02 3.538666319257052773e-01 5.149138274710169938e-01
8.636331629031225587e-02 5.792494702881829938e-02 3.967770094741021047e-01 4.589347272067673678e-01
1.067170464881465053e-01 5.686736363716955039e-02 3.795083373341598398e-01 4.569072525405241114e-01
1.065173430640824898e-01 5.124169347906925437e-02 3.321055679833337937e-01 5.101353954735144969e-01
8.752403213304993379e-02 8.328955110237901138e-02 3.278061446340956864e-01 5.013802721304752019e-01
1.036371005678302509e-01 4.066038216237485153e-02 3.447625955606472004e-01 5.109399217091475931e-01
9.109064015432197237e-02 4.539682784763283269e-02 4.274136528875925323e-01 4.360988791104526974e-01
8.203534185419085467e-02 7.165470174389325375e-02 3.926541619404921302e-01 4.536557944614236781e-01
1.044041310771602893e-01 4.552026592973466151e-02 3.340092078719499313e-01 5.160663951211551526e-01
1.208309667240711344e-01 8.179819678142516426e-02 3.541361020439403040e-01 4.432347344505634390e-01
6.377716918530150492e-02 5.726759164968845545e-02 3.957857714209331856e-01 4.831694677440768748e-01
9.771778560433010130e-02 4.063319882975558600e-02 3.996868583455881474e-01 4.619621572203261861e-01
8.208787314197903140e-02 6.872733389262557224e-02 3.802642026418465160e-01 4.689205903235488249e-01
9.961909448730574268e-02 4.830488306813601751e-02 3.846503920820140143e-01 4.674256303625441977e-01
8.797921381500845017e-02 5.528099258416968587e-02 3.279907663341872226e-01 5.287490272666347524e-01
1.061489013299351941e-01 5.150561287111727476e-02 3.477733299965908853e-01 4.945721558023567499e-01
1.063104694127646327e-01 9.228014461197819873e-02 2.971053111028806315e-01 5.043040748723766065e-01
6.847731918045053823e-02 4.564254032719675808e-02 3.948413500294349898e-01 4.910387904629176514e-01
1.239774482065244959e-01 4.857444960630425551e-02 3.264130188078364081e-01 5.010350833793347780e-01
8.471114491994331808e-02 6.379008168594171857e-02 4.017459765426862339e-01 4.497527968514286045e-01
1.031657533363892765e-01 3.597834592253760372e-02 4.417303461804621967e-01 4.191255545606110133e-01
9.517521419971197716e-02 6.989758956789679512e-02 3.613401828548074568e-01 4.735870133775837432e-01
1.005671804398141772e-01 6.790850294401047649e-02 3.593166570254018310e-01 4.722076595907734875e-01
1.062221296509069796e-01 3.803419470594212454e-02 3.523496625434298091e-01 5.033940130997212048e-01
1.088558815414292918e-01 8.695675790085392876e-02 3.585045650520989335e-01 4.456827955056178459e-01
7.165126810273138303e-02 4.427001174905585007e-02 3.600317515470223273e-01 5.240469686011904882e-01
8.100790345084163402e-02 7.039687494612038854e-02 3.593880041741643883e-01 4.892072174288736308e-01
1.554865733883302181e-01 4.717377933719223843e-02 3.898948028155597156e-01 4.074448444589177099e-01
9.498458193913122960e-02 6.406648283479872419e-02 3.345507084515398355e-01 5.063982267745301691e-01
1.106676596599517615e-01 6.595589144421137862e-02 3.640772263268873821e-01 4.592992225689495611e-01
1.036816867304114348e-01 6.116237550367297632e-02 3.780100107231421092e-01 4.571459270427734034e-01
9.382340875993051832e-02 4.032320419569518366e-02 4.338128635729672222e-01 4.320405234714070342e-01
1.406404656486501814e-01 7.569159993715308954e-02 3.373615622422841409e-01 4.463063721719126575e-01
1.035749638090664310e-01 4.158501628325362437e-02 4.144934190751864422e-01 4.403466008324934400e-01
1.095376728659668564e-01 4.007287674359174406e-02 3.713289959992012168e-01 4.790604543912402868e-01
9.511187234591869655e-02 9.810161273213460764e-02 3.967433211563491935e-01 4.100431937655976133e-01
7.954188324355708495e-02 4.154875569427248644e-02 3.711710376085435859e-01 5.077383234536269052e-01
1.175598806510140815e-01 2.902002806385573994e-02 3.784099007812427584e-01 4.750101905038873751e-01
1.255282406121062955e-01 5.536849371221706784e-02 3.837036320588071425e-01 4.353996336168695080e-01
1.215661515365836082e-01 6.947998577535165199e-02 3.225353223708349315e-01 4.864185403172298638e-01
9.778100189979506418e-02 5.563476841413832197e-02 3.209977790797868824e-01 5.255864506062797314e-01
1.266124672867595391e-01 5.079129199585985521e-02 3.674023342527736880e-01 4.551939064646067790e-01
1.075431734240117204e-01 4.000625592254274804e-02 3.900935132809622008e-01 4.623570573724833932e-01
1.204075614828880036e-01 4.267658201549880126e-02 3.703401455010331689e-01 4.665757110005802066e-01
1.056601560442829157e-01 6.887390471104851142e-02 3.238723348566420190e-01 5.015936043880266926e-01
5.783361054990992373e-02 3.200051476966610936e-02 4.368154509030925947e-01 4.733504237773314971e-01
1.018000746894108383e-01 4.659311523783218195e-02 3.325958291497248531e-01 5.190109809230322169e-01
1.001678974637400660e-01 5.028741098124925313e-02 3.312910769203986083e-01 5.182536146346121697e-01
7.091084084252084752e-02 4.288018762770408332e-02 4.133365155638707433e-01 4.728724559659043813e-01
8.352057516438050888e-02 4.766889573152274795e-02 3.496295399377439828e-01 5.191809891663525800e-01
1.425116354690561249e-01 4.269768036168646030e-02 4.014624492992763805e-01 4.133282348699809927e-01
1.298313883015235204e-01 7.250496875957225529e-02 3.108072566973702489e-01 4.868563862415338228e-01
1.039618277865648061e-01 5.771445359077888998e-02 4.076439757676165732e-01 4.306797428550398488e-01
8.903364410636428750e-02 3.707132342778642758e-02 3.779431264896908615e-01 4.959519059761584581e-01
1.079839337993296067e-01 6.230335531764553264e-02 3.610590193192066977e-01 4.686536915638182532e-01
9.886495503099813897e-02 4.052007020205363602e-02 3.804794227983812061e-01 4.801355519685669981e-01
9.422553198059098467e-02 6.280533440508584420e-02 3.734855212623662268e-01 4.694836123519570137e-01
9.428880450160630200e-02 4.995599666868068972e-02 4.239112400130363167e-01 4.318439588166768095e-01
1.054900329865004621e-01 6.027268037799888428e-02 3.339825469622924592e-01 5.002547396732082152e-01
1.002714699994882303e-01 6.708757296889016064e-02 3.822936907050056843e-01 4.503472663266158138e-01
8.714674391252334729e-02 4.430599197842732123e-02 3.724841641551077109e-01 4.960630999539415442e-01
7.137348495177291141e-02 4.994352489096656744e-02 4.234510979501630024e-01 4.552318922070973661e-01
8.120611822231227350e-02 4.388049506520360493e-02 4.145759916281354096e-01 4.603373950843488438e-01
1.155080011439982707e-01 3.562067248404272163e-02 3.551205798980633377e-01 4.937507464738956076e-01
8.311295619719297201e-02 6.870259579291766727e-02 4.049366384522767870e-01 4.432478095576125598e-01
9.493436546556313638e-02 5.856715574744668362e-02 3.663094473228573067e-01 4.801890314641328317e-01
7.299145871151017928e-02 4.207317373224775392e-02 3.867721135569698321e-01 4.981632539992724151e-01
9.712554140065736419e-02 3.703090578079371725e-02 3.364476121077130122e-01 5.293959407108359549e-01
1.031718289034568858e-01 6.470212540436270920e-02 3.605434740437045704e-01 4.715825716484759456e-01
9.110156769541855049e-02 6.478461235354279757e-02 3.006665279460432050e-01 5.434472920049953082e-01
9.322670352467531119e-02 5.338162857622329865e-02 3.633397680182398615e-01 4.900518998808616744e-01
9.832500144519662477e-02 6.917910872091903585e-02 3.787456392790791715e-01 4.537502505548051679e-01
9.781309032848077567e-02 3.825506283343468178e-02 4.061992133110903791e-01 4.577326335269941149e-01
1.033073017745642225e-01 5.033657990919954833e-02 3.582840134841662749e-01 4.880721048320699196e-01
8.873525640396327796e-02 3.653981892576789459e-02 3.713462006847612629e-01 5.033787239855076479e-01
8.678800599775444991e-02 3.747171286551270047e-02 3.622909474556205711e-01 5.134493336811124520e-01
9.045400072895745658e-02 4.953696245305758139e-02 3.441698610205969344e-01 5.158391757973880276e-01
1.257210207102485156e-01 4.589918937270680982e-02 3.824733870564703819e-01 4.459064028605742580e-01
1.016602689912301238e-01 5.705518445000220401e-02 3.455575956493255885e-01 4.957269509094419657e-01
1.031932524734679030e-01 3.687137484574873336e-02 3.765328066118352468e-01 4.834025660689481030e-01
1.196488060836754658e-01 4.253842539239904852e-02 4.229779939506084774e-01 4.148347745733169667e-01
9.192912438666635266e-02 8.638028571622316520e-02 3.943988680044995254e-01 4.272917218926108873e-01
1.052322585093893037e-01 5.430250411821122003e-02 4.225132193391694102e-01 4.179520180332299550e-01
6.619573331434655539e-02 4.670176122543541475e-02 4.159094889678464080e-01 4.711930164923716080e-01
7.921181761166040669e-02 3.901637139612434968e-02 4.055488328939457210e-01 4.762229780982695226e-01
1.103903447010599753e-01 4.376809830651254979e-02 3.407764782911087975e-01 5.050650787013187815e-01
8.892936825817972235e-02 5.314606417454470488e-02 3.941576678093632324e-01 4.637668997579123542e-01
5.821117483352226951e-02 6.190856184436710485e-02 3.943316898853646557e-01 4.855485734367460671e-01
7.938911264827452907e-02 6.228418651458046684e-02 3.510342383321654602e-01 5.072924625049797243e-01
7.662490125974048827e-02 5.451774812523014352e-02 3.590910984201436951e-01 5.097662521948858050e-01
1.324314282760317152e-01 5.530685925640174000e-02 3.853808803787400206e-01 4.268808320888265451e-01
1.221736026503066341e-01 5.841706381566395129e-02 3.424992362426202419e-01 4.769100972914092074e-01
1.044668799044146806e-01 5.840292897463744692e-02 3.716293977699879902e-01 4.655007933509598406e-01
1.395012794521619526e-01 3.767308752681640394e-02 3.375511466311255648e-01 4.852744863898959538e-01
1.035190702251655298e-01 5.130014524175294938e-02 4.065412212092036071e-01 4.386395633238778236e-01
1.053572671589174253e-01 5.167787314852512193e-02 3.935489339151707622e-01 4.494159257773865934e-01
7.527297401172883262e-02 5.838935113935497800e-02 3.706045899382812703e-01 4.957330849106350579e-01
7.247448724751633098e-02 5.591509540048611449e-02 3.707772099104411634e-01 5.008332074415564605e-01
7.566647122358410860e-02 6.974194761346261262e-02 3.554927325592470710e-01 4.990988486037061245e-01
9.273073195991293760e-02 4.323760194647526672e-02 3.418610970420609130e-01 5.221705690515509035e-01
8.013844974805661714e-02 5.862789807615232524e-02 3.161008008102164646e-01 5.451328513655745445e-01
1.363760476646730946e-01 3.352535438456399897e-02 3.328328527736819087e-01 4.972657451770809423e-01
9.005228670501030930e-02 2.983565515867748000e-02 4.065102542489732462e-01 4.736018038873390235e-01
9.490144532802853583e-02 4.300435809958057937e-02 3.644921180916657621e-01 4.976020784807251296e-01
1.090587696628165376e-01 4.023322306906036705e-02 3.784971616552131324e-01 4.722108456129101572e-01
1.057992335226215497e-01 6.227394855129585183e-02 3.692810313995665283e-01 4.626457865265161673e-01
1.240177645301041159e-01 6.214409828388858803e-02 3.906051866334345202e-01 4.232329505525725954e-01
1.219824629275757383e-01 3.400919711702474202e-02 3.445382687274785027e-01 4.994700712279211419e-01
9.341213145403091944e-02 4.517322202447256879e-02 3.725831770427935341e-01 4.888314694787029846e-01
1.060098677106517118e-01 4.865845520778833144e-02 3.547362975650459882e-01 4.905953795165139963e-01
1.012699928002888106e-01 6.221471061865668090e-02 3.814207581111460632e-01 4.550945384699085494e-01
1.041156447469303720e-01 4.069739707872795098e-02 3.981222830558800441e-01 4.570646751184616607e-01
1.017817144139720464e-01 6.852764371504731222e-02 3.668670823066235154e-01 4.628235595643572231e-01
1.030199307426210298e-01 4.210965244059516888e-02 3.451972049590253944e-01 5.096732118577582682e-01
1.116370948243131794e-01 5.022501271838041015e-02 3.645076239178413058e-01 4.736302685394651046e-01
8.357183092290138005e-02 6.091702628564798355e-02 3.796386590366798153e-01 4.758724837547707032e-01
9.274595258542754628e-02 7.758838856513186610e-02 3.272320340970800157e-01 5.024336247523605303e-01
6.434383716849577384e-02 4.719773860905120133e-02 3.831986553568920706e-01 5.052597688655610098e-01
9.706604961249053198e-02 5.466955019370998287e-02 3.571033152858725246e-01 4.911610849079268704e-01
1.141213083694924829e-01 7.106860584281723958e-02 3.166022421727155978e-01 4.982078436149747214e-01
1.157324475112612994e-01 4.413474228992005782e-02 3.934056629357513546e-01 4.467271472630673368e-01
8.117709264732664298e-02 4.269299887132822768e-02 3.663415955448389161e-01 5.097883129365061716e-01
1.176159445965535844e-01 5.095198690426770705e-02 3.780941318010958008e-01 4.533379366980828662e-01
9.821394858130948202e-02 5.017657140707457164e-02 4.188647041252029912e-01 4.327447758864128580e-01
1.094327829543079028e-01 4.066323325153183704e-02 3.387865045850816381e-01 5.111174792090785735e-01
1.103785548369923819e-01 3.841987292053512110e-02 3.202870468357114642e-01 5.309145254067610953e-01
1.134775338266402894e-01 6.457057280097008856e-02 3.168657371607236373e-01 5.050861562116660819e-01
8.318885844411885722e-02 6.864543198935274537e-02 3.525141136979028089e-01 4.956515958686254497e-01
8.950077827837180089e-02 5.912341763218795232e-02 3.437502474057535506e-01 5.076255566836868072e-01
1.479668827943399212e-01 3.722401739896712830e-02 3.629489603563563760e-01 4.518601394503365953e-01
1.136649758738665084e-01 4.806018451635499233e-02 3.322007833633923157e-01 5.060740562463862391e-01
1.083694600988463069e-01 4.247989288332966462e-02 3.969845188144890957e-01 4.521661282033348495e-01
1.030226127551877868e-01 5.011018501458041480e-02 3.286360732377300309e-01 5.182311289925017883e-01
1.068666513281839869e-01 4.483329087176434607e-02 3.756728194560096101e-01 4.726272383440419111e-01
8.978593445672895801e-02 8.758252727860454945e-02 3.520136892995229805e-01 4.706178489651436370e-01
8.181347893790760772e-02 3.937688812979903835e-02 3.628787998971693129e-01 5.159308330351239924e-01
1.089479960701117411e-01 3.092828557158700670e-02 3.274583273148556350e-01 5.326653910434457906e-01
9.017275336799430996e-02 3.834348102244066608e-02 3.672774442208114332e-01 5.042063213887536532e-01
8.365695752336602120e-02 5.283232352321151626e-02 3.653301310483495490e-01 4.981805879050730246e-01
1.052912149674379294e-01 5.762155850975208410e-02 3.617906102733506879e-01 4.752966162494593472e-01
1.228628351026902210e-01 6.339684502372779085e-02 3.439314129759760141e-01 4.698089068976059046e-01
1.029129677945664484e-01 6.408839796693922841e-02 3.466546239129488782e-01 4.863440103255454727e-01
9.921925794494206030e-02 4.488828365204124843e-02 3.475578472710222355e-01 5.083346111319944072e-01
8.144348235874111774e-02 3.784864624408947748e-02 3.736705032348672795e-01 5.070373681623021600e-01
1.006306120139746213e-01 5.656383303754970032e-02 3.518149202949464871e-01 4.909906346535292121e-01
1.019105253602670680e-01 3.987747839871112754e-02 4.306158743068960737e-01 4.275961219341257724e-01
1.272896956243534661e-01 5.411020660470525212e-02 4.239575462832644304e-01 3.946425514876767959e-01
1.246298675588759369e-01 7.044562585198334281e-02 3.342637659667953565e-01 4.706607406223453083e-01
1.034058282511225862e-01 3.144654584700704025e-02 3.474878495409716161e-01 5.176597763608987712e-01
1.188679494455844726e-01 6.533135598292909296e-02 3.707672210379177047e-01 4.450334735335688685e-01
8.294508666925705376e-02 4.481201285983703320e-02 3.938687778349906354e-01 4.783741226359151666e-01
1.190899759913171957e-01 7.305681856370900562e-02 3.209516424139599589e-01 4.869015630310138953e-01
9.984850430312233738e-02 6.080767306583224896e-02 3.536750946365064818e-01 4.856687279945390290e-01
1.030693935027267444e-01 5.328788052245960610e-02 3.576612440575872021e-01 4.859814819172264544e-01
8.531814200612972132e-02 5.537401943011775046e-02 3.685263140651246494e-01 4.907815244986277747e-01
8.628276966051079411e-02 7.259712567168789821e-02 4.150851642001950337e-01 4.260349404676061491e-01
1.053856093134229177e-01 4.927224946917791587e-02 3.543968328203918050e-01 4.909453083970073406e-01
1.044214443898527217e-01 3.036831473351437466e-02 3.599009983076378871e-01 5.053092425689950096e-01
1.312318413470996425e-01 4.961461625334161185e-02 3.346219714368017240e-01 4.845315709627568412e-01
1.007118652750250698e-01 5.165047323318600059e-02 3.149641712570865892e-01 5.326734902347024514e-01
1.131595787945175874e-01 4.794187331474168701e-02 4.334169499429821326e-01 4.054815979477585652e-01
9.285236425696363760e-02 6.775218899781197679e-02 4.057802783487038378e-01 4.336151683965205339e-01
9.756756965543911253e-02 3.254771218436780522e-02 3.363011536821089997e-01 5.335835644780841935e-01
1.393373955265922448e-01 5.717521134946827732e-02 3.629170879441707687e-01 4.405703051797688619e-01
7.697455295373756279e-02 4.430516952255193069e-02 4.031786466246599088e-01 4.755416308990506047e-01
1.446719165173946942e-01 6.144136424110525907e-02 3.811483179619539197e-01 4.127384012795461965e-01
7.944363049298827639e-02 3.698870911950189605e-02 3.841638529718453543e-01 4.994038074156645357e-01
1.055990054622616553e-01 4.942884011196593819e-02 3.264872637612296069e-01 5.184848906645429523e-01
8.924176348440013284e-02 5.077296886974948242e-02 3.621753949522160676e-01 4.978098726936343588e-01
7.428352142968160099e-02 6.505781492109311004e-02 3.502395999465149901e-01 5.104190637027103961e-01
9.387264389240447537e-02 5.046038860185702440e-02 3.679058238010994297e-01 4.877611437046391329e-01
1.000060830977083925e-01 5.808951508722954432e-02 3.780484344393300056e-01 4.638559673757319812e-01
8.990210919109184462e-02 3.790504687400882838e-02 3.572378097387602924e-01 5.149550341961389721e-01
1.229607715752391861e-01 4.138814387143947837e-02 3.745165966737947771e-01 4.611344878795264890e-01
1.103478413995142154e-01 4.490730755975216870e-02 3.485293403455345662e-01 4.962155106951992023e-01
9.366879829315269412e-02 5.669589976668121950e-02 4.285523352917666728e-01 4.210829666483993927e-01
1.136930219159619088e-01 5.423756053904280061e-02 3.760199213305411847e-01 4.560494962144541753e-01
1.215290675888443112e-01 8.679348123797725467e-02 3.292695712231487049e-01 4.624078799500297432e-01
9.835420290708944691e-02 5.412016410128215466e-02 3.780637234725385820e-01 4.694619095190899483e-01
1.227122284065257501e-01 7.631500830571176508e-02 3.334000375584046938e-01 4.675727257293578742e-01
8.735042235143040956e-02 4.477739792909369437e-02 4.112432320173651790e-01 4.566289477021107657e-01
9.418594765733454000e-02 5.991630524348922487e-02 3.299827587219414937e-01 5.159149883772349288e-01
9.589344864082968711e-02 4.293948330297475691e-02 3.719915040224195391e-01 4.891755640337761002e-01
1.022923616806645369e-01 6.089919220420488000e-02 3.444737330140477671e-01 4.923347131010828992e-01
8.266503814692134633e-02 5.738056824315539844e-02 3.748229578772897530e-01 4.851314357326335092e-01
9.460038951605850843e-02 5.421497295880724904e-02 3.107413822533152681e-01 5.404432552718188010e-01
8.765617340654902057e-02 4.125905020517713767e-02 3.376411048940802795e-01 5.334436714941934721e-01
9.397412834080259847e-02 5.376753186789216127e-02 3.389654886576103920e-01 5.132928511336949384e-01
9.781706978299410660e-02 4.305278653582436665e-02 3.703356265952187920e-01 4.887945170859627764e-01
9.331528122004793813e-02 4.769122432319052723e-02 3.596204797786239915e-01 4.993730146781374390e-01
1.000554782848008389e-01 3.481623565743703630e-02 3.684088585397242710e-01 4.967194275180377150e-01
6.194660859465160596e-02 5.232827114781926636e-02 3.679266382889284648e-01 5.177984819686007878e-01
1.139724019277335437e-01 7.890694900786594801e-02 3.624698450465808075e-01 4.446508040178197008e-01
1.214273835617522140e-01 3.113061898956519594e-02 3.588121143994026374e-01 4.886298830492800116e-01
8.682564327805658566e-02 6.063806885247981227e-02 3.560516625702121463e-01 4.964846252992514697e-01
9.185034854028377438e-02 7.316274286074746225e-02 3.765792807701486833e-01 4.584076278288200523e-01
9.756944201459571975e-02 3.946468694800266130e-02 4.105781224284788533e-01 4.523877486089227795e-01
9.901326028545483215e-02 4.321739541784262034e-02 3.574110513673698919e-01 5.003582929293325376e-01
1.255142370558588183e-01 5.313883104136363222e-02 3.115118489795972168e-01 5.098350829231804715e-01
7.610403320528305593e-02 5.310960483115614861e-02 3.501884966192044257e-01 5.205978653443562587e-01
8.390435737164002317e-02 4.261538673012728318e-02 3.441827902845350229e-01 5.292974656136977263e-01
1.040401656956803506e-01 5.347956533533136658e-02 3.831766746437780258e-01 4.593035943252102848e-01
9.044574363141812123e-02 5.841245416300060861e-02 3.313776074186704501e-01 5.197641947869108270e-01
1.018050536654272198e-01 5.632741234333617231e-02 4.166533416841538551e-01 4.252141923070826834e-01
7.310176105184845730e-02 5.675033548962009344e-02 3.385751991276607087e-01 5.315727043308707822e-01
1.007811851102595746e-01 5.060293489351651991e-02 3.526980676702193840e-01 4.959178123260044591e-01
7.244540119983085280e-02 4.860958154574531592e-02 3.937585236196998184e-01 4.851864936347239365e-01
1.145442931537330039e-01 5.347328099433067139e-02 3.963354050629218639e-01 4.356470207890146273e-01
9.169934734195718529e-02 5.165439954019852842e-02 3.530372896685292083e-01 5.036089634493150502e-01
9.180060927203115284e-02 4.592007620822165237e-02 3.410738018332034605e-01 5.212055126865436927e-01
9.622211537689311089e-02 3.964180413614145498e-02 4.146392782560922030e-01 4.494968022308731270e-01
9.322409706395151652e-02 6.786292943165810054e-02 3.371901329984030027e-01 5.017228405059872554e-01
1.009080810944095602e-01 5.288534826976081654e-02 3.423765686619430482e-01 5.038300019738863877e-01
8.273378375120656048e-02 4.075536431546700200e-02 4.223148136838330569e-01 4.541960382494935056e-01
8.653196014059728880e-02 5.194840778969156414e-02 3.132437558470193006e-01 5.482758762226920268e-01
6.654085894726470551e-02 7.144818059561335033e-02 3.642193714032950225e-01 4.977915890538268662e-01
9.682689338143063429e-02 3.714569122822064529e-02 3.605363920225958529e-01 5.054910233677528675e-01
1.244751605835368730e-01 4.610388464542602982e-02 3.869032293078942253e-01 4.425177254631429413e-01
9.150231552077078834e-02 7.002304085349864149e-02 3.725225425786556355e-01 4.659521010470749069e-01
8.882044807102242034e-02 6.918975814342233355e-02 3.457348827588985762e-01 4.962549110266566421e-01
1.071143519160089042e-01 3.161186747339362474e-02 4.081722510260378245e-01 4.531015295845598478e-01
8.768595080134940212e-02 4.398931190420556081e-02 3.774827613657006364e-01 4.908419759287443451e-01
8.464940042619917282e-02 4.056548941480207782e-02 3.743646466381739812e-01 5.004204635208248098e-01
8.113771002515307584e-02 6.102960419940278713e-02 3.901347320981438105e-01 4.676979536773002710e-01
8.179544292444090869e-02 4.394991901025692427e-02 3.621659299566487578e-01 5.120887081086533676e-01
7.290136257697053812e-02 6.670786664050644410e-02 3.962860947253490362e-01 4.641046760571739815e-01
8.218753127933819957e-02 4.998101574664701174e-02 3.181049516520420561e-01 5.497265013219726493e-01
9.171403302255282108e-02 3.880873518628944613e-02 4.058363946819423806e-01 4.636408371092153313e-01
8.974011312084090308e-02 4.186273410410647211e-02 3.333978496872513908e-01 5.349993030878013034e-01
1.074829877020884589e-01 3.358333924538349502e-02 4.012094277189887093e-01 4.577242453335392258e-01
1.126658957124198751e-01 3.840485738232638641e-02 4.189332710929367098e-01 4.299959758123169107e-01
1.047181962220703477e-01 2.592652794889575493e-02 3.925645928611549706e-01 4.767906829678790759e-01
9.985018743689695608e-02 4.582157902661742471e-02 3.399087108599447293e-01 5.144195226765407858e-01
9.857076353173435668e-02 6.759391470952974545e-02 3.576599578079338593e-01 4.761753639508020663e-01
1.082312062592253044e-01 5.912885403943074492e-02 3.648380191847711007e-01 4.678019205165728778e-01
1.064384639151975676e-01 3.236146971642461789e-02 4.087528005414161059e-01 4.524472658269616532e-01
1.113540600675727160e-01 6.703541191310659342e-02 3.823883508407519560e-01 4.392221771785688178e-01
1.122349046225682850e-01 5.332174924207380706e-02 3.586402556541342102e-01 4.758030904812235451e-01
9.010163892537179087e-02 6.654631818285261513e-02 3.590738249756071920e-01 4.842782179161683187e-01
6.700219791290247529e-02 4.770864649578194366e-02 3.676519463149288125e-01 5.176372092763865673e-01
7.439833388395314384e-02 5.798810810931037674e-02 3.985803225535973771e-01 4.690332354531389636e-01
1.008735601527370046e-01 5.361517288010425597e-02 3.959139313495527723e-01 4.495973356176059532e-01
8.116375318441108877e-02 6.813276671848543520e-02 3.642096126959633584e-01 4.864938674011401454e-01
1.166383597793762272e-01 5.420052889193647389e-02 3.404658973625179219e-01 4.886952139661692729e-01
9.766429432521155085e-02 6.896111353164524616e-02 3.416177699060016226e-01 4.917568222371415110e-01
1.023678275728477222e-01 7.239667940949158498e-02 3.387419870230774510e-01 4.864935059945831863e-01
9.252035504816723266e-02 4.915976833508061555e-02 3.660162936723736493e-01 4.923035829443784817e-01
1.055860878318912038e-01 6.808601410451099734e-02 3.486377805690339948e-01 4.776901174945637485e-01
7.559912834015625194e-02 6.280382959680659571e-02 4.103736067502028462e-01 4.512234353128343756e-01
9.794509045428814731e-02 3.176236062813839883e-02 3.185155362655408551e-01 5.517770126520324947e-01
1.542843566265719446e-01 3.777623302818872153e-02 3.382578396257268083e-01 4.696815707195123868e-01
7.944581918781683239e-02 6.096086803182040187e-02 3.807347391689794303e-01 4.788585736113832869e-01
6.159129191994911628e-02 3.077650001177616862e-02 4.091604765521048570e-01 4.984717315161696916e-01
8.941795365715858590e-02 4.095320654914420128e-02 3.736140475440454245e-01 4.960147922496517814e-01
