1.079067334138553574e-01 3.950665564834214549e-02 3.646204631215734793e-01 4.879661478162290456e-01
1.053405559001936026e-01 6.512834252072220720e-02 3.334315648756932537e-01 4.960995367033910752e-01
1.121881663346623731e-01 4.633856907726259522e-02 3.321145018120326142e-01 5.093587627760424175e-01
1.326629112683650746e-01 7.554353448637504687e-02 3.387748419531701471e-01 4.530187122920898424e-01
1.198814411473434760e-01 5.220955109451688725e-02 3.393885507462748308e-01 4.885204570118646950e-01
1.215538311766283658e-01 7.718233730289790484e-02 3.087760060520079453e-01 4.924878254684657009e-01
1.172063268934692842e-01 5.605244212586738689e-02 2.920542858853532597e-01 5.346869450953101177e-01
9.305419141331190691e-02 4.505517307453663772e-02 2.971791262766170783e-01 5.647115092355343702e-01
1.621203710819769106e-01 3.070049609118329428e-02 3.079414913372363616e-01 4.992376414896035342e-01
9.055941657826141467e-02 4.871089168793089896e-02 3.825091247332613742e-01 4.782205670005462705e-01
1.002630058082333991e-01 5.507331840623461844e-02 3.390272791959650922e-01 5.056363965895668278e-01
1.551175675560686473e-01 4.579006606312902711e-02 3.723770793948503743e-01 4.267152869859519582e-01
1.109325357778396803e-01 7.061601554687817195e-02 4.160990170679015887e-01 4.023524316073804896e-01
9.945433295077332758e-02 1.879572646666735972e-02 2.951830667774305583e-01 5.865668738051288411e-01
1.387987131365897298e-01 6.105663911054332732e-02 2.987796138924193046e-01 5.013650338604478396e-01
7.008547670183679079e-02 5.176041206565382136e-02 3.533379496359697058e-01 5.248161615965396543e-01
1.156135859118759962e-01 5.980856306358164898e-02 3.685885152824480704e-01 4.559893357420941040e-01
1.369166934865793106e-01 3.673301941371032858e-02 3.490334241787934610e-01 4.773168629209169622e-01
9.446800281519823761e-02 4.906730558493645894e-02 3.546651776403396128e-01 5.017995139595258225e-01
1.214034686437384658e-01 3.288320403191556662e-02 4.322042482266499341e-01 4.135090790976961306e-01
9.267471189471951365e-02 6.676645073134054864e-02 3.715981987584187074e-01 4.689606386155213968e-01
1.094365134387372540e-01 3.887187526031748996e-02 3.437200282291476561e-01 5.079715830717974612e-01
9.903936935365381666e-02 3.875058745350094119e-02 3.729687142217207874e-01 4.892413289711244895e-01
1.216021426712625975e-01 7.468026161598176338e-02 3.174273393570472002e-01 4.862902563557084945e-01
1.059937429186787738e-01 5.433832597858490043e-02 3.830919438236217167e-01 4.565759872791146368e-01
1.243645209191398399e-01 5.061386067640818998e-02 3.735086476518230114e-01 4.515129707526289171e-01
1.312765159323474873e-01 7.472966026105905268e-02 3.446540164230419978e-01 4.493398073835513373e-01
1.011257368311600652e-01 8.188596781963283777e-02 3.291266330515155714e-01 4.878616622976914563e-01
7.833861697193794660e-02 7.117093069894085688e-02 3.617115360388107326e-01 4.887789162903105056e-01
1.475604236906855049e-01 6.181722146191100109e-02 3.782418366751935102e-01 4.123805181722100532e-01
1.089791859411280012e-01 3.033851621750744201e-02 3.767027603129559088e-01 4.839795375284086099e-01
9.452183540294914477e-02 6.698584852307092052e-02 3.575401145448369733e-01 4.809522015291430308e-01
1.112207212461239492e-01 5.861491544429371647e-02 3.418909294696308443e-01 4.882734338399515872e-01
1.488171927084661339e-01 6.857563018690646106e-02 3.714480079677956459e-01 4.111591691368317592e-01
9.434698806589239539e-02 8.196359271560424431e-02 4.141352062064958539e-01 4.095542130120073399e-01
1.311283777478315926e-01 6.303383389305754203e-02 2.903073001625877669e-01 5.155304881965231401e-01
1.039578981026343107e-01 2.984722419179637598e-02 3.646119171143743509e-01 5.015829605911950040e-01
1.174579478192342569e-01 3.839755418024800443e-02 3.451443109723244529e-01 4.990001870281934870e-01
9.620273572475658563e-02 3.796667683703915802e-02 3.966159373191647797e-01 4.692146501190394559e-01
8.507254417099667509e-02 3.422192805110538250e-02 3.508437357119182920e-01 5.298617920659797198e-01
1.000649063488488200e-01 6.104432258615244411e-02 3.530028417007399777e-01 4.858879293642588970e-01
1.104778899091242717e-01 8.030950708819879769e-02 3.722502754560478300e-01 4.369623275466290035e-01
7.516776548037701344e-02 4.146378037855628917e-02 4.034014887313316367e-01 4.799669654097350469e-01
1.044207897699134385e-01 7.195201143197417493e-02 3.650209782893325539e-01 4.586062205087798604e-01
9.548120166990131663e-02 5.662385037496198148e-02 3.259313559038556352e-01 5.219635920512810667e-01
1.102225759675569267e-01 4.585741760851765741e-02 3.590826800691730436e-01 4.848373263547524070e-01
1.486505741656671820e-01 4.358153178413445156e-02 3.788375615025393328e-01 4.289303325476590545e-01
8.930785034790227062e-02 2.668136530142230928e-02 3.995861272466646463e-01 4.844246571040107252e-01
1.425766514681953701e-01 6.241565549454616835e-02 3.047697028009471731e-01 4.902379902363113162e-01
1.170514150468523612e-01 4.658530370554476996e-02 3.529109558251879442e-01 4.834523254224148414e-01
1.112078074565474028e-01 3.095056751769198131e-02 3.754131838304464730e-01 4.824284411953140839e-01
8.581565899509402406e-02 6.004418991367608399e-02 3.609794348955585042e-01 4.931607161956714780e-01
1.369494863581032784e-01 3.530130727814023012e-02 3.480056992930417592e-01 4.797435070707148363e-01
1.572858403905648683e-01 4.257973294973618067e-02 2.931322668600944703e-01 5.070021597996043905e-01
1.260107201944013211e-01 6.202446965731290424e-02 3.176259776966714465e-01 4.943388324516141963e-01
1.118119678560161590e-01 4.986223554265654251e-02 3.815796159634446405e-01 4.567461806378826927e-01
8.655265470054672450e-02 3.404591969812986729e-02 3.492169971153331609e-01 5.301844284859902334e-01
6.808190194394818373e-02 5.622758708689543083e-02 3.059745000949407601e-01 5.697160108742157503e-01
9.616753483873551056e-02 4.975240063842532173e-02 3.194172170774631780e-01 5.346628474453759550e-01
1.160077565863295995e-01 4.695328261054473179e-02 3.618885236628996416e-01 4.751504371402260896e-01
1.129707569144559748e-01 5.836356877164059626e-02 3.547165839526121855e-01 4.739490903612913475e-01
1.040534142445480037e-01 5.699531511877798523e-02 3.185161325722583037e-01 5.204351380644156588e-01
1.390724305001173056e-01 6.847709272912780309e-02 3.220701972023363724e-01 4.703802795684184912e-01
1.667440662850712130e-01 8.102930711582223555e-02 3.236736356771761081e-01 4.285529909219304434e-01
1.105821033225097283e-01 4.589401324285661415e-02 3.198188181643512595e-01 5.237050652702823772e-01
9.321970743276110360e-02 7.729106644175282037e-02 3.274189685002535932e-01 5.020702576252324967e-01
1.387977929015364043e-01 4.891325294031183962e-02 3.181701645840376846e-01 4.941187895741140923e-01
1.093244794139282550e-01 4.805345722620131543e-02 3.877709488553982564e-01 4.548511145044721871e-01
1.323158997690267735e-01 7.192072467257264179e-02 3.456784545578872048e-01 4.500849210005133383e-01
1.486715781628539790e-01 7.580653296099727767e-02 3.188802177086688117e-01 4.566416711674798901e-01
1.074298128315121642e-01 4.547395485301394813e-02 3.677573484274482274e-01 4.793388838880256464e-01
9.925144616042362589e-02 4.539400199737802372e-02 3.924115922715674110e-01 4.629429595706309741e-01
1.186306334289116415e-01 6.132609300754100767e-02 3.148622036142544878e-01 5.051810699492929047e-01
1.204220440988705704e-01 6.510740187426947156e-02 2.994581594352196396e-01 5.150123945916402768e-01
1.381715373209372322e-01 8.115965176916024870e-02 3.271170605660587705e-01 4.535517503438437070e-01
9.312522492522422313e-02 2.303230546984826738e-02 3.934826762238159970e-01 4.903597933811115195e-01
9.398456065816232496e-02 4.002083383063222838e-02 3.877896652816915646e-01 4.782049402295139306e-01
1.132781869764312582e-01 7.256619400260345965e-02 3.355146487387378751e-01 4.786409702822275181e-01
1.166419679366808154e-01 7.345310198145568736e-02 3.388662684616185472e-01 4.710386616202449916e-01
1.502093867585218845e-01 1.020278168953318298e-01 2.917541490662456938e-01 4.560086472799005364e-01
1.012595972959671325e-01 2.868116099251203505e-02 3.372996802714882669e-01 5.327595614400324475e-01
1.292969846120655686e-01 3.436606718356564200e-02 2.959899541650077848e-01 5.403469940393611504e-01
1.081669614347325198e-01 3.778418131527999657e-02 3.619262856171664988e-01 4.921225716328209709e-01
9.372664934674763970e-02 7.220107254469354530e-02 3.517167405366124489e-01 4.823555375719464910e-01
9.877176725646644173e-02 5.071837783289251389e-02 3.030804239429442104e-01 5.474294309676969172e-01
7.357407149488132125e-02 8.036765287372778233e-02 3.581901785854655906e-01 4.878680970459252086e-01
9.008984905334467552e-02 4.450146502769540546e-02 3.213923094901605104e-01 5.440163764287994086e-01
1.204292854499040832e-01 6.524253995239920334e-02 3.332659097409862436e-01 4.810622648567105530e-01
1.501786357955566809e-01 3.537816768254519600e-02 3.206664892330655658e-01 4.937767072888326059e-01
1.081646181734195467e-01 2.101871622029732184e-02 3.740750455079608350e-01 4.967416200983224561e-01
8.526085125762770944e-02 5.660136069015127974e-02 3.295384247346522244e-01 5.285993633175686268e-01
1.029649217316776916e-01 2.358510200469641702e-02 3.381222920876838511e-01 5.353276841759421201e-01
1.255144727283743211e-01 4.021363335410656908e-02 3.005351566854438938e-01 5.337367372320752645e-01
1.124675380866198005e-01 6.278874298379444330e-02 3.578993901762198560e-01 4.668443287533658448e-01
1.154512105567221253e-01 7.617296267730550019e-02 3.241307211919221554e-01 4.842451055740500943e-01
1.052390622660990954e-01 5.013409791262277843e-02 3.122050461362651519e-01 5.324217936850129673e-01
1.005261496099981861e-01 3.404553750250861183e-02 3.259296260477250184e-01 5.394986868397683155e-01
1.346426474719480126e-01 4.482876076928161285e-02 3.635670830928771080e-01 4.569615086658933567e-01
1.277713449694584946e-01 5.796321428996618896e-02 3.405176454317485057e-01 4.737477953088267690e-01
1.193240729306549314e-01 4.122357934553207148e-02 3.540801189173410357e-01 4.853722288064719059e-01
1.363996530990732037e-01 6.594948109261099256e-02 3.617893946707555486e-01 4.358614711375603523e-01
1.210717003855674018e-01 9.004360766147813389e-02 3.301205585331045134e-01 4.587641334198499510e-01
1.042610550834622285e-01 5.337416107130812243e-02 3.294734678665875438e-01 5.128913159786421261e-01
1.141092539018637025e-01 5.712733958415200375e-02 3.688789270120826913e-01 4.598844795019015885e-01
1.162947663197998888e-01 5.254612525245707516e-02 3.736285552612694794e-01 4.575305531664734526e-01
7.347863378799918133e-02 7.178912954269808799e-02 3.689514968170191089e-01 4.857807398522837050e-01
1.001879321592865912e-01 5.463698865914482644e-02 3.649205898329671571e-01 4.802544893486013211e-01
6.364714879057496721e-02 5.908994524807292120e-02 3.656632324387611432e-01 5.115996735225909475e-01
1.019700640268000058e-01 4.868985568074306325e-02 3.392013172373876118e-01 5.101387630550693331e-01
1.405134391282941708e-01 3.446491251016416124e-02 3.855614586781358488e-01 4.394601896834057220e-01
9.974205794819888948e-02 3.868661273292808150e-02 3.274565851088806490e-01 5.341147442099922760e-01
9.897810956028757490e-02 3.899251900786812608e-02 3.249862243075752333e-01 5.370431471242691490e-01
1.078762570032197748e-01 3.375252104707024414e-02 3.188995835315419081e-01 5.394716384181682534e-01
1.423009941427988145e-01 7.657521460657029655e-02 3.537178974081573446e-01 4.274058938424734611e-01
9.789210486382307619e-02 5.915104241744610636e-02 3.802632017879575277e-01 4.626936509307732481e-01
1.180136346405662034e-01 5.193040529541629452e-02 3.584284955199595890e-01 4.716274645440580171e-01
8.670776274538131989e-02 4.191704298568792869e-02 3.502361741524837591e-01 5.211390201164469715e-01
1.179596211688031249e-01 4.519472678861001513e-02 3.730485252890113346e-01 4.637971267535755948e-01
8.523921881600003692e-02 3.253738151933371209e-02 3.841589954784525585e-01 4.980644041862136162e-01
1.439764181521401010e-01 3.954102864673111895e-02 3.341168308107829721e-01 4.823657223903456970e-01
1.142492944370478297e-01 5.774224659241789653e-02 3.780996813336695017e-01 4.499087776368646541e-01
1.094843506475486755e-01 6.668317053538752592e-02 3.360657355493034681e-01 4.877667432677602055e-01
1.284818201889270095e-01 5.836765346009583494e-02 2.949905980278259010e-01 5.181599283231511643e-01
1.045943111509322204e-01 7.428428952934856833e-02 3.546116043294362807e-01 4.665097949902829999e-01
9.084912037053941014e-02 3.537011316640974179e-02 3.958384797412329292e-01 4.779422867218179882e-01
1.133426169904778735e-01 4.251735622911770318e-02 3.118137875996401243e-01 5.323262391807643823e-01
1.137388416444637951e-01 5.931645108109891151e-02 3.329387310463635674e-01 4.940059762280736844e-01
1.177511051902275785e-01 5.929532364353044122e-02 3.141925037084037364e-01 5.087610674578382230e-01
9.570323159197849372e-02 4.368633886255768317e-02 3.606059244814763809e-01 5.000045050639875255e-01
7.186683303620700070e-02 4.992389653926290749e-02 4.127689814982568040e-01 4.654402889262733156e-01
1.047208897555441942e-01 5.192080780767914516e-02 3.227651720700459026e-01 5.205931303667307164e-01
1.104702075174607417e-01 3.727249032122100653e-02 3.114630073298498836e-01 5.407942948314682363e-01
1.230242119025268255e-01 7.511534687706765412e-02 3.294049332010193787e-01 4.724555080193860723e-01
8.136733236677540226e-02 5.191673097348419724e-02 3.179257752227448997e-01 5.487901614369954384e-01
1.548332423147975589e-01 6.139884547424472039e-02 3.054739760234042034e-01 4.782939361875535034e-01
1.234431743822936856e-01 4.133284090089742180e-02 3.368374546374850453e-01 4.983865300793237640e-01
9.021411273959399624e-02 7.899457988490445060e-02 4.121381604753676098e-01 4.186531469001339434e-01
9.625747720840470423e-02 4.584914277490783480e-02 3.690518190064077109e-01 4.888415610102795350e-01
1.305779618286580790e-01 4.032542501876880403e-02 3.379098158757061210e-01 4.911867972768670931e-01
9.723284327424788764e-02 4.741091003381282115e-02 3.067793827929864436e-01 5.485768638989528823e-01
1.052711171537124846e-01 5.065903216025365724e-02 3.490562754390189038e-01 4.950135752470148365e-01
1.073844820303088005e-01 4.786105835025301902e-02 3.354153305302609578e-01 5.093391290891773338e-01
9.397497765687272409e-02 3.021122455949066393e-02 3.261205395061833046e-01 5.496932582774533005e-01
9.116229031533974736e-02 7.115185956681698010e-02 3.760467352335164493e-01 4.616391148843269621e-01
1.055698963693190856e-01 4.219632698442225827e-02 4.124717036185065466e-01 4.397620730277522205e-01
9.652468131975265597e-02 3.340048850119769347e-02 3.528697837469901288e-01 5.172050464320594454e-01
9.249526454398471209e-02 3.876950698568405046e-02 3.339940561304721167e-01 5.347411723398591832e-01
7.859903283179824063e-02 6.502171862043856776e-02 3.398660251208641681e-01 5.165132234268990929e-01
1.016087237217928735e-01 3.459026219290987914e-02 3.246826145269529618e-01 5.391183995583442856e-01
1.257365935261330614e-01 3.847681606954446443e-02 3.588526261549994101e-01 4.769339642493231057e-01
1.360693094118524960e-01 6.346800203560341858e-02 3.668238553946422398e-01 4.336388331579018596e-01
7.496751470891528657e-02 5.609856466330522679e-02 3.897418930998606257e-01 4.791920275279189512e-01
1.126621729552850226e-01 5.203135468716266893e-02 3.295153442364591734e-01 5.057911281210930587e-01
1.000365268227598331e-01 3.413584893468237652e-02 3.780165096719745876e-01 4.878111145705832374e-01
1.061461222723236869e-01 5.689163944773882597e-02 3.788363506889183552e-01 4.581258875910192430e-01
1.114780170245123769e-01 5.518041287225165792e-02 3.445708736762027047e-01 4.887706964270333576e-01
8.762454740005236331e-02 4.602769121911239741e-02 4.026133372470363514e-01 4.637344241337988393e-01
8.977703833902997421e-02 4.618658244494246168e-02 3.157916799397491037e-01 5.482446992762785021e-01
9.909414872688140918e-02 5.248289317966411960e-02 3.769207028610032095e-01 4.715022552324512062e-01
1.677924301690155162e-01 5.904237449718158920e-02 3.313447318011962239e-01 4.418204635326066776e-01
9.222912614581994795e-02 2.996854527892445219e-02 3.458437108886170397e-01 5.319586176866384353e-01
1.366530444358299567e-01 3.974167035514468427e-02 3.800348986244536098e-01 4.435703865845716520e-01
9.473199027885897960e-02 4.245915188993003297e-02 3.717036683018426491e-01 4.911051895293683245e-01
1.166790814875052484e-01 4.766047925305804539e-02 3.869438191101005620e-01 4.487166201493361650e-01
7.454801725289861292e-02 3.600143714310358178e-02 4.311745903060638097e-01 4.582759552979340789e-01
1.087845432273697455e-01 6.866071715842116119e-02 3.272055494071802739e-01 4.953491902070287223e-01
8.848786232744947078e-02 5.610937203471453444e-02 3.605660357399696481e-01 4.948367298978665341e-01
9.668739371239294667e-02 3.653415117507655130e-02 3.351264193054706020e-01 5.316520358070598862e-01
1.320466232094720527e-01 4.410757311543940518e-02 3.442294375417350172e-01 4.796163661333535666e-01
8.568176008579818370e-02 5.156429015150391232e-02 3.256252719481740887e-01 5.371286778145238916e-01
1.263329889491336122e-01 5.011320963087576019e-02 3.374987477404268743e-01 4.860550536795636978e-01
1.192377620338498090e-01 4.382478345859611851e-02 4.025463005524534954e-01 4.343911539551004730e-01
1.336097829661526959e-01 5.841108480645153950e-02 3.084346310915475620e-01 4.995445011358481957e-01
1.038362631915742962e-01 6.107861870402048893e-02 3.591831564680068589e-01 4.759019616363984184e-01
1.150418621192168256e-01 3.234105460488029965e-02 3.331249247908991684e-01 5.194921584850036300e-01
8.771518557760184243e-02 8.189270311299379212e-02 3.770248741412171589e-01 4.533672371681872759e-01
8.949594399347120255e-02 4.628794099412324170e-02 3.949332360089664595e-01 4.692828790034391795e-01
1.145744210850444533e-01 2.598601889011284069e-02 3.407895043115160005e-01 5.186500557133266742e-01
1.202679721836917015e-01 6.697058195294559868e-02 3.534935057579605688e-01 4.592679401054020616e-01
1.018629499388369331e-01 3.808634035974726995e-02 3.481237923980221027e-01 5.119269173033937914e-01
1.217396898670801142e-01 4.236361815997803648e-02 3.536365462208354016e-01 4.822601457521064061e-01
1.162630783479787627e-01 4.918692402219415616e-02 3.806765054488553401e-01 4.538734921809718936e-01
1.260706832114605047e-01 5.496005479086681078e-02 3.526659807175274719e-01 4.663032812801453098e-01
1.515446737568555968e-01 4.662274596027717738e-02 3.237958201393494884e-01 4.780367601435177027e-01
7.638299467859666070e-02 7.011974929281071522e-02 3.199178837073692327e-01 5.335793723212234330e-01
9.047587642869750479e-02 4.454305317145951237e-02 3.935137539134098139e-01 4.714673164864331412e-01
1.059522226894128588e-01 4.740024334795436833e-02 3.825068063362518922e-01 4.641407276263808668e-01
1.032508663973855101e-01 5.035312081876778395e-02 3.354099136655624425e-01 5.109860991182842982e-01
1.122624765903538907e-01 6.326202923623704122e-02 3.452520155736781837e-01 4.792234785997307456e-01
1.017934716500685233e-01 5.757312088177068965e-02 3.193510443006516986e-01 5.212823631675090885e-01
1.019113039667259163e-01 5.484137555267316888e-02 3.899379222654663635e-01 4.533093982151344403e-01
8.491705845481253845e-02 5.247292874053235273e-02 3.151357890943308204e-01 5.474742237103242815e-01
1.340086417680284858e-01 3.889373022409500780e-02 3.633238176365450878e-01 4.637738103713315296e-01
1.408551765216905505e-01 7.285422899201655922e-02 3.424076281552115852e-01 4.438829663310813189e-01
1.033762684242644364e-01 4.540767995374937749e-02 3.746888312476163163e-01 4.765272203743700641e-01
9.769388833448559850e-02 6.853966621188040120e-02 3.991917979055999988e-01 4.345746475480340987e-01
1.457141638948649953e-01 5.813533290424565542e-02 3.147558279684440352e-01 4.813946752324451128e-01
9.257503408252808208e-02 4.756391723751950823e-02 3.858086284784003062e-01 4.740524202015520827e-01
9.287893027407152780e-02 4.428310371680784646e-02 4.053601031164620339e-01 4.574778628926585156e-01
1.222299268702440045e-01 5.390403486853340836e-02 3.752344150335244488e-01 4.486316232276981175e-01
1.147686019442422517e-01 3.074533234433474843e-02 3.837726789292820184e-01 4.707133867821409745e-01
1.111795127302211694e-01 5.129406032862977166e-02 3.611298742168824183e-01 4.763965527242668418e-01
1.185923825762176392e-01 6.545677193850543696e-02 3.649882549207254523e-01 4.509625905645513466e-01
1.139976452469043527e-01 6.938865105693162172e-02 3.101629756545314365e-01 5.064507280416324919e-01
7.175057232668914653e-02 4.792909736506128365e-02 4.173514876995776390e-01 4.629688426086718822e-01
1.091676523714188163e-01 4.245864180669746413e-02 3.315917877315030515e-01 5.167819180903806542e-01
1.040966068611270667e-01 5.525063674288769461e-02 3.186731961854077921e-01 5.219795602105774535e-01
6.299027807346456453e-02 5.010839617690913267e-02 3.780388596830696613e-01 5.088624660665564958e-01
1.084683320844286314e-01 3.936538950913918283e-02 3.588657674254600582e-01 4.933005109809721622e-01
1.043146779893966702e-01 2.784830992035985248e-02 3.675822685136650447e-01 5.002547435765785089e-01
9.559638668842873610e-02 5.343292758719821872e-02 3.596127709385168458e-01 4.913579147858563312e-01
1.063034229421282728e-01 5.808559068937511199e-02 3.797039940658471502e-01 4.559069923026494719e-01
1.066784496260794607e-01 5.787252135846234630e-02 3.207365002695541922e-01 5.147125287459038967e-01
1.049835862801615366e-01 4.328890390005903782e-02 3.713212226248224779e-01 4.804062871949568714e-01
1.139737245897259610e-01 5.375385293537506687e-02 3.187616197223112069e-01 5.135108027525876473e-01
8.300007455383362487e-02 6.245304208939969626e-02 3.476655129069087802e-01 5.068813704498578154e-01
1.182180261218069156e-01 6.358106280397921029e-02 2.939554608445383854e-01 5.242454502296753915e-01
9.794174300354749341e-02 5.751685575929417482e-02 3.432481083778983755e-01 5.012932928592600534e-01
9.230762013215886019e-02 5.519463597326743076e-02 3.742647927062476287e-01 4.782329511883262052e-01
1.034407689357126070e-01 4.924603959399141001e-02 3.575000121458321023e-01 4.898131793244639431e-01
1.285798077102317249e-01 3.737833350441786828e-02 3.447961087049200568e-01 4.892457500804303083e-01
9.861595757044334942e-02 3.642784608766476417e-02 3.502277061646754674e-01 5.147284901772165577e-01
8.930156904244622440e-02 6.694764555835373832e-02 3.401730760540480625e-01 5.035777093451518915e-01
1.221877034219687325e-01 5.046805383526972721e-02 3.511538400997777365e-01 4.761904026429837899e-01
9.311259891758583151e-02 4.671660176570493345e-02 3.748162987691010528e-01 4.853545005476082586e-01
7.740606176415547324e-02 3.733340641016213990e-02 3.820909452765711145e-01 5.031695865491114805e-01
9.015894348789510460e-02 6.858795450444898911e-02 3.800089174121771829e-01 4.612441845954786679e-01
1.472419241856030570e-01 5.034163902803554663e-02 3.353716591143541259e-01 4.670447776720073052e-01
1.279674885702893894e-01 3.708373303814325311e-02 3.695017059444985486e-01 4.654470724470687326e-01
8.837753324673885968e-02 6.458875884089280983e-02 2.858297229598579792e-01 5.612039849525103374e-01
1.335577694388240810e-01 8.028277974158742891e-02 3.086531035792520750e-01 4.775063472403363041e-01
1.013734557553155474e-01 4.203485151005093706e-02 3.164438158015476232e-01 5.401478769330858576e-01
1.010083384252693645e-01 5.606038587252692301e-02 3.819674187625097805e-01 4.609638569396939944e-01
1.186111280114868216e-01 5.911234992871085281e-02 4.034338106863831208e-01 4.188427113734191631e-01
9.230572631880577805e-02 5.217467301219418790e-02 3.267110225516166588e-01 5.288085781173832434e-01
1.006746205004205030e-01 4.219094900588778174e-02 3.098054757083006372e-01 5.473289547853912307e-01
1.095798875196991318e-01 5.167527318528089553e-02 3.594406693366096195e-01 4.793041699584102422e-01
9.873587789301778439e-02 5.124063927122379791e-02 3.576622742843955649e-01 4.923612085513627834e-01
1.239688737082594999e-01 6.380199153939779266e-02 3.837030960380262146e-01 4.285260387143165484e-01
1.122697716966914172e-01 4.697461621931850462e-02 3.543094636157405053e-01 4.864461484682495729e-01
9.704411088145697972e-02 3.201463895508367685e-02 3.856550560034806008e-01 4.852861941599787010e-01
7.326616618272140113e-02 5.845378232223979315e-02 3.652384548938144015e-01 5.030415966012243834e-01
8.862541287425121372e-02 4.679861057217255677e-02 3.935041348597186905e-01 4.710718416938575182e-01
1.103600877227974425e-01 4.924857806613035238e-02 3.600108926374425700e-01 4.803804415736298017e-01
1.193689775792734498e-01 3.478807461346384439e-02 3.877811128591600598e-01 4.580618349481026530e-01
1.097535947509182402e-01 2.902669158835167670e-02 3.862945497813282114e-01 4.749251638794019237e-01
1.094642466420056581e-01 4.439942780790502586e-02 3.450889598177913631e-01 5.010473657322979113e-01
1.039572629176296337e-01 5.606795992645709908e-02 3.936072066922514101e-01 4.463675704636620445e-01
7.959567729572911143e-02 2.497192120686332617e-02 3.052390222389740337e-01 5.901933792584336258e-01
8.068576789845623154e-02 5.025952378778453244e-02 3.271593243255629946e-01 5.418953839881962553e-01
1.110061256866105156e-01 6.550307744176635250e-02 3.335166940697035232e-01 4.899741028019196087e-01
1.232970572948369342e-01 5.256591327942128355e-02 3.849229000022964531e-01 4.392141294234453985e-01
1.450249628189692330e-01 2.875326857297098512e-02 3.020374443240617657e-01 5.241843242839978601e-01
1.302019500862465207e-01 2.813296812035454356e-02 3.356462589214861403e-01 5.060188228719129100e-01
8.694551523088259182e-02 4.207063460425966572e-02 2.804614618514458257e-01 5.905223883134119722e-01
9.559810720228235914e-02 4.154340649430103560e-02 3.629100522123085426e-01 4.999484340911080071e-01
1.300873333667399989e-01 5.851249997147013604e-02 3.601196743818026458e-01 4.512804922799870666e-01
8.674792226246050286e-02 4.108974830039459347e-02 3.640025113157160930e-01 5.081598181214287413e-01
1.012380265269811064e-01 4.269751015490862167e-02 3.361281919671832430e-01 5.199362713509269041e-01
1.464037432071399192e-01 4.142848291172793185e-02 3.545364592423725369e-01 4.576313146387595565e-01
1.131396226533175203e-01 7.478076959784600575e-02 3.636264527582260264e-01 4.484531549906104475e-01
8.300015260589917176e-02 4.944080309999061146e-02 3.312867881445046292e-01 5.362722561496057194e-01
1.066409609159761629e-01 3.233005173891906336e-02 3.544522677342323846e-01 5.065767196108722503e-01
8.527833945131747806e-02 4.051722576976746898e-02 3.706844574315203977e-01 5.035199773473947316e-01
9.619218736412124549e-02 4.711875067548649404e-02 4.216436136457826778e-01 4.350454483146095064e-01
8.435705479173055688e-02 6.261818930595858257e-02 3.447679327274308925e-01 5.082568231748799681e-01
9.918173110759752331e-02 6.700043645709978513e-02 3.162306137517652549e-01 5.175872186835372979e-01
1.452958760128431337e-01 3.615332275653163063e-02 3.322752445478566186e-01 4.862755566827686171e-01
1.314622225721494564e-01 5.073070905170133649e-02 3.172095205046865374e-01 5.005975478714626004e-01
1.042886293356538319e-01 4.310878725922623333e-02 3.617311253909951674e-01 4.908714580141249617e-01
1.375916400916417648e-01 5.023419792894909253e-02 3.418411693819555230e-01 4.703329925974536474e-01
1.224353433321264673e-01 4.508882233879459717e-02 3.112184642462347273e-01 5.212573700828442291e-01
1.017887741522163769e-01 3.999162208199028012e-02 3.577492696693635454e-01 5.004703340964299363e-01
1.187721317145048194e-01 3.871347696876174110e-02 3.530726024146397246e-01 4.894417889020938328e-01
9.316467044009119070e-02 3.613263993534727297e-02 3.710177457118340461e-01 4.996849439127274972e-01
1.033854010939232737e-01 6.225296222414290759e-02 3.395114867459111396e-01 4.948501499360226097e-01
1.060002098964513417e-01 3.710245530210745657e-02 3.609246808495734649e-01 4.959726539518679034e-01
1.047426724932873782e-01 5.241193082389024316e-02 3.688903059461889344e-01 4.739550907366334997e-01
1.399484850179887052e-01 5.178442623187368837e-02 3.484558194052200242e-01 4.598112693449174504e-01
9.236727750801396186e-02 4.671007943920962857e-02 3.469403597134022577e-01 5.139822833393742352e-01
7.320255731809768851e-02 6.120096527615379034e-02 3.375068067359722201e-01 5.280896706697763010e-01
8.404933671900984005e-02 4.980583825079687443e-02 2.990479427722583239e-01 5.670968822579350865e-01
8.778234411375439306e-02 3.105000534295080522e-02 3.601353905152370194e-01 5.210322600280576921e-01
1.134845403548729731e-01 4.997603436627429813e-02 3.222703853665702112e-01 5.142690399122825662e-01
1.107883034164878766e-01 6.236565906804262399e-02 3.196910719622001462e-01 5.071549655532694434e-01
1.269576333701148696e-01 4.494589118797633065e-02 3.859861069091403141e-01 4.421103685327684718e-01
1.276711779191771201e-01 4.207581228117555916e-02 3.513610982167008623e-01 4.788919115829465833e-01
9.312716004029308881e-02 8.019356268760965967e-02 4.355292879293954922e-01 3.911499893427017316e-01
9.775671573997028740e-02 5.194294658881956628e-02 3.516996291436551569e-01 4.986007085275550033e-01
9.829022202425297117e-02 3.664984656131531349e-02 3.698937333094559632e-01 4.951661981049757522e-01
8.580747535398873527e-02 4.373493300201929807e-02 3.608562971232380789e-01 5.096012945207539779e-01
9.767000747361460899e-02 4.648289740577647711e-02 3.270052470758273433e-01 5.288418480447816261e-01
1.028408688454724579e-01 7.245679064551580062e-02 3.452185736149345208e-01 4.794837668940772901e-01
1.054878041975974706e-01 3.292382047005294743e-02 3.946092730251733460e-01 4.669791023071762082e-01
8.322560357291440558e-02 4.783497469639634569e-02 3.763067730927608934e-01 4.926326486379281611e-01
1.229130143983066387e-01 4.689058803904153777e-02 3.210012404458539303e-01 5.091951571167980806e-01
7.083795501658457505e-02 8.457018242842233302e-02 3.574405174966749921e-01 4.871513450583179750e-01
1.082379629463870313e-01 4.831519341583900840e-02 3.630900315630651853e-01 4.803568120747087056e-01
9.864421597585788792e-02 5.392488362333498070e-02 3.301272100774573226e-01 5.173036903233497741e-01
1.055668896113722693e-01 4.481977245489010553e-02 3.569653283934997035e-01 4.926480095402380743e-01
9.217678844352722445e-02 6.078424284325794485e-02 3.889554461166065402e-01 4.580835225966082280e-01
1.026051652954178689e-01 6.101937068315037294e-02 4.057471015691984650e-01 4.306283624522332376e-01
7.504715681456024245e-02 4.582832160249412923e-02 4.111436952452983684e-01 4.679808263376473154e-01
1.072689252227129880e-01 6.235732183435109544e-02 3.310404574698366797e-01 4.993332954730992923e-01
1.362184825847844449e-01 3.868164040344440613e-02 3.193293951717970924e-01 5.057704818399739732e-01
1.053945302975587972e-01 7.131201216466251380e-02 3.243856900499095808e-01 4.989077674878691915e-01
8.688339287704544001e-02 4.912267136537575712e-02 3.425641134941054822e-01 5.214298222634733415e-01
1.148850243909064900e-01 4.435534187742613821e-02 3.541389004836694165e-01 4.866207332479981496e-01
1.274094668118480045e-01 4.626216256457014314e-02 3.758321497468805061e-01 4.504962208767013254e-01
1.097135411887634471e-01 5.349380174406397764e-02 3.640818606113388478e-01 4.727107964558338593e-01
1.069443068176759437e-01 4.374472559395510551e-02 3.854530165067168168e-01 4.638579510816520091e-01
1.216831932584962056e-01 3.411979684326149620e-02 3.430141382851094045e-01 5.011828716131327965e-01
7.649845620688799919e-02 6.197865503625470812e-02 3.783743799430325239e-01 4.831485088138247064e-01
1.227072923483625705e-01 5.245327008730989865e-02 2.629773518640520780e-01 5.618620857002755153e-01
1.026227742084527134e-01 9.374053630093154288e-02 3.231880537916634322e-01 4.804486356989523532e-01
1.314327302060978586e-01 3.846716310662481181e-02 3.256879395810096667e-01 5.044121671062677947e-01
1.273887190025335125e-01 5.003318365448332361e-02 3.855004623730210467e-01 4.370776349699621588e-01
7.452430204679143244e-02 3.983901418794791316e-02 3.459228511359496161e-01 5.397138326293110522e-01
9.337364553923895027e-02 3.908427366807167014e-02 2.976270303093175862e-01 5.699150504833717656e-01
1.049191658990742682e-01 8.801230872570303676e-02 3.642385770401958545e-01 4.428299483350267574e-01
1.041602971632345914e-01 4.982892944344054220e-02 3.005214729793959094e-01 5.454893004139288459e-01
1.095531867439733659e-01 5.588494505637616599e-02 3.486967186939524677e-01 4.858651495056979797e-01
1.010519205878142174e-01 5.983486899562549116e-02 3.116467375456374311e-01 5.274664728709228534e-01
1.153285089402743407e-01 6.515479656841013933e-02 2.887923551988670900e-01 5.307243392924485548e-01
1.402781255172410313e-01 2.505271027057389549e-02 3.329535255995751952e-01 5.017156386126098155e-01
9.893241406756980716e-02 3.817448576508412211e-02 3.050584101452414876e-01 5.578346900221045068e-01
1.078706278671756197e-01 7.996886002876929522e-02 3.249329511237480927e-01 4.872275609803070617e-01
1.044967150869199196e-01 6.024668226493508361e-02 3.881726578718920906e-01 4.470839447762529617e-01
9.924776652331883386e-02 5.609049911491419821e-02 3.805001262049498290e-01 4.641616081568171737e-01
1.357758841871367084e-01 6.233388442992695427e-02 3.800779871817595579e-01 4.218122442011768558e-01
1.167015224788554850e-01 4.594282036473276709e-02 3.576202104798728021e-01 4.797354466765388903e-01
9.724925957584951153e-02 7.840832047213729117e-02 3.427700099480064377e-01 4.815724100040066347e-01
9.145375579990400183e-02 4.352657650600784411e-02 3.262247627358329516e-01 5.387949049582552163e-01
8.873677062531115656e-02 4.746677016683006206e-02 3.495241372838900351e-01 5.142723219239688781e-01
8.224883584379980017e-02 4.789308751619941740e-02 3.755496315279869268e-01 4.943084451120138278e-01
9.466969448135742482e-02 6.732071034961431555e-02 3.524493606877497909e-01 4.855602344812783855e-01
1.122420995747293176e-01 6.292875884859586155e-02 3.343239705213640889e-01 4.905051710553108291e-01
1.251708254885398330e-01 7.294689197902570754e-02 3.201687106331566612e-01 4.817135718992779370e-01
1.335570982779898108e-01 9.406030316469901620e-02 3.325757916061419239e-01 4.398068069511692491e-01
9.972178244482977905e-02 4.532261753488345257e-02 3.767934546910741145e-01 4.781621453292126955e-01
1.265976085280829944e-01 3.738448050253612848e-02 3.406836475316863955e-01 4.953342634376943776e-01
8.931214768264976456e-02 6.284170774049287200e-02 3.263001709541548667e-01 5.215459736227023857e-01
8.680416745662218603e-02 6.463713764707353093e-02 3.262772505113625821e-01 5.222814443849416177e-01
9.390947964060075703e-02 5.323624103973734895e-02 3.491379490789707218e-01 5.037163302406910681e-01
1.273589923199128227e-01 3.102603447405312409e-02 3.460519385293225336e-01 4.955630346767115335e-01
1.013939610744146597e-01 9.521653297055163168e-02 3.388172481741994480e-01 4.645722577808342746e-01
1.234616533685932299e-01 5.705319377007862791e-02 3.308140735800326748e-01 4.886710792812953841e-01
1.279398455808905821e-01 5.001367114650340229e-02 3.485530596891164845e-01 4.734934235834896143e-01
8.783406519567163451e-02 4.237350735070691959e-02 3.612235700585761378e-01 5.085688573950454261e-01
9.720827076072105499e-02 4.401535163981015047e-02 3.491994680684419317e-01 5.095769095310268559e-01
1.272583739281033799e-01 5.246937971046027743e-02 3.446385193882136044e-01 4.756337269732227035e-01
1.004738998860884025e-01 5.456804659377403194e-02 3.711052048485020127e-01 4.738528486716356292e-01
1.024238027831879394e-01 2.808049067129939069e-02 3.773058728779766779e-01 4.921898336675358809e-01
1.218739593001243599e-01 2.687338557229506861e-02 3.739757735801181315e-01 4.772768815474624504e-01
1.166272075157012839e-01 6.689677255296576364e-02 3.432789622183753941e-01 4.731970577129576139e-01
1.091203695964622772e-01 5.844608019138013144e-02 3.474502220015264764e-01 4.849833282106310595e-01
1.018932238621153008e-01 3.059732133053833306e-02 3.812861744098084427e-01 4.862232803975378714e-01
7.917733503847171339e-02 4.702945346481138267e-02 3.815105293799123110e-01 4.922826821168047595e-01
1.463530193353627384e-01 4.447035208791134953e-02 3.595139637456108983e-01 4.496626648311149443e-01
1.090236538190185595e-01 6.663862621825127064e-02 3.623952646345758311e-01 4.619424553281543111e-01
1.078585713071588820e-01 5.111541392161680908e-02 3.525885432838493649e-01 4.884374714873750412e-01
9.227004207976707839e-02 4.362566514446437199e-02 3.366286623762259067e-01 5.274756303995424833e-01
6.982865060642540200e-02 4.181773320273543537e-02 3.626137356786659494e-01 5.257398805121733520e-01
8.698325069136272902e-02 6.560738965902863928e-02 3.087488749774789376e-01 5.386604846721296802e-01
1.121871186317491415e-01 4.734658416091794969e-02 3.765844155317403241e-01 4.638818816755925778e-01
1.130367064352365419e-01 4.330826202562516880e-02 3.248811534766212206e-01 5.187738780625170687e-01
1.238675876855998143e-01 4.975527072640344856e-02 3.566360843661732782e-01 4.697410572218233549e-01
1.269220803042636070e-01 4.532121871252505624e-02 3.687029568344072361e-01 4.590537441488040105e-01
1.306496053008265046e-01 4.967945520190363701e-02 3.381183126393009220e-01 4.815526268579688463e-01
1.476738042667990747e-01 4.407904302591978546e-02 3.289135264664259650e-01 4.793336262408551263e-01
1.200247660582347414e-01 3.688891384904901399e-02 3.509373500893038789e-01 4.921489700034124004e-01
1.210740291434775073e-01 5.331596308289563574e-02 3.535964032915531186e-01 4.720136044820735233e-01
9.327931224719733516e-02 5.489463296999101682e-02 3.210828009454617660e-01 5.307432538373497710e-01
8.519233986555577176e-02 5.305082770073041298e-02 3.704331280885558297e-01 4.913237043451579855e-01
1.032721372908266821e-01 4.131084821000218649e-02 4.097785512017438903e-01 4.456384632974272897e-01
8.812736294879572330e-02 4.654185565329718027e-02 3.331327023235500784e-01 5.321980790743570111e-01
8.677393512251051211e-02 8.271404935595168262e-02 3.734287354584497898e-01 4.570832800630879045e-01
1.154524556909344302e-01 3.884402586692357190e-02 3.679296269908033934e-01 4.777738914513385837e-01
9.839167570452550526e-02 3.965134042011225074e-02 3.133682474118742456e-01 5.485887364634880470e-01
1.128713668592272595e-01 6.698861853899507057e-02 3.641934342393097213e-01 4.559465803624679903e-01
1.076271659738991388e-01 6.569813660082554629e-02 3.168047790323468837e-01 5.098699183929283896e-01
1.073013521998319175e-01 6.690384630474083272e-02 3.235444603239759354e-01 5.022503411714513977e-01
1.120189213967144465e-01 3.105621450730800676e-02 3.652866560652737737e-01 4.916382080307037938e-01
1.079865252480819438e-01 4.295208604403780855e-02 3.241316912800942251e-01 5.249296974277859462e-01
1.146241575783428085e-01 6.309747416007450982e-02 3.554064467616845358e-01 4.668719214998980349e-01
1.037049263814482369e-01 4.364124672615943973e-02 3.745986233970663437e-01 4.780552034953260421e-01
8.611519627449355785e-02 6.470216217242871770e-02 3.575983372236264390e-01 4.915843043294512160e-01
9.963412856483457036e-02 3.439797745624133263e-02 3.804662698894067940e-01 4.855016240895174140e-01
9.155074613893915414e-02 3.839501635251864331e-02 3.776028861766834166e-01 4.924513513318587998e-01
1.145699052050695166e-01 3.624780425222648428e-02 4.029198196252724018e-01 4.462624709174317084e-01
1.003942450380465728e-01 5.229849319172653888e-02 3.734305479049859211e-01 4.738767138652410504e-01
1.183773671171365893e-01 3.653030042944691719e-02 3.235761003176616524e-01 5.215162321357548203e-01
1.103410836713507037e-01 6.874093060291772139e-02 3.792263345216236314e-01 4.416916512041079157e-01
1.297488094577154416e-01 6.778863292494831383e-02 3.471451592651936813e-01 4.553173983521425217e-01
9.032369791508226831e-02 5.065930824556980072e-02 3.702284979955708377e-01 4.887884958437769822e-01
1.170625145658829164e-01 7.159274095855668041e-02 3.192721059786265414e-01 4.920726384969340006e-01
1.055988923276039021e-01 4.870937257029359785e-02 3.561266636997998392e-01 4.895650714023024874e-01
1.231033017949356850e-01 4.169993367733351025e-02 3.722291144901876403e-01 4.629676500375431436e-01
1.196684107095687399e-01 3.868762838833886969e-02 3.854366069929175409e-01 4.562073539091747176e-01
1.062271046765335680e-01 3.758066278462139642e-02 3.612231663668921677e-01 4.949690661719527984e-01
