1.687014731295373715e-01 6.131019977390616410e-02 5.036167254971458673e-01 2.663716015994105901e-01
1.867705311487974917e-01 5.347051058565749360e-02 4.737138668655923590e-01 2.860450913999524336e-01
1.769048755575174658e-01 4.497416858001909018e-02 4.982758446535290875e-01 2.798451112089343495e-01
1.899661857059694037e-01 2.958519610492938920e-02 4.890998232412808178e-01 2.913487949478203443e-01
2.009352399501976860e-01 5.178806058289139869e-02 4.496248487320706477e-01 2.976518507348401288e-01
1.499473859346129589e-01 2.710956990574509007e-02 5.292970317464876784e-01 2.936460124131543004e-01
2.446936492450695333e-01 2.456105299263996317e-02 4.841135990180679416e-01 2.466316987442226938e-01
2.077071395625369188e-01 2.777633770635905622e-02 4.787859986657953537e-01 2.857305240653085221e-01
2.446199441136942543e-01 3.369120729922852470e-02 4.541944798288554130e-01 2.674943687582219676e-01
2.085274658010179416e-01 5.494336866749818804e-02 4.501433039320569818e-01 2.863858615994269718e-01
1.515761165266228949e-01 4.593077143427237025e-02 5.418326353884740376e-01 2.606604766506308568e-01
1.585754965675791051e-01 2.348508609628968680e-02 5.200693232935054144e-01 2.978700940426258770e-01
2.170329829625497475e-01 1.950833566841891215e-02 4.711712022500988972e-01 2.922874791189324362e-01
2.274830276263066775e-01 1.812266961094667270e-02 4.534183047087750329e-01 3.009759980539715163e-01
2.117874728763906866e-01 1.130956243013430881e-02 4.784109299366503532e-01 2.984920347568245647e-01
2.563201905466410691e-01 2.526668719979811156e-02 4.627564632449413518e-01 2.556566590086194468e-01
2.587508624345513097e-01 2.196887405836260229e-02 4.809730047230340588e-01 2.383072587840521506e-01
1.979025715224033977e-01 4.078136002843229385e-02 4.771613811968686281e-01 2.841546872522957012e-01
2.182071577652820726e-01 3.800350287725669934e-02 4.931153447889197183e-01 2.506739945685415583e-01
2.135636562625632395e-01 1.815759309618808492e-02 4.327996910657449514e-01 3.354790595755036686e-01
2.676929864941405279e-01 1.895266535140738978e-02 4.115315496829675679e-01 3.018227984714845213e-01
2.030679483285056930e-01 1.410753464952967107e-02 5.451954091777594380e-01 2.376291078442050730e-01
2.253070181766304581e-01 2.319583232651491883e-02 4.630729119472767885e-01 2.884242375495777999e-01
2.085344064584180590e-01 4.226557285456312291e-02 4.914676144395179747e-01 2.577324062475009891e-01
2.059545601201162035e-01 4.266301249543798940e-02 5.058937904040189393e-01 2.454886369804266943e-01
1.981257438054294662e-01 2.716991526071362364e-02 5.020315070341024866e-01 2.726728338997544965e-01
2.369056660109730983e-01 1.244080290194576020e-02 5.019311566759363519e-01 2.487223744111448365e-01
2.071055677929919681e-01 4.118558947304167689e-02 4.706648887443424800e-01 2.810439539896238403e-01
1.831345979221288001e-01 4.152318179990820146e-02 4.600371900029285865e-01 3.153050302750344813e-01
2.025109750067379533e-01 2.498612873695780362e-02 5.429103424617575113e-01 2.295925537945467387e-01
1.758962740302431604e-01 1.760771844462082070e-02 5.118669855873412278e-01 2.946290219377948327e-01
1.385723895290335017e-01 4.897876612546874647e-02 4.846143055306342817e-01 3.278345388148634632e-01
2.013213119214124769e-01 3.174666262793938293e-02 5.350521852063994110e-01 2.318798402442487638e-01
2.661814815950250268e-01 2.228684852444711220e-02 4.517157682000402241e-01 2.598159016804876820e-01
1.965664522233331324e-01 4.513643076804975396e-02 4.662231273020082112e-01 2.920739897066088608e-01
1.847771178743058129e-01 2.957066374693120142e-02 5.115996747152867785e-01 2.740525436634763667e-01
2.278437963383473097e-01 1.298074700195387537e-02 4.858989067166135101e-01 2.732765499430854228e-01
2.252501490383044813e-01 5.031213441481383053e-02 4.692978442165942621e-01 2.551398723302874538e-01
2.354436367287400800e-01 2.054719806407602489e-02 4.616225974681056887e-01 2.823865677390781093e-01
2.265745638414733421e-01 1.775201458077084460e-02 4.696473267407204055e-01 2.860260948370354495e-01
1.941438550965926824e-01 4.183996736031966174e-02 4.619516766992169954e-01 3.020645008438707091e-01
2.022980561167831426e-01 3.999306014241760937e-02 4.530796789441773886e-01 3.046292047966218663e-01
1.732797043069066734e-01 3.128293945749742455e-02 5.123395135529510425e-01 2.830978426826448735e-01
2.080986754782563897e-01 2.026049984918626770e-02 4.421466509729650718e-01 3.294941736995923853e-01
1.709514330789035086e-01 5.628316602001034313e-02 5.026355327717809685e-01 2.701298681293052284e-01
2.061203690526325627e-01 1.758460278529659637e-02 4.468420815718484040e-01 3.294529465902225063e-01
2.068234941360881374e-01 3.263107910941465128e-02 5.108603483541529489e-01 2.496850784003442625e-01
2.032930848413096458e-01 4.347020609168257554e-02 4.679415146753679866e-01 2.852951943916397504e-01
1.837329112746833026e-01 2.103298729088146080e-02 5.319033580471003164e-01 2.633307433873349757e-01
2.209844695271809822e-01 3.369705526461212047e-02 4.811726083282802380e-01 2.641458668799265275e-01
2.495344919064440836e-01 1.585384048945334343e-02 4.791529901429225080e-01 2.554586774611800060e-01
1.944440911596976296e-01 4.756116849313721251e-02 4.671094241297088501e-01 2.908853162174563356e-01
1.600996374712897186e-01 4.459673127586877284e-02 4.975234864216351305e-01 2.977801448312063504e-01
1.925450901725412056e-01 4.197675899233177521e-02 4.703701178597272103e-01 2.951080329753998366e-01
2.463889095640369453e-01 1.877754779095221205e-02 4.477095881489889795e-01 2.871239544960219603e-01
2.076044682851669321e-01 7.519234320685328626e-03 4.507896118204511859e-01 3.340866855736963625e-01
2.377398776949223025e-01 3.167563963774132352e-02 4.832651334832436807e-01 2.473193491840927349e-01
1.826943399379132582e-01 2.159040532926509437e-02 5.279291756020522142e-01 2.677860791307692945e-01
1.944992707452180281e-01 3.197028656000844293e-02 4.736294360111537594e-01 2.999010066836197974e-01
1.463523491730800985e-01 3.798604591631489502e-02 5.057509266889668176e-01 3.099106782216380362e-01
2.254161441938772326e-01 2.102139734751066330e-02 5.401824373298325099e-01 2.133800211287794624e-01
1.804255831813388056e-01 3.609105898994124234e-02 5.297975212989836091e-01 2.536858365297364748e-01
1.940330466078467320e-01 2.580942571210185360e-02 4.618873171287654067e-01 3.182702105512859592e-01
2.200697800156949657e-01 6.171961465625715182e-02 4.571651746443105568e-01 2.610454306837372562e-01
2.070842961584926367e-01 3.299942860768632219e-02 4.638749888208460459e-01 2.960412864129748911e-01
1.993378277937040699e-01 4.045161250862886609e-02 4.756740783199480127e-01 2.845364813777190305e-01
2.248725575715524727e-01 4.747034298787734113e-02 4.662024257259870241e-01 2.614546737145829747e-01
1.831237427118515559e-01 5.246560463927962131e-02 4.629215745980749253e-01 3.014890780507938350e-01
1.907376236344099918e-01 3.048828289081290110e-02 5.047056092432703478e-01 2.740684842315067593e-01
1.924076923793702765e-01 1.580237187292896084e-02 4.537914570669861480e-01 3.379984786807146424e-01
2.085578685047406733e-01 5.469213409417858496e-02 4.597826899306753923e-01 2.769673074704053217e-01
1.940883526543312754e-01 2.337050027877771510e-02 5.200494663612338364e-01 2.624916807056570933e-01
2.031163680495054746e-01 3.413693629375990496e-02 4.625143426601932006e-01 3.002323529965413851e-01
2.135703035551685947e-01 2.455124740585952481e-02 4.865701003760830035e-01 2.753083486628889465e-01
1.629087200311336581e-01 2.829011088862574269e-02 4.658187215598031949e-01 3.429824475204373280e-01
1.906863526848112944e-01 2.747773755677066984e-02 5.155748540394697876e-01 2.662610557189482585e-01
2.123649013958582576e-01 3.109258573797725120e-02 5.120560838084888822e-01 2.444864290576756194e-01
1.842472783842392936e-01 3.388029824218425495e-02 4.485021413209003271e-01 3.333702820526761590e-01
1.959134709845155309e-01 3.409624578028119801e-02 4.687838667791922598e-01 3.012064164560109836e-01
1.381038164068250085e-01 5.511366086170070566e-02 5.334513645135428028e-01 2.733311582179314136e-01
1.660191238580581707e-01 4.256941559862961744e-02 5.063745109150088464e-01 2.850369496283034487e-01
2.138277844285370599e-01 3.439944498578510756e-02 4.386077775331668760e-01 3.131649930525108316e-01
1.782593210462707911e-01 4.104108983263578952e-02 4.640217026564759095e-01 3.166778864646174751e-01
2.298232756252111542e-01 3.990646680046109479e-02 4.624270692660090165e-01 2.678431883083186027e-01
1.634815494572530170e-01 4.503380934047509360e-02 4.837406708722497561e-01 3.077439703300221541e-01
1.808669595585797041e-01 1.655335452781824326e-02 4.845748900627209754e-01 3.180047958508810391e-01
1.689607850264239763e-01 4.437600708438563940e-02 5.007147064857513374e-01 2.859485014034389705e-01
1.964491977031456171e-01 3.575126550363093292e-02 5.049108311647005909e-01 2.628887056285227897e-01
2.064944388975017975e-01 3.341636092073330122e-02 4.790675438697638011e-01 2.810216563120010447e-01
2.537599444953541616e-01 4.582526088601559383e-02 4.584621298914286491e-01 2.419526647272015052e-01
2.158911924149412020e-01 3.357801730362745818e-02 3.812217209890365610e-01 3.693090692923948204e-01
1.517954235684922937e-01 5.060710672128864579e-02 4.989858352570412658e-01 2.986116344531777322e-01
1.924546857655112242e-01 4.693763445692600289e-02 5.082766361450646864e-01 2.523310436324980310e-01
1.752550876244451938e-01 1.789054828582520296e-02 4.898153588833188965e-01 3.170390052064106512e-01
1.652412792125221852e-01 2.508908667391443470e-02 5.354668157193113176e-01 2.742028183942522568e-01
2.051813596282605900e-01 2.947676795762331145e-02 4.589171356539339386e-01 3.064247367601822813e-01
1.828590062024055274e-01 4.056584467656578624e-02 4.790869448587728452e-01 2.974882042622558620e-01
1.906156525215826070e-01 4.228632256881091622e-02 5.185018851024215669e-01 2.485961398071848683e-01
1.634759439745798182e-01 2.893476249686627658e-02 4.942014901211445599e-01 3.133878034074092933e-01
2.172810128244417049e-01 2.679380656086844184e-02 4.613376458165896477e-01 2.945875347981001813e-01
2.145278877739328627e-01 3.881153795251953559e-02 4.763165220848395442e-01 2.703440521887080505e-01
1.930698019135417554e-01 2.434581666959514251e-02 5.108168496713958451e-01 2.717675317454671946e-01
1.915646877048409191e-01 2.110067757009491396e-02 4.626739016358495937e-01 3.246607330892143928e-01
2.145446988980240777e-01 1.856854212341095545e-02 4.499221406294654502e-01 3.169646183490995028e-01
2.378145273470657628e-01 1.957298319334543207e-02 4.700497208568242824e-01 2.725627686027645158e-01
1.466895971323915193e-01 3.406748046862229790e-02 4.669194443987034759e-01 3.523234780002827415e-01
1.407414289272850005e-01 1.938045727537066054e-02 5.392431435331278555e-01 3.006349702642165389e-01
1.736396763588084202e-01 2.631349786421938869e-02 4.895156933338862260e-01 3.105311324430859443e-01
2.329584249190604639e-01 3.804213204054592706e-02 4.870667699344851664e-01 2.419326731059082969e-01
1.841654824197956897e-01 2.484673904230525268e-02 4.315506260478870204e-01 3.594371524900120685e-01
1.926672576020935224e-01 2.986265728916525850e-02 5.200919926942595417e-01 2.573780924144816740e-01
1.751116088504418855e-01 5.129551414826144518e-02 4.992227582385923013e-01 2.743701187627042848e-01
2.130843617707269544e-01 2.988277117870512603e-02 4.424311103756694008e-01 3.146017566748985916e-01
1.828285229690002067e-01 3.460427075303408595e-02 4.944639332232740325e-01 2.881032730546918552e-01
2.070330407330227274e-01 4.293740523940622195e-02 4.486738140347020232e-01 3.013557399928691871e-01
1.713600278298021973e-01 5.428280650421571374e-02 4.534192138414627204e-01 3.209379518245192298e-01
1.711725278043068621e-01 3.633621133379558166e-02 4.661950574050549023e-01 3.262962034568426262e-01
2.164202423388118801e-01 3.189049672360401433e-02 4.568320099074882901e-01 2.948572510300958016e-01
1.880259379354418114e-01 1.738393136232238220e-02 5.111433685434911833e-01 2.834467621587448138e-01
2.235201928387031411e-01 3.197381583400380617e-02 4.509705918344191211e-01 2.935353994928739940e-01
1.981813736459396569e-01 3.129798111234589203e-02 4.899775459565783864e-01 2.805430992851359884e-01
2.324419966791501924e-01 1.833247896185373482e-02 4.950248752141844788e-01 2.542006491448114414e-01
2.499438581759457212e-01 2.385474032852127196e-02 4.069071092492726471e-01 3.192942922462602695e-01
1.919325244860337343e-01 1.741069099396005265e-02 4.557345253215607239e-01 3.349222591984455932e-01
1.825463853729020480e-01 3.130891180366997956e-02 4.795518756094550028e-01 3.065928272139729627e-01
1.737624375290153234e-01 2.356398784140207106e-02 5.424621366617711216e-01 2.602114379678113765e-01
1.911618471385018170e-01 3.898932116595715813e-02 4.590076039790474960e-01 3.108412277164935289e-01
1.575835428401778648e-01 2.427707675847633195e-02 5.207005291571190631e-01 2.974388512442266985e-01
1.650874789748521809e-01 3.792906446298552336e-02 5.287607259944083760e-01 2.682227305677540308e-01
2.120213150002093760e-01 2.312283652849843330e-02 4.531267563768995310e-01 3.117290920943926458e-01
2.555646084553633846e-01 2.695434996822283075e-02 4.362341677802896167e-01 2.812468737961242304e-01
1.920858068476645197e-01 4.886482873850681030e-02 4.972879735292333736e-01 2.617613908845953241e-01
1.810148242415002828e-01 3.415774982368435103e-02 4.906318130720613846e-01 2.941956128627538081e-01
1.322381756439522660e-01 2.469975504372582190e-02 4.944833036038169261e-01 3.485787657085049340e-01
1.611131996056881788e-01 4.492365248315184634e-02 5.131948033312725421e-01 2.807683445798875854e-01
1.992358942886355566e-01 2.792784385017174284e-02 4.652837045456780785e-01 3.075525573155147296e-01
1.937068424791273946e-01 9.929023808146402591e-03 5.337432483003680117e-01 2.626208854123582848e-01
2.024757334612717063e-01 2.859490676538191042e-02 4.430365507816710346e-01 3.258928089916753312e-01
2.457530563610487995e-01 2.715349345586111005e-02 4.539169104042538039e-01 2.731765397788362693e-01
2.020239939130580309e-01 2.057524816759724248e-02 5.327726961300793818e-01 2.446280617892652720e-01
1.940238014941439160e-01 3.317955847076960174e-02 4.995972197224421429e-01 2.731994203126442144e-01
1.743270401131562786e-01 3.811178511638521615e-02 5.129922764099782428e-01 2.745688983604803735e-01
2.022389208108451297e-01 1.587575856311036759e-02 4.578757420317247639e-01 3.240095785943197249e-01
2.067594731038349398e-01 2.694122287201286547e-02 4.541046841184085414e-01 3.121946199057436533e-01
1.809558185163268607e-01 3.249742593227240156e-02 4.861113776767998496e-01 3.004353778746009507e-01
1.844760380677636924e-01 3.700366684641165360e-02 4.975091396483325989e-01 2.810111554374920551e-01
2.331024579279089293e-01 4.471235796195955486e-02 4.484503492015250448e-01 2.737348349086065058e-01
2.138663885432916245e-01 5.461661920103513118e-02 5.054605094325991255e-01 2.260564828230739176e-01
1.799046996190944991e-01 2.057296723590576817e-02 5.161855554052448003e-01 2.833367777397549636e-01
1.821440684703514723e-01 3.274389891164657812e-02 5.124983952300994350e-01 2.726136373879026187e-01
1.415643324117603630e-01 4.021042815808197057e-02 5.272168400925746345e-01 2.910083993375829348e-01
2.079457892061376267e-01 2.527789729533468088e-02 4.783828901062354699e-01 2.883934233922921253e-01
1.682706068958177981e-01 1.044743078445096660e-02 5.335408364394584879e-01 2.877411258802728966e-01
2.059605143707487762e-01 1.362829662210227576e-02 4.588215533214693997e-01 3.215896356856794425e-01
1.997879964866751401e-01 1.780101121831269978e-02 4.868388587419703040e-01 2.955721335530418492e-01
1.824189775917749445e-01 2.298005357212780722e-02 5.393287807540714240e-01 2.552721880820258971e-01
2.154664783154126018e-01 4.048521605114034638e-02 4.931807478653094656e-01 2.508675577681376279e-01
2.047642560152064806e-01 2.839578129996817718e-02 4.671134576949491080e-01 2.997265049898762967e-01
2.215001019923366066e-01 3.182523386011741617e-02 4.889596485376943580e-01 2.577150156098516609e-01
2.064226587239502142e-01 2.562154378066199001e-02 4.434783429333853944e-01 3.244774545620023876e-01
1.780764676679733316e-01 2.118252046928784105e-02 5.144111555403132474e-01 2.863298563224254134e-01
2.079229372542047982e-01 1.980893500798397086e-02 4.782676829395781648e-01 2.940004447982330626e-01
1.746656901207956636e-01 4.667577668167536414e-02 4.719729922432430724e-01 3.066855409542857958e-01
2.223716840076964962e-01 3.127587855510104153e-02 4.772742239414350385e-01 2.690782134957675487e-01
1.854785249048527818e-01 1.633299761316495818e-02 5.299989489881281601e-01 2.681895284938540236e-01
2.174586350601726836e-01 5.332535082799053083e-02 4.284170049685258053e-01 3.007990091433109248e-01
2.214633241351457449e-01 4.120090744741090188e-02 4.792773150617433697e-01 2.580584533557000460e-01
2.213498689237020922e-01 3.493090662447059791e-02 4.494478919408369522e-01 2.942713325109904132e-01
2.316583206866315026e-01 2.008220423582347813e-02 4.618493399346889627e-01 2.864101351428561260e-01
1.475388572517994934e-01 2.999480725096502834e-02 5.224926433017096361e-01 2.999736921955259428e-01
1.564857096035563166e-01 4.814320163879970416e-02 5.111271301768528508e-01 2.842439585807909341e-01
1.884653205595318293e-01 5.220389354850416691e-02 5.267837266752712910e-01 2.325470592166928030e-01
1.608018749585052587e-01 2.513462494774915124e-02 4.895536701016677261e-01 3.245098299920778917e-01
1.874977682432343862e-01 2.020543326821710658e-02 4.924918226815261924e-01 2.998049758070222559e-01
2.397815889160203884e-01 2.402953331089696318e-02 4.578256925824395474e-01 2.783631851906429588e-01
1.698956088471603731e-01 2.890207341233960031e-02 4.993132989207135219e-01 3.018890188197865254e-01
1.704613016559607119e-01 3.346702485999284576e-02 5.258525458944884878e-01 2.702191275895580169e-01
1.806918527438317323e-01 2.703912441665284189e-02 5.055044681543675589e-01 2.867645546851478877e-01
2.222896294227560687e-01 3.248791156523412466e-02 5.011614948987481721e-01 2.440609641132617247e-01
2.573813463145716018e-01 4.038319087696173176e-02 4.226363479731300998e-01 2.795991148353364486e-01
2.031621177882121654e-01 2.124022168695870877e-02 4.617391885768058479e-01 3.138584719480231877e-01
1.871553030226402181e-01 1.755838998298842393e-02 5.014626447716240554e-01 2.938236622227471950e-01
2.033529008331788346e-01 3.196848886013919228e-02 5.000774044602273039e-01 2.646012058464546346e-01
2.081412253848629879e-01 2.102049768240443761e-02 4.564248208185107680e-01 3.144134561142216677e-01
1.539289759502157073e-01 2.238196831525206959e-02 5.069776088388859847e-01 3.167114468956463980e-01
1.734926480585725905e-01 2.318516726047974152e-02 4.822510744463253674e-01 3.210711102346224255e-01
2.274380003182081833e-01 1.877814223767929058e-02 5.196854613173719217e-01 2.340983961267404934e-01
2.007840318321787443e-01 4.849375040369060391e-02 4.521038112911613394e-01 2.986184064729692778e-01
1.680098489356790792e-01 3.727512305220771066e-02 5.312847180134213643e-01 2.634303099986918251e-01
2.170976615831663459e-01 3.421344019248010598e-02 4.800535772625917352e-01 2.686353209617618476e-01
2.055635029777539702e-01 3.098147113386446813e-02 4.851486354887041830e-01 2.783063903996773614e-01
1.988821299164210965e-01 4.513562504616447368e-02 4.398645386500382171e-01 3.161177063873761295e-01
2.306324576833184703e-01 1.880427262454783741e-02 5.066042751779757936e-01 2.439589945141580063e-01
1.978557079141305408e-01 1.621879000813562788e-02 5.083670861375682026e-01 2.775584159401656148e-01
1.709026158801411899e-01 2.679183660479599396e-02 5.011307422151299873e-01 3.011748052999328462e-01
1.819092850513863435e-01 1.722041026312208858e-02 5.267784804168303969e-01 2.740918242686611328e-01
1.912611982907848340e-01 3.660329203046559787e-02 4.731719891987355986e-01 2.989635204800140111e-01
1.899126127387921747e-01 5.433667569773125566e-02 4.861856648602249642e-01 2.695650467032517095e-01
1.906958462113250985e-01 4.511125573586379639e-02 4.576636706364238805e-01 3.065292274163870512e-01
1.878602138809123134e-01 3.412422577993141914e-02 5.024779367673976038e-01 2.755376235717587052e-01
2.171610561207595602e-01 2.112548792588000643e-02 4.751593831994484485e-01 2.865540727539119814e-01
2.167966509161353972e-01 2.141522358437275911e-02 4.987527146351265483e-01 2.630354108643654376e-01
1.834278892906208713e-01 2.155903977606346208e-02 5.253275992205865830e-01 2.696854717127292189e-01
2.207005967726185236e-01 3.848549774511277055e-02 4.454678538729841542e-01 2.953460516092846211e-01
2.063209285637232493e-01 2.785426863717060941e-02 4.643586711465874095e-01 3.014661316525188428e-01
2.130265653377045321e-01 2.372926789569748673e-02 5.438298194941042496e-01 2.194143472724937038e-01
2.083876674979757149e-01 2.825341567387350955e-02 4.904194048661287275e-01 2.729395119620220966e-01
1.942682960731860198e-01 1.436422308806087345e-02 4.364428648083859552e-01 3.549246160303671793e-01
1.922316215239334714e-01 3.705824912326979859e-02 5.264380602335603232e-01 2.442720691192365456e-01
2.297774170649591885e-01 2.613804714704116849e-02 4.776168037722805515e-01 2.664677320157190499e-01
2.318155063451055320e-01 2.521126494316883876e-02 4.276754869759193389e-01 3.152977417358063805e-01
2.148670132670222888e-01 3.503087643098199561e-02 4.565560622927913315e-01 2.935460480092044744e-01
2.182580501710889298e-01 3.517066989446313713e-02 4.322812698898623740e-01 3.142900100445853995e-01
1.908383492102352363e-01 3.032681065901281225e-02 5.116887412892876519e-01 2.671460988414642856e-01
2.148647973567464342e-01 2.768558690196536859e-02 4.831350739734692201e-01 2.743145417678190534e-01
1.916374863445198806e-01 3.464395014620049590e-02 5.231957047529288696e-01 2.505228587563508302e-01
1.845290682357605960e-01 5.249837458325027489e-02 4.501890057993456207e-01 3.127835513816434876e-01
2.342098364266448629e-01 4.759316107534056206e-02 3.945440950395157076e-01 3.236529074584988952e-01
2.359198065360517405e-01 3.038091853681422483e-02 4.898655481596100869e-01 2.438337267675238784e-01
1.721597084899247343e-01 3.394611635911342490e-02 5.121071616262823367e-01 2.817870135246794971e-01
1.981629425026361080e-01 4.247096878551272908e-02 4.800988478418373173e-01 2.792672408700139219e-01
1.954049894082261485e-01 4.362988298750647420e-02 4.746878539868355507e-01 2.862772736174318267e-01
1.954289899523310170e-01 2.973400547274854949e-02 5.177178039249809016e-01 2.571192006499394833e-01
2.272631189765070558e-01 3.699399251298109148e-02 4.783489789712118689e-01 2.573939095392999699e-01
2.076255161746062006e-01 3.107455442276747457e-02 4.912682381097464024e-01 2.700316912928799606e-01
2.229159065519552285e-01 4.456200567196485357e-02 4.586124715538677510e-01 2.739096162222121600e-01
2.087166638409239938e-01 4.001635506477813076e-02 4.750933794155355328e-01 2.761736016787622039e-01
1.841726168503947381e-01 2.872676322643477956e-02 4.953288778334423159e-01 2.917717420897280589e-01
2.188982248521140206e-01 3.044834870057225654e-02 4.595107637290687386e-01 2.911426627182450710e-01
1.961570115421136240e-01 3.484666758202443343e-02 4.847395597741843143e-01 2.842567611016774132e-01
2.451213687895153204e-01 4.256465547424630180e-02 4.581429067644924857e-01 2.541710689717459060e-01
2.687320342227912939e-01 3.190359450303472538e-02 4.663606316700841803e-01 2.330037396040898490e-01
1.803519679104965689e-01 2.288115210506990252e-02 5.212544719373278790e-01 2.755124080471056391e-01
2.351992261481604396e-01 2.299809464671422055e-02 4.895862559901515421e-01 2.522164232149737284e-01
2.215170262554075620e-01 1.461255272421776129e-02 5.215637275805860007e-01 2.423066934397886674e-01
2.005131413183965927e-01 2.460821306790236807e-02 4.837029797448531010e-01 2.911756658688479660e-01
1.877199706275866076e-01 3.578743071273528947e-02 5.219932220416585444e-01 2.544993766180196904e-01
1.619797552839984112e-01 2.869935372657209799e-02 4.779468682247015598e-01 3.313740227647278269e-01
1.649506626210096583e-01 2.770753105497908778e-02 5.245198362335750097e-01 2.828219700904363032e-01
1.630768736864410262e-01 3.627877644939485335e-02 4.515220524048997319e-01 3.491222974592644301e-01
1.978899385965512681e-01 4.864398349118304737e-02 4.511467185507048727e-01 3.023193593615607910e-01
1.908707458823376835e-01 1.730656668550709792e-02 5.259317096233535604e-01 2.658909778088016096e-01
1.738371320584660984e-01 1.535299371070372385e-02 4.642669529060065026e-01 3.465429213248238383e-01
1.862720537998981130e-01 4.427514157702241993e-02 5.245820762499079359e-01 2.448707283731715589e-01
1.890611143522142046e-01 2.576726910341373480e-02 4.584409720640797437e-01 3.267306444802923759e-01
2.073377658322753669e-01 4.347079325266518801e-02 4.434133366913602381e-01 3.057781042236993874e-01
1.768667051703346205e-01 3.919228636902936935e-02 4.811297612608740892e-01 3.028112471997618793e-01
2.566127947301783951e-01 2.686432464725188249e-02 4.394562264732735923e-01 2.770666541492961543e-01
1.842663821393161760e-01 3.930559245286160963e-02 5.333302126625675266e-01 2.430978127452547710e-01
1.835002903180711076e-01 4.713704381115680492e-02 5.118890250549146259e-01 2.574736408158574408e-01
1.822738866998153684e-01 3.046841050699464204e-02 5.047263446096871276e-01 2.825313581835029453e-01
2.214539406805438315e-01 1.215437500765375115e-02 5.118105934777004151e-01 2.545810908341018530e-01
2.456750672793371892e-01 2.109515035212945061e-02 4.629202597908088634e-01 2.703095225777245592e-01
1.908266943405604321e-01 4.082262099184782306e-02 5.090169593918056901e-01 2.593337252757860201e-01
2.247792118365732894e-01 3.355756200979878590e-02 4.375303335710755692e-01 3.041328925825524943e-01
1.681418398208475995e-01 2.737728564342505749e-02 5.146739514419352846e-01 2.898069230937920793e-01
2.081987003448518836e-01 3.357585689482726898e-02 4.871699430495445848e-01 2.710554997107761377e-01
1.967732124916286851e-01 1.411324281615744178e-02 4.460535850748374997e-01 3.430599596173762866e-01
2.613312084055028350e-01 2.355527549749293972e-02 4.601581660141658148e-01 2.549553500828384833e-01
1.622872342006521640e-01 2.876440891221837548e-02 4.723563963171553137e-01 3.365919605699742023e-01
2.035511271487087381e-01 3.399864170936683916e-02 4.853374971018881157e-01 2.771127340400362238e-01
1.867734919600617660e-01 2.338505662341393981e-02 5.292338244940257841e-01 2.606076269224984476e-01
1.873425011188667166e-01 2.640149824737269071e-02 5.300682122757721659e-01 2.561877883579883886e-01
2.101543231294611958e-01 2.086700087573787818e-02 5.008617538922349732e-01 2.681169221025659355e-01
1.850555569509464426e-01 3.805018445603602223e-02 4.713467240914261391e-01 3.055475345015913891e-01
1.997433810806274190e-01 3.943074812251046168e-02 4.882584564880346201e-01 2.725674143088275270e-01
2.139381057306395939e-01 1.952923763181213523e-02 4.879998413022102466e-01 2.785328153353380798e-01
1.842957947280711439e-01 2.467355277434811131e-02 5.062463291139965849e-01 2.847843233835841148e-01
2.164710664499064630e-01 3.582153412283528571e-02 4.736555047644050997e-01 2.740518946628531793e-01
1.781182330624461463e-01 1.519403301245171763e-02 5.742057365472876818e-01 2.324819973778145255e-01
2.109527867790631228e-01 2.845246622996735683e-02 4.877344628633101253e-01 2.728602841276593916e-01
2.028756142334147972e-01 4.175172031740600337e-02 4.743264937482683519e-01 2.810461717009108407e-01
1.472812718331742154e-01 2.230277578811346723e-02 5.645265285676958067e-01 2.658894238110166008e-01
1.839916583263934424e-01 2.818102415557987434e-02 5.150882641818332885e-01 2.727390533361934155e-01
1.712781287371196726e-01 4.767749291313755355e-02 4.693021176348167733e-01 3.117422607149260005e-01
1.710934370062305587e-01 2.244252253617599197e-02 4.926976383384599201e-01 3.137664021191336472e-01
1.901670209655734745e-01 3.967230383010809935e-02 4.858916530739548212e-01 2.842690221303634801e-01
1.983789888635521526e-01 1.818738906416129258e-02 4.673333443248577357e-01 3.161002777474288261e-01
1.916890945422804748e-01 1.760458914504985789e-02 4.886016664569408641e-01 3.021046498557287685e-01
1.974456269586649659e-01 1.270187628342530316e-02 4.537509051152704975e-01 3.361015916426392525e-01
1.962367195039712298e-01 3.186120754678761074e-02 4.706941655969155147e-01 3.012079073523256656e-01
2.164669019247694448e-01 3.950825638695329434e-02 4.230036537849466427e-01 3.210211879033305071e-01
2.198443713553829004e-01 2.039265636587743111e-02 4.920859561634038370e-01 2.676770161153358973e-01
2.407829172859856648e-01 1.979657656390017978e-02 4.725098918029303485e-01 2.669106143471838277e-01
2.416518543673694674e-01 2.477768616509898672e-02 4.477799220896143129e-01 2.857905373779172087e-01
1.703240450751187240e-01 3.141130311378104167e-02 4.872426010521484496e-01 3.110220507589516736e-01
2.038145450359035160e-01 2.121620362082897102e-02 4.874933383355111172e-01 2.874759130077564895e-01
2.428025139829042833e-01 5.626337595085299098e-02 3.805496664602087131e-01 3.203844436060340195e-01
2.145769122523747408e-01 3.637611428759299909e-02 4.540709887177488691e-01 2.949759847422832593e-01
1.720243444666499366e-01 2.757349557161053663e-02 4.705624283445984934e-01 3.298397316171409188e-01
2.142758016815943800e-01 3.247760427939580530e-02 4.514463780146560357e-01 3.018002160243536958e-01
1.983487680757242966e-01 3.715883809086806266e-02 4.678713693395180617e-01 2.966210244938896068e-01
1.778455143566214369e-01 2.101885752976136168e-02 5.446298136246502386e-01 2.565058144889668656e-01
1.855730634723507522e-01 1.803137488035568003e-02 5.171441168101867936e-01 2.792514448371068991e-01
2.216478397051656335e-01 2.755643917090843525e-02 4.625813784313113075e-01 2.882143426926146446e-01
2.265513368734141386e-01 2.340403274558526883e-02 4.763922179362629628e-01 2.736524124447376471e-01
1.910530439857080764e-01 4.078148535832489679e-02 4.607561923352210265e-01 3.074092783207461044e-01
1.980708648802017857e-01 4.810348435383563631e-02 4.386387671066920846e-01 3.151868836592703893e-01
1.617061935036220865e-01 2.101763058393034053e-02 5.345550227647819508e-01 2.827211531476657158e-01
2.081619322476908618e-01 1.191056393473493950e-02 5.021739725826354084e-01 2.777535312349387331e-01
1.912975221256763558e-01 2.007905287060663541e-02 4.681528410564133047e-01 3.204705839473037665e-01
1.415322102943606108e-01 5.973760568727982945e-02 4.594498979376881453e-01 3.392802860806714005e-01
2.114952246485069243e-01 2.773038022759957699e-02 4.886830639065407600e-01 2.720913312173526277e-01
2.631186592141803726e-01 1.521012602595368801e-02 4.231955897301710179e-01 2.984756250296949354e-01
1.803002251737007289e-01 2.298396587130208460e-02 4.952173955721478893e-01 3.014984133828493285e-01
1.889826648258444430e-01 3.766620011834671822e-02 5.200389501617389554e-01 2.533121848940699805e-01
2.211490063811498430e-01 1.653829476662155296e-02 4.445140168287477489e-01 3.177986820234807164e-01
2.158786194137640724e-01 2.573967105172625391e-02 4.861248722462900851e-01 2.722568372882195331e-01
1.769753617878451202e-01 2.538865085128336196e-02 4.913865530702769546e-01 3.062494342905947020e-01
1.589081505524039539e-01 3.170497939455103886e-02 5.215555668310526416e-01 2.878313032219924628e-01
1.899141336699067539e-01 2.466790631604709808e-02 5.319552871413463224e-01 2.534626728726998568e-01
1.775647766749516021e-01 3.263723821266348996e-02 4.911721895544503003e-01 2.986257955579347256e-01
2.236883676994811665e-01 2.200971563233621725e-02 4.593212349226968305e-01 2.949806817454856955e-01
1.885308339339568651e-01 2.871031616415088000e-02 5.117831537659116581e-01 2.709756961359805483e-01
2.582050552190686687e-01 4.168181789283531558e-02 4.208866395152327522e-01 2.792264873728631525e-01
2.492013298199126370e-01 2.725382816250242202e-02 4.678409984529840471e-01 2.557038435646009633e-01
2.046658990768390196e-01 1.564804463761694173e-02 5.148460526135306692e-01 2.648400036720134909e-01
1.774563422382723077e-01 3.956461847737974963e-02 4.887625839705760922e-01 2.942164553137718852e-01
1.792196061811358321e-01 3.312034494927401651e-02 5.156878643842615073e-01 2.719721844853286163e-01
1.845602223652888230e-01 1.807132592161056484e-02 5.362171680360816595e-01 2.611512836770189527e-01
1.858380345459880734e-01 5.192024689840652601e-02 5.032486583288464654e-01 2.589930602267588311e-01
2.457185681198896798e-01 2.092946479790951109e-02 4.315190652055208020e-01 3.018329018766799932e-01
1.840950050200653443e-01 2.614509903950459901e-02 4.960058547118232908e-01 2.937540412286068769e-01
1.829634388720046689e-01 4.208978278407996682e-02 4.669281600366144702e-01 3.080186183073008732e-01
2.027312100406573336e-01 1.877070375460640136e-02 5.565979505870669586e-01 2.219001356176692197e-01
2.567472897276417143e-01 2.548945061345801039e-02 4.668126039602404909e-01 2.509506556986595971e-01
1.816876789330460484e-01 1.931596646137195145e-02 5.133336922640867606e-01 2.856626623414952326e-01
2.606516049269713697e-01 4.235970934511008174e-02 4.205184972529928955e-01 2.764701884749256600e-01
1.658542418186426115e-01 1.850829089174102840e-02 4.887033487069639692e-01 3.269341185826524221e-01
1.938566299574803475e-01 2.492443737870079362e-02 4.620783313408105553e-01 3.191406013230083660e-01
1.274509662980045088e-01 2.281667810131723234e-02 5.722501864833917651e-01 2.774821691172864591e-01
1.888202115071342668e-01 3.108591606636116472e-02 4.633349276866989830e-01 3.167589447398056479e-01
1.553454031854124284e-01 3.472097617012571275e-02 4.838237650445922911e-01 3.261098555998694359e-01
1.943776999787778514e-01 4.018117136015384588e-02 5.012604103457652949e-01 2.641807183153029870e-01
2.416307711972928429e-01 2.305218615157753753e-02 4.254850312140872615e-01 3.098320114370423650e-01
2.187938456244143681e-01 3.288888604937600241e-02 4.544920148941598015e-01 2.938252534320499598e-01
2.016113055144266863e-01 2.046868577507339818e-02 5.491338979532802700e-01 2.287861107572196906e-01
1.874994550390214898e-01 2.166279210517207954e-02 4.977560935709228196e-01 2.930816592848837221e-01
2.220837486281245221e-01 3.690436607864786694e-02 4.241777387300743607e-01 3.168341465631532294e-01
2.181307862311594736e-01 3.728106321952302099e-02 4.713382849714768952e-01 2.732498655778407559e-01
1.938938547735102047e-01 1.847332229789617683e-02 4.799307540167431774e-01 3.077020689118505348e-01
1.828749601457258511e-01 2.996404869388885617e-02 5.264966695335651092e-01 2.606643216268201835e-01
2.331165846189676427e-01 2.464369352079261860e-02 5.250121422368589919e-01 2.172275796233807676e-01
1.989408174748655000e-01 9.154492236153957685e-03 4.868702931338530493e-01 3.050343971551275901e-01
2.096069754026121945e-01 1.990009105192054248e-02 4.586528524704445720e-01 3.118400810750227570e-01
2.137911889867748216e-01 1.611656466404370880e-02 4.583992004017153343e-01 3.116930459474662185e-01
1.864725744434717059e-01 3.374360432968211837e-02 4.776864580242483616e-01 3.020973632025977240e-01
2.105559491331182864e-01 2.564605224668213557e-02 4.365181434601956845e-01 3.272798551600039629e-01
1.993461120254405305e-01 1.374279846482982272e-02 4.665015313471894687e-01 3.204095581625402422e-01
2.108225166192616573e-01 2.788576197968798201e-02 4.484926753985561398e-01 3.127990460024942521e-01
2.310206698598052388e-01 2.166231853209402147e-02 4.677428191737780794e-01 2.795741924343226881e-01
1.595025913469167445e-01 3.691794332563577002e-02 5.215449019164736244e-01 2.820345634109738264e-01
2.211036876604321744e-01 3.451068567158472461e-02 4.497217739983599416e-01 2.946638526696231941e-01
1.831045617338506737e-01 3.304986335288310345e-02 4.881553280035904052e-01 2.956902469096757691e-01
1.723367504790143390e-01 2.708880403916695545e-02 4.703004297392912036e-01 3.302740157425274603e-01
1.998358028373868889e-01 4.644161120173594809e-02 4.929123723725208905e-01 2.608102135883562100e-01
2.088301466197527156e-01 4.430455173230114091e-02 4.967228872735319212e-01 2.501424143744142570e-01
2.021516880560532969e-01 1.808456562567784323e-02 4.833381142741876579e-01 2.964256320440810111e-01
2.339932003791324044e-01 1.346876288533870036e-02 4.915866010790697627e-01 2.609514356564592297e-01
1.824099313385603160e-01 3.366165611182832945e-02 4.790443829466149994e-01 3.048840296029964869e-01
2.354852083051139910e-01 2.948797083187953971e-02 4.892961448718423090e-01 2.457306759911641325e-01
2.059516119570476700e-01 3.970883360677266577e-02 4.831082249590866740e-01 2.712313294770929972e-01
2.256876515303571085e-01 3.486504282912443464e-02 4.612199119354988275e-01 2.782273937050195878e-01
1.705882924082042784e-01 2.272139007389682719e-02 5.314160858113575747e-01 2.752742317065411948e-01
2.422016284251291840e-01 4.029089413956078031e-02 4.288789211032502102e-01 2.886285563320598047e-01
2.020706697741651570e-01 3.657253520616451925e-02 4.723939015291671595e-01 2.889628934905031921e-01
2.029338308022681225e-01 1.677835960290259901e-02 5.088752638255883420e-01 2.714125457692409538e-01
1.736122922401232560e-01 4.710884815462754865e-02 4.886680644792885664e-01 2.906107951259607747e-01
1.632236123315126963e-01 2.970052445350028492e-02 4.894514331054252154e-01 3.176244301095618727e-01
1.548942297777088362e-01 2.680218961345952680e-02 5.038588415222829964e-01 3.144447390865487413e-01
1.723286068292845807e-01 5.872919799770949523e-02 4.429933047015274239e-01 3.259488904714786250e-01
1.821111625011054558e-01 2.717464979343600651e-02 4.902043229124079526e-01 3.005098647930504741e-01
1.915727338262076529e-01 2.493753192856040454e-02 4.673314909580281729e-01 3.161582432872037107e-01
2.024035656760675150e-01 2.881521543537299973e-02 4.660218968296261921e-01 3.027593220589332446e-01
1.698868811364486475e-01 2.190136540323475711e-02 5.114904928337427048e-01 2.967212606265739461e-01
2.063590937523470947e-01 1.872357882330655948e-02 4.820454019742460017e-01 2.928719254501003233e-01
2.207879163192132677e-01 2.939732195957822300e-02 4.840481347038224635e-01 2.657666270173860146e-01
1.966394471485904683e-01 2.371891740536201040e-02 4.880982908800842179e-01 2.915433445659633138e-01
1.931016037211056025e-01 1.999636926779916127e-02 5.339880401888131845e-01 2.529139868222819998e-01
1.839255738690165343e-01 2.121046241495725196e-02 5.176800332158839613e-01 2.771839305001421727e-01
1.742714033704644283e-01 2.837247907230067145e-02 5.185542502727735759e-01 2.788018672844612689e-01
2.311891802747004787e-01 2.867461932711472955e-02 4.964725388641893500e-01 2.436636615339954903e-01
1.997586290445938217e-01 3.716974286253887927e-02 4.556894690147215154e-01 3.073821590781458668e-01
2.085311841727640336e-01 3.071536931552841174e-02 4.578999624475344477e-01 3.028534840641730064e-01
2.068824850322185382e-01 2.704066872421769657e-02 4.635461814368021516e-01 3.025306648067616622e-01
2.248829799699975374e-01 2.029930412341390822e-02 4.780598732398286255e-01 2.767578426667599567e-01
2.019250396584230944e-01 2.552556773883829511e-02 5.143701470113907215e-01 2.581792455913478612e-01
1.820437066588412034e-01 4.079390251964198216e-02 5.031221408581701970e-01 2.740402499633465272e-01
1.898950687020782846e-01 2.645361911710676986e-02 5.057132301551841014e-01 2.779380820256309725e-01
1.994954303194935719e-01 2.350168407862456357e-02 5.119426641481275020e-01 2.650602214537543522e-01
1.664930337291266049e-01 3.313596530293305004e-02 5.027915933869941956e-01 2.975794075809461980e-01
1.834326130939635535e-01 1.720836488088061181e-02 5.009968168182360460e-01 2.983622052069197506e-01
1.753919830013672410e-01 1.708525783379393620e-02 5.088057497699949305e-01 2.987170093948436911e-01
2.154506802095251250e-01 1.973650671097101211e-02 4.655819476107321275e-01 2.992308654687718672e-01
2.253615099791618503e-01 3.037267119643262056e-02 4.732567960416242947e-01 2.710090227827812726e-01
1.860907785585162733e-01 2.387050767110156582e-02 5.073274937107045135e-01 2.827112200596775260e-01
2.295397504185519022e-01 3.376517067003148576e-02 4.807467988578328355e-01 2.559482800535837210e-01
1.934498463613385510e-01 3.138517878923379606e-02 4.742835682297460997e-01 3.008814066196816572e-01
2.333719214461237867e-01 1.489848923851462559e-02 5.018208118324528622e-01 2.499087774829087116e-01
1.999997132219729912e-01 3.028310695804116437e-02 4.644614140625125120e-01 3.052557657574732630e-01
