1.747403057216678490e-01 2.558104392975765751e-02 4.519824959987069346e-01 3.476961543498675034e-01
1.247955394130190743e-01 2.413646548383220278e-02 4.866968109163216094e-01 3.643711841868270684e-01
1.540730880437525263e-01 3.584542718960329749e-02 4.391825245102155550e-01 3.708989602564286003e-01
1.505551704016280246e-01 2.120517883262964740e-02 4.427271765151760685e-01 3.855124742505662283e-01
1.410689309060038643e-01 2.872867352523568799e-02 3.969213011039682271e-01 4.332810944647922380e-01
1.025085298999941219e-01 2.770504544870719052e-02 4.953151361706924494e-01 3.744712884806061237e-01
1.869738301666163394e-01 2.623309144227424852e-02 4.186591767341499293e-01 3.681339016569593059e-01
1.007099501783287054e-01 3.473751971623663393e-02 5.322664919694362062e-01 3.322860381359984960e-01
1.494580237788253885e-01 9.942106109306739908e-03 4.745635101300299530e-01 3.660363599818378666e-01
1.326336397156024638e-01 3.749475034073591201e-02 4.475563999962423600e-01 3.823152099474192434e-01
1.540517234077526387e-01 2.929996697706508876e-02 4.921502751895831529e-01 3.244980344255989912e-01
1.786061287488938665e-01 2.612883210484024527e-02 4.762283015147701914e-01 3.190367376314957593e-01
1.238965232342246620e-01 3.874960102945624457e-02 5.390101299700738036e-01 2.983437457662452275e-01
1.474407105005857976e-01 1.391124764385289272e-02 4.515223473490281858e-01 3.871256945065330024e-01
1.160770306573234295e-01 4.335589476515780416e-02 4.109945453338881838e-01 4.295725292436305409e-01
1.615281889514409708e-01 1.778384016919441410e-02 4.482274249397997234e-01 3.724605459395649021e-01
1.647435627335310515e-01 2.702429185344610088e-02 5.103033897677049513e-01 2.979287556453178998e-01
1.199014210839478151e-01 1.005182039824085299e-02 4.925777492002064162e-01 3.774690093176049088e-01
1.149757356696001348e-01 1.185097626832108848e-02 5.506719282551844064e-01 3.225013598068944276e-01
9.141794836357707010e-02 3.524077264002265647e-02 5.217665437880154577e-01 3.515747352083847810e-01
1.999149774842979288e-01 1.297709731495799886e-02 4.665344043265376994e-01 3.205735208742063191e-01
1.235551278846588191e-01 4.531195462773670440e-02 4.662283714256757472e-01 3.649045460619288472e-01
9.119924698570359978e-02 4.897901934252232858e-02 5.254264838647590974e-01 3.343952498070150714e-01
1.532577033211353912e-01 2.048081183516797105e-02 4.431501414226958757e-01 3.831113434210007829e-01
9.537993009930051391e-02 5.954623321185350399e-02 4.903850434685685378e-01 3.546887932202774651e-01
1.172449266464489215e-01 2.749380745394211512e-02 4.576140541838707998e-01 3.976472117157381359e-01
1.117543746790060771e-01 1.886827829812544668e-02 4.967508030043283895e-01 3.726265440185400069e-01
1.284938670368492575e-01 4.290148640517475742e-02 4.934626510721340509e-01 3.351419954858419481e-01
1.281021398311666948e-01 3.121807046455843393e-02 4.641369902640238299e-01 3.765427994402510414e-01
1.554460466393659812e-01 1.643411889767754097e-02 4.771454231226820997e-01 3.509744113402743504e-01
1.269758148907605966e-01 4.031313416753336959e-02 4.433475090315171507e-01 3.893635419101888484e-01
8.551899102483857817e-02 1.511847012536366407e-02 5.578369864111365484e-01 3.415255524386611730e-01
1.129997896802366480e-01 1.873390861411454097e-02 4.989895340455741124e-01 3.692767676600748894e-01
1.483656644812055836e-01 3.204822393658340873e-02 5.012808714995822257e-01 3.183052400826288375e-01
1.605324750120586952e-01 4.392170527108509720e-02 4.936721153998398504e-01 3.018737043170162115e-01
1.368609287220972914e-01 1.763540998232419540e-02 4.733702082224985341e-01 3.721334530730799894e-01
1.692585298132010252e-01 2.381129266601600750e-02 4.643879982349943258e-01 3.425421792857887837e-01
1.626661146613613274e-01 3.027368568354637385e-02 4.386120647527304572e-01 3.684481349023618346e-01
1.313609427802233665e-01 2.713910436247870053e-02 4.500553160718137047e-01 3.914446367854842457e-01
1.124180705070725317e-01 2.232979418335297173e-02 5.099606552090412137e-01 3.552914801005332412e-01
1.552194892973760842e-01 1.568395090178056547e-02 4.134559805052889225e-01 4.156405792955543133e-01
1.408060708898184743e-01 1.997751709328481062e-02 4.879991743645031299e-01 3.512172376523934880e-01
1.208043663241437499e-01 1.757110387765099119e-02 4.640423316663886966e-01 3.975821981318164444e-01
1.369519596620980273e-01 3.341718979453087851e-02 4.369378324223268661e-01 3.926930181210442350e-01
1.467983385880552438e-01 2.592849313926713639e-02 4.126192773998684782e-01 4.146538908728091832e-01
1.498428041597872906e-01 5.218491921483271040e-02 4.604596145428795362e-01 3.375126620825004142e-01
1.343535876650039651e-01 2.077475882059847886e-02 4.793569291375037733e-01 3.655147243768936405e-01
1.565556610278490413e-01 3.381341134485844890e-02 4.518205256166439310e-01 3.578104020106485095e-01
1.355346981536456885e-01 2.056237348131766465e-02 4.795012523630480250e-01 3.644016760019886947e-01
1.197099710017635599e-01 4.923430762817670309e-02 4.614008572147475506e-01 3.696548641553121239e-01
1.356581019714004077e-01 1.562732004859554089e-02 5.068480266812385171e-01 3.418665512987656419e-01
1.420363487779491007e-01 5.455764137830866611e-02 5.012262228782552453e-01 3.021797869654869739e-01
1.251279057071829348e-01 3.651305120165873608e-02 4.966186524598152907e-01 3.417403906313430939e-01
1.603862258794350182e-01 3.329758793091713159e-02 5.079193953047861365e-01 2.983967908848617623e-01
9.804792388777593126e-02 3.415386465647989034e-02 4.699559423460308305e-01 3.978422691097133757e-01
1.543378719587993331e-01 2.985039594641460473e-02 4.810064029006284603e-01 3.348053291941576748e-01
1.253683637110655502e-01 2.543062036549345248e-02 4.305492129096265552e-01 4.186518030138146051e-01
1.316093168688956538e-01 2.501197187157530588e-02 5.119588417048737128e-01 3.314198695546552997e-01
1.515931386453716612e-01 2.359382405638059052e-02 4.804848676276576858e-01 3.443281696705901562e-01
1.518046936535892844e-01 3.100853069352259295e-02 4.621236254831747048e-01 3.550631501697134040e-01
1.316587078278227407e-01 2.397080874459674854e-02 4.647331545500389405e-01 3.796373288775414245e-01
1.642056416285556653e-01 1.079987021274766458e-02 5.185582808280368994e-01 3.064362073306597378e-01
1.558148597099861810e-01 1.973576638861946134e-02 4.414092345733378608e-01 3.830401393280565281e-01
1.247129724317654204e-01 4.720071924468498964e-02 5.193957125941387476e-01 3.086905957294108771e-01
1.110132775385774540e-01 1.856489941882173353e-02 5.093363219309650081e-01 3.610855011116357316e-01
1.610525632151200981e-01 3.843167347821863089e-02 4.818671696665907112e-01 3.186485936400705321e-01
1.415421864604390068e-01 1.312951987265047193e-02 4.782505570535942607e-01 3.670777366133164410e-01
1.204703859302341945e-01 2.582726339027785825e-02 5.099070150034815674e-01 3.437953356760065082e-01
1.234109866206642425e-01 5.196308019219838398e-02 4.873091779868458651e-01 3.373167552002914182e-01
1.122371877658989436e-01 2.560209981076634611e-02 4.870907539543619102e-01 3.750699584689726751e-01
1.531793080867249746e-01 4.292000050647295367e-02 4.647552917272907425e-01 3.391453996795113501e-01
1.581308003302366594e-01 2.488817680634945392e-02 4.655457917701585902e-01 3.514352310932553625e-01
1.294504938377399883e-01 2.584390843993208259e-02 4.637369715915100610e-01 3.809686261308179445e-01
1.193700496372614300e-01 2.587932759629571131e-02 4.531690676941886320e-01 4.015815550722542926e-01
1.365147767127538603e-01 1.834871021332624974e-02 4.520910840928962782e-01 3.930454289810235147e-01
1.375023795583610597e-01 1.799824235119284674e-02 4.718328624650327541e-01 3.726665156254132527e-01
1.116809160448584692e-01 3.708700944352712886e-02 4.925680899540041402e-01 3.586639845576102825e-01
9.426874276232333205e-02 3.606816972751302613e-02 5.037412497004931655e-01 3.659218378096704694e-01
1.231596030236492140e-01 3.015612035601881666e-02 4.669977472560375431e-01 3.796865293642943118e-01
1.168261913247893441e-01 2.626062000976672056e-02 4.683213009252872872e-01 3.885918877401566829e-01
1.407693608418950637e-01 2.996255042642435515e-02 4.906781081157151059e-01 3.385899806159655134e-01
1.545634302277934802e-01 2.913666170982329856e-02 5.330665360104727135e-01 2.832333720519104037e-01
1.368699567814051221e-01 3.806357228892331274e-02 4.375357341144052725e-01 3.875307368152662857e-01
1.442987410546890392e-01 2.837684787808422010e-02 4.016110792894401760e-01 4.257133317777865855e-01
1.455967991611956114e-01 1.139783732704208533e-02 4.286052660902954781e-01 4.144000974214669397e-01
1.261823117614283840e-01 2.316345252220686213e-02 5.050759182635392586e-01 3.455783174528255786e-01
1.704936888390714833e-01 2.289152986462092074e-02 4.631678387364235316e-01 3.434469425598839498e-01
1.399971102342842666e-01 2.435386771044540863e-02 5.027318124089907858e-01 3.329172096462795216e-01
1.185911242752987760e-01 4.142975658551850682e-02 4.869735062434182860e-01 3.530056128957643202e-01
1.280318034287788453e-01 3.480225440797080072e-02 4.499891879380888415e-01 3.871767542251615124e-01
1.367677158570414497e-01 1.934532426756023840e-02 4.929862887208905087e-01 3.509006711545077928e-01
1.124245034695518924e-01 2.519436852616275743e-02 4.901519778358686685e-01 3.722291501684167336e-01
1.163695557593089763e-01 2.357941745495162680e-02 5.248079244675669663e-01 3.352431023181723924e-01
1.370061955559843392e-01 1.591313775380140752e-02 5.462100026774827644e-01 3.008706640127313259e-01
1.283747135562439690e-01 3.436573059048957102e-02 4.893941024490348068e-01 3.478654534042315283e-01
1.697962083032829306e-01 2.337713270721932662e-02 4.450738853153454189e-01 3.617527736741522615e-01
1.431510026555532500e-01 3.150659739927506864e-02 4.501289225790622295e-01 3.752134773661094935e-01
1.442811833548953704e-01 3.773497272735013702e-02 4.955131473036571421e-01 3.224706966140974407e-01
1.546728429653531911e-01 2.292623248149223969e-02 4.745060403984567299e-01 3.478948841546977144e-01
1.288264643221224692e-01 3.653744307553652426e-02 4.846564650479296410e-01 3.499796275544113100e-01
1.489198704293581976e-01 1.375765638841966627e-02 4.579781735936974130e-01 3.793442995885246694e-01
1.876138281373506134e-01 2.918277208060686412e-02 4.547883989024863460e-01 3.284150008795561626e-01
1.466544923399986378e-01 3.038776482771199383e-02 4.746445029929821646e-01 3.483132398393072870e-01
1.335065462429217420e-01 2.201263255237286345e-02 4.741135575627485887e-01 3.703672636419566566e-01
1.561490221930819933e-01 2.285293178269875297e-02 4.725832530921312835e-01 3.484147929320881021e-01
1.568920379255912267e-01 4.404428983696681565e-02 4.596519081997078038e-01 3.394117640377342648e-01
1.781181538370468220e-01 2.772341393109773941e-02 4.777302818296062514e-01 3.164281504022491420e-01
1.682528016258275083e-01 2.333660907018093172e-02 4.454880288279422507e-01 3.629225604760494273e-01
1.259053689154064903e-01 3.399566482784995014e-02 4.765483934394431631e-01 3.635505728173004658e-01
1.207059807724183281e-01 1.988623895529143676e-02 4.814368891707861420e-01 3.779708911015039474e-01
1.395202093792081988e-01 1.864881218710251129e-02 4.378064349431045610e-01 4.040245434905846977e-01
1.517651894316738304e-01 1.846571265886359434e-02 4.097744639168015013e-01 4.199946339926610150e-01
1.257268942334599515e-01 4.840943217728703452e-02 4.738634406991112380e-01 3.520002328901417621e-01
1.233144758940403901e-01 1.720432603151559117e-02 5.105908040517341817e-01 3.488903940227098266e-01
1.452001872943834149e-01 1.813655945807820732e-02 4.854140044003642518e-01 3.512492488471741225e-01
1.518186338689329618e-01 2.318312188434238155e-02 4.677900537618338017e-01 3.572081904848908862e-01
1.709748035914107900e-01 3.716722019167518348e-02 4.603766855482173681e-01 3.314812906686967486e-01
9.888448637548642728e-02 2.024119461509847617e-02 5.077621631631287213e-01 3.731121558462863197e-01
1.672572004692704783e-01 2.801462103755612831e-02 4.839716786064788834e-01 3.207564998866946349e-01
1.215973836857204005e-01 2.413940869281846688e-02 5.042861898407756671e-01 3.499770177806853511e-01
1.090809594497152424e-01 1.484688709246770148e-02 4.710143162831967323e-01 4.050578371746202389e-01
1.090755474719582591e-01 3.887774596282605327e-02 5.294367549239529236e-01 3.226099516412628265e-01
1.162885397830911854e-01 3.342408986582532521e-02 4.776969450849287702e-01 3.725904252661547122e-01
1.122475215458203779e-01 3.488193193486294197e-02 4.787680541117274591e-01 3.741024924075893043e-01
1.368052661330464159e-01 1.799850794666031650e-02 4.912127825028787531e-01 3.539834434174144451e-01
1.048968671522411411e-01 3.328846013869949522e-02 4.617471830763770768e-01 4.000674896326822383e-01
1.347447023956747092e-01 1.223284830736885362e-02 5.198162372547687760e-01 3.332062120421876439e-01
1.437649210579287629e-01 1.419790911236391492e-02 4.520264363904193949e-01 3.900107334392879377e-01
1.315138837612351841e-01 1.774458737932642707e-02 5.071936012108128056e-01 3.435479276486256839e-01
1.171143474146009306e-01 1.320229525235907739e-02 5.036625761479548435e-01 3.660207811850851312e-01
1.004475868913599079e-01 1.818346430336299432e-02 4.990090029224054646e-01 3.823599458828717546e-01
1.813057831815948207e-01 1.752121457490431536e-02 5.030861134799442524e-01 2.980868887635564346e-01
1.540669368231081804e-01 3.102051648405493300e-02 4.567339761041865898e-01 3.581785705886503801e-01
1.816636494607799246e-01 1.678934623875217441e-02 4.291186439216994608e-01 3.724283603787684749e-01
1.226936912127945672e-01 4.003443072110192402e-02 4.133879133874478473e-01 4.238839646786556892e-01
1.551311070384469304e-01 1.419308201787217692e-02 4.647355176116916842e-01 3.659402933319892415e-01
1.314207944094906155e-01 3.490626318619807766e-02 4.218943042207928817e-01 4.117786381835182863e-01
1.504734679603455250e-01 2.689022304722059678e-02 5.038501602152852810e-01 3.187861487771486702e-01
1.204581669073370442e-01 3.874755817070314745e-02 4.738548343457473222e-01 3.669394405762123057e-01
1.325484496860668826e-01 2.901677234870346164e-02 4.848877068888514663e-01 3.535470710763781166e-01
1.364789150978231169e-01 2.335909005389429777e-02 4.749962317412416701e-01 3.651657631070409638e-01
1.459097840492769027e-01 4.553865325472736952e-02 4.115136629204558250e-01 3.970378997755400485e-01
9.481184664702449472e-02 3.450486389296372053e-02 5.092788078635472893e-01 3.614044815964643775e-01
1.645604090983814327e-01 3.619642092036545744e-02 4.577650123040336583e-01 3.414781576772195071e-01
1.556665992635685170e-01 2.512118315037987007e-02 4.344704251281401031e-01 3.847417924579113468e-01
1.665134635060563639e-01 1.924944851763719586e-02 5.161854967097887492e-01 2.980515912665177569e-01
1.174770477852137285e-01 1.777243436479532257e-02 4.875021852005314571e-01 3.772483326494595612e-01
1.008271458709116691e-01 1.461596130559031370e-02 5.145021875404467426e-01 3.700547052830511774e-01
1.057908739819730798e-01 4.045011345081351434e-02 4.574431790808937692e-01 3.963158334863196020e-01
1.388512091622650657e-01 1.634202794034768716e-02 4.834429635733022979e-01 3.613637993240850221e-01
1.187418672781390128e-01 3.619807315445988660e-02 4.642336351685014129e-01 3.808264243988997433e-01
1.036107934767909605e-01 3.965281597883567322e-02 4.958875743760446375e-01 3.608488161683286455e-01
1.211543831065926557e-01 2.683154322421055921e-02 5.049878519778812080e-01 3.470262216913155284e-01
1.503371775676022593e-01 1.792954611657774505e-02 4.913841101595283756e-01 3.403491661562916271e-01
1.109313080033076937e-01 2.397497942990752667e-02 4.822262597829081732e-01 3.828674527838766828e-01
1.099536277947732454e-01 1.393943271220618278e-02 5.073190290536760960e-01 3.687879104393442797e-01
1.090561538807080511e-01 2.741425083560778547e-02 5.208868050834962737e-01 3.426427902001880077e-01
1.420120049509475402e-01 4.103169855230706653e-02 4.694996650687980333e-01 3.474566314279474710e-01
1.309018800822520923e-01 2.311826817066326561e-02 4.933984561762265186e-01 3.525813955708581027e-01
1.051663118280081605e-01 1.288394612382263299e-02 4.764436161706297468e-01 4.055061258775394806e-01
1.737111849205962566e-01 2.351330664679000468e-02 4.461084422331761945e-01 3.566670661994374991e-01
1.655653154980650243e-01 4.629195221740065036e-02 4.593268789931460039e-01 3.288158532913882937e-01
1.345364825179218848e-01 1.779283987811104348e-02 4.657003600714851865e-01 3.819703175324818401e-01
1.249474050283307380e-01 2.032173054589848232e-02 4.866525648999956433e-01 3.680782995257750323e-01
1.268918897187866490e-01 3.711441893222711119e-02 5.027514747956620678e-01 3.332422165533241443e-01
1.539562170392637652e-01 1.197484040633547096e-02 4.933648490148230814e-01 3.407040935395776460e-01
1.296573764611024249e-01 2.355745191203950303e-02 5.000344049892522236e-01 3.467507666376056785e-01
1.543228732220434940e-01 3.293403364299819086e-02 4.719409218352044189e-01 3.408021712997539310e-01
1.201823309440550741e-01 1.611741613473383766e-02 5.132165658277970666e-01 3.504836870934139870e-01
9.603264426511445850e-02 3.675878672463320923e-02 5.000755270756283011e-01 3.671330419346240381e-01
1.697510586132428279e-01 1.720207939832814684e-02 4.436820120820639257e-01 3.693648499063651447e-01
1.328527332346961520e-01 2.376588402857881394e-02 4.756689285487271657e-01 3.677124541879979169e-01
1.021066708784968829e-01 2.674298526531801445e-02 5.139692763805636666e-01 3.571810674756215054e-01
1.474373801344782686e-01 3.670753669551877346e-02 4.516882644662933433e-01 3.641668187037097049e-01
1.280714614052317069e-01 1.137430954399978704e-02 5.196030547879683104e-01 3.409511742628001940e-01
1.245368696134063896e-01 3.966233474823938759e-02 4.528170197526522611e-01 3.829837758857018715e-01
1.579478590975494090e-01 3.368611971182504383e-02 4.775828073598560319e-01 3.307832138307694736e-01
1.601828675082312137e-01 2.367260947519761460e-02 4.751053788137826195e-01 3.410391442027886355e-01
1.580584851748973729e-01 3.698751496996143667e-02 4.344970755201357782e-01 3.704569243350054886e-01
1.036097563932145277e-01 4.722731151419585355e-02 5.108780553075971120e-01 3.382848767849925831e-01
1.232772838390037984e-01 1.858057062581149749e-02 5.269729613791404033e-01 3.311691841560442939e-01
1.230775029127396669e-01 2.684429693007294240e-02 5.032489415317076276e-01 3.468292586254798637e-01
8.994044181606673793e-02 1.651389191070508008e-02 5.174746939713873450e-01 3.760709723018407225e-01
1.365402369460089471e-01 2.291675032745062179e-02 4.551627244462928545e-01 3.853802882802474516e-01
1.253021173815845046e-01 2.846802100124301571e-02 4.576022965716794455e-01 3.886275650454929509e-01
1.173415326579905354e-01 3.588791163885626800e-02 5.012864511532059142e-01 3.454841045499472685e-01
1.276675439979207960e-01 6.522533617776150872e-02 4.251460164549959453e-01 3.819611033693217084e-01
1.300592081347323736e-01 2.397585463114194210e-02 4.988788477277694144e-01 3.470860895063562213e-01
1.256178718028037045e-01 3.834461509271858137e-02 4.066236453862320799e-01 4.294138677182455788e-01
1.358706367250159530e-01 3.479072282798074262e-02 4.832451268428717972e-01 3.460935136041314308e-01
1.121455275830799680e-01 3.470598233257710802e-02 4.947485958752939061e-01 3.583998942090490525e-01
1.702058546146784923e-01 3.171673480208182100e-02 4.549530815729755928e-01 3.431243290102640731e-01
1.101814125961461527e-01 6.257271186979301847e-02 4.383078659998368987e-01 3.889380095342239163e-01
1.437616036332401703e-01 2.304747233411326771e-02 4.326311366485477428e-01 4.005597873840988643e-01
1.455093213749885650e-01 2.107495551684690147e-02 4.998777465146822530e-01 3.335379765934823326e-01
1.634766420103515305e-01 2.786479231339851481e-02 4.262524957555512972e-01 3.824060699206985880e-01
1.226008370199597464e-01 1.845083093379401573e-02 4.868482547379499592e-01 3.721000773082961399e-01
1.239939415391359961e-01 1.697951949269427274e-02 4.982821388916666150e-01 3.607444000765031022e-01
2.059037420943402863e-01 1.730648911447339733e-02 4.545084041018248033e-01 3.222813646893615824e-01
1.046497869966685340e-01 3.081383427241391609e-02 5.203022015246079324e-01 3.442341772063094996e-01
9.445676934948865622e-02 2.082170206390104514e-02 4.644288606271635977e-01 4.202926679594467529e-01
1.530454585135899437e-01 2.924544665076750719e-02 4.414951360758397336e-01 3.762139587598027912e-01
1.425025730533298063e-01 1.967909553157971142e-02 4.974198691616601442e-01 3.403984622534304005e-01
1.662773996935375254e-01 3.416832523037216518e-02 4.840483699536278772e-01 3.155059051224624600e-01
1.643673976230197453e-01 1.891186716240859586e-02 4.650934606584171127e-01 3.516272745561546120e-01
1.580378352448447155e-01 4.298466559668979309e-02 4.580222671178713623e-01 3.409552320405941916e-01
1.283562756929026993e-01 1.967629829369182959e-02 4.938222038467978692e-01 3.581452221666076019e-01
1.707985310764268405e-01 2.010390267068798767e-02 4.814169947644411640e-01 3.276805714884438725e-01
1.604988635301431987e-01 2.418392096998444804e-02 4.317507818562311694e-01 3.835664336436412358e-01
1.285881495916134931e-01 1.859224292167826684e-02 4.273616076731982516e-01 4.254579998135100127e-01
1.246679908459937119e-01 7.821114990745337003e-03 5.368803955754624102e-01 3.306304985877984715e-01
1.491167293174242015e-01 4.364279615457192923e-02 4.592625947464649694e-01 3.479778797815388236e-01
1.091670181560994990e-01 1.145522274976431588e-02 4.995264008028482139e-01 3.798513582912878550e-01
1.375143100964348331e-01 1.106662567566006443e-02 4.883064894352609486e-01 3.631125747926441938e-01
1.336804260269213174e-01 5.014804867457176019e-02 4.731552374002906958e-01 3.430162878982163099e-01
1.159648180462310163e-01 1.698865768877235241e-02 5.111899644711880297e-01 3.558565597938084801e-01
1.035056837375039895e-01 1.752905412017360595e-02 5.225745934988301755e-01 3.563906686434920590e-01
1.029427310966481435e-01 1.407602549997922538e-02 4.737306730759488493e-01 4.092505703274238460e-01
1.747125765955834520e-01 2.448247542762645168e-02 4.311375379810108432e-01 3.696674099957791282e-01
1.311111591644732455e-01 2.617061103022296289e-02 5.327708991364508151e-01 3.099473306688529939e-01
1.366314491269376707e-01 3.263154234224522471e-02 4.415100188205860476e-01 3.892269897102310638e-01
1.411397254324833206e-01 4.484041391157511658e-02 4.969524913630561369e-01 3.170673692928854259e-01
1.457579478069850609e-01 3.009178749542149381e-02 4.467834363715467161e-01 3.773668283260466216e-01
9.922652860264935537e-02 3.045661648812175715e-02 5.004683747587517217e-01 3.698484801504771657e-01
1.200359189107703811e-01 4.289922103464644670e-02 4.283563122064179551e-01 4.087085478481651268e-01
8.453879767025862524e-02 3.320274890810608059e-02 4.487637362733018498e-01 4.334947171483334860e-01
1.369604791925566889e-01 2.854492297200781487e-02 5.104228441839302466e-01 3.240717536515052011e-01
1.250818007624471817e-01 3.364080139690850402e-02 4.661590881579385504e-01 3.751183096827058194e-01
1.183462733764592267e-01 1.832279069342074296e-02 4.834073221339741933e-01 3.799236137961458093e-01
9.955035367969949922e-02 2.702272238757778833e-02 5.001494632924884387e-01 3.732774606402342599e-01
1.043019349923996336e-01 1.358770763231652474e-02 5.037330090477812883e-01 3.783773483275025828e-01
1.112409500425573100e-01 3.234509069796579622e-02 4.764140955697848123e-01 3.799998636896921300e-01
1.738047336345110161e-01 1.805624504078816653e-02 4.676365053928235871e-01 3.405025159318773031e-01
1.269630009121519576e-01 3.750682306553666800e-02 4.272579996209608932e-01 4.082721764013506061e-01
1.339488508429993174e-01 1.325682460898622295e-02 4.576820936395347150e-01 3.951122309084798001e-01
1.679979935256925849e-01 1.090569302001660398e-02 4.499620627737117018e-01 3.711342506805792030e-01
1.595490831574922497e-01 1.436686775196143427e-02 4.323468829919298595e-01 3.937371660986165312e-01
1.179869804445907722e-01 2.707643292173930738e-02 5.136802634784455313e-01 3.412563231552243614e-01
1.052329756580777098e-01 3.261352958224641996e-02 4.901237337257883797e-01 3.720297610338875738e-01
1.283757922785328243e-01 1.935596643459415803e-02 5.139216882569348499e-01 3.383465530299380464e-01
1.336404120540241325e-01 2.437649451216201274e-02 4.515795531364611426e-01 3.904035402973526914e-01
1.379532910604643614e-01 2.847899076151561709e-02 4.669783773530216120e-01 3.665893408249982777e-01
8.634065600159987475e-02 2.568102528303700671e-02 5.000222037621422366e-01 3.879561149532207431e-01
1.169572533268652542e-01 1.415221712820432728e-02 4.923224401016702556e-01 3.765680894432600900e-01
1.599211702387039746e-01 3.779790486702135771e-02 4.390567734901303365e-01 3.632241514041444352e-01
1.314537473312304694e-01 2.295045438115095315e-02 4.931860971608345579e-01 3.524097011267839363e-01
1.395221515867770823e-01 2.982637991057445967e-02 5.038332066314561430e-01 3.268182618711923948e-01
1.198142610543891234e-01 2.242467710251605517e-02 5.204189971729651365e-01 3.373420646701295600e-01
1.037397876805493252e-01 2.501139225288847093e-02 5.276511073574645660e-01 3.435977127090977246e-01
1.848473161368395512e-01 1.935831407063110313e-02 4.563437238399800644e-01 3.394506459525494790e-01
1.301768539188256635e-01 2.340936823300548975e-02 4.989996095203084181e-01 3.474141683278605397e-01
1.412751407424623351e-01 3.156372229106849808e-02 4.748648123077361949e-01 3.522963246587330621e-01
1.280695348495195784e-01 1.198691362974367743e-02 5.155685984965655555e-01 3.443749530241712042e-01
1.566792545255281666e-01 4.274608701727277554e-02 4.140755385657651222e-01 3.864991198914339288e-01
1.152740604529225166e-01 1.087523375929422449e-02 5.081388841017141500e-01 3.657118216860691939e-01
1.585681564078506300e-01 2.172532679935587283e-02 4.696192997047739515e-01 3.500872170880197642e-01
1.188311033147618073e-01 2.303315733265256376e-02 5.011466644682567306e-01 3.569890748843287942e-01
1.462711435229831214e-01 4.996349207756386329e-02 4.281701741023287155e-01 3.755951902971243483e-01
1.166613560036247194e-01 8.773309504220108343e-03 5.292373156794970557e-01 3.453280188126580108e-01
1.491367601904036444e-01 1.811873239302111069e-02 4.908480717420481421e-01 3.418964356745270994e-01
1.263906638670899141e-01 2.138168675638854599e-02 5.155861930164379325e-01 3.366414563600836352e-01
1.562375624383129380e-01 2.451836497270418191e-02 4.852271282150858456e-01 3.340169443738970623e-01
1.529791360697064506e-01 1.823565863449448307e-02 4.710818606937148267e-01 3.577033446020843055e-01
1.137216123785033534e-01 2.127214374734602911e-02 4.735256105659390036e-01 3.914806333082116452e-01
1.309760634645054656e-01 1.734841823411189393e-02 5.157054636372508938e-01 3.359700546641317676e-01
1.343373201549437623e-01 3.600004222648008761e-02 5.007539760628838543e-01 3.289086615556924276e-01
1.372804271001490939e-01 2.336827587777803861e-02 4.745307571590611784e-01 3.648205398630117724e-01
1.018655843380607967e-01 3.749159995929571970e-02 5.352480419716595383e-01 3.253947737309838550e-01
1.372004681412703486e-01 2.209829916899115967e-02 4.829096330467368969e-01 3.577915996430016676e-01
1.206132591259814202e-01 1.821296997100362719e-02 5.102736537245848858e-01 3.509001171784298934e-01
1.081110443948456179e-01 1.361745727944466307e-02 5.183352341143010467e-01 3.599362642114086741e-01
1.583800522822436108e-01 2.003944193258918108e-02 3.836345010426656099e-01 4.379460047425015601e-01
1.505812593270804967e-01 2.600268009639238043e-02 4.234775224951217720e-01 3.999385380814052815e-01
1.335627130077859104e-01 4.359947474790347444e-02 4.662906127149200608e-01 3.565471995293905683e-01
1.213013804058815925e-01 2.179036587374565820e-02 5.045983242247679135e-01 3.523099294956048011e-01
1.306837308827001609e-01 2.042299162509855423e-02 4.968267941971643564e-01 3.520664832950369805e-01
1.594378373822017692e-01 3.013635077405653340e-02 4.471214474918214776e-01 3.633043643519200949e-01
9.447056732674598278e-02 3.509686500097634887e-02 4.793050250846566662e-01 3.911275425876211131e-01
1.167958834294894194e-01 1.965168935466391278e-02 5.094584074251649053e-01 3.540940197906817799e-01
1.717448374869154359e-01 3.563556699944513823e-02 4.180780633708655047e-01 3.745415321427738586e-01
1.327964214239052698e-01 2.009670508551793591e-02 5.268621894716183363e-01 3.202446840189583366e-01
1.272724440960453784e-01 1.123331012232973818e-02 4.501999892310621920e-01 4.112942565505626757e-01
9.956323557763654963e-02 2.641466675898047900e-02 5.134728043589440460e-01 3.605492933044390225e-01
1.298959421550562321e-01 2.158951049469110678e-02 5.218606196053084956e-01 3.266539277449441725e-01
9.333213250154127893e-02 1.926743066329043158e-02 5.527488880181471442e-01 3.346515488170210828e-01
9.841710936912537178e-02 4.511529546280679953e-02 4.942236711702638896e-01 3.622439239978037517e-01
1.513400077522317200e-01 4.748435235020486561e-02 4.346778225696311670e-01 3.664978173279320739e-01
1.397624797152992038e-01 3.524636471110256797e-02 4.880002782270194683e-01 3.369908773465788987e-01
8.549189879705272610e-02 1.985869374573163634e-02 4.520145363820575191e-01 4.426348710751580318e-01
9.590953910212213218e-02 2.083747819502591511e-02 5.145052236717190253e-01 3.687477590311328823e-01
1.396999217733614906e-01 2.445261834220614425e-02 4.394736370179246343e-01 3.963738228665077412e-01
1.151744862462745073e-01 2.578564945529004254e-02 4.875207788480591664e-01 3.715190854503762630e-01
1.424721992668689652e-01 2.494434401289346778e-02 4.668233567846939436e-01 3.657600999355435922e-01
1.088541873929755738e-01 4.275338456243454183e-02 5.017720720204552620e-01 3.466203560241347126e-01
1.359791877935562776e-01 1.539384081476902547e-02 4.605324832178770422e-01 3.880944881737976582e-01
1.025262177641267508e-01 2.006032800435789479e-02 4.693001632658052591e-01 4.081132909657101404e-01
1.284449011839376154e-01 2.915480807860382217e-02 5.049815549742612264e-01 3.374187357631975304e-01
1.036780440799264513e-01 4.767501401536467648e-02 4.558344879631284208e-01 3.928124539415803751e-01
1.130803970340471948e-01 1.854398551355460750e-02 4.929497153674822774e-01 3.754259020849159967e-01
1.113475784802423763e-01 2.408494699678235748e-02 4.179945929205669541e-01 4.465728816024083225e-01
1.381380262352855381e-01 2.237598573648034647e-02 5.418429108043817388e-01 2.976430772238523592e-01
1.192931957718970787e-01 2.816720739565102202e-02 4.902335080487789654e-01 3.623060887836728750e-01
1.606234115221342462e-01 4.064596335728954540e-02 4.538904851769629545e-01 3.448401399436131776e-01
1.016280185704306616e-01 3.634249818611940547e-02 4.776060827757741545e-01 3.844234004676758687e-01
1.262681433989881474e-01 2.000734763158768664e-02 4.994033664325185917e-01 3.543211425369056089e-01
9.169663743055539440e-02 1.618634579475855886e-02 5.639546779275208532e-01 3.281623388471650582e-01
1.205917265121642518e-01 1.544984905080143411e-02 5.190001566770485741e-01 3.449582677599857816e-01
1.412065291414359991e-01 2.773508922100110380e-02 4.746820615821165101e-01 3.563763200554465049e-01
1.416704493236931872e-01 4.799673416025171391e-02 4.092599115273994337e-01 4.010729049886557762e-01
1.479471151102706439e-01 2.683078063471013366e-02 4.573516906379893610e-01 3.678704136170298233e-01
1.245854277767775020e-01 3.334848640774638190e-02 4.495052338360079336e-01 3.925608519794683282e-01
1.439449969886714142e-01 1.818968812704945676e-02 4.102316964445787972e-01 4.276336184397002138e-01
1.454644989390377896e-01 1.412669846818093676e-02 4.294753480068934093e-01 4.109334545858879806e-01
1.234621220837730238e-01 1.848531817935720328e-02 4.750936505834547630e-01 3.829589091534150169e-01
1.173810100680837687e-01 1.225226376754158346e-02 5.009691050724939254e-01 3.693976210918806236e-01
1.369932702112301171e-01 1.572845103472506403e-02 5.047270806652767172e-01 3.425511980887682162e-01
1.001951040006061611e-01 1.619787573131256653e-02 5.200035177772891481e-01 3.636035024907923741e-01
1.048243486823564746e-01 1.252854048076748952e-02 4.783867387413564543e-01 4.042603720955194602e-01
1.405532061205399530e-01 2.283857900335539010e-02 4.900720785609576358e-01 3.465361363151471252e-01
1.376476704232754700e-01 2.154139115089383563e-02 4.790586895179316240e-01 3.617522489078991432e-01
1.420036558194705811e-01 2.999526212481265150e-02 4.833930173314622269e-01 3.446080647242545369e-01
8.393986104696522788e-02 4.228809645279934387e-02 4.700654534529529194e-01 4.037065890472824603e-01
1.347239399246849823e-01 2.793054630104301397e-02 5.054803626626986901e-01 3.318651511115734420e-01
1.318604113403107903e-01 1.424687258201039544e-02 4.742205080839741460e-01 3.796722079937045469e-01
1.574580485591983992e-01 2.281625368372736454e-02 5.007354772896619455e-01 3.189902204674124331e-01
1.749818963665111804e-01 3.232953803756267314e-02 4.228905550167238458e-01 3.697980105792022520e-01
1.203600508000654268e-01 1.435478681608851059e-02 5.402206277286892844e-01 3.250645346551567783e-01
1.689986585943808461e-01 1.655951882311323606e-02 4.223978465829650863e-01 3.920439759995407725e-01
1.214698358798518008e-01 2.693214543519692472e-02 4.647721230407635407e-01 3.868258956441876228e-01
1.381811303211371300e-01 2.157813646145651659e-02 4.633976702089416810e-01 3.768430630084645960e-01
1.101736975401597235e-01 1.902879152998383783e-02 5.088242472606804290e-01 3.619732636691760930e-01
1.267818975964774553e-01 3.696975623372864700e-02 4.581944163632710176e-01 3.780539298065228593e-01
1.100349805351986815e-01 1.410203137846975652e-02 4.993949622574705427e-01 3.764680258288610748e-01
1.080212717573433290e-01 3.607040245047559573e-02 4.665278204548352070e-01 3.893805053373459168e-01
1.540114564400110464e-01 2.780842439073157382e-02 4.529315290692385587e-01 3.652485901000186996e-01
1.320593739627982932e-01 2.122814807798996048e-02 4.857501803893322645e-01 3.609622975698794090e-01
1.084017996418876889e-01 1.336331615797354926e-02 4.955445444660274701e-01 3.826903397341112623e-01
1.467643489127278822e-01 2.323821484030448234e-02 4.776615725461372808e-01 3.523358637008301986e-01
1.597726512374565422e-01 3.315624175067891782e-02 4.512916259447613543e-01 3.557794810671032759e-01
1.135323248023669268e-01 1.951035583549827132e-02 4.883542255592032144e-01 3.786030938029315562e-01
1.163949121034981021e-01 1.823800779611563228e-02 5.362659031183117930e-01 3.291011769820746391e-01
1.446597220879962953e-01 1.889507916001399723e-02 4.996231056995437680e-01 3.368220930524458701e-01
1.305812691068852505e-01 1.958878104784715982e-02 5.450528544800008479e-01 3.047770953652668147e-01
1.109067132633820979e-01 1.891680965817119434e-02 4.806222061313866756e-01 3.895542709470600218e-01
1.086725207652854269e-01 2.522857419515443095e-02 5.036927358666587473e-01 3.624061691729012491e-01
1.546554574865580678e-01 1.551980995595607718e-02 4.733854699917205422e-01 3.564392625657653024e-01
1.111273101114232942e-01 2.093437073668161577e-02 4.692811420992079041e-01 3.986571770526872172e-01
1.653462915282920831e-01 2.315761279384432811e-02 4.455367044350075356e-01 3.659593912428559248e-01
1.372571669781671722e-01 2.917414166243188778e-02 4.711964754389903476e-01 3.623722159204106341e-01
1.331903850463906913e-01 1.082852224785764601e-02 4.985304431468479125e-01 3.574506495589038213e-01
1.362831224498809168e-01 1.947493051912320416e-02 4.999153358982661444e-01 3.443266111327298873e-01
9.309529676644054397e-02 4.431498665054808828e-02 5.267786592510104171e-01 3.358110573320008396e-01
1.349844270275888103e-01 1.960534726764076585e-02 5.369667902575036011e-01 3.084434354472668227e-01
9.096262743688503238e-02 1.365571106986738885e-02 5.522118866105363288e-01 3.431697748827111094e-01
1.197464158497911213e-01 1.763892697901299142e-02 4.799203814575900284e-01 3.826942757136058693e-01
1.535161665070943204e-01 3.172613230889498315e-02 4.572292506806846513e-01 3.575284505033260452e-01
1.036851259011883769e-01 3.096027703781514123e-02 4.889410055377964581e-01 3.764135915232001972e-01
1.353908027858012342e-01 1.883978409148674010e-02 4.936321941533798885e-01 3.521372189693321997e-01
1.512594902237035244e-01 2.129198748424271370e-02 4.999235247098383073e-01 3.275249975822154824e-01
1.221022126355418014e-01 1.770091680697439065e-02 4.723027554970185005e-01 3.878941150604652832e-01
1.058659090310610368e-01 2.079420094982533176e-02 4.919342203987777662e-01 3.814056696203358965e-01
1.571466372994785032e-01 2.274882349480444182e-02 4.701618899568107413e-01 3.499426492489061680e-01
1.297579534188984807e-01 3.844754570656581244e-02 4.430098470076388462e-01 3.887846538668969787e-01
1.431415206936110518e-01 3.732010675882765222e-02 5.006839524935471353e-01 3.188544200540139872e-01
1.127724732792205753e-01 3.518370973064471191e-02 4.624603188440062906e-01 3.895834981461284152e-01
1.231466582048122566e-01 1.340959717898903419e-02 5.148535078534389742e-01 3.485902367627597975e-01
1.162547651690596651e-01 2.225045993148580536e-02 4.752300423965369891e-01 3.862647325029175405e-01
1.207407720699174847e-01 1.920072543202115678e-02 5.013683299278288708e-01 3.586901725702325017e-01
1.058593842619399428e-01 3.040782552392356022e-02 4.224339524734566642e-01 4.412988377406796281e-01
1.265167220641496004e-01 2.469983398306592470e-02 5.039641937084277101e-01 3.448192502443567786e-01
1.661741937851949624e-01 2.146578932313411570e-02 4.722233069206421829e-01 3.401367099710287389e-01
1.416341058719261803e-01 5.225227135854447480e-02 4.720315391479656952e-01 3.340820836215636080e-01
1.293039919571144503e-01 3.390026853968527293e-02 5.328870553637120588e-01 3.039086841394881278e-01
1.001180506965835409e-01 3.407373869767611058e-02 4.873588441094025558e-01 3.784493664963377579e-01
1.379179884344606255e-01 1.881975407514338214e-02 4.769454818104149618e-01 3.663167756799811103e-01
1.064039287260202110e-01 1.460414539166929836e-02 4.811877943955905068e-01 3.978041314867200029e-01
8.982557934454064863e-02 4.260290304793746402e-02 5.475206231581755123e-01 3.200508944493463681e-01
1.219083599714101546e-01 1.827382888352643495e-02 5.417501505750439428e-01 3.180676605700195614e-01
1.099168317064557060e-01 2.463470608435027950e-02 4.818542110110871080e-01 3.835942511981069170e-01
1.171037097875148036e-01 2.571279736287632525e-02 4.591749980058335012e-01 3.980084948437753734e-01
1.186905248613344122e-01 4.340862989045218834e-02 4.928726063576798211e-01 3.450282388905336339e-01
1.336365223156033566e-01 3.053206812092055383e-02 4.826684257532429245e-01 3.531629838102331997e-01
1.270557345221025036e-01 2.949184525195741938e-02 4.460487006161561463e-01 3.974037196097838787e-01
1.199221013100203875e-01 1.319052014841329105e-02 5.011083809732502781e-01 3.657789975683160555e-01
1.219076891611810265e-01 1.255620985121151841e-02 5.223065709128117406e-01 3.432295300747956746e-01
1.686518821123978995e-01 2.020986808592203574e-02 4.789231395562008053e-01 3.322151102454792282e-01
1.121252385870527141e-01 3.157250763905988106e-02 4.781487938452151365e-01 3.781534599286722753e-01
1.343767463928724204e-01 2.687747345997754805e-02 4.760506846827821659e-01 3.626950954643679004e-01
1.239745449356149248e-01 2.062794048220344817e-02 5.078233513200545168e-01 3.475741632621270338e-01
1.172917779360288792e-01 2.711473853378816232e-02 5.312449346120735605e-01 3.243485489181093251e-01
1.303290639248274041e-01 1.061832622964318205e-02 4.931379140879793010e-01 3.659146957575500902e-01
1.424708144003993537e-01 3.062636025488092370e-02 4.908114134642229676e-01 3.360914118804967932e-01
1.420041112822725271e-01 2.983800447716364670e-02 5.202996772709920226e-01 3.078582069695717238e-01
1.164606608590560283e-01 1.569959118778494617e-02 5.081616910305319923e-01 3.596780569226269431e-01
1.313140054481244379e-01 3.687834202244039822e-02 4.999249701627791476e-01 3.318826823666559678e-01
1.288848891253615569e-01 2.449196585872459239e-02 4.786466930250027341e-01 3.679764519909111131e-01
1.453751372011430898e-01 3.881284534910123263e-02 4.500358255001472019e-01 3.657761919496085867e-01
8.987055851623483582e-02 1.814635875986600130e-02 5.306009841248090497e-01 3.613820985990900403e-01
1.147287942789756293e-01 3.037917056329956372e-02 4.659844706573287310e-01 3.889075645003961523e-01
1.462400037139036657e-01 9.320437121179555098e-03 4.631744331545575299e-01 3.812651260103591122e-01
