3.399365149962824684e-01 2.204768785663540620e-01 3.407972445551341045e-01 9.878936188222947612e-02
2.904398065768831194e-01 1.932764207509259369e-01 3.906736601995366431e-01 1.256101124726543283e-01
3.082875495418657130e-01 2.366954339958066977e-01 3.386740130068675581e-01 1.163430034554599757e-01
3.152395330791381012e-01 1.738084361873862282e-01 3.696956257929141509e-01 1.412564049405615196e-01
3.377726641618301606e-01 2.396750203956193870e-01 3.050379101878659682e-01 1.175144052546843454e-01
2.581705404479394117e-01 2.549482881351143870e-01 3.484058572005669374e-01 1.384753142163793471e-01
3.318917392353654128e-01 1.840506262101769541e-01 3.870183258349567668e-01 9.703930871950075532e-02
3.036268782849083636e-01 1.811034578226879410e-01 4.043935953045774134e-01 1.108760685878262264e-01
3.170104475639519137e-01 2.019484104650191847e-01 3.661997558430174493e-01 1.148413861280115633e-01
3.042582727286949340e-01 2.358503887035886815e-01 3.666381530887762308e-01 9.325318547894022314e-02
3.100332262450326559e-01 2.137432619178862570e-01 3.856116307968992518e-01 9.061188104018175205e-02
2.934713487850701408e-01 1.914202408023218671e-01 4.068643467461234842e-01 1.082440636664845635e-01
3.267717738541178751e-01 1.590039939668801416e-01 3.873817221149694068e-01 1.268425100640324932e-01
3.135664169622834896e-01 2.065956291531697020e-01 4.033298869246463858e-01 7.650806695990029771e-02
2.928258317483362627e-01 2.145077965676935039e-01 3.652763953297594735e-01 1.273899763542106767e-01
2.631074745021128036e-01 2.207685670461618233e-01 4.193746488154833085e-01 9.674930963624200908e-02
3.037123879553312866e-01 1.956414488359305703e-01 3.659134046954545805e-01 1.347327585132835071e-01
2.970636907573240282e-01 1.396054822748562518e-01 4.437499047728047930e-01 1.195809221950148299e-01
3.246341972234068618e-01 2.167668381321946891e-01 3.457262874393693952e-01 1.128726772050289706e-01
3.023908874650632628e-01 2.123357211721417503e-01 4.032638039071195779e-01 8.200958745567539510e-02
3.180718586764586520e-01 2.004307881893588328e-01 3.421626594147147427e-01 1.393346937194678836e-01
3.423317934494082837e-01 1.914919170035554452e-01 3.623238403691912968e-01 1.038524491778449188e-01
3.647322117473121295e-01 1.792979659151307248e-01 3.450190421283160225e-01 1.109507802092411649e-01
2.792055899146642650e-01 2.234299742137993705e-01 3.630282860428850622e-01 1.343361498286512745e-01
3.210174245683067307e-01 2.066711205260339523e-01 3.434388912323809162e-01 1.288725636732783175e-01
3.115573027314634813e-01 1.832062804932050037e-01 4.126673061062124392e-01 9.256911066911897856e-02
2.825585395503742436e-01 2.221022708780305555e-01 3.883934316205912007e-01 1.069457579510038614e-01
3.573881123698303131e-01 1.652280456679522669e-01 3.930272558323719134e-01 8.435658612984552052e-02
3.903185083199799399e-01 1.744618056319911792e-01 3.452905268088981017e-01 8.992915923913076537e-02
3.116767474934259985e-01 2.511989082199662104e-01 3.297483177130632326e-01 1.073760265735444891e-01
3.111694127759234707e-01 1.755158288030583547e-01 3.830958851649490793e-01 1.302188732560691509e-01
3.164862523322679588e-01 1.719275753090625247e-01 4.002793543648032748e-01 1.113068179938662139e-01
3.596014778764675679e-01 1.385087667195510353e-01 3.989554950503959585e-01 1.029342603535853967e-01
3.206851052159990223e-01 2.441574748990438803e-01 3.693664195641547243e-01 6.579100032080247018e-02
3.198963797834522005e-01 1.966548162563271362e-01 3.896813673005826151e-01 9.376743665963807595e-02
2.951352678814556652e-01 2.340741347856456211e-01 3.694786459875797346e-01 1.013119513453191040e-01
3.225552265366482541e-01 1.641000905050561953e-01 4.410626475853997031e-01 7.228203537289577818e-02
3.646378647482010349e-01 1.462484503277517445e-01 4.141890760781898884e-01 7.492460884585744330e-02
3.254370345696322997e-01 2.275629500936274252e-01 3.289153545583822225e-01 1.180846607783580804e-01
3.288404182273625964e-01 2.088850422046141242e-01 3.476284337672992941e-01 1.146461058007240408e-01
3.170742969986719562e-01 1.994992264046133723e-01 3.538921765917958373e-01 1.295343000049187787e-01
3.437003639629153118e-01 1.978072449195565907e-01 3.741549908799532975e-01 8.433740023757484161e-02
2.908655326041753586e-01 2.196833534391278431e-01 3.851883613744213619e-01 1.042627525822753393e-01
2.997087026165292656e-01 1.932624257613271557e-01 4.149439494948543028e-01 9.208492212728933146e-02
2.990601364189955369e-01 2.147960623964366988e-01 3.882441774369252974e-01 9.789962374764248076e-02
2.984012528065424497e-01 1.636576259937351230e-01 4.147676040488368909e-01 1.231735171508855503e-01
3.358917968981108282e-01 1.580266762902244881e-01 4.003032482371438050e-01 1.057782785745208787e-01
3.149063340396375810e-01 2.198383990196364490e-01 3.293898894115294684e-01 1.358653775291966126e-01
2.958410939070975076e-01 2.267325835891726149e-01 3.724693077644415928e-01 1.049570147392882291e-01
3.079127177667277948e-01 2.054155242219870836e-01 3.573551025407522563e-01 1.293166554705326710e-01
3.538420150611417681e-01 1.561653238168470570e-01 3.675785129092611903e-01 1.224141482127500402e-01
3.005628173221446819e-01 1.956614467882050734e-01 4.035815763402744727e-01 1.001941595493757442e-01
3.371150849525602622e-01 1.917036017729453756e-01 3.938668426508190601e-01 7.731447062367517720e-02
2.979900984594880398e-01 1.800365877063185571e-01 4.134070962676726357e-01 1.085662175665209200e-01
2.713743599881550672e-01 2.256848635350069687e-01 4.024083203772741424e-01 1.005324560995637523e-01
3.044219489189891048e-01 1.734761994600386714e-01 4.102964211772794911e-01 1.118054304436927188e-01
3.250386481972917241e-01 1.684711977095213753e-01 3.868569971923545014e-01 1.196331569008323437e-01
3.310400940025104988e-01 1.551325700630166726e-01 3.612945975232299545e-01 1.525327384112427631e-01
2.741022210392142777e-01 1.836673482711634608e-01 4.280326798495071028e-01 1.141977508401151864e-01
3.256687037313128474e-01 1.431124846159456954e-01 4.007846959379413043e-01 1.304341157148001806e-01
3.366416468198158429e-01 2.076395873274188564e-01 3.581113093113144075e-01 9.760745654145092098e-02
3.407843668612611787e-01 1.594732653799390276e-01 4.170252878087425952e-01 8.271707995005735115e-02
2.836212165146929087e-01 2.061620706376037504e-01 3.395931950632320451e-01 1.706235177844713236e-01
3.296411855240697908e-01 1.643999274928688858e-01 4.258459755829242521e-01 8.011291140013716838e-02
3.327869459229432225e-01 1.689893412730082423e-01 3.799680147387043960e-01 1.182556980653440143e-01
3.020209680387201945e-01 1.884187179523429123e-01 3.860875152410274680e-01 1.234727987679093281e-01
3.191127834989859746e-01 1.964551742540767143e-01 3.398413126539082674e-01 1.445907295930290992e-01
3.036622804737637016e-01 1.451203299092793386e-01 4.406465167014608775e-01 1.105708729154960407e-01
3.072574995054445646e-01 1.926353498033215317e-01 3.921807656253493701e-01 1.079263850658846585e-01
3.703820817310977676e-01 1.695612299245162768e-01 3.482356958152236226e-01 1.118209925291622914e-01
2.753654537693670523e-01 2.086149261891909468e-01 4.037935723323821113e-01 1.122260477090596398e-01
2.564541430439649106e-01 2.405699311280701247e-01 3.921157952303181427e-01 1.108601305976468082e-01
3.117943756086492546e-01 2.505908320217341001e-01 3.142465936084746780e-01 1.233681987611420783e-01
3.819017594611472388e-01 1.602524695920953812e-01 3.561402281655583479e-01 1.017055427811989626e-01
3.284666378168575318e-01 1.710340520446383683e-01 3.764170226320991963e-01 1.240822875064050285e-01
3.089209497575181596e-01 2.281727584491132221e-01 3.805506687850326308e-01 8.235562300833611238e-02
3.161735375212301191e-01 1.684330089417576115e-01 3.964550279273759137e-01 1.189384256096365222e-01
3.555561934597530893e-01 2.132300299060847504e-01 3.386071068397166761e-01 9.260666979444547031e-02
3.713350200451095429e-01 2.097400112206309897e-01 2.893034331720115149e-01 1.296215355622481469e-01
3.280870065573716077e-01 1.619880058500207110e-01 4.122328120899956816e-01 9.769217550261195815e-02
3.010304392591087175e-01 1.883628073481792287e-01 3.899588035688753562e-01 1.206479498238367115e-01
3.290452657450346763e-01 1.772787014906647696e-01 3.393089484798032518e-01 1.543670842844972468e-01
3.546491227204030539e-01 2.161248995337047840e-01 3.305582245663370999e-01 9.866775317955496505e-02
3.182231390515956604e-01 1.991086259698626459e-01 3.400738520602637482e-01 1.425943829182778899e-01
3.362150428680830139e-01 1.898452442228934778e-01 3.685879966204841374e-01 1.053517162885393571e-01
2.773835020785476724e-01 2.342392484154849353e-01 3.618407008760632926e-01 1.265365486299041275e-01
2.833623195925663585e-01 1.791518997196803742e-01 4.079116722730881106e-01 1.295741084146652122e-01
3.231480770286762616e-01 2.250594385433348221e-01 3.553207636829389671e-01 9.647172074504989370e-02
3.024697013141307567e-01 2.161505331792434870e-01 3.712090723110902379e-01 1.101706931955355323e-01
3.190065415979472796e-01 1.771113487163243627e-01 3.760120512591354491e-01 1.278700584265930473e-01
2.767640441358134584e-01 2.014972304141349480e-01 4.164064795143073150e-01 1.053322459357442509e-01
3.207338264327497246e-01 2.378319532914300594e-01 3.590367590163928146e-01 8.239746125942745691e-02
3.107541776069036588e-01 1.921077768989514489e-01 3.702337048370373251e-01 1.269043406571076504e-01
2.806081194372122556e-01 1.836713628007664856e-01 4.412021935391966521e-01 9.451832422282471780e-02
3.379318019769539383e-01 2.132188270369151928e-01 3.618161929691509626e-01 8.703317801697993406e-02
2.778896008620019287e-01 2.255132047246982130e-01 3.637725999975114921e-01 1.328245944157883107e-01
3.118324680229478951e-01 2.019970654249930997e-01 3.609934259955899227e-01 1.251770405564691102e-01
3.040653186856724366e-01 1.677708324273165519e-01 3.777441029582796483e-01 1.504197459287314187e-01
3.202567482906573670e-01 1.712171995208245923e-01 4.123532834170552386e-01 9.617276877146274661e-02
3.288740016272322375e-01 1.829306909074857324e-01 3.581905827153882282e-01 1.300047247498937464e-01
3.154781568014436433e-01 2.398813612084171598e-01 3.439737210306418880e-01 1.006667609594972812e-01
3.606746517249348472e-01 1.874879578072823072e-01 3.557422669057773712e-01 9.609512356200541894e-02
3.248558194719343151e-01 1.900601399965905214e-01 3.865775928536990258e-01 9.850644767777619326e-02
3.456963612818552134e-01 1.465305089636690650e-01 3.767103462402162095e-01 1.310627835142595399e-01
3.318629135044560141e-01 1.911449809537764388e-01 3.537316322834839766e-01 1.232604732582835844e-01
2.743070107895397292e-01 1.809975924368543709e-01 3.914927122961050499e-01 1.532026844775008778e-01
3.175697579617066668e-01 2.285653968967664984e-01 3.602796717823577577e-01 9.358517335916922975e-02
2.994527366304601257e-01 1.929844512335350259e-01 3.210295419845408671e-01 1.865332701514639258e-01
2.745967521381800780e-01 1.996831866909376529e-01 4.101687160127373555e-01 1.155513451581449136e-01
3.171236917857955806e-01 1.801197926579065078e-01 3.869030666641616323e-01 1.158534488921362238e-01
3.312552620261126068e-01 2.365604654703144794e-01 3.390042832149129381e-01 9.317998928865994790e-02
3.099291395127128923e-01 2.027030899926475227e-01 3.537071954936379381e-01 1.336605750010017857e-01
3.806048000565070977e-01 1.907262987697606882e-01 3.010532372182744276e-01 1.276156639554578143e-01
3.184884753143839564e-01 2.129290438816130171e-01 3.575651498546356111e-01 1.110173309493674015e-01
2.849763574208684092e-01 2.191395761317835311e-01 3.993914388178770869e-01 9.649262762947094507e-02
3.094120781593765468e-01 1.472913811899698167e-01 3.849445428403913128e-01 1.583519978102621295e-01
3.016365367009022913e-01 2.014798364110470530e-01 4.015214356229027115e-01 9.536219126514809685e-02
2.814353223617370725e-01 1.992898330761487535e-01 3.979366464019162275e-01 1.213381981601980575e-01
3.043499955104088106e-01 1.987329636938111876e-01 4.050728906372619287e-01 9.184415015851803143e-02
2.718895269924385127e-01 2.024855342068530295e-01 4.265771595287002893e-01 9.904777927200818233e-02
2.990917092387973542e-01 2.205473291250149293e-01 3.901975415441645278e-01 9.016342009202336916e-02
3.292647253671140972e-01 1.643828043685046925e-01 4.127838839621348899e-01 9.356858630224643147e-02
3.281196337429398424e-01 1.973164350235475650e-01 3.673189206433437048e-01 1.072450105901689432e-01
2.980774930948005830e-01 1.688438308617457861e-01 4.046470220095377268e-01 1.284316540339157930e-01
3.007135572862344453e-01 2.034731777949177756e-01 3.827138953759289253e-01 1.130993695429188955e-01
2.655522814257200714e-01 2.554607648567923661e-01 3.910190442663957211e-01 8.796790945109191073e-02
3.068851425498092533e-01 1.950405314399396295e-01 3.701462807671716537e-01 1.279280452430794357e-01
2.848615541240197002e-01 2.576931697859918824e-01 3.557177337628916747e-01 1.017275423270966317e-01
2.649592290838991282e-01 1.797774680844184958e-01 4.420024022054158674e-01 1.132609006262666196e-01
2.614750402871168222e-01 2.425687235580753220e-01 3.635906367969013453e-01 1.323655993579065104e-01
2.814685029581573406e-01 2.027423371285704545e-01 4.119392143210462431e-01 1.038499455922259618e-01
3.319618532824738510e-01 1.849183832823489415e-01 3.705301793005077449e-01 1.125895841346694626e-01
2.856416465409452599e-01 2.346688475359673676e-01 3.593712225705429919e-01 1.203182833525444501e-01
3.153291319180442365e-01 1.987118651937302694e-01 3.425361542950510207e-01 1.434228485931744179e-01
3.288087244977034307e-01 2.158596921513107614e-01 3.343618841751340165e-01 1.209696991758518608e-01
2.450423411564293108e-01 2.521439622808819836e-01 3.994863353679179996e-01 1.033273611947707199e-01
3.196250336641232037e-01 2.000794321447421642e-01 3.926594893852036749e-01 8.763604480593090162e-02
3.701903045847693141e-01 1.928928569051565622e-01 3.483547055213038202e-01 8.856213298877031737e-02
3.499132284180995756e-01 2.382614155672113099e-01 3.131498464982896968e-01 9.867550951639933454e-02
3.175565345443955301e-01 1.599313631999700058e-01 4.390578391278824322e-01 8.345426312775205968e-02
2.909367482159547214e-01 1.958339849971241220e-01 4.021337447291621903e-01 1.110955220577589941e-01
2.980518994745550709e-01 1.925529626834038277e-01 4.092214577223501348e-01 1.001736801196909110e-01
2.868348343946591217e-01 2.019378532596534659e-01 3.965807919714287588e-01 1.146465203742587508e-01
2.979933374702909421e-01 2.326977505908827959e-01 3.722182450691894906e-01 9.709066686963663262e-02
2.795603112278936542e-01 1.699945343579733759e-01 4.332464485420581268e-01 1.171987058720748570e-01
3.626783761576206078e-01 2.313311430343387431e-01 3.160658825096615554e-01 8.992459829837902430e-02
3.170970853955297208e-01 1.937678652532622836e-01 3.938092660028820191e-01 9.532578334832608746e-02
3.496428071635908630e-01 1.723832728687585969e-01 3.515860326549852255e-01 1.263878873126652591e-01
3.556379446759697638e-01 1.706776583312438755e-01 3.579515407959979467e-01 1.157328561967884556e-01
2.629941370070771889e-01 2.186644997624153097e-01 3.809087136364922022e-01 1.374326495940151327e-01
3.376597311543252378e-01 1.614431472610290408e-01 3.926123786550141936e-01 1.082847429296313890e-01
3.122840720242807122e-01 2.363562612662635509e-01 3.400965836634550210e-01 1.112630830460007714e-01
2.938813869026984937e-01 1.936075497487838859e-01 4.093282958277744132e-01 1.031827675207433320e-01
3.081151249441306805e-01 2.464962957385068432e-01 3.356803427586464439e-01 1.097082365587159491e-01
3.143383039820064062e-01 2.079141140271368038e-01 3.737209693001865007e-01 1.040266126906701921e-01
2.901037585216096892e-01 2.011476351232192872e-01 4.226322789446180228e-01 8.611632741055283424e-02
3.488064759245115831e-01 1.340796404539378317e-01 3.846542728880499307e-01 1.324596107335007655e-01
2.938030065129533797e-01 1.966613669685216004e-01 3.797474920333774318e-01 1.297881344851475882e-01
3.053185400559891294e-01 1.711524336197751128e-01 4.194334406251768455e-01 1.040955856990590095e-01
2.816916491948824319e-01 1.965308734896022702e-01 4.081115196801086142e-01 1.136659576354066559e-01
3.248601409115564609e-01 1.762996571969693282e-01 3.588364601452123104e-01 1.400037417462619282e-01
2.906780457112838056e-01 2.352562815129068119e-01 3.674678204735793430e-01 1.065978523022300534e-01
3.160673894281491592e-01 1.219171101741706731e-01 4.391952062140051516e-01 1.228202941836749190e-01
3.018305590371030411e-01 1.232877265204598838e-01 3.973342770074775876e-01 1.775474374349593765e-01
3.346350736998176534e-01 1.781670376858867366e-01 3.938299086813890626e-01 9.336797993290647801e-02
3.010310426370179648e-01 2.191018953908724642e-01 3.672994951023940691e-01 1.125675668697155574e-01
3.350742226797385759e-01 1.782338379079142499e-01 3.828694091985493375e-01 1.038225302137978923e-01
3.412897480179385989e-01 1.633727112266111503e-01 3.940993972009544377e-01 1.012381435544959657e-01
3.135685156806210516e-01 2.253173297858173107e-01 3.218088821710178848e-01 1.393052723625436695e-01
3.653023699587787387e-01 1.779503083204893310e-01 3.138710131242862800e-01 1.428763085964455115e-01
2.559546606324055174e-01 1.988152124755256933e-01 3.861725414384243327e-01 1.590575854536444567e-01
3.373639824108950469e-01 2.089785610513179570e-01 3.521085812048888597e-01 1.015488753328981225e-01
2.796798870960673922e-01 2.021164877695608431e-01 3.921263687494006556e-01 1.260772563849710259e-01
3.009714304262168794e-01 1.813393265937599530e-01 3.973188306320147301e-01 1.203704123480083821e-01
3.590347000432493330e-01 1.858005359974339854e-01 3.708991533792062589e-01 8.426561058011036720e-02
3.427426227740375531e-01 1.908390858740152962e-01 3.455435019428308996e-01 1.208747894091163899e-01
3.061390506740587769e-01 2.091052420963393499e-01 3.880283088688418758e-01 9.672739836076009456e-02
2.788456751137864953e-01 2.321235955247318850e-01 3.732389707541253210e-01 1.157917586073564375e-01
2.858798867106424058e-01 1.827403154027019139e-01 4.372754366635726586e-01 9.410436122308304951e-02
2.759291208117702343e-01 2.003003745059356577e-01 3.842033485216915234e-01 1.395671561606027511e-01
3.777056314586579866e-01 1.634133381222862558e-01 3.665249641449065399e-01 9.235606627414923164e-02
3.372288646580413607e-01 1.804469481308710321e-01 3.507001773382134591e-01 1.316240098728741204e-01
3.059219956074779034e-01 2.363733132177372465e-01 3.557974536754568984e-01 1.019072374993278685e-01
3.103012815529597179e-01 1.715066385140202321e-01 3.605634316207683709e-01 1.576286483122514848e-01
3.862312557438010163e-01 1.702983840459212361e-01 3.223675129245384130e-01 1.211028472857393484e-01
3.211004141047876237e-01 2.246617526098049489e-01 3.383890596466193057e-01 1.158487736387880940e-01
3.140546310331883140e-01 1.784480446822070687e-01 4.137156420914525068e-01 9.378168219315226317e-02
3.373721609826592638e-01 1.769975693858268639e-01 3.966901397314548383e-01 8.894012990005893682e-02
3.483547810111452536e-01 2.322512751023802502e-01 3.194118239721725483e-01 9.998211991430200341e-02
3.298919616286439260e-01 2.014229961878751252e-01 3.616014631955921654e-01 1.070835789878886724e-01
3.166951766805543578e-01 1.750995029429281702e-01 4.156547272659828485e-01 9.255059311053456805e-02
2.960796376115882866e-01 1.924721110825614590e-01 3.639381739032842566e-01 1.475100774025659978e-01
2.979941682399984693e-01 2.094652757977821522e-01 3.975530381640163258e-01 9.498751779820299723e-02
2.878843790192597840e-01 2.306747288645876748e-01 3.671467348084433979e-01 1.142941573077092127e-01
2.960490038830340676e-01 2.438503558909382862e-01 3.683388066662944271e-01 9.176183355973335787e-02
2.953991299040951701e-01 1.587901315078913966e-01 4.550159080265172018e-01 9.079483056149631470e-02
3.223516471802213013e-01 1.797288963958849628e-01 4.035287878055697219e-01 9.439066861832388911e-02
3.367257345633442034e-01 2.022049265065498092e-01 3.703196348881206967e-01 9.074970404198530460e-02
3.393899677659867886e-01 2.189639746908697282e-01 3.401883551026592123e-01 1.014577024404842293e-01
3.281714649521855209e-01 1.841607551579529656e-01 3.850678601928012035e-01 1.025999196970604488e-01
3.423208532813103999e-01 1.879486915307982953e-01 3.511857134965767346e-01 1.185447416913145008e-01
3.333234514502679269e-01 2.084833431250781299e-01 3.524003504716061719e-01 1.057928549530477713e-01
2.985487115823075577e-01 1.843227967286383273e-01 3.847412207923251448e-01 1.323872708967288592e-01
2.980745243895402963e-01 2.208130992246781221e-01 3.857539533768677975e-01 9.535842300891397838e-02
2.489173400848318507e-01 1.924643502775454929e-01 4.364279495552799149e-01 1.221903600823427832e-01
3.071742828650603219e-01 2.186640382665436810e-01 3.480907814654281007e-01 1.260708974029680352e-01
3.441531761033866932e-01 1.863364395947981755e-01 3.482108919319756857e-01 1.212994923698394595e-01
3.719133886567559943e-01 1.933930802443286912e-01 3.439021668113554364e-01 9.079136428755986421e-02
3.476303639287739999e-01 1.863248359988828595e-01 3.717599626735600959e-01 9.428483739878287806e-02
3.330126223901067051e-01 1.776843415489822442e-01 3.800479062712562861e-01 1.092551297896548756e-01
3.197278884170376423e-01 2.039999134233965450e-01 3.608816472981162260e-01 1.153905508614493647e-01
3.461405126998924886e-01 1.948299330904540716e-01 3.637719778652003244e-01 9.525757634445307376e-02
3.497381601067562351e-01 2.297623749681897976e-01 3.261197439558558564e-01 9.437972096919801379e-02
3.194278543264959525e-01 2.248833849137822916e-01 3.668735007776141588e-01 8.881525998210737516e-02
2.953358508879840860e-01 2.223182191000770969e-01 3.639088634256472665e-01 1.184370665862915922e-01
3.185594932938800028e-01 2.270100273404775104e-01 3.567962946645327205e-01 9.763418470110971081e-02
3.515700866333107411e-01 1.725988117387947107e-01 3.787166327863787374e-01 9.711446884151579695e-02
3.377214056567087730e-01 1.748502047933409576e-01 3.745297972880165527e-01 1.128985922619337029e-01
3.077330133816921776e-01 2.006507237084687589e-01 3.900590772549989427e-01 1.015571856548402319e-01
3.176032943536202247e-01 2.035538896674329301e-01 3.702512724160322288e-01 1.085915435629146580e-01
3.433453694079177665e-01 1.698874684061267293e-01 3.786346752788497527e-01 1.081324869071056821e-01
3.651575449080197155e-01 2.042757993413765738e-01 3.629513957764758936e-01 6.761525997412788647e-02
2.671276235146756717e-01 2.080883353954549042e-01 3.989675510867335406e-01 1.258164900031357725e-01
2.691066615760084879e-01 2.653999700831330966e-01 3.675523949600230655e-01 9.794097338083539162e-02
2.943218658825267897e-01 2.132747506813062466e-01 3.922653970977698634e-01 1.001379863383971003e-01
3.127934277995865764e-01 2.411940971866489425e-01 3.664229973945078433e-01 7.958947761925651287e-02
3.157022862739913283e-01 1.866222423468055780e-01 4.398642660282975347e-01 5.781120535090561452e-02
3.325654614972484158e-01 1.961187450168537516e-01 3.468944215036895984e-01 1.244213719822084147e-01
2.943350415026064204e-01 1.981206900530206316e-01 3.740348774466336623e-01 1.335093909977393967e-01
3.343968135003554387e-01 1.711325498961750735e-01 3.970148154067105750e-01 9.745582119675898214e-02
2.438524365132917759e-01 1.913225062807414056e-01 3.974556580974683562e-01 1.673693991084986010e-01
3.545656603028770615e-01 1.884565386262952724e-01 3.688841514570990743e-01 8.809364961372864733e-02
3.292037602613870351e-01 1.864293254603436867e-01 3.811688485257240799e-01 1.031980657525452816e-01
3.251187950648480318e-01 1.660278129898712651e-01 3.852986571585574893e-01 1.235547347867233525e-01
2.867403724652757280e-01 2.230299142109005428e-01 3.777948426938799731e-01 1.124348706299436174e-01
3.755896145480821513e-01 2.113903939823590372e-01 3.322132538139973557e-01 8.080673765556148358e-02
3.443061500868985769e-01 2.080437345523760972e-01 3.457024766680265593e-01 1.019476386926988914e-01
2.748341909292916774e-01 2.044533092779997341e-01 3.920438409593776097e-01 1.286686588333310621e-01
2.577841146905995307e-01 2.145478073197432944e-01 4.262131506844488160e-01 1.014549273052084422e-01
3.253557625416327870e-01 1.813542826316553724e-01 3.859479685069881483e-01 1.073419863197235535e-01
2.939342298397043529e-01 2.357838828230708061e-01 3.623385055675746869e-01 1.079433817696500431e-01
3.273096044291404771e-01 1.628905251841537560e-01 4.005268248364151074e-01 1.092730455502907011e-01
3.447387832139308106e-01 2.135592345915781620e-01 3.654289172341763647e-01 7.627306496031469041e-02
2.973097113674426639e-01 1.796304380242097209e-01 3.918941725798756326e-01 1.311656780284721491e-01
3.112628406897680056e-01 2.040138924315941793e-01 3.980817502602083668e-01 8.664151661842946217e-02
3.038487305647618597e-01 1.864011741617615514e-01 4.078757989301435849e-01 1.018742963433329485e-01
2.989441910105150035e-01 1.672901272131619432e-01 4.046467783040029742e-01 1.291189034723201068e-01
2.898819205257439080e-01 1.938795794390035243e-01 4.043004073684026700e-01 1.119380926668500503e-01
2.922442958715453787e-01 1.512917523215289439e-01 4.511768151682041261e-01 1.052871366387214958e-01
2.886596640660029633e-01 2.527412783084184711e-01 3.487242168897538575e-01 1.098748407358247081e-01
2.840121200751745123e-01 1.874000772198922971e-01 3.994990446471906598e-01 1.290887580577425586e-01
2.482119087042596872e-01 2.376549814432788177e-01 4.113945608734402293e-01 1.027385489790213768e-01
2.710775794228912350e-01 1.951979361940893998e-01 4.292609363521820987e-01 1.044635480308371833e-01
3.019894644823603036e-01 1.996189589480879267e-01 3.700382838635494220e-01 1.283532927060023754e-01
3.118678944401942488e-01 2.089571502361311228e-01 3.852590806916381672e-01 9.391587463203641961e-02
3.922972490376140375e-01 2.043434279905974593e-01 3.495329471083286066e-01 5.382637586345999370e-02
2.566918070160455478e-01 2.335266575283302115e-01 4.122940707627614776e-01 9.748746469286287408e-02
3.213758580392067077e-01 2.042138220133245530e-01 3.623413350493444596e-01 1.120689848981242104e-01
3.646386160442442459e-01 1.837137384700045228e-01 3.567095598171159954e-01 9.493808566863520815e-02
3.203007692110700355e-01 1.893073627736928666e-01 3.945874377059503391e-01 9.580443030928670334e-02
3.203882389698487487e-01 1.787920026209489643e-01 4.091317079655497624e-01 9.168805044365258006e-02
3.130434986156337418e-01 1.976634628161068885e-01 3.722518168631956947e-01 1.170412217050637027e-01
3.581709518916320611e-01 2.117797788137630866e-01 3.515733144027353707e-01 7.847595489186937057e-02
3.353018052718585995e-01 1.929215519814227175e-01 3.746867111701714936e-01 9.708993157654721706e-02
3.430061545443190418e-01 1.668819544423542078e-01 3.909210703152923294e-01 9.919082069803457358e-02
3.159963658193598035e-01 1.961309610195151598e-01 3.914880411843378871e-01 9.638463197678728833e-02
3.131386372007829433e-01 1.862638509432133216e-01 4.154230578054146084e-01 8.517445405058905739e-02
3.135491182977860336e-01 2.159650389965677153e-01 3.659831329618623563e-01 1.045027097437838393e-01
3.187244071454195526e-01 1.709269235855528923e-01 4.045212356197434578e-01 1.058274336492840417e-01
2.889691929697792427e-01 2.325270545586215765e-01 3.711069352021038048e-01 1.073968172694953621e-01
3.270593718760057000e-01 1.238038339149341582e-01 4.215193393066319349e-01 1.276174549024282068e-01
3.010751274147623335e-01 1.579182194954153184e-01 4.137539091342008479e-01 1.272527439556214446e-01
2.959483128844677680e-01 1.861717478324115826e-01 4.148384531165193456e-01 1.030414861666012621e-01
3.531014904636791685e-01 1.925613922228494590e-01 3.377852740654997965e-01 1.165518432479717703e-01
3.415192649111047363e-01 1.702216213304824366e-01 3.668593094760026485e-01 1.213998042824102341e-01
2.819296976105464259e-01 1.939696315791525905e-01 3.971161836245797327e-01 1.269844871857212787e-01
3.150913645280633557e-01 2.002898753735307957e-01 3.620296473865507458e-01 1.225891127118552137e-01
2.958911059805012789e-01 2.164289690131289690e-01 3.929438977037219005e-01 9.473602730264805982e-02
3.437096684774154642e-01 1.943441666879242857e-01 3.696312170384393192e-01 9.231494779622100022e-02
3.070474125493949935e-01 1.639638524570639910e-01 4.251919886887777777e-01 1.037967463047631544e-01
2.751015297643573110e-01 2.499960983247357660e-01 3.803046854884914452e-01 9.459768642241546399e-02
3.448395988498756393e-01 1.614498577373880694e-01 3.661780451775720757e-01 1.275324982351641601e-01
3.019012296147862706e-01 2.264042927970577601e-01 3.496623469807921269e-01 1.220321306073638840e-01
2.705619766975338458e-01 2.346249990917439743e-01 3.880661561941717852e-01 1.067468680165503808e-01
3.527234328600370450e-01 1.562678499783341779e-01 3.645293113303132992e-01 1.264794058313155334e-01
3.178391372618520339e-01 1.786488300205664737e-01 4.053664581619940144e-01 9.814557455558753363e-02
3.032629476309431915e-01 2.799548793608496178e-01 3.279097385629408112e-01 8.887243444526649050e-02
3.099848007407876582e-01 2.217282875592380686e-01 3.646255945041769753e-01 1.036613171957972007e-01
2.798961054213531252e-01 2.543310314391853955e-01 3.732667108013362212e-01 9.250615233812542471e-02
3.421658291960253950e-01 1.862805237215419407e-01 3.665590221728420861e-01 1.049946249095906059e-01
3.426324484931750347e-01 1.989062558501260014e-01 3.662188915370922504e-01 9.224240411960668573e-02
3.094177653335004607e-01 1.903993412987617373e-01 3.921299528081532704e-01 1.080529405595846287e-01
2.784084789094687928e-01 2.000614413828402105e-01 3.908038250841632255e-01 1.307262546235278544e-01
3.123929829823037241e-01 2.089224288049273126e-01 3.472128138352906790e-01 1.314717743774782288e-01
3.217173550174421970e-01 2.049878324867794865e-01 4.101399553315929203e-01 6.315485716418554885e-02
3.265718508795073527e-01 2.116449302157342172e-01 3.466176508103856468e-01 1.151655680943726862e-01
3.703822908243455392e-01 1.518650368556111185e-01 3.695911152008239386e-01 1.081615571192193204e-01
3.294853692535144041e-01 2.180741303391824093e-01 3.487406857284510719e-01 1.036998146788522396e-01
3.085068376760289888e-01 1.983312388891264599e-01 4.018566907773708508e-01 9.130523265747361727e-02
3.046583172449080501e-01 2.217603612302405658e-01 3.712922945358235194e-01 1.022890269890278786e-01
3.334946821329833333e-01 1.904747635955991447e-01 4.035944555041691695e-01 7.243609876724843577e-02
3.352999174046762954e-01 1.978534108257805624e-01 3.546077065657476934e-01 1.122389652037953794e-01
3.279457332883101706e-01 1.482306677793893412e-01 4.020034806585763287e-01 1.218201182737241317e-01
3.016135520520892843e-01 2.550645923345618016e-01 3.572017544823739010e-01 8.612010113097488817e-02
3.300565133331360146e-01 1.954939360184985153e-01 3.596327061081391885e-01 1.148168445402262539e-01
2.990300564406175310e-01 1.650640246166843184e-01 4.020790849237084186e-01 1.338268340189898986e-01
2.586944867955542904e-01 2.238754652487968677e-01 4.222970028691116484e-01 9.513304508653708247e-02
3.398240498379005436e-01 1.865241414174329260e-01 3.637321679811383324e-01 1.099196407635282396e-01
3.005658627767593960e-01 2.346193238586187502e-01 3.565779268426756410e-01 1.082368865219462684e-01
3.398042421259736545e-01 2.260053195963126482e-01 3.406289558260064410e-01 9.356148245170714528e-02
3.207232027011673869e-01 2.236674791868227818e-01 3.313035775333976196e-01 1.243057405786120173e-01
3.078258069687648257e-01 1.824248789526369263e-01 4.161948531690132236e-01 9.355446090958521865e-02
3.172367617674568541e-01 1.977781571057746768e-01 3.463640402169659294e-01 1.386210409098025953e-01
2.756074083598888946e-01 2.222018607690119107e-01 3.941806100920049460e-01 1.080101207790943457e-01
3.065070711439593643e-01 1.706778536454237605e-01 4.036218429795478402e-01 1.191932322310691184e-01
2.921156185947720862e-01 2.370640418974562513e-01 3.706146552315136011e-01 1.002056842762581029e-01
3.273766320673814345e-01 1.715155255625479269e-01 3.815619323728018930e-01 1.195459099972685929e-01
3.107426244638479829e-01 1.802687953189672232e-01 4.182799218319915302e-01 9.070865838519329150e-02
3.303540472934438088e-01 1.750801843877236585e-01 4.009040674169789820e-01 9.366170090185362007e-02
3.443336049835103441e-01 1.953226291360264377e-01 3.675313593807431056e-01 9.281240649972008483e-02
3.608910033767214198e-01 2.068381672148828787e-01 3.412067042742996104e-01 9.106412513409614662e-02
3.589039350577437615e-01 2.318695837974976137e-01 2.900139565862043245e-01 1.192125245585543836e-01
2.957917315171793571e-01 2.025421137517579295e-01 3.974049129881793707e-01 1.042612417428832594e-01
3.347951417145293429e-01 1.940005470763755402e-01 4.010254135013197052e-01 7.017889770777532843e-02
2.707654293065136497e-01 2.329343587573914354e-01 3.948272775465646589e-01 1.014729343895301450e-01
3.596443681037098106e-01 1.618793362341589548e-01 3.498856062920190357e-01 1.285906893701121712e-01
2.820118799403885101e-01 2.099873413471605166e-01 3.840107611561072720e-01 1.239900175563437429e-01
2.958174008457085113e-01 2.120704938719645272e-01 3.907444706072842888e-01 1.013676346750425061e-01
3.280430259745114041e-01 1.548306710118504126e-01 3.714248642141138035e-01 1.457014387995243521e-01
3.067757854512463411e-01 2.076179111409973965e-01 3.787907209038047784e-01 1.068155825039515672e-01
3.058396248438021714e-01 1.984106162573102128e-01 4.133867829751780021e-01 8.236297592370964149e-02
3.310229505739720746e-01 2.151413919062687419e-01 3.502839229214458894e-01 1.035517345983132803e-01
3.321001038022660667e-01 1.877424130682559811e-01 3.869649490646623335e-01 9.319253406481549373e-02
2.580111335018439034e-01 2.115713810192179911e-01 4.016973083080936924e-01 1.287201771708441633e-01
3.079906149692449580e-01 1.918434986716065216e-01 3.787012200138791251e-01 1.214646663452693121e-01
3.270209713675527596e-01 1.749560126754556577e-01 3.919603851315819898e-01 1.060626308254096345e-01
3.521603430928451073e-01 1.956678870175668772e-01 3.457307086932242535e-01 1.064410611963637898e-01
3.440955111626144425e-01 1.853609786552903316e-01 3.891777667059956869e-01 8.136574347609946967e-02
3.158967508506689281e-01 2.127514229036833182e-01 3.965933937314317648e-01 7.475843251421603053e-02
3.155217857944572213e-01 1.897531402078987128e-01 4.133333554121516595e-01 8.139171858549240635e-02
3.178443538058309814e-01 2.091541383852049407e-01 3.768144802964497053e-01 9.618702751251449745e-02
3.095747437359162579e-01 1.939459547756858249e-01 3.851823278451565469e-01 1.112969736432413287e-01
3.003759294559240067e-01 2.396486774202997438e-01 3.933086727472909216e-01 6.666672037648542493e-02
3.678069984282152372e-01 1.782428379238745753e-01 3.397645537034310603e-01 1.141856099444790718e-01
3.517120141107409337e-01 1.997253038696979455e-01 3.639049396728684105e-01 8.465774234669258547e-02
2.979692895092778682e-01 2.254391963864715853e-01 4.004313260429293031e-01 7.616018806132116015e-02
3.614292468003555414e-01 1.949483985988426649e-01 3.343504599088720219e-01 1.092718946919297857e-01
3.163401209531486180e-01 2.061792104354774613e-01 3.878151752786345163e-01 8.966549333273940436e-02
2.898881458485578766e-01 2.111039121549404818e-01 3.867984434513295211e-01 1.122094985451721205e-01
3.053391538466997956e-01 1.653473224799300312e-01 4.081151464207466995e-01 1.211983772526234460e-01
3.239270915021502106e-01 1.944147857023155457e-01 3.906272335669909168e-01 9.103088922854322973e-02
2.907787012682952477e-01 2.135019391780174358e-01 3.812468085949583529e-01 1.144725509587289219e-01
3.208753575194401297e-01 1.803245386182681376e-01 3.753672232548863619e-01 1.234328806074052737e-01
3.105986313398517717e-01 2.028990907025111090e-01 3.754859880695994856e-01 1.110162898880376892e-01
3.418435010215554182e-01 2.016128836752316134e-01 3.789566583278131118e-01 7.758695697539987057e-02
3.370656800912706363e-01 2.061595424629037721e-01 3.423453235605855016e-01 1.144294538852401177e-01
3.410326473714308526e-01 1.844701754285104356e-01 3.990584744336151402e-01 7.543870276644334960e-02
3.289640551452132078e-01 1.856820320392753021e-01 3.834414023572786934e-01 1.019125104582328800e-01
3.438069443199018305e-01 1.697213716618640733e-01 3.871300029906411533e-01 9.934168102759308172e-02
2.805187834558672821e-01 2.494903455135425163e-01 3.757914230707476433e-01 9.419944795984241948e-02
3.104033813676826403e-01 2.104556540391432640e-01 3.887791337141612846e-01 9.036183087901276945e-02
3.108923241789414149e-01 2.117592196389161407e-01 3.892105987114158894e-01 8.813785747072659660e-02
3.623237345636381446e-01 1.941139697320937163e-01 3.031954165673991786e-01 1.403668791368690438e-01
2.639408197945201651e-01 2.034782872953455890e-01 4.094934139537864670e-01 1.230874789563477512e-01
2.927401364644978687e-01 2.291436494654349731e-01 3.849112116978821163e-01 9.320500237218509731e-02
3.397439465587054341e-01 1.506933488839728164e-01 4.295347378945985617e-01 8.002796666272322945e-02
3.263032223427706491e-01 1.779064155925805524e-01 3.929819943103015634e-01 1.028083677543472491e-01
3.538361457841266988e-01 1.457902181791413676e-01 3.750932962285452588e-01 1.252803398081868136e-01
3.170047759653524255e-01 1.976108423675987935e-01 3.793289451814664814e-01 1.060554364855822856e-01
2.987492169528740416e-01 1.766046314093879799e-01 4.323537981151123755e-01 9.229235352262550596e-02
3.237670158318475822e-01 1.748709600549868681e-01 3.755502803836327508e-01 1.258117437295327434e-01
3.640161296309778471e-01 1.674639780632381780e-01 3.699880195661962579e-01 9.853187273958768921e-02
3.521030105720210357e-01 1.606790383901224861e-01 3.848249102935275556e-01 1.023930407443288532e-01
2.848492594741255379e-01 2.245547106345177901e-01 3.557630181421302384e-01 1.348330117492264335e-01
3.186516096493436367e-01 2.673258749652767108e-01 3.566763793673574656e-01 5.734613601802231869e-02
3.072109227847484303e-01 1.743187386308002462e-01 3.907495879663678284e-01 1.277207506180836061e-01
2.983931007304715943e-01 2.049176534118614390e-01 4.011723077788134639e-01 9.551693807885348886e-02
2.816600050262453858e-01 1.551259229148842789e-01 4.248544388772335090e-01 1.383596331816369929e-01
3.577179741179351558e-01 1.573755876984602453e-01 3.833730756915119664e-01 1.015333624920927019e-01
3.035126172506216191e-01 1.820483755874749698e-01 3.957107432979707906e-01 1.187282638639324817e-01
3.522744364224049685e-01 2.454021257600668415e-01 2.931520795005864710e-01 1.091713583169417467e-01
3.979135305745765128e-01 1.643109474428363914e-01 3.396723616439903948e-01 9.810316033859674267e-02
2.980042785517627024e-01 1.768195814874466143e-01 4.068590566731822844e-01 1.183170832876082046e-01
3.245391617202434964e-01 2.012412261477281583e-01 3.511856810564477627e-01 1.230339310755805271e-01
3.151417792039640786e-01 1.564025002851580637e-01 3.970019397928892801e-01 1.314537807179886331e-01
3.333296231959971268e-01 2.094892353085518188e-01 3.415518320732411350e-01 1.156293094222099194e-01
2.554668834308860270e-01 2.284200818167410607e-01 3.599056869758218147e-01 1.562073477765512086e-01
3.733336401633199353e-01 1.834107700249754391e-01 3.653916552526531025e-01 7.786393455905142591e-02
3.492527998566876124e-01 1.903214943024459094e-01 3.592362777646480043e-01 1.011894280762184878e-01
3.583577126512134670e-01 1.721366863243979362e-01 3.717829309956016681e-01 9.772267002878695652e-02
3.031401993742510736e-01 2.210262274224120416e-01 3.923947972426051201e-01 8.343877596073175085e-02
3.491598731733000505e-01 1.539529722695068825e-01 3.917256799183123639e-01 1.051614746388807586e-01
3.031011277536153625e-01 1.787907887363161530e-01 4.132364997622304248e-01 1.048715837478380181e-01
3.283917085849452633e-01 1.774215659046550764e-01 3.811423737187276117e-01 1.130443517916720070e-01
3.143804544091666764e-01 1.984892383885760725e-01 4.027894948095987471e-01 8.434081239265853180e-02
3.352161446468144845e-01 1.799381856657948919e-01 4.001522582452143317e-01 8.469341144217625017e-02
2.828790794015536569e-01 1.921488082910000894e-01 3.927686606105763589e-01 1.322034516968699225e-01
3.233399198893746607e-01 2.250894523110409384e-01 3.643079482025394222e-01 8.726267959704492316e-02
3.507477462044037986e-01 1.618576604450835676e-01 3.730895798010669395e-01 1.143050135494456665e-01
3.022785744989568979e-01 2.116446025751798632e-01 4.031646261536135367e-01 8.291219677224963280e-02
