1.357900056664590183e-01 3.398529513208382175e-02 3.457303564943747798e-01 4.844943427070823594e-01
1.693013667453953652e-01 1.070090359233655947e-02 4.035913802401739359e-01 4.164063494220942019e-01
1.624392339338871227e-01 3.394164606851751698e-02 3.761356365808996016e-01 4.274834834166958419e-01
1.999911627457537644e-01 1.906596009032908087e-02 4.504447334998336050e-01 3.304981436640836434e-01
1.994893085128271737e-01 1.967696541586005585e-02 3.675834415815537048e-01 4.132502844897591454e-01
1.293437342355713282e-01 7.985250900106795682e-03 4.385206269679181590e-01 4.241503878964037466e-01
2.194173053115256733e-01 3.189448520975229212e-02 3.598217460926959599e-01 3.888664633860259845e-01
2.176567139744996215e-01 1.996946688511618342e-02 3.549292852911611340e-01 4.074445338492230784e-01
1.513506615477000217e-01 1.363150486424295586e-02 4.519861798259617314e-01 3.830316537620951922e-01
1.972046607317138600e-01 2.995891523227335942e-02 3.590656684390300946e-01 4.137707555969825646e-01
1.610816740655771628e-01 2.004999151624158732e-02 4.399697690534231653e-01 3.788985653647579666e-01
1.896331403247775160e-01 4.765360754343465205e-02 4.199496010686525893e-01 3.427636510631352218e-01
1.487946558066675085e-01 2.952535778781107886e-02 4.009899343493822932e-01 4.206900520561390189e-01
2.555894528780177644e-01 1.503377379751436038e-02 3.857102706624829236e-01 3.436665026619849517e-01
1.761270706019478216e-01 2.440005334505108286e-02 3.209747556132331869e-01 4.784981204397679155e-01
1.344327936159840364e-01 5.494252971493546883e-02 4.119205007597017687e-01 3.987041759093788440e-01
1.379298689668494726e-01 3.278613486533708127e-02 3.518583971568447488e-01 4.774255990109687597e-01
1.584859227733874110e-01 2.818704695398113053e-02 3.641530841113505557e-01 4.491739461612809792e-01
1.342498974364238207e-01 2.061056532455358623e-02 3.613254077371880202e-01 4.838141295018346111e-01
1.709520855720436106e-01 3.073247286182832425e-02 3.638007418420641792e-01 4.345146997240638687e-01
2.014182184121527386e-01 2.815781028388337354e-02 3.507730174483021934e-01 4.196509538556616459e-01
1.691020453172141225e-01 1.781583707771995650e-02 4.016097741763602347e-01 4.114723434287055892e-01
1.557846990956215927e-01 2.114445145219625774e-02 4.246357444027816785e-01 3.984351050494004953e-01
1.966466747232453183e-01 3.086810613117049393e-02 3.523995768797735240e-01 4.200856422658105771e-01
1.684623784262983537e-01 1.473155290923978782e-02 3.979534713372983035e-01 4.188525973271635117e-01
1.908400642954269921e-01 2.413454138942673285e-02 3.936687319891682968e-01 3.913566623259778776e-01
1.432942061843193171e-01 2.805829172839644295e-02 3.989273811568346262e-01 4.297201209304496450e-01
1.686464880758262175e-01 2.866234462227319410e-02 3.422337382144460260e-01 4.604574290874546283e-01
1.843171526678054895e-01 3.891697252856867600e-02 4.294953499373548866e-01 3.472705248662709132e-01
1.616655606228456221e-01 1.196337887674874673e-02 3.843347901736465788e-01 4.420362703267590732e-01
1.743717206585209956e-01 3.556102978114271396e-02 4.101109018380467153e-01 3.799563477222896446e-01
1.903355035132178463e-01 2.894369462192658213e-02 4.153917409237818936e-01 3.653290609410737022e-01
1.454505647367938248e-01 4.602678076359693893e-02 3.537808114117492742e-01 4.547418430878600315e-01
1.549537496079613219e-01 1.901205307943054298e-02 4.059188290550054812e-01 4.201153682576025394e-01
1.484976513784699859e-01 3.519542876047816043e-02 4.088957677854873629e-01 4.074111520755644977e-01
1.479888545238963182e-01 6.218037921710221211e-02 4.136531803553738507e-01 3.761775859036277092e-01
1.826267239913619556e-01 1.661126527560844932e-02 3.857927679742904625e-01 4.149692427587391430e-01
1.448796900055691894e-01 2.346649878203580994e-02 4.381071726224381457e-01 3.935466385899567543e-01
1.950511240128749990e-01 2.020140390590750151e-02 3.596924709128820341e-01 4.250550011683353890e-01
1.890269395908323602e-01 3.320460708328340504e-02 3.374959615921294676e-01 4.402724917337547672e-01
1.719396539202404928e-01 5.609063494495739738e-02 3.871349573790539011e-01 3.848347537557482156e-01
2.269181878133264274e-01 2.859061088813398890e-02 3.863740125880660847e-01 3.581171887104734330e-01
1.728069280008702191e-01 1.916907601388146559e-02 3.705455164925421374e-01 4.374784794927062404e-01
2.027316896586683348e-01 1.397523422518558503e-02 3.289974266277765347e-01 4.542956494883694796e-01
1.493313305236744215e-01 2.826084668017236901e-02 4.537047166966984291e-01 3.687031060994547249e-01
1.451319022913121481e-01 1.466317084356480276e-02 3.982787155808806823e-01 4.419262112842424206e-01
1.483801477643451050e-01 1.807227967907650001e-02 4.101408411625269146e-01 4.234067313940514943e-01
1.638167635540530020e-01 2.422132732380409548e-02 3.759710172928228955e-01 4.359908918293199931e-01
2.239225714966594505e-01 1.269734435849404972e-02 3.676986406827977283e-01 3.956814434620486431e-01
1.227071447013762251e-01 1.899811059051993711e-02 4.587282914051205585e-01 3.995664533029833487e-01
1.881707809603803405e-01 2.175787820964247485e-02 4.365043233997214500e-01 3.535670174302557589e-01
1.208999890709336889e-01 2.171236780485952950e-02 4.030356010177557624e-01 4.543520421064509152e-01
2.340968202770409845e-01 3.919666183420049410e-02 3.517388819961554391e-01 3.749676358926030684e-01
1.760185676414526834e-01 1.786841267068593406e-02 3.588584946844134427e-01 4.472545250034478670e-01
1.943575052614122944e-01 2.198091251881072530e-02 3.966759418152633332e-01 3.869856404045137199e-01
1.386633277791594621e-01 1.485128863807231615e-02 4.284822284469257947e-01 4.180031551358425190e-01
1.511925697406010516e-01 2.698072596034347889e-02 4.272988216951291718e-01 3.945278826039261832e-01
1.764871630480888964e-01 3.667930773730633531e-02 3.663197677870375646e-01 4.205137614275672453e-01
1.929482038347161144e-01 1.560515973607163979e-02 4.134110998440284623e-01 3.780355365851836846e-01
1.643621951118248159e-01 3.875065154579570431e-02 4.100743239482521063e-01 3.868128293941274776e-01
1.778942050069719782e-01 8.428387507963635422e-03 3.911517131123203872e-01 4.225256943727440651e-01
1.601308061467078825e-01 1.441318987415182371e-02 3.858369152622496689e-01 4.396190887168907602e-01
1.025072653867813433e-01 2.764898621990099364e-02 4.215437045915259029e-01 4.483000438017917255e-01
1.898271114992129416e-01 2.320878995427748046e-02 3.706338517914334330e-01 4.163302467550761277e-01
1.818863212525387296e-01 2.936241020789354117e-02 3.626812787909464708e-01 4.260699897486212584e-01
1.743726549116591806e-01 5.334265922725840020e-02 4.035198329979596821e-01 3.687648528631226053e-01
1.798146256024946710e-01 1.056839735031792245e-02 3.912814714182769049e-01 4.183355056289106422e-01
2.085252691880817022e-01 2.686670890266375580e-02 3.305581272002921511e-01 4.340498947089624360e-01
2.303855514463419296e-01 3.132537341870957059e-02 3.676263841931717291e-01 3.706626909417768401e-01
1.772452066353167877e-01 5.824608849388080052e-03 3.735851720333731030e-01 4.433450124819220961e-01
1.374071651448350861e-01 1.411969862483360323e-02 4.229548731391573058e-01 4.255182630911740760e-01
1.614309244136482857e-01 1.861132615560372183e-02 3.590138914286296057e-01 4.609438580021184007e-01
2.146536984409619375e-01 1.508774759953633061e-02 3.574251414879219824e-01 4.128334124715796749e-01
2.213971544734075481e-01 2.662955634900821336e-02 3.673291380125472960e-01 3.846441511650369738e-01
1.523869619853996937e-01 3.127100258948887351e-02 4.300536004741685181e-01 3.862884349509428383e-01
2.047802140046624808e-01 3.296840790440446617e-02 4.337803818352333751e-01 3.284709962556996987e-01
1.759643469261414350e-01 2.148481364999110105e-02 4.182788672735271440e-01 3.842719721503403130e-01
1.388972298269972039e-01 1.245112623602037151e-02 4.455456910378227109e-01 4.031059528991597363e-01
1.723487094399410446e-01 5.952084774765455111e-02 2.976097198394125898e-01 4.705207229729918561e-01
1.492746379392934364e-01 3.660378184294654086e-02 3.975713018321965220e-01 4.165502783855634106e-01
1.983830842396782923e-01 2.921348851104491051e-02 3.949450345963012587e-01 3.774583926529755940e-01
1.682733660997473568e-01 1.139716899590733148e-02 4.191090874066112359e-01 4.012203774977340376e-01
1.503534226365022264e-01 3.041381804358782998e-02 4.184275550700710666e-01 4.008052042498388978e-01
2.026723039998772069e-01 2.777745997255405205e-02 3.611001901376800771e-01 4.084500458898887576e-01
2.204542499859419580e-01 1.456943714514331162e-02 4.128545899487346404e-01 3.521217229201801246e-01
1.568252178293509103e-01 3.968367593918691039e-02 3.840157481928721528e-01 4.194753580385900960e-01
1.516372129188457429e-01 2.717344031154791256e-02 3.741044998302021640e-01 4.470848469394043123e-01
1.615277705753283832e-01 2.822929198084005858e-02 3.976380861821156021e-01 4.126048512617159769e-01
1.574918311824705930e-01 1.962503966719719023e-02 3.926730237958731551e-01 4.302101053544590825e-01
1.747829537157204460e-01 3.585520402111196797e-02 3.604997525730320174e-01 4.288620896901355617e-01
1.113523441830860661e-01 3.445378809808246484e-02 4.468211182471384380e-01 4.073727494716931075e-01
1.419017555982858836e-01 2.484805346516672647e-02 4.264709484349797353e-01 4.067792425015676061e-01
1.718796431021548388e-01 1.494471788086598751e-02 4.175549965924092999e-01 3.956206424245699016e-01
1.329274830932977991e-01 2.344933953116284595e-02 4.957455180941502948e-01 3.478776592813891955e-01
1.892250566288171398e-01 1.154063594626003608e-02 3.993623889180361597e-01 3.998719185068867477e-01
2.001240306352497778e-01 1.344110408456253639e-02 3.893661983451341402e-01 3.970686669350534936e-01
1.866776643301265026e-01 2.051739039836672149e-02 3.890591467672412929e-01 4.037457985042653408e-01
1.979412274725611542e-01 1.636545647780174306e-02 3.816648704876785536e-01 4.040284455619586601e-01
1.845374717550077315e-01 4.043968145471559666e-02 3.746482318566898284e-01 4.003746149335868365e-01
1.471874648238801486e-01 3.402491192508217549e-02 3.774192591817533415e-01 4.413683640692842580e-01
1.438951047511899395e-01 2.381074394244312234e-02 3.691674446766771700e-01 4.631267066296897439e-01
1.732389500844425390e-01 4.286231580160496102e-02 4.255007658892370759e-01 3.583979682247153131e-01
1.810775562246887682e-01 2.930057722500384668e-02 3.527505092873783887e-01 4.368713572629290831e-01
1.962383989368552129e-01 1.754355946961572849e-02 3.473841558718082090e-01 4.388338857217208844e-01
1.689160088461212905e-01 3.317180165594064978e-02 3.811554767306075120e-01 4.167567127673305616e-01
1.316408377086196457e-01 2.911992686371794523e-02 4.518236530485313374e-01 3.874155823791311515e-01
1.876827390708228904e-01 2.933694514493858860e-02 3.679909659628768925e-01 4.149893498213616527e-01
1.873499414629933579e-01 2.919321046154184016e-02 3.660457320658366265e-01 4.174111160096282691e-01
1.911416772171494749e-01 3.251941952292802113e-02 3.640743359888460873e-01 4.122645672710763542e-01
1.398543480535818506e-01 2.240058886961560428e-02 4.559645707611034160e-01 3.817804923156990493e-01
1.779211085262625003e-01 2.200383316270958234e-02 3.800437504717199544e-01 4.200313078393079769e-01
1.657038755956915521e-01 1.881825008877897540e-02 4.213832143785487538e-01 3.940946599369806180e-01
2.213286410567825990e-01 1.448075022216088054e-02 3.434325217847071232e-01 4.207580869363492515e-01
2.253723849918133904e-01 1.236104308894342071e-02 3.590814767092400661e-01 4.031850952100028973e-01
1.531095501604424203e-01 2.197270320059345819e-02 4.297508665222027346e-01 3.951668801167614320e-01
1.896525936791591815e-01 1.665868058991748155e-02 3.968176345384805126e-01 3.968710911924429596e-01
1.815721754890160522e-01 2.465398319004091093e-02 4.028660413134882989e-01 3.909078000074547865e-01
1.706525543912350007e-01 1.372461986869936978e-02 3.852364004129031350e-01 4.303864253271625362e-01
1.672140165940110834e-01 2.467832759665434042e-02 4.374995722100598061e-01 3.706080835992748290e-01
1.692421634597422730e-01 1.409751037915877442e-02 3.695533765316866837e-01 4.471069496294122758e-01
1.451044857136548627e-01 3.112409774027252024e-02 4.331626312164111869e-01 3.906087853296613122e-01
1.498016960903992001e-01 1.297129828613450934e-02 4.385190815560446875e-01 3.987079240674215597e-01
1.899852330736045702e-01 1.967376767223019685e-02 3.887777958992708061e-01 4.015632033548944269e-01
1.407678627156112028e-01 2.168758171370464144e-02 4.303649102581387220e-01 4.071796453125453574e-01
1.638929795231783559e-01 1.102445236629770627e-02 4.500014397312803172e-01 3.750811283792435669e-01
1.677472759396337054e-01 3.531938976603420793e-02 3.905055622381016223e-01 4.064277720562304297e-01
1.540482156115841328e-01 4.109976932384899750e-02 3.995641215499875498e-01 4.052878935145792227e-01
2.104576052016204069e-01 2.137639377946942351e-02 3.670177834879587708e-01 4.011482175309515341e-01
1.427725321175215001e-01 3.393533542008311116e-02 4.037566537689468715e-01 4.195354786934484825e-01
1.566421402510638217e-01 2.802145043008169231e-02 4.049364914514006486e-01 4.103999178674537784e-01
1.667459176606078952e-01 4.223945260607121777e-02 3.690932088247192988e-01 4.219214209086015743e-01
1.615816616621643387e-01 2.983996813028318498e-02 4.003596893164678150e-01 4.082186808910848175e-01
1.909009579488290531e-01 1.435502377944569349e-02 4.214300910451627136e-01 3.733139272265625364e-01
1.836453809901565370e-01 1.554896989919699914e-02 3.671322428167816954e-01 4.336734062938648049e-01
1.762747606284723878e-01 2.824688405418937162e-02 3.892832519376363543e-01 4.061951033797019384e-01
1.553991930158737100e-01 2.838374097932498327e-02 3.958757157382094549e-01 4.203413502665917512e-01
2.138670591603863691e-01 1.125435748754699365e-02 2.880571306997384839e-01 4.868214526523281238e-01
1.602635102982074844e-01 1.424265735939320501e-02 4.501533699929906041e-01 3.753404623494088210e-01
1.883483312589311620e-01 2.147003846691749110e-02 3.609438941696888614e-01 4.292377361044624751e-01
1.600265266857696655e-01 1.450970912480318772e-02 4.000560395031595440e-01 4.254077246862676409e-01
1.608336927163390162e-01 1.559693363675221378e-02 3.937530113593530334e-01 4.298163622875558754e-01
1.893085258773327673e-01 3.147920343624275447e-02 3.585388790021775129e-01 4.206733916842470000e-01
1.564378285046660877e-01 1.934753571008473658e-02 4.248442230625051330e-01 3.993704127227440392e-01
1.718667415016199296e-01 2.427977861724577718e-02 3.836119994908139819e-01 4.202414803903202767e-01
1.602669840374963128e-01 1.777336951507275248e-02 4.545954238298724470e-01 3.673642226175585224e-01
1.817586867690408892e-01 2.195330895704985380e-02 3.785223945106201970e-01 4.177656097632890808e-01
1.791092385425528954e-01 3.147197303985110189e-02 3.620749680045973751e-01 4.273438204129985651e-01
1.572078092983307807e-01 1.405241581204570885e-02 4.324338849014490727e-01 3.963058899881743979e-01
1.673520116348951037e-01 2.428658978729181586e-02 4.115815571461876599e-01 3.967798414316253131e-01
1.767687557122002706e-01 2.129635089741852005e-02 4.154988725268764505e-01 3.864360208635048144e-01
1.593719108184500355e-01 1.179903951178863479e-02 4.739916756938417630e-01 3.548373739759196899e-01
1.860808518323404104e-01 2.788976852713821730e-02 4.040237770558397501e-01 3.820056025846816361e-01
1.596332504444713807e-01 2.967382215047870142e-02 4.127104220222763131e-01 3.979825053827736325e-01
1.580542670659269289e-01 3.542320641926958308e-02 3.455015316582180085e-01 4.610209948565854310e-01
1.712539983392631915e-01 1.476768977660286065e-02 3.998637995324775818e-01 4.141145123516563609e-01
1.779312452499515196e-01 1.532691921101920866e-02 3.933219021802220605e-01 4.134199333588071124e-01
2.234383346975652440e-01 2.999191371997004738e-02 3.483907505635897017e-01 3.981790010188748785e-01
1.560644607569574849e-01 2.964032476477179712e-02 4.784561466567099353e-01 3.358390678215608105e-01
1.760539778107270137e-01 3.524891566609551080e-02 3.741571272638012369e-01 4.145399792593763011e-01
1.256910042835804597e-01 3.486456653612104994e-02 3.887760046716198792e-01 4.506684245086787777e-01
1.848933247360343701e-01 4.260353826181997872e-02 4.175205173712930873e-01 3.549826196308524251e-01
1.881784064446326010e-01 2.122746018669132220e-02 3.583252677284368692e-01 4.322688656402393637e-01
1.578656586296159348e-01 2.659471834136091853e-02 3.792361091560064179e-01 4.363035138730166906e-01
1.582770578342213852e-01 1.651396487376464994e-02 4.349299913337751899e-01 3.902789859582385668e-01
1.716347797060487068e-01 3.560285476537779215e-02 4.048772280918243593e-01 3.878851374367492388e-01
1.901922822851880024e-01 2.153829197983120336e-02 3.741751779576338865e-01 4.140942477773468799e-01
1.609785136336240041e-01 2.324627420327575467e-02 3.925429374453999753e-01 4.232322747177002520e-01
2.044939039460764996e-01 3.218226486641683620e-02 3.412671850152649289e-01 4.220566461722418117e-01
1.487729534276845678e-01 2.523282316865094882e-02 4.139025230914966658e-01 4.120917003121678523e-01
1.866201805723629870e-01 2.130103790366125530e-02 3.723192694305569317e-01 4.197595120934187740e-01
1.781487629099916259e-01 2.763603092411271583e-02 4.146267983550636638e-01 3.795884078108320292e-01
1.279508001705211562e-01 4.471651898772601580e-02 3.639911887198036267e-01 4.633414921219491944e-01
1.819906344410223697e-01 2.450657388726178512e-02 3.534979730576229273e-01 4.400048186140928519e-01
1.703395956864603433e-01 3.010570866834367393e-02 4.588835131677958534e-01 3.406711824774000252e-01
1.108734621867123321e-01 4.311288159427325434e-02 4.447760305777627154e-01 4.012376256412515385e-01
1.952288330162006980e-01 2.326584033693024356e-02 4.500243913752929314e-01 3.314809352715760160e-01
1.791137468027280133e-01 4.641154549466239287e-02 3.558043802332016003e-01 4.186703274694079102e-01
1.444254975867120261e-01 1.840680794876518520e-02 4.595362693091898931e-01 3.776314251553328782e-01
1.682230882789969018e-01 3.028434448952184790e-02 3.927288847221888646e-01 4.087636825092924031e-01
2.062288755585319211e-01 2.560446096116603468e-02 3.793643723566057502e-01 3.888022911236962420e-01
1.625976591430670914e-01 2.292097136594266338e-02 3.761263888350999118e-01 4.383549806558904027e-01
1.594801546836186468e-01 2.342838929570677936e-02 3.922095197007529621e-01 4.248819363199217158e-01
1.837693519663893826e-01 1.529390284356339780e-02 3.884645954358199038e-01 4.124721497542272464e-01
1.298714383142508533e-01 2.266659988332583170e-02 4.746923862702505104e-01 3.727695755321730475e-01
1.586931984286387709e-01 2.324775595729755909e-02 4.600514640726445781e-01 3.580075815414189289e-01
1.614358234202201148e-01 3.166821272630430950e-02 4.121217392624774156e-01 3.947742245909982017e-01
1.631393816904543326e-01 3.722879793868048848e-02 4.053796594665911024e-01 3.942521609042739517e-01
1.339836500432506905e-01 2.420288829666093419e-02 4.039084600888838139e-01 4.379050015712045996e-01
1.625159593053451257e-01 2.493051589172044086e-02 4.229206099979311850e-01 3.896329148050030056e-01
1.372119246734277431e-01 3.532013687942784502e-02 4.262709465940833775e-01 4.011969918530609580e-01
1.952500479653092869e-01 1.938436484359367523e-02 4.103419730460064474e-01 3.750236141450906668e-01
1.755979861936660391e-01 1.652846950088063954e-02 4.488444522232703515e-01 3.590290920821829213e-01
1.815849007750122979e-01 2.569406263796996867e-02 3.934637158411595226e-01 3.992573207458583462e-01
1.570587179737484018e-01 1.698081721507509537e-02 4.573661982594815489e-01 3.685942665516949712e-01
2.117362598204370616e-01 7.373864014100109041e-03 3.976947267491218740e-01 3.831951494163408634e-01
1.551130311267777673e-01 1.707768999178211136e-02 4.066396446344014426e-01 4.211696342470387933e-01
1.600697940126550867e-01 1.254155902453208717e-02 4.361519692142322713e-01 3.912366777485806191e-01
1.741553763760778084e-01 1.992157906884850158e-02 4.018009509475413688e-01 4.041220936075323178e-01
1.898988431569203494e-01 1.823951347865380990e-02 4.254510185962417923e-01 3.664106247681840345e-01
2.055816950959207245e-01 1.845512219278659313e-02 4.300610118697378859e-01 3.459021708415547791e-01
1.717804496198017117e-01 4.802123850456978954e-02 4.289631367827622110e-01 3.512351750928662253e-01
1.612268666500324410e-01 9.530786591199942592e-03 3.856425889045205224e-01 4.435997578542471009e-01
1.554225979869529040e-01 2.478092325191258785e-02 3.934368786585462074e-01 4.263596001025884430e-01
2.086425467284120372e-01 2.188945397889671685e-02 3.988985902852363874e-01 3.705694090074547198e-01
1.624806286958374868e-01 2.308144004240283986e-02 4.493930762345775820e-01 3.650448550271820358e-01
1.271524710875319431e-01 1.193562371399132724e-02 4.460083704438741470e-01 4.149035347546026209e-01
1.398618230816502661e-01 3.449489496244139558e-02 4.169649877223959855e-01 4.086782942335122071e-01
1.910999134836540436e-01 2.542059519939954618e-02 4.031067642233328030e-01 3.803727270936135274e-01
1.866996309132648024e-01 4.113938916469872531e-02 3.690489081551544537e-01 4.031120717668820741e-01
2.052181619508798294e-01 8.697163086430819909e-03 4.221237878891585527e-01 3.639608870735307478e-01
1.748447332672011523e-01 2.594362477525327323e-02 4.278777612561671106e-01 3.713338807013784049e-01
1.745815964287651678e-01 4.040431735373222616e-02 3.554996272481536490e-01 4.295144589693489778e-01
2.093138438258069500e-01 1.492818030953114473e-02 3.980649856924798891e-01 3.776929901721820526e-01
1.649749784799224572e-01 2.816334940424711220e-02 3.748149679465888062e-01 4.320467041692415133e-01
1.607525735304684289e-01 2.773692824384280109e-02 3.768098812688360777e-01 4.347006169568527478e-01
1.407049068068663145e-01 1.643386925532539650e-02 4.155012117107544367e-01 4.273600122270538315e-01
1.532032602679660460e-01 3.254401691325639612e-02 4.190559434599601119e-01 3.951967793588175293e-01
1.696245851101761404e-01 1.313788683320222042e-02 4.026285663006255455e-01 4.146089617559961527e-01
1.518930608397516813e-01 1.655715616072654314e-02 3.681341703213198424e-01 4.634156126782019158e-01
2.061266538433439433e-01 2.805535382645401449e-02 4.006197696720649182e-01 3.651982226581371727e-01
1.336581300322736421e-01 4.404444550012397847e-02 4.005994740225939377e-01 4.216979504450083516e-01
1.665754598443172918e-01 2.236948258566329173e-02 4.051139919160147707e-01 4.059410656540044515e-01
1.664884347451609514e-01 3.669007488620578544e-02 4.408468834981000839e-01 3.559746068705332278e-01
1.920567984806236805e-01 2.729733619057554683e-02 3.873922439262438289e-01 3.932536214025569854e-01
1.480283620831625291e-01 4.563105301561858756e-02 3.932031795734313162e-01 4.131374053277875880e-01
1.379860225970757914e-01 1.357429659369908947e-02 4.318618396165917472e-01 4.165778411926333580e-01
2.244208058218976620e-01 2.522567356122054280e-02 3.548630917180117250e-01 3.954904288988700944e-01
2.031758174135086525e-01 3.714792585312042678e-02 3.963282144739826984e-01 3.633480422593879933e-01
1.942616196562473585e-01 9.975194664762007321e-03 4.087241642607413183e-01 3.870390214182491961e-01
2.014465521290775829e-01 1.170547631906803873e-02 3.952372640384109737e-01 3.916107075134435678e-01
1.527450031038311840e-01 7.809567804444536056e-03 3.499892924226701840e-01 4.894561366690540205e-01
1.635825274311643596e-01 4.192259370844853006e-02 3.973458813925588307e-01 3.971489974678283907e-01
1.641502045073005844e-01 4.667360200653655755e-02 3.571150005198215349e-01 4.320611929663413231e-01
2.209689087507623606e-01 1.392859089227813270e-02 3.548887819715744185e-01 4.102137183853850066e-01
2.084067813095236421e-01 1.935613980936146464e-02 3.354292043104535881e-01 4.368078745706612809e-01
1.816187208135639775e-01 5.598606494984151999e-02 3.788835452060174136e-01 3.835116690305769849e-01
1.754975305432908972e-01 2.668977521870575728e-02 4.017971658198584706e-01 3.960155284181448576e-01
1.560482446718697846e-01 3.298550160691637173e-02 3.678949694593471320e-01 4.430712842618665936e-01
1.659748490698034762e-01 8.999157373391282119e-03 4.012549828907829297e-01 4.237710106660222409e-01
1.430587016897771624e-01 1.488994949454802361e-02 4.651974731771704730e-01 3.768538756385043653e-01
1.643770941246052442e-01 1.293151058605664962e-02 3.998852925748374587e-01 4.228061027145006423e-01
1.658985346677739614e-01 3.228320753142856908e-02 3.359177986412252293e-01 4.659004591595722333e-01
1.713574801957734040e-01 9.667188667378175462e-03 4.037253647104138699e-01 4.152499664264344692e-01
1.866281532277825062e-01 2.941882641406504822e-02 3.762682529075042082e-01 4.076847674506482444e-01
1.570426708571513730e-01 2.709214647128824552e-02 4.216605274134521131e-01 3.942046552581082719e-01
1.542025383121987392e-01 2.593228063265652639e-02 4.457833706772185711e-01 3.740818103779262049e-01
1.884806677377299788e-01 1.331152906352314758e-02 3.811107120873069576e-01 4.170970911114399438e-01
1.833104189330560796e-01 3.634725317247021470e-02 3.492545998678887043e-01 4.310877280265849043e-01
1.801585218198028526e-01 1.961224289776457991e-02 4.367520800287041927e-01 3.634771552537284789e-01
1.927949133925817293e-01 3.003880598447091280e-02 4.415358840301535914e-01 3.356303965927937005e-01
1.949941656503398624e-01 2.200066035012538182e-02 4.235884359766031726e-01 3.594167380229317255e-01
1.628882812653185408e-01 2.954034775868217416e-02 4.075369478334636697e-01 4.000344231425355113e-01
1.560365708914223937e-01 4.428958445423245016e-02 4.186254276638859961e-01 3.810484169904593266e-01
1.457572854809987273e-01 1.375022836995350509e-02 4.227974044300908396e-01 4.176950817189569176e-01
1.536000882345701091e-01 2.200150552119163605e-02 4.266299461702686147e-01 3.977684600739697096e-01
1.581226019286065543e-01 2.566367512835726269e-02 4.010214866990390870e-01 4.151922362439970371e-01
1.522392134919146878e-01 2.639382097097131910e-02 3.911519887341294299e-01 4.302149768029846499e-01
1.679464160679724205e-01 1.951881697750899175e-02 3.832281390922690489e-01 4.293066278622496013e-01
1.583768511287442782e-01 3.077254957596211454e-02 4.423543647903000475e-01 3.684962345049936916e-01
2.127014214726103414e-01 3.681151774951042094e-02 4.019364584727770362e-01 3.485506023051021529e-01
1.821996355249717314e-01 2.251499784905563323e-02 3.666409620427393823e-01 4.286444045832332739e-01
1.317118870425572907e-01 3.127840970536725773e-02 4.264188963804881882e-01 4.105908068715872217e-01
1.435132839845652541e-01 6.397263773499872914e-03 4.408439927606971342e-01 4.092454594812378610e-01
1.577451220973162260e-01 2.878205498559477729e-02 3.994751937969119870e-01 4.139976291201770131e-01
1.559836161237316277e-01 3.401990445637014665e-02 4.227736375533323598e-01 3.872228418665659144e-01
1.602034418522616521e-01 3.192703503391376013e-02 3.943114349526093410e-01 4.135580881612151982e-01
1.765059191816432949e-01 1.555872535665914561e-02 4.022603918908008724e-01 4.056749635708967738e-01
1.758095388129496950e-01 2.036288984884496861e-02 3.607500184750213612e-01 4.430775528631838989e-01
1.427093626323015507e-01 2.674909435310998673e-02 3.571916684092367178e-01 4.733498746053518280e-01
1.605449955091821090e-01 3.135706885892913104e-02 4.119912511101691543e-01 3.961066845217196541e-01
1.806443953101788680e-01 1.811330205408697575e-02 3.994170640361761060e-01 4.018252385995578768e-01
1.399131537633312994e-01 4.065525793494122880e-02 4.343676768688541912e-01 3.850639114328732737e-01
1.665279543794507544e-01 1.779855339092747957e-02 4.226988191698272113e-01 3.929746730597944993e-01
1.493563191732721340e-01 2.110620386860137185e-02 4.392715873438003960e-01 3.902658896143259004e-01
1.815330831347853335e-01 2.727978629821381854e-02 4.169309079220553382e-01 3.742562226449454021e-01
1.518742871767997937e-01 2.866838734756660748e-02 3.741291442078686913e-01 4.453281812677649665e-01
1.609885037480305592e-01 2.257861491649860997e-02 3.850866283638479937e-01 4.313462529716228233e-01
1.270576791513533532e-01 3.023097780500964143e-02 3.916260040880932269e-01 4.510853389555439241e-01
1.513049497834656754e-01 3.744350898624704271e-02 4.081894385587138685e-01 4.030621026715734967e-01
1.421812732815310454e-01 2.475047394274762155e-02 4.219846649554481743e-01 4.110835878202732108e-01
1.616195510497745180e-01 1.769768923118385587e-02 3.752995218356436347e-01 4.453832378833978978e-01
1.937741083340688841e-01 1.477001619742649569e-02 3.754166608478623490e-01 4.160392146206421948e-01
1.888039518893242508e-01 2.215930825347734237e-02 4.597524990817980495e-01 3.292842407754003609e-01
1.629359275361445536e-01 1.673052479350648977e-02 4.381297884415330524e-01 3.822037592288158314e-01
1.964246798871884803e-01 2.588067872342078926e-02 3.847498790502220656e-01 3.929447623391688071e-01
1.704041771490207025e-01 2.252431170443842945e-02 3.905699584916654254e-01 4.165015526548754288e-01
1.804833926680104172e-01 3.403746283453236432e-02 3.800633475807307926e-01 4.054157969167264119e-01
1.294196411308338179e-01 2.601081666870961109e-02 3.939352481443820775e-01 4.506342940560745802e-01
1.530038080814345447e-01 3.411848330495433068e-02 4.093998829812580120e-01 4.034778256323531820e-01
1.736911485495140628e-01 2.277053232156107596e-02 4.241292923931574976e-01 3.794090267357674295e-01
1.546184684266596887e-01 2.317955868373737169e-02 3.985675677578967013e-01 4.236344051317061932e-01
1.687687264628753570e-01 3.568478120676082943e-02 3.709523029291302842e-01 4.245941894012335571e-01
1.380768669885921174e-01 2.595684521556236579e-02 4.043515217814840357e-01 4.316147660143614950e-01
2.294281200358187778e-01 1.461641723959919599e-02 3.820778606663219334e-01 3.738776020582600390e-01
2.028084670928265443e-01 1.659232641830318475e-02 3.538896261198649085e-01 4.267095803690055256e-01
1.201323835190790529e-01 2.286872162692206098e-02 4.256045288543420790e-01 4.313943659996568591e-01
1.957399917917798104e-01 2.200384658930238865e-02 3.732471077452128028e-01 4.090090538737050085e-01
1.361884392977468217e-01 4.224917988919354994e-02 4.184091828160415583e-01 4.031531979970179869e-01
1.596458803090906875e-01 2.380996548038354782e-02 4.538995541141116474e-01 3.626446000964141936e-01
1.760883497814088039e-01 2.803980951482754405e-02 4.156280590169343925e-01 3.802437816868292630e-01
1.891401359168076446e-01 1.776209490123880144e-02 3.559069885236376685e-01 4.371907806583160139e-01
1.516211968275295030e-01 2.920789627703477415e-02 4.163737787728440387e-01 4.027971281225917188e-01
2.032625753866685869e-01 9.385266841336895732e-03 3.839529971858441915e-01 4.033991605861503293e-01
1.374083670302442273e-01 1.828358626087045122e-02 4.082808184874293644e-01 4.360272282214558981e-01
2.070042907789919617e-01 1.806925885998473397e-02 3.826440451520031760e-01 3.922824052090202462e-01
1.625588793348160810e-01 2.119219121204937717e-02 4.538872625864182608e-01 3.623616668667162255e-01
1.778896558474478695e-01 2.750718854351343751e-02 4.024740428953389459e-01 3.921291127136996568e-01
1.475971286830291829e-01 2.035242106734753281e-02 3.962543475114980174e-01 4.357961027381252461e-01
2.016004331856862675e-01 2.259558325959996547e-02 3.556313402722019457e-01 4.201726432825117485e-01
2.034610853332534386e-01 2.950856543896307471e-02 3.829792139088896707e-01 3.840511353188938992e-01
1.740466321629934587e-01 2.222343096979106578e-02 4.404571376061259813e-01 3.632727992610894630e-01
1.654349100678633999e-01 2.068669619263782330e-02 4.052654675122104866e-01 4.086129262272882867e-01
1.939375424648724089e-01 1.668737855151093338e-02 3.826929100234774395e-01 4.066821689601392564e-01
1.862987025672534214e-01 3.301819892642623294e-02 3.489473286309431876e-01 4.317357698753771511e-01
1.947073872240477344e-01 1.149671601452026230e-02 4.019808162372842664e-01 3.918150805241476520e-01
1.716263640419526115e-01 2.347953476764024286e-02 3.737350189935665368e-01 4.311590821968406262e-01
1.772564763633619478e-01 3.388171639826494802e-02 3.721934211827016004e-01 4.166683860556715246e-01
1.616845060588781025e-01 1.059008458485497829e-02 4.267691838888357792e-01 4.009562254674310933e-01
1.904516543396195249e-01 2.593953530638891392e-02 4.158748097559313850e-01 3.677340005980601068e-01
1.599300479719442114e-01 1.548082213351169995e-02 4.021812714356239327e-01 4.224078584589199825e-01
1.962304153494613401e-01 1.756626931909598816e-02 3.729288558085577798e-01 4.132744595228849405e-01
2.024219751138369716e-01 1.576383129578593639e-02 3.823388465078308984e-01 3.994753470825461172e-01
1.410329860266948121e-01 1.505051400387612259e-02 4.364831264647247577e-01 4.074333735047043770e-01
1.953367184287771452e-01 2.306355202840426957e-02 3.785507336282419866e-01 4.030489959145765466e-01
1.647307792270736315e-01 9.181840538209768560e-03 3.872551961842855550e-01 4.388321840504311178e-01
1.766415056112640158e-01 2.512067036130509121e-02 4.479471583460648554e-01 3.502906656813660757e-01
1.577443975939804566e-01 2.791609928232950330e-02 3.668871312185318367e-01 4.474523719051582971e-01
1.971876966359871752e-01 3.224762272128599283e-02 3.980360890159761467e-01 3.725285916267508379e-01
1.538681784177279299e-01 3.245316923134571735e-02 3.977710381150323937e-01 4.159076142358937855e-01
1.433794510227106855e-01 2.721441608400689341e-02 3.709905879334851608e-01 4.584155449597971943e-01
1.961823959719143917e-01 1.259768040029280584e-02 3.555909538392689195e-01 4.356289697885240009e-01
1.579418395154394972e-01 1.674086614682690141e-02 3.727726516330446271e-01 4.525446427046889708e-01
1.555351460365054783e-01 1.769851781500069235e-02 3.434885893900131992e-01 4.832777467584806197e-01
1.798351500345240772e-01 3.889728472363426781e-02 3.846392250128382040e-01 3.966283402290034510e-01
1.672186086634335767e-01 1.343133939893529846e-02 3.646946970977308911e-01 4.546553548399003830e-01
1.791630976872403969e-01 2.947182517163280530e-02 4.288348180234424212e-01 3.625302591176844946e-01
2.160363807270309910e-01 1.983911272826156813e-02 4.204800283180596954e-01 3.436444782266477871e-01
1.756182466518463325e-01 1.943148654183460625e-02 4.057452792155323285e-01 3.992049875907868750e-01
1.957698915253429928e-01 3.270863003589584428e-02 3.657100807221681515e-01 4.058113977165931363e-01
1.617642352680332962e-01 2.638089977764732086e-02 3.946495805828593162e-01 4.172052843714600945e-01
1.771434903124909088e-01 2.422687467051864649e-02 3.892592936911694612e-01 4.093703413258210078e-01
1.829949842806533333e-01 1.306623785813401488e-02 4.373284178954073287e-01 3.666103599658053769e-01
1.329580650217431492e-01 2.960771415199934392e-02 4.029242835775947440e-01 4.345099372486627698e-01
1.545390902897129382e-01 1.892943269836928552e-02 4.360871475505077588e-01 3.904443294614101112e-01
2.082806034048529098e-01 2.010683722148265060e-02 3.623068280015245834e-01 4.093057313721398249e-01
1.502814895404793183e-01 1.715254559664548817e-02 3.941668169666548982e-01 4.383991478962204202e-01
1.963416140047584690e-01 2.814796998434320949e-02 3.509998612941659379e-01 4.245105547167323246e-01
1.802873400388569081e-01 3.617207951105267522e-02 3.771425546566556930e-01 4.063980257934346474e-01
2.054775401225343023e-01 1.587331835298328234e-02 4.294209436960347293e-01 3.492281978284476618e-01
1.821442163031149752e-01 2.228597174731347663e-02 3.993001538374820747e-01 3.962696581120894734e-01
1.739034758284063731e-01 3.178121452876880859e-02 3.741913542227581213e-01 4.201239554200667525e-01
2.020597636616300041e-01 2.016023353741813393e-02 3.675163227739488003e-01 4.102636800270029749e-01
1.715754069584841390e-01 1.892189113880944282e-02 3.712296689258680615e-01 4.382730329768382838e-01
1.970319228272179590e-01 1.973240137765332192e-02 3.721402222652053782e-01 4.110954535299233270e-01
1.450813278320408628e-01 1.369194614966398431e-02 4.150401551798942879e-01 4.261865708384007800e-01
2.136013663284813680e-01 3.834227566577286944e-02 4.036959509424710157e-01 3.443604070632747538e-01
1.431348220913204461e-01 2.762271994344069753e-02 4.844967680388646558e-01 3.447456899263742214e-01
1.677168402334620612e-01 6.508409571634077469e-03 4.000111991218299745e-01 4.257635510730736761e-01
1.557014027933240341e-01 3.049006993099477245e-02 4.224021341432095955e-01 3.914063931324714418e-01
1.818920342780483423e-01 1.515523738223034309e-02 4.066755791598500869e-01 3.962771491798712242e-01
1.239694655821756419e-01 2.167768115775954227e-02 4.153198589854262268e-01 4.390329942746384884e-01
1.580517225835335604e-01 2.782681175425178247e-02 4.689232265485940299e-01 3.451982391136204642e-01
1.204240689690884297e-01 1.751107492139530181e-02 3.804718222177352338e-01 4.815930338917809306e-01
1.663567969469483820e-01 2.960910362546241223e-02 4.066107890988341356e-01 3.974233103287551638e-01
1.293045697844327768e-01 1.928162401018504793e-02 4.270394562302359254e-01 4.243743499751462256e-01
1.613937459821337128e-01 1.820620905836629194e-02 3.960231713047673852e-01 4.243768736547326448e-01
2.144663424444080424e-01 1.732022712700076461e-02 3.865226650207544412e-01 3.816907654078366408e-01
1.784460780967470350e-01 2.976607669991484031e-02 3.803494613118360013e-01 4.114383838915020575e-01
2.193587967297946917e-01 1.133293321075078998e-02 3.721854643869578205e-01 3.971228056724966371e-01
1.662541564617451284e-01 2.220104891044653167e-02 4.073831632518243318e-01 4.041616313759840429e-01
1.663620674741305705e-01 1.618610114749954518e-02 4.182510776604456693e-01 3.992007537179243504e-01
1.473005407369844810e-01 3.638113191120248557e-02 4.103417909297914501e-01 4.059765364220214723e-01
1.815591008931475014e-01 3.691293338703518362e-02 3.768522930169059815e-01 4.046756727029112710e-01
1.726453747273136718e-01 2.794042455328517999e-02 3.482649011085574009e-01 4.511492996108438236e-01
1.490939637143010033e-01 1.289226829174662352e-02 4.161477987375315490e-01 4.218659692564208363e-01
1.618992002036746813e-01 2.334569210023933888e-02 3.686204578406474530e-01 4.461346498554384921e-01
1.701616791909945359e-01 2.604391275033358238e-02 3.608115819399049240e-01 4.429828261187669369e-01
1.823841165655727403e-01 2.386086279412511987e-02 3.678186992247201581e-01 4.259363214155819088e-01
1.602587587497263377e-01 1.224617321382483193e-02 3.824577854776146646e-01 4.450372825588341241e-01
1.395325915234077452e-01 1.981735360289839029e-02 4.453186984717376062e-01 3.953313564019562132e-01
2.093579127387034944e-01 2.808248398753912523e-02 3.363251793326988981e-01 4.262344239410584268e-01
1.782386584212736214e-01 1.790699363787366313e-02 3.901759312184244211e-01 4.136784167224284436e-01
1.809953157808394109e-01 1.404850192190776857e-02 4.137699189222911467e-01 3.911862633749616514e-01
1.702071169620205382e-01 1.515788877789396930e-02 3.775475085002759634e-01 4.370874857598094909e-01
2.082854106819925222e-01 3.818135500447154135e-02 3.653626338827592468e-01 3.881706004307766689e-01
1.528187556333577835e-01 3.301662671671924676e-02 4.210208186786761342e-01 3.931437989712469050e-01
1.674324197224169586e-01 1.979661421873342084e-02 4.124576180045929630e-01 4.003133480542566125e-01
1.641986192969270009e-01 1.672771379459862817e-02 3.793870126211580374e-01 4.396866542873162920e-01
1.662800285492684604e-01 1.245404120921109713e-02 3.871915797579493779e-01 4.340743504835709587e-01
1.464546729910221612e-01 1.491253686862205503e-02 4.486686422648807349e-01 3.899641478754751756e-01
2.006434509976715297e-01 2.575614323786235352e-02 3.671496263847858210e-01 4.064507793796803270e-01
1.625789918472983764e-01 3.228352451118287475e-02 3.461693149949104376e-01 4.589681686466082766e-01
1.443998211141959143e-01 3.470908666717194280e-02 4.201320483505234238e-01 4.007590438681086775e-01
1.937922666063860155e-01 3.039231759890794610e-02 3.992236353319493225e-01 3.765917804627567644e-01
1.712770590666681525e-01 4.035192662265708885e-02 4.063296101500502577e-01 3.820414041606245981e-01
1.789795573064092982e-01 2.329429790710185397e-02 4.085263829949012382e-01 3.891997617915877727e-01
1.515464540410865757e-01 2.414501186118899259e-02 4.048712680661294971e-01 4.194372660315949797e-01
1.715217580204410064e-01 2.632773974338877346e-02 4.031781188926815696e-01 3.989723833434885569e-01
2.136783344425170761e-01 1.067696737577552603e-02 3.765264896349440615e-01 3.991182085467634422e-01
1.553869765123142288e-01 2.517216766062705877e-02 3.878765674674000685e-01 4.315642883596587098e-01
