1.850524806505412234e-01 3.541191246235358275e-02 2.785571055745336699e-01 5.009785013125716002e-01
1.734373179915285335e-01 3.277922365084486728e-02 2.678967637920274258e-01 5.258866945655992220e-01
2.059665892320157177e-01 2.420904725459045032e-02 2.703379347259621257e-01 4.994864287874317688e-01
1.995236255626458011e-01 3.476854201687773482e-02 2.671594696348830733e-01 4.985483627855933353e-01
2.021505991608261998e-01 1.336240034805305683e-02 2.832421471012131486e-01 5.012448533899075409e-01
1.863802517641452994e-01 2.681997885436479198e-02 2.926352446622675907e-01 4.941645247192222312e-01
2.323193186421806389e-01 2.147656560771037115e-02 2.440022932507548981e-01 5.022018224993541891e-01
1.920333375353727445e-01 1.446805710452609556e-02 3.021856335648487879e-01 4.913129717952524067e-01
2.621353560789315140e-01 1.988858044244622841e-02 2.825652672142152100e-01 4.354107962644071517e-01
2.051727139579248016e-01 2.307772552709044453e-02 2.938559784042913958e-01 4.778935821106933268e-01
2.264333073218382231e-01 1.884110609830351099e-02 2.716705199809281712e-01 4.830550665989301606e-01
1.879391476786431148e-01 1.410624465166396800e-02 2.896923272184367404e-01 5.082622804512562098e-01
1.771773192643387451e-01 2.484060267515266276e-02 2.469866685435080367e-01 5.509954095170006561e-01
1.845038899326562898e-01 2.402762971963228258e-02 3.453170508310204334e-01 4.461514295166909561e-01
1.970370395066496638e-01 2.066625855287098842e-02 2.651340554192868071e-01 5.171626465211925927e-01
2.257904890473897142e-01 1.575493938792387957e-02 3.083846881099290282e-01 4.500698834547574023e-01
1.675602719084865466e-01 1.185353674480793540e-02 2.845741269914027760e-01 5.360120643553026865e-01
2.063859404445922141e-01 2.468562762448891362e-02 3.115625710417749827e-01 4.573658608891439936e-01
2.148820203720499811e-01 6.096649024358503921e-02 2.381309214614263370e-01 4.860205679229385733e-01
2.049827103638477976e-01 4.457204788979427131e-03 3.345994273583745571e-01 4.559606574887983821e-01
1.961862819310582207e-01 2.495802252416009018e-02 2.892883294829834973e-01 4.895673660617981260e-01
2.063944154693395372e-01 2.539579292629519369e-02 2.893580851877828319e-01 4.788517064165823678e-01
1.650619430596735326e-01 2.567285009658645464e-02 3.414291585729189449e-01 4.678360482708211476e-01
2.057979819315054471e-01 3.027362913652939178e-02 2.864364721784044554e-01 4.774919167535606745e-01
1.719094418210281305e-01 3.823595539510734470e-02 2.913545733318613773e-01 4.985000294520031683e-01
1.956981129663611652e-01 2.429886447262497723e-02 2.260618039847692995e-01 5.539412185762445651e-01
2.223199496548545484e-01 1.946785978807798190e-02 2.807028629866067937e-01 4.775093275704605511e-01
1.899324153390258008e-01 1.708738698441730416e-02 2.506736311149912466e-01 5.423065665615657283e-01
2.130233703067659634e-01 2.876586052382048772e-02 2.649005724084927960e-01 4.933101967609208049e-01
2.125328316497471781e-01 2.116971880999142172e-02 2.972658382766507623e-01 4.690316112636107038e-01
2.208271553655135055e-01 1.939438598373772679e-02 2.872651249298519005e-01 4.725133337208967665e-01
2.045623267902041131e-01 1.099456323990954248e-02 2.970856037582251807e-01 4.873575062116610734e-01
2.197076447252901688e-01 2.191688637198411019e-02 2.888175601678058535e-01 4.695579087349198155e-01
2.258724761850605112e-01 2.773762009516056795e-02 2.996119824946018029e-01 4.467779212251773435e-01
1.891658518690766955e-01 3.297900193844189448e-02 3.292427629782034293e-01 4.486123832142780987e-01
2.174128814142064769e-01 2.290148466098103006e-02 2.674970257904443760e-01 4.921886081343680441e-01
2.790816050782132240e-01 5.149984085337817180e-02 2.705430365597524256e-01 3.988755175086561300e-01
2.531701941022265756e-01 2.509272190258490451e-02 2.621214839068662927e-01 4.596156000883222514e-01
2.448220089388322418e-01 2.762537551940954378e-02 2.903318928094741902e-01 4.372207227322840728e-01
2.174963551169830922e-01 1.237894623425061374e-02 2.787240303042817224e-01 4.914006683444844814e-01
2.158740368358437745e-01 1.581199868072582018e-02 2.633590502470056771e-01 5.049549142364248011e-01
2.205243595243061294e-01 8.991025711545490642e-03 2.611362276552184891e-01 5.093483871089299342e-01
2.454700895539722594e-01 1.572013224630428377e-02 2.697948589446418910e-01 4.690149192550815416e-01
2.355601849063136410e-01 1.865157329408179826e-02 2.533726859822484356e-01 4.924155558173560210e-01
1.529400229199757710e-01 3.882036708631102229e-02 2.729529794153409683e-01 5.352866305783721135e-01
2.562818496361427556e-01 2.151829575551046647e-02 2.729021913864871918e-01 4.492976632218596555e-01
2.241249295736058300e-01 2.335402786493082777e-02 2.671013096873784964e-01 4.854197328740848527e-01
2.376916914600448183e-01 6.207503197891051268e-03 2.962936867837076549e-01 4.598071185583563758e-01
1.583975571296670770e-01 2.020973713473686595e-02 2.578828898521606239e-01 5.635098158834354054e-01
2.085584782298865736e-01 2.225827142769350175e-02 2.752142061884400581e-01 4.939690441539797416e-01
1.950888338116276433e-01 3.431242004345007313e-02 2.775659604547129899e-01 4.930327856902092520e-01
2.448849037747325708e-01 9.200571103900240244e-03 2.782034082557954258e-01 4.677111168655717077e-01
1.638850086010174290e-01 1.366665605488073809e-02 2.693586523068171590e-01 5.530896830372846740e-01
2.138142620307866559e-01 3.073709831824949015e-02 2.532439512939697046e-01 5.022046883569942777e-01
1.995427718667333317e-01 4.657440438402914162e-02 2.533838216674717536e-01 5.004990020817656760e-01
1.975481602925276692e-01 1.347255115928737250e-02 2.354265417121548798e-01 5.535527468360302850e-01
2.097165982252879313e-01 4.324234461398202001e-02 2.804468080350812631e-01 4.665942491256487856e-01
1.631867006122715291e-01 5.706483181016098853e-03 3.071397191511126556e-01 5.239670970555997398e-01
1.592652906593003681e-01 2.207917082187760630e-02 2.684425788347135633e-01 5.502129596841084380e-01
2.002133447096622609e-01 4.111600799672292250e-02 2.852319013439699180e-01 4.734387459496448014e-01
2.026841330896941573e-01 2.829188647772681517e-02 2.792639166088899949e-01 4.897600638236888626e-01
2.068408495476125875e-01 1.605320417689058698e-02 2.998098240214387422e-01 4.772961222540580417e-01
1.984555179807523384e-01 3.565265754477092708e-02 2.833120116906927000e-01 4.825798127837840901e-01
2.234556537022162614e-01 1.213569648216518242e-02 3.199398954961491515e-01 4.444687543194693058e-01
2.214150955398173082e-01 2.572090459392759043e-02 2.897825124660285967e-01 4.630814874002265324e-01
2.022769049734839120e-01 1.949706766706387970e-02 2.786471813655057583e-01 4.995788459939464743e-01
1.730018667272330279e-01 2.294278219918315445e-02 2.398308657960394330e-01 5.642244852775444297e-01
1.964688005300614937e-01 1.725783814344451078e-02 2.598910822273176602e-01 5.263822790991763423e-01
2.264409302071436481e-01 1.464683453152516163e-02 2.810713551851320990e-01 4.778408800761990705e-01
2.566441742599332998e-01 3.525486989194520637e-02 2.760598079877107924e-01 4.320411478604107014e-01
1.985443886744379105e-01 1.680429024030373822e-02 2.782818127573981615e-01 5.063695083278602072e-01
1.767254423310664624e-01 2.441765856140094143e-02 3.275596775903905633e-01 4.712972215171420398e-01
2.342971491354139124e-01 1.643563305088211954e-02 2.704854108241820376e-01 4.787818069895218853e-01
2.214815687407745981e-01 2.201820850143492575e-02 3.114751464273368131e-01 4.450250763304536838e-01
2.543484468590549441e-01 2.875808948129645812e-02 2.630126177244151986e-01 4.538808459352333680e-01
2.189784130892391822e-01 2.500078724997048529e-02 2.695611982334831791e-01 4.864596014273072089e-01
2.263620870544366115e-01 1.617614339975895904e-02 2.639659188189101280e-01 4.934958507268943362e-01
1.782304702022307619e-01 1.967233493385075332e-02 2.986855582381995333e-01 5.034116366257187503e-01
2.014626213330193427e-01 1.579033174153344349e-02 2.518878420082946712e-01 5.308592049171525495e-01
2.073473808285988540e-01 1.597507185360078075e-02 3.226444341885316147e-01 4.540331131292688061e-01
1.770765240141514985e-01 2.107252660519638027e-02 3.037515251548991713e-01 4.980994242257529847e-01
1.559543608734698106e-01 2.053990719166963116e-02 3.298669635282393542e-01 4.936387684066211312e-01
1.942557387531989588e-01 1.395309972665903508e-02 2.954480391239641679e-01 4.963431223961779493e-01
2.415248977826846832e-01 1.588999554653389851e-02 2.923987994800225088e-01 4.501863071907589164e-01
2.060113206428171584e-01 1.432489679988233067e-02 2.846594874951181575e-01 4.950042950621822424e-01
2.332794262101277882e-01 1.595294122340733950e-02 2.589671149669224293e-01 4.918005175995425193e-01
1.849456504641658616e-01 2.165968603529426495e-02 3.320112521306411435e-01 4.613834113698986883e-01
2.772685992454693160e-01 1.340031711440228292e-02 2.990722159467898433e-01 4.102588676933385803e-01
2.432921324526432505e-01 2.800424814535634396e-02 2.767905779015680801e-01 4.519130415004322665e-01
1.895351834871511487e-01 2.512029153998970865e-02 2.570876438706573008e-01 5.282568811022017030e-01
1.760250380662428671e-01 2.184160215049181855e-02 2.664276717598431654e-01 5.357056880234221108e-01
2.636887676729100516e-01 3.021432300294989159e-02 2.493961546701814747e-01 4.567007546539585405e-01
1.583383831927112628e-01 1.866032723447130434e-02 2.780080051550787856e-01 5.449932844177385327e-01
2.283691639019228004e-01 2.801424277051957346e-02 2.812652364214014988e-01 4.623513569061561412e-01
2.424067280925380763e-01 6.600298878880074722e-03 2.831000857167210727e-01 4.678928873118607945e-01
1.905117327059459020e-01 2.291082781280903008e-02 2.685376929739548557e-01 5.180397465072900109e-01
1.468953567837996133e-01 1.776029651820899835e-02 3.009358563910271567e-01 5.344084903069643566e-01
1.769767865315682864e-01 3.079579490172235090e-02 3.383966015602267730e-01 4.538308170064826452e-01
1.723371770185208041e-01 2.419809186181529764e-02 2.561824489353404233e-01 5.472822821843233987e-01
2.264118082767575812e-01 3.508243182128768095e-02 2.681333611556712127e-01 4.703723987462836154e-01
2.417090617216757498e-01 2.212096679084082917e-02 2.534859322439536600e-01 4.826840392435297056e-01
2.063809586749378033e-01 1.501995875225563271e-02 3.461361423785920266e-01 4.324629401942146623e-01
2.198408984791064558e-01 2.157672562933943272e-02 2.738605247203806936e-01 4.847218511711735567e-01
2.172423196601972473e-01 2.339393359995588575e-02 3.177515389598881135e-01 4.416122077799588541e-01
2.080606548417739399e-01 1.042041134385866125e-02 3.101899983220212098e-01 4.713289354923461127e-01
2.269227065275101485e-01 4.356328304910939142e-02 2.559381988275851172e-01 4.735758115957954262e-01
2.000225167405230708e-01 1.565370447531763340e-02 3.442604294573318180e-01 4.400633493268274465e-01
2.173804847681324315e-01 1.204440572482045127e-02 2.916322601637045264e-01 4.789428493433426359e-01
1.615826643654119099e-01 1.700166511510246836e-02 3.390333786878744204e-01 4.823822918316112429e-01
2.263742587254162775e-01 3.155025195320081133e-02 2.486445757886259766e-01 4.934309135327570317e-01
2.030973079325967545e-01 1.362527900366125068e-02 2.424881060621534024e-01 5.407893070015885595e-01
2.136157420046740085e-01 1.957149614886520561e-02 3.607460616312890278e-01 4.060667002151717164e-01
1.964695645619471132e-01 2.501472757696259624e-02 2.674025063650140588e-01 5.111132014960761971e-01
1.730117980825061907e-01 2.591158833448796786e-02 2.919413669747765172e-01 5.091352466082292860e-01
1.634618610421349483e-01 1.466323581166646683e-02 3.324875475417599646e-01 4.893873556044386341e-01
1.831545873432572913e-01 6.919806906534198103e-03 3.144674632294965910e-01 4.954581425207120748e-01
2.235434381931226677e-01 1.335908114174766056e-02 3.051489444667508377e-01 4.579485361983788860e-01
2.668687528790739116e-01 8.514465374779770293e-03 2.718361800903812964e-01 4.527806016557651136e-01
1.901255268021984079e-01 3.342513019697149201e-02 2.491697212121313509e-01 5.272796217886988046e-01
1.723856901933559782e-01 1.398761574465608865e-02 2.762866648586718710e-01 5.373400292033160275e-01
1.809712373889120485e-01 1.465109194058095664e-02 2.773854601952073229e-01 5.269922104752996495e-01
2.089670875183355925e-01 1.031960473182240781e-02 2.705416045085575205e-01 5.101717032412845798e-01
2.269487770873249433e-01 1.245921392152433277e-02 3.360101836903567896e-01 4.245818253007937471e-01
2.032903031020943385e-01 1.885843990669124406e-02 3.274453584281662444e-01 4.504058985630483014e-01
2.434129261708392333e-01 3.982913116789549290e-02 2.680738802266749432e-01 4.486840624345901918e-01
1.921334519182680556e-01 2.272405663236888237e-02 2.810547036845703617e-01 5.040877877647925720e-01
2.072440962163260569e-01 2.628458534926365539e-02 2.663442619203967854e-01 5.001270565140134572e-01
2.160961852303156794e-01 2.138143164183436626e-02 2.859117323838317737e-01 4.766106507440182605e-01
1.806628380176016901e-01 1.062704940754114098e-02 2.842759632705615380e-01 5.244341493042955493e-01
1.850964583626724391e-01 1.806626779768979313e-02 2.859653361800095217e-01 5.108719376596282391e-01
2.476481974884565673e-01 2.411441832339878549e-02 2.931217140633459173e-01 4.351156701247986813e-01
1.992842459629644292e-01 3.634850558740107540e-02 2.826117995189273979e-01 4.817554489307070420e-01
1.960814461841141887e-01 1.812249351219706942e-02 2.686927781602110876e-01 5.171032821434776716e-01
2.169400920921557840e-01 1.627209533431314692e-02 2.607695469628940055e-01 5.060182656106372301e-01
2.097807636057521519e-01 2.227621760504274601e-02 2.679637258367933428e-01 4.999792929524118357e-01
1.649466367760199503e-01 2.369800670136534143e-02 2.991979808935712470e-01 5.121573756290435098e-01
2.549907583319407922e-01 1.962524510709140468e-02 2.420738536819046216e-01 4.833101428790630982e-01
2.013803216619649006e-01 1.393058181772503790e-02 3.138033318948199590e-01 4.708857646254901441e-01
2.012264919079158332e-01 1.083867559889702473e-02 3.108804703272770587e-01 4.770543621659101841e-01
2.261044897293619793e-01 3.313653894064323008e-02 2.726734732375613590e-01 4.680854980924334385e-01
2.431435293645867746e-01 8.482026316177443750e-03 2.327293862396006552e-01 5.156450580796350103e-01
2.132854339475451777e-01 1.141979980070328103e-02 2.818861787555863030e-01 4.934085874961653961e-01
2.173338579939968762e-01 1.676476213344754024e-02 2.743602071218805838e-01 4.915411727506749928e-01
1.678132799928613306e-01 2.802941646498552028e-02 2.798336078740972233e-01 5.243236956680560334e-01
2.075719659560250063e-01 1.036821305403825069e-02 2.669273385369678175e-01 5.151324824529690538e-01
2.154864839568436663e-01 2.363442093663271903e-02 2.278453101183755269e-01 5.330337849881481294e-01
2.509427297550651526e-01 3.848644906523197157e-02 3.071242585314076234e-01 4.034465626482953704e-01
1.735691128652112059e-01 4.332406642480313846e-02 2.725073913219178690e-01 5.105994293880679047e-01
1.756886452100346607e-01 3.172729616412489628e-02 2.764949659572087381e-01 5.160890926686316771e-01
1.900473429092384425e-01 2.362172806638954820e-02 3.234388983991652311e-01 4.628920306252067851e-01
2.025318932016627882e-01 9.627731808333756316e-03 2.645233185956712418e-01 5.233170563943322362e-01
1.874358886910829636e-01 2.012696363180513717e-02 2.494092183159621334e-01 5.430279293611497415e-01
2.108390472189126674e-01 1.246758294868049663e-02 3.217469413130450984e-01 4.549464285193617896e-01
1.685106462481497924e-01 1.782266307841619268e-02 3.084498827259267717e-01 5.052168079475071183e-01
1.637261446549442279e-01 3.207974015122280753e-02 3.070407966267970079e-01 4.971533185670359289e-01
2.249502660843035462e-01 1.064922156468064984e-02 2.527288792870008294e-01 5.116716330640150856e-01
2.056714908472760950e-01 9.315945144366104963e-03 2.870616795343743921e-01 4.979508844739833906e-01
2.335601915470631451e-01 2.774899333922832209e-02 3.215988004527601252e-01 4.170920146609485291e-01
2.240732061362464833e-01 1.318303035102355060e-02 3.223791523527628766e-01 4.403646111599670565e-01
2.149507129209282108e-01 2.099509998825231996e-02 2.601106563640367964e-01 5.039435307267827735e-01
1.843236793717814015e-01 1.836861347793439236e-02 2.770004687023042700e-01 5.203072384479798806e-01
1.509349161780249582e-01 3.648215007194554466e-02 2.830615673836653912e-01 5.295213663663641546e-01
1.655434513244311845e-01 2.132347061116639936e-02 2.808270237111827328e-01 5.323060543532196487e-01
2.401501653251602031e-01 5.002825556332755191e-02 2.707547781045946955e-01 4.390668010069176952e-01
2.165505126736231856e-01 1.208418649712522143e-02 2.947902687243451614e-01 4.765750321049064264e-01
2.313726238143689884e-01 3.222085852610970247e-02 2.549671029116070686e-01 4.814394147479141850e-01
1.971815007132281528e-01 1.788152990318846516e-02 3.140547189594006250e-01 4.708822504241827467e-01
2.043064650694426110e-01 2.991735824416574471e-02 2.939753286831662260e-01 4.718008480032253593e-01
2.235617997037895599e-01 1.152746229194836526e-02 2.508031201992443338e-01 5.141076178050177914e-01
1.874066458466321916e-01 3.364384969636240869e-02 3.663574002375185046e-01 4.125921042194868882e-01
2.420546562994572715e-01 2.309058131099524236e-02 3.044745680674479926e-01 4.303801943220993964e-01
2.140854727835257709e-01 2.456875051652594732e-02 2.959419823194125998e-01 4.654037943805355848e-01
2.136914312037519470e-01 1.335126963832681396e-02 2.881879013537086975e-01 4.847693978042124652e-01
2.231246503904182055e-01 9.279413071339195213e-03 2.917480039148764304e-01 4.758479326233660545e-01
2.186583608445602789e-01 2.547653347389836065e-02 3.097213851724953670e-01 4.461437205090459934e-01
1.872865954064631966e-01 1.971304268713439112e-02 3.103377819133153470e-01 4.826625799930870930e-01
1.771272141134633549e-01 1.934622247882799434e-02 2.503029928615285726e-01 5.532235705461802100e-01
2.305237829216666146e-01 2.267965629392941843e-02 3.198679847846904734e-01 4.269285759997135110e-01
1.336293730607177321e-01 9.593929417935905674e-03 2.876618727702636713e-01 5.691148247510827707e-01
2.035934462939112954e-01 1.482006131595958905e-02 2.587927835326316317e-01 5.227937088574975411e-01
1.954648376893735329e-01 1.808298959878186854e-02 2.681659089653352090e-01 5.182862637465093236e-01
1.993039251275244284e-01 3.264198777972379673e-02 3.087309933036812004e-01 4.593230937890707688e-01
1.893379428142204501e-01 1.854246823558283394e-02 2.932907019061339882e-01 4.988288870440626965e-01
1.791013619768082876e-01 3.189813987673566220e-02 2.940649553655363957e-01 4.949355427809197794e-01
2.014825467633304945e-01 2.498751969424395022e-02 2.942022234832317729e-01 4.793277100591936124e-01
2.288565193682089438e-01 7.119722005751240833e-03 2.568343852604732525e-01 5.071893733655666869e-01
1.867237088315730487e-01 1.272809262093601256e-02 2.856612872076629839e-01 5.148869113398280017e-01
2.129064323046957474e-01 6.321747595485811833e-02 3.018391378673176417e-01 4.220369538731285064e-01
1.842670812905648492e-01 2.613831201170081428e-02 2.772467308851830348e-01 5.123478758125513677e-01
2.542568881586054208e-01 1.152687432677686891e-02 2.760593166695430312e-01 4.581569208450746999e-01
2.134709181449663262e-01 2.742541050173326334e-02 2.906696900426615215e-01 4.684339813106388473e-01
1.612464830742448008e-01 2.071019951873732945e-02 2.403252666286437578e-01 5.777180507783740149e-01
1.994334696110867944e-01 9.914860630424661425e-03 2.876467557452853652e-01 5.030049140132030194e-01
1.882057889036979070e-01 1.689142815194887362e-02 2.851247507443668838e-01 5.097780321999864084e-01
1.435217689021771326e-01 3.564631103095308728e-02 3.163166515736098305e-01 5.045152684932600051e-01
2.439666349800732326e-01 2.990099230314562442e-02 2.853130869058985164e-01 4.408192858108826440e-01
2.536295409801875289e-01 1.002471697683846551e-02 2.607792504546546652e-01 4.755664915883191513e-01
2.480910439726272398e-01 2.175841508180883718e-02 2.441751347837111952e-01 4.859754061618526966e-01
1.614327755772504425e-01 2.125686349891156221e-02 3.044220039489584639e-01 5.128883569748796667e-01
1.404967241309658388e-01 2.219357336805247161e-02 3.500013223499895409e-01 4.873083801509922042e-01
2.434595575924930477e-01 2.130569166733235764e-02 2.355082221052053615e-01 4.997265286349694136e-01
1.868126489996561057e-01 2.272300608474688358e-02 2.966455859223233738e-01 4.938187589932737098e-01
1.895278536318719398e-01 1.113405314539501860e-02 3.195925958257538335e-01 4.797454973969791370e-01
1.840059357354832670e-01 1.945689546153258134e-02 2.891150632664335474e-01 5.074221055365505384e-01
1.535707538332082289e-01 1.995590045663673401e-02 3.685050199208012578e-01 4.579683257893537585e-01
1.803927870561378155e-01 2.095362614993653838e-02 2.952249631641182814e-01 5.034286236298074479e-01
2.294711889299254903e-01 1.977625058904159891e-02 2.735956482280638147e-01 4.771569122529692453e-01
1.802248222089444518e-01 2.173618865086454979e-02 2.981305660665644064e-01 4.999084230736265400e-01
1.900158936682593280e-01 1.723438402964789368e-02 2.988235958865506636e-01 4.939261264155421216e-01
2.349449961690017463e-01 3.748600405908099342e-02 2.306296103818111787e-01 4.969393893901061232e-01
1.971190484473517301e-01 1.323228235656304444e-02 2.636253561355599850e-01 5.260233130605252994e-01
2.014531658239318013e-01 2.652109206082981299e-02 2.814151322479203077e-01 4.906106098673181370e-01
2.435488324088303791e-01 3.386325897735158186e-02 2.653357958287121399e-01 4.572521127851060241e-01
2.225861036298186213e-01 1.558683987151060317e-02 2.528352743956613913e-01 5.089917821030093270e-01
2.363247732551658487e-01 1.969106727589494885e-02 2.385144904355959716e-01 5.054696690333433384e-01
1.898436603043125448e-01 1.016682099968898960e-02 3.076220944551410486e-01 4.923674242408574986e-01
2.407967677187903555e-01 1.994829447868410460e-02 2.382096537607925058e-01 5.010452840417328746e-01
2.606007611961786430e-01 1.595280693741151640e-02 2.573314219171322637e-01 4.661150099492775145e-01
2.469780165459300736e-01 2.133391167927724263e-02 2.552199748947175384e-01 4.764680968800753535e-01
1.856504277471684727e-01 2.626983352693229926e-02 2.931367605675433419e-01 4.949429781583558619e-01
2.184632354500075369e-01 1.830122792259798389e-02 2.417794711045601619e-01 5.214560655228344110e-01
2.239803108245169982e-01 1.421590879072307141e-02 2.474622687633799556e-01 5.143415116213799765e-01
2.458074112548190582e-01 2.089543856856251186e-02 2.439516113005481823e-01 4.893455388760702962e-01
1.761072125411475564e-01 2.310822052939262225e-02 2.928079033950581889e-01 5.079766635344016290e-01
2.159709204907490077e-01 3.514947070756990755e-02 3.001011721768835905e-01 4.487784366247974943e-01
2.082528753886211670e-01 1.065080608845787348e-02 2.924271326340239230e-01 4.886691858888971285e-01
2.277920058869798703e-01 2.884765840341736373e-02 2.834522873590377690e-01 4.599080483505649242e-01
2.324555217047219735e-01 1.992904536804456991e-02 2.825046660578713342e-01 4.651107668693622577e-01
2.434990911398987601e-01 2.395222102682350446e-02 2.921259626905184925e-01 4.404227251427592082e-01
1.994887808606960744e-01 2.672379947814950904e-02 2.597176188081845583e-01 5.140698008529700491e-01
1.907193783403858811e-01 1.821477183187229440e-02 3.050851977513726054e-01 4.859806520763691462e-01
2.369402871131649768e-01 3.266957594353662314e-02 2.577168966195611532e-01 4.726732403237372537e-01
1.934528979625174672e-01 3.287120465803682751e-02 2.718275647741937306e-01 5.018483326052520788e-01
2.301131097383830038e-01 1.708878784813955970e-02 3.024733068249950696e-01 4.503247955884824294e-01
1.937486367323916214e-01 1.851522685589042372e-02 2.579808607041558788e-01 5.297552757075620899e-01
1.797260367949380377e-01 2.624665400992740386e-02 3.221465801020174657e-01 4.718807290931172349e-01
2.336372233588735470e-01 1.771777052668678173e-02 2.884690795271112052e-01 4.601759265873284210e-01
1.830954116257276776e-01 2.227512710215118902e-02 2.704523602264375937e-01 5.241771010456834912e-01
2.234796224298457867e-01 2.126912611343171819e-02 3.129476172925488853e-01 4.423036341641735092e-01
1.623540495808382111e-01 3.472970227430000056e-02 2.854659777388456887e-01 5.174502704060160996e-01
2.308868567356386903e-01 2.625637880132251217e-02 2.868610597346087365e-01 4.559957047284299292e-01
2.526749986616332877e-01 2.654975385167000768e-02 2.387289643069529232e-01 4.820462831797437953e-01
1.849247122363755214e-01 7.518340072301254486e-03 2.676396582913970756e-01 5.399172893999262257e-01
1.992884177449674721e-01 1.246370422760201789e-02 2.867667093662146227e-01 5.014811686612158370e-01
2.225593178742716893e-01 1.783408432461010967e-02 2.845910461029720895e-01 4.750155516981461878e-01
1.965143388106281863e-01 1.799656720420019645e-02 2.688575673022028933e-01 5.166315266829689667e-01
1.828424064171629282e-01 8.484176380723558106e-03 3.140014231681317325e-01 4.946719940339818766e-01
2.141841299283059330e-01 3.182621995448240565e-02 2.854873098142802768e-01 4.685023403029314193e-01
1.754921016412621659e-01 2.923360751572113073e-02 3.334561214612823399e-01 4.618181693817343669e-01
1.816320557774957767e-01 2.273279550749831429e-02 3.153038328217709352e-01 4.803313158932350224e-01
2.039266794263306926e-01 2.137021186167590778e-02 2.405331817142490891e-01 5.341699269977443487e-01
2.345256426632503777e-01 2.207438536792134462e-02 2.675288288085283517e-01 4.758711431602999919e-01
2.778198102861225149e-01 2.603924827565623490e-02 2.564195830557873257e-01 4.397213583824340355e-01
2.030313850285498933e-01 2.021478841946155666e-02 2.582628811187961393e-01 5.184909454331925183e-01
2.063618300295400054e-01 2.760746509687084932e-02 2.801941727375753532e-01 4.858365321360138545e-01
2.366315848228599528e-01 4.459070100439394696e-02 2.746974669477393882e-01 4.440802472250067745e-01
1.960511595791578354e-01 3.340677758097111705e-02 2.882021111099408173e-01 4.823399517299302164e-01
2.305282278614917135e-01 2.066694917366786177e-02 2.917938605827483656e-01 4.570109623820921563e-01
2.370804835077708339e-01 1.751683514803066555e-02 2.731118040291153348e-01 4.722908773150831241e-01
1.968213011248899635e-01 2.097126709196759156e-02 3.032915431811731288e-01 4.789158886019694306e-01
2.201314918926328967e-01 1.562701678419289864e-02 2.615709402690033492e-01 5.026705510541709110e-01
2.227770607108689183e-01 1.962407543569839874e-02 2.925567490064457377e-01 4.650421148469869315e-01
1.950582420878337331e-01 1.805929693510944720e-02 2.473703691750219480e-01 5.395120918020348544e-01
1.949409982799798213e-01 2.909343953167450522e-02 3.034236488174577584e-01 4.725419133708879671e-01
2.260235697862682247e-01 2.795337031712158068e-02 2.794480319980396921e-01 4.665750278985705823e-01
2.379164887602375766e-01 1.307521838753280402e-02 2.835274370850231485e-01 4.654808557672065472e-01
2.012576394655997969e-01 3.083155612103130952e-02 3.014011431395225427e-01 4.665096612738464099e-01
1.917734949109302089e-01 2.248774171622841198e-02 3.178361703662254678e-01 4.679025930066158523e-01
2.356215082340679945e-01 1.785246959179659712e-02 2.573098019396176661e-01 4.892162202345178290e-01
1.994049383736155312e-01 2.214323601659644661e-02 3.017716547763442114e-01 4.766801708334439391e-01
2.211137463850160467e-01 2.321992080258505203e-02 2.606549710896490235e-01 4.950113617227498986e-01
1.976268900351296764e-01 3.037430358030811239e-02 3.099431222987960033e-01 4.620556840857662495e-01
1.965408068467642544e-01 3.277065859621659805e-02 2.370577236126653609e-01 5.336308109443538283e-01
1.659453618766047189e-01 2.103581103471911448e-02 2.875687888338065989e-01 5.254500382548695780e-01
1.893085126872537105e-01 1.410831666495090259e-02 3.146542897923154669e-01 4.819288808554799131e-01
1.692600115628716262e-01 1.470471786478536567e-02 2.352103741978108786e-01 5.808248963745320514e-01
2.071127539452086441e-01 2.199683216868947300e-02 2.740636106468647415e-01 4.968268032392372247e-01
1.885324516896962344e-01 8.680157810036037355e-03 2.611520802220310689e-01 5.416353102782366369e-01
1.729614499160990471e-01 1.218017285106702367e-02 2.981859156402476008e-01 5.166724615925862851e-01
2.269829664469877328e-01 1.883504240241378955e-02 2.257501266857062927e-01 5.284318644648922092e-01
2.100137062058386461e-01 2.927130771061689507e-02 2.915679766472275003e-01 4.691470094363169308e-01
2.101169843976888052e-01 1.813520609627935695e-02 3.047455944559434582e-01 4.670022150500885427e-01
1.796082783030342467e-01 3.096802153396857257e-02 2.693760534335192247e-01 5.200476467294778971e-01
2.234944891637248854e-01 4.468744914434073096e-02 2.966566572461034057e-01 4.351614044458310682e-01
2.033511904889476474e-01 2.285335313005838059e-02 2.722100282135896387e-01 5.015854281674042570e-01
1.879796302905202554e-01 1.459843802191783391e-02 3.445769728641566165e-01 4.528449588234054746e-01
2.248926450916216013e-01 2.990908224058622458e-02 2.786260449743894752e-01 4.665722276934027302e-01
2.155586034076323043e-01 9.519271423407549629e-03 2.550833100490079164e-01 5.198388151199521134e-01
2.030161248398402729e-01 2.119738203225303430e-02 2.918933198027653941e-01 4.838931733251414236e-01
1.647299283064612430e-01 3.555516195565449483e-02 3.517330480975102147e-01 4.479818616403740128e-01
1.471344057725812726e-01 1.611251780930257962e-02 2.785527795922341787e-01 5.582002968258819031e-01
1.766335519932574205e-01 2.418861229182015654e-02 2.930717110514286516e-01 5.061061246634936950e-01
1.998334715529290762e-01 1.389844405829345972e-02 2.406082055660815344e-01 5.456598788226960650e-01
2.049115964800077294e-01 2.148581630539320858e-02 2.949795890596667580e-01 4.786229981549322554e-01
1.873734361672446669e-01 1.150955622688323680e-02 2.671076824539936334e-01 5.340093251518783779e-01
1.812473257117420966e-01 9.665216531259642960e-03 3.376397872660359400e-01 4.714476704909622562e-01
2.437413025721830162e-01 1.196123939062157873e-02 2.933929476666470859e-01 4.509045103705484059e-01
1.946857940871618287e-01 1.978450013375307459e-02 2.853725308067778799e-01 5.001571749723072724e-01
2.214953518381816422e-01 2.679975888611217660e-02 2.880861467609233117e-01 4.636187425147829111e-01
2.694997655169733553e-01 1.122609089502935899e-02 2.797951396750619213e-01 4.394790039129353731e-01
2.161543446451675565e-01 2.412025910774608442e-02 2.566187405997366611e-01 5.031066556473497986e-01
2.266843096900246490e-01 2.577811110921401222e-02 2.548314045629116453e-01 4.927061746378497142e-01
2.022907633899025392e-01 4.924914707782303974e-03 2.874760939847645358e-01 5.053082279175507008e-01
1.732158994979847155e-01 1.607480046672368768e-02 3.305308417602647042e-01 4.801784582750268093e-01
2.030712054564892954e-01 1.349256255956477780e-02 2.800582194193405039e-01 5.033780125646053483e-01
2.120998638098729461e-01 1.109529140875414009e-02 2.744440749613558661e-01 5.023607698200170946e-01
2.335374627121298285e-01 1.369510984487561089e-02 2.514727701504789747e-01 5.012946572925154332e-01
1.799039589428836905e-01 2.291895404451944201e-02 2.403833745349770734e-01 5.567937124776197733e-01
1.984428634846299166e-01 1.546298341454787825e-02 2.700538360275316907e-01 5.160403170732905664e-01
1.819839856475097273e-01 2.092959029849335989e-02 3.457574447494720649e-01 4.513289793045247578e-01
1.969076186700429720e-01 1.842821641174145070e-02 2.744525615063376223e-01 5.102116034118778787e-01
1.888097173731753953e-01 1.157576972100633414e-02 3.609482039688340915e-01 4.386663089369841617e-01
2.055270450895663736e-01 2.188653845195920322e-02 2.907632974569717699e-01 4.818231190015025978e-01
1.772971809126187848e-01 2.422955278940213883e-02 2.670503041646535847e-01 5.314229621333254050e-01
1.784358248869239716e-01 2.162373757469285979e-02 2.665899255769101917e-01 5.333505119614728729e-01
2.327690731345437025e-01 2.791560187680489080e-02 2.729757265719026105e-01 4.663395984167488795e-01
2.291181114435404953e-01 2.057857575330892738e-02 2.416687558712611594e-01 5.086345569318894144e-01
2.014473062396376080e-01 9.838238755992274875e-03 2.795888898987560767e-01 5.091255651056140197e-01
2.239571717704959830e-01 7.963516200892242422e-03 2.413920144771379284e-01 5.266872975514736988e-01
1.805726034111062306e-01 1.535781586216673593e-02 2.993313889845148346e-01 5.047381917422122388e-01
1.942824863172856464e-01 3.688718304244197055e-02 2.915785876332366300e-01 4.772517430070358224e-01
1.858916493169806838e-01 1.314352291151165732e-02 2.771233830248981955e-01 5.238414447466094304e-01
2.157946025043803451e-01 1.870421606081284355e-02 2.805108482290032401e-01 4.849903332058034811e-01
2.268081734586497589e-01 3.902490650165733183e-02 2.563938529793910459e-01 4.777730670603019814e-01
1.975434118867932520e-01 1.776433239500582739e-02 2.935858443024512709e-01 4.911064114157496774e-01
2.054705727814765681e-01 1.550156060752018623e-02 2.794427185241090128e-01 4.995851480868941930e-01
2.052090883371238683e-01 1.031655971398788042e-02 2.780246592225614211e-01 5.064496927263267834e-01
2.182711602015514618e-01 1.274979039250047873e-02 2.935574412887865803e-01 4.754216081171616093e-01
2.185060916970984202e-01 2.234005077144606347e-02 2.745155478287348849e-01 4.846383097027205378e-01
2.171357528915037749e-01 1.200004593426274961e-02 2.599929893631638400e-01 5.108712118110695366e-01
2.314994164939430110e-01 2.654074879171230625e-02 2.510064537848607502e-01 4.909533809294838735e-01
2.776885780105245449e-01 1.219486830166714372e-02 2.848042968211413339e-01 4.253122568666670156e-01
2.018904359376524071e-01 6.592574343451506301e-03 3.007839727458049284e-01 4.907330169730911296e-01
2.163816257301927337e-01 3.015946920569312004e-02 2.895386007217932156e-01 4.639203043423208439e-01
2.221908794529697806e-01 1.315051107939258120e-02 2.531590666589316752e-01 5.114995428087057983e-01
1.613606879057728483e-01 1.588387808174846969e-02 2.950194673771359133e-01 5.277359666353429457e-01
2.142307876774278419e-01 3.147018413354756711e-02 2.896111321274520423e-01 4.646878960615724585e-01
1.571608790654428212e-01 1.235895030325155110e-02 3.027457744106236692e-01 5.277343962206818562e-01
2.264330890830126009e-01 1.033154252763827594e-02 2.849143565891060770e-01 4.783210118002430566e-01
1.987165250278433992e-01 1.842787385630306751e-02 3.103428942234167653e-01 4.725127068924367957e-01
2.289758450412412993e-01 2.559223629679129031e-02 2.496355143970566959e-01 4.957964042649107284e-01
1.817906415727297553e-01 1.133033674962024423e-02 2.721970475512601184e-01 5.346819741263897363e-01
2.274406719591731962e-01 2.705871768464682137e-02 2.519385000921910422e-01 4.935621102639888846e-01
1.793436324887786038e-01 1.799147511915755171e-02 2.965755880938840683e-01 5.060893042981797763e-01
1.801034313397672781e-01 1.639029066588352720e-02 3.052874959824832812e-01 4.982187820118659793e-01
1.911870939686628190e-01 1.333153822986616818e-02 2.995464014104958772e-01 4.959349663909750627e-01
2.264905581582371819e-01 1.902458064337105709e-02 2.587527912723875390e-01 4.957320699260042152e-01
2.210901372403986376e-01 9.808829751589311433e-03 2.966495698396489078e-01 4.724514631683631727e-01
1.561571156664207649e-01 1.116789171330053072e-02 2.908849933959230527e-01 5.417899992243554452e-01
2.143663495662944118e-01 1.973948703806050961e-02 2.983438890602810867e-01 4.675502743353639468e-01
1.889439758250490986e-01 3.152271441999842522e-02 2.378761793831346838e-01 5.416571303718179520e-01
2.169601484937599689e-01 2.765089510509098278e-02 3.053645361605240027e-01 4.500244202406250560e-01
2.026142205305583865e-01 4.027235988481868423e-02 2.842187670038239244e-01 4.728946525807991574e-01
2.408192121362233984e-01 1.318452489050004478e-02 2.629194462796745624e-01 4.830768166936019181e-01
2.069915675464937266e-01 1.149262996916781791e-02 2.422670209541431252e-01 5.392487815301952869e-01
2.192603847347254498e-01 2.643495841005651797e-02 3.098100606590142858e-01 4.444945961962035730e-01
2.127592299434127310e-01 1.947894746813173122e-02 2.982709429894333519e-01 4.694908795990221928e-01
2.120038201129345046e-01 3.792757355140899400e-02 2.979627683852295594e-01 4.521058379504270253e-01
2.258456659484136819e-01 1.675497821710970892e-02 2.931095046950588090e-01 4.642898511394177308e-01
1.989397338935726400e-01 9.885597124315997908e-03 2.401441786814016432e-01 5.510304903007096078e-01
1.755316256279489950e-01 3.888487031829767487e-02 2.973478075072736315e-01 4.882356965464796916e-01
1.794455791192492988e-01 2.411918059026383829e-02 2.655597445260242662e-01 5.308754957644625794e-01
2.081670182329918295e-01 2.135867993961440559e-02 2.334365337902372939e-01 5.370377680371564155e-01
1.950775840035900710e-01 3.198492436498986957e-02 2.252040903520185211e-01 5.477334012794016216e-01
1.875965438277837349e-01 1.321240446667407142e-02 3.016865675174987826e-01 4.975044841880432722e-01
2.200450903751691445e-01 1.534309111565194256e-02 2.752234306765324323e-01 4.893883878326464321e-01
2.483050873543959924e-01 3.729537488840969917e-02 2.627136118332412118e-01 4.516859259239530688e-01
2.127652220168951558e-01 2.937882856958961772e-02 2.614756201051913198e-01 4.963803293083238755e-01
2.206963930360971438e-01 2.403490712828223672e-02 2.678337056864070753e-01 4.874349941492135962e-01
2.105595871107749373e-01 9.025419402783129569e-03 3.242729275732469940e-01 4.561420659131947830e-01
1.910461307120919772e-01 8.933442275804337473e-03 2.832156032148757108e-01 5.168048237972279191e-01
1.910166304870543619e-01 2.851106002203944792e-02 2.471422029480948024e-01 5.333301065428114329e-01
2.251473557099675782e-01 8.898162727457277835e-03 2.638015197494842923e-01 5.021529618130907702e-01
1.900614325309660790e-01 2.541332798017547495e-02 3.123387435825326630e-01 4.721864959063256650e-01
2.066403454329293898e-01 2.957719989637684274e-02 2.833388040487694881e-01 4.804436506219241787e-01
1.813056506413754931e-01 2.386075955486578401e-02 3.687269258214339596e-01 4.261066639823248292e-01
2.233522291204742549e-01 1.555735066808766956e-02 2.644038188821401514e-01 4.966866013292979831e-01
1.790182226541461030e-01 1.877154571407533418e-02 2.628100531012467767e-01 5.394001785305319041e-01
1.829581751845524851e-01 2.465735544719349290e-02 3.145039722184453379e-01 4.778804971498085141e-01
2.462365256264118785e-01 1.563821586868625532e-02 3.249221882875837908e-01 4.132030702173180026e-01
2.061628498729284886e-01 1.612947792404559669e-02 2.549249960624548894e-01 5.227826761405709455e-01
2.097555758595567033e-01 3.864109954263558050e-02 2.403275853969567000e-01 5.112757392008510093e-01
2.189680938572106106e-01 2.724708993614110772e-02 2.802696252556679535e-01 4.735151909509804358e-01
2.301049331211990900e-01 1.012311416824121513e-02 2.659307154014914354e-01 4.938412373090681484e-01
2.328853722455864750e-01 1.726388811755047437e-02 3.171447178242015608e-01 4.327060218126614344e-01
2.221727379734035612e-01 1.764762971556722154e-02 2.680557612794101652e-01 4.921238710316191423e-01
2.022383791065654746e-01 1.664389754756580991e-02 2.755079741462299059e-01 5.056097491996388582e-01
2.334487639939048786e-01 1.204621243040487899e-02 3.029117777769821385e-01 4.515932457987080206e-01
1.969148443428152262e-01 9.453743738737276775e-03 2.854875422678782027e-01 5.081438696505693464e-01
2.035081255663196698e-01 3.333751116982437007e-02 2.764970071458153766e-01 4.866573561180407292e-01
2.025784025599979277e-01 1.110203891065390282e-02 3.017453201246733108e-01 4.845742384046748952e-01
1.745805639067069259e-01 3.690456848666660156e-02 2.738030166178562208e-01 5.147118509887701476e-01
1.739581398852825256e-01 1.069378456130542360e-02 2.781337172067068764e-01 5.372143583467052785e-01
1.660980332405566917e-01 2.449866111085504533e-02 2.650040016567555834e-01 5.443993039918326726e-01
2.418518274275327506e-01 1.249741562926096929e-02 2.802595724715084557e-01 4.653911844716979163e-01
2.101835636093432602e-01 2.030195019707473417e-02 3.045820492363938148e-01 4.649324369571880000e-01
1.824920242681134785e-01 2.638931190906237609e-02 3.311956867060998899e-01 4.599229771167242520e-01
1.772719170231434049e-01 3.484835354377888161e-02 2.822998251457881635e-01 5.055799042872897164e-01
2.165019426028035043e-01 1.098575230404459993e-02 3.131019755970134155e-01 4.594103294961384698e-01
2.085136716456661155e-01 8.325935881466057717e-03 2.563317005422243167e-01 5.268286919306435223e-01
