4.454005866281014470e-01 1.282078623871079487e-02 2.263467825353800422e-01 3.154318445978076535e-01
4.385277923583779103e-01 2.395396838935148418e-02 2.468060092735503697e-01 2.907122299787201491e-01
4.169830567371794472e-01 1.315367249396883625e-02 2.425293516390253090e-01 3.273339191298263451e-01
4.472165693510202211e-01 2.866335862831572573e-02 2.315313234495238182e-01 2.925887485711401448e-01
4.369559708445677759e-01 4.626618156273199639e-02 2.178210063796787166e-01 2.989568412130214625e-01
4.301952870819941710e-01 2.497090246491099827e-02 2.762826395386862588e-01 2.685511709144084991e-01
4.351062813621956460e-01 1.914577026684973621e-02 2.785635100460843727e-01 2.671844383248701549e-01
4.437440299112292430e-01 1.584549159599545412e-02 2.889514144163550791e-01 2.514590640764202689e-01
4.691561072407806066e-01 1.048295608804891352e-02 2.279789710698962024e-01 2.923819656012744406e-01
4.823718300322497599e-01 9.327440347053635172e-03 2.543940828272498456e-01 2.539066467934468219e-01
4.259586671419310355e-01 1.771642074197420091e-02 2.643261696561415297e-01 2.919987424599532200e-01
4.421338361899945224e-01 1.058036676486692057e-02 2.137514500600817824e-01 3.335343469850566844e-01
3.639189704421602611e-01 1.102048657432011178e-02 2.684830395416241133e-01 3.565775034418956491e-01
4.342034623499050894e-01 2.085684532299172597e-02 2.121317332207003359e-01 3.328079591064029841e-01
4.318392560336303809e-01 2.794705885869033096e-02 2.858373971876463360e-01 2.543762879200329174e-01
3.772908218325476959e-01 1.230447874708207393e-02 2.250017222465485744e-01 3.854029771738216037e-01
3.896449293657238688e-01 2.227803157376830046e-02 2.892847937379592338e-01 2.987922453225484443e-01
4.380277640315791698e-01 2.463250824172525874e-02 3.227508634956717803e-01 2.145888642310238292e-01
5.080940417773428530e-01 7.637839114614258622e-03 1.913286873589192527e-01 2.929394317491236799e-01
4.532300494358826315e-01 1.008838302896604075e-02 2.373426920246699545e-01 2.993388755104814392e-01
3.959301784237004296e-01 2.727361414295493766e-02 2.788844367469403562e-01 2.979117706864042869e-01
4.124882287634178968e-01 3.281521053183861919e-02 2.335761626921627754e-01 3.211203980125806878e-01
4.301982661367263483e-01 1.295290931846710368e-02 2.624287369520843516e-01 2.944200875927222016e-01
4.521328425865454581e-01 2.750935299351221427e-02 2.005651196676760117e-01 3.197926847522662430e-01
4.582035589280070154e-01 1.082879348895429347e-02 2.228082303089350125e-01 3.081594172741037863e-01
4.105533446648732543e-01 1.057399991856962720e-02 2.626668086122659340e-01 3.162058468042913129e-01
4.163968663487002120e-01 1.241583218180574398e-02 2.481164791161034611e-01 3.230708223533904633e-01
4.045945480460495514e-01 1.601277915355348025e-02 2.563606544818698985e-01 3.230320183185270144e-01
3.688057866746289326e-01 1.529851277385255864e-02 2.486153398989872365e-01 3.672803606525312792e-01
4.219221031541880440e-01 1.947503575664951900e-02 3.032585698273592700e-01 2.553442912618031913e-01
4.107076996259129142e-01 1.178070990227887867e-02 2.313214153218045854e-01 3.461901751500035540e-01
4.289884630532704302e-01 2.052253182510085927e-02 2.362822538089656144e-01 3.142067513126630685e-01
4.399685177876851427e-01 2.016124029473153126e-02 2.403885625707430918e-01 2.994816793468402794e-01
4.576657568665994935e-01 3.043733036743423090e-02 2.494308079370817499e-01 2.624661048288845500e-01
3.496260503687348420e-01 2.730011911534957134e-02 2.801839295325820878e-01 3.428899009833334954e-01
4.004660050022252893e-01 8.913634940460487405e-03 2.320828903911393848e-01 3.585374696661748906e-01
4.922069669271644243e-01 1.153239752498419479e-02 2.050557618606546062e-01 2.912048736871967747e-01
3.619685161786297956e-01 2.822727775665592048e-02 3.172333662053903325e-01 2.925708398593240278e-01
4.686784026173964057e-01 3.451198981897374285e-02 2.134125634822321704e-01 2.833970440813975977e-01
3.764528837952061391e-01 1.534743022229484097e-02 2.912805738002815503e-01 3.169191121822174106e-01
4.767900084668057481e-01 1.580892800520525970e-02 2.780016008211697032e-01 2.293994627068191294e-01
4.424607198401114827e-01 1.456383992750606184e-02 2.390120177670707058e-01 3.039634224653118277e-01
4.017855266448728258e-01 1.486874211421091233e-02 2.372152355070754060e-01 3.461304957338409150e-01
3.659334941720636114e-01 1.044702929145105950e-02 2.661051435050391101e-01 3.575143330314461965e-01
4.101411471127063835e-01 1.083069932919531603e-02 2.485281986556253653e-01 3.304999549024731365e-01
3.866800617803263784e-01 2.897910479186178306e-02 2.848967415562554395e-01 2.994440918715564615e-01
4.576354193480237087e-01 6.533636116033515913e-03 2.376091428412768769e-01 2.982218016946657779e-01
4.619307189927330803e-01 1.119388157268029829e-02 2.520538930286830293e-01 2.748215064059035262e-01
4.300921872125099688e-01 1.632432349327125193e-02 2.679353792327499595e-01 2.856481100614687851e-01
4.990122603761062980e-01 1.391551981504713167e-02 2.143297637258041455e-01 2.727424560830423172e-01
4.416019191693295043e-01 4.933755280573125235e-03 2.853423638939517892e-01 2.681219616561454355e-01
4.039370497832834861e-01 6.200159395744773115e-03 2.235541030701415077e-01 3.663086877508303085e-01
4.143838741023079808e-01 3.432815133231670313e-02 2.729838399403276550e-01 2.783041346250477166e-01
4.201903067535956438e-01 2.147702988230007146e-02 2.082714025546617831e-01 3.500612608094425537e-01
4.887915738571411706e-01 1.721080324512101051e-02 1.987358243658912949e-01 2.952617985318465310e-01
4.469413617003874517e-01 1.398645815783395099e-02 2.461628484168256192e-01 2.929093317249530370e-01
3.962340827091619389e-01 1.334775174020634385e-02 2.451871062179495908e-01 3.452310593326821109e-01
3.859031422110502652e-01 1.408288663084690182e-02 2.801252969050326835e-01 3.198886742530702154e-01
4.109225901779075540e-01 1.796235223880837326e-02 3.102377736236807126e-01 2.608772839596033566e-01
4.719855534903712457e-01 2.589271286567919328e-02 2.558810466417922314e-01 2.462406870021571770e-01
4.134365671461595060e-01 2.920589839078543623e-02 2.283759746631476850e-01 3.289815597999072860e-01
3.984140510448113126e-01 1.584198439647442613e-02 2.967152703982795514e-01 2.890286941604347515e-01
4.091955508926823359e-01 1.218128448453659196e-02 2.856224655985942218e-01 2.930006990241869613e-01
4.995313453379607305e-01 1.320960960018922707e-02 2.155315689307060467e-01 2.717274761311440079e-01
4.563814503631442032e-01 1.368979673039674022e-02 2.480253098200482786e-01 2.819034430864106322e-01
4.192140412955354667e-01 2.034270846459073495e-02 2.757568584926633481e-01 2.846863917472104433e-01
4.272141731323630953e-01 3.086472706685619138e-03 2.574582832332514282e-01 3.122410709276999818e-01
4.413769949479099397e-01 1.344637135399820264e-02 2.545122707898574421e-01 2.906643629082344416e-01
4.416669246013814054e-01 7.038262748008208315e-03 2.200202643178303663e-01 3.312745483327800278e-01
4.252031639406594343e-01 1.061374732188088976e-02 2.340739827876289203e-01 3.301091059498306723e-01
4.963195081520852536e-01 9.661067658240662243e-03 2.110464861964554129e-01 2.829729379932187094e-01
4.402149818976692774e-01 3.943583679862859570e-02 2.453942426134263777e-01 2.749549386902757631e-01
4.280309304983644370e-01 1.969175592910400382e-02 2.510279613667003029e-01 3.012493522058312112e-01
4.327150812692735493e-01 3.578691624711636404e-02 2.727057454553436511e-01 2.587922570282664703e-01
3.942247828789142705e-01 9.119788528977060271e-03 2.840063977970430642e-01 3.126490307950654524e-01
3.666270578862294016e-01 2.388752394567595846e-02 3.097770099971293156e-01 2.997084081709652792e-01
4.471163456277391646e-01 1.048306147112519279e-02 2.358440074746308290e-01 3.065565854265047685e-01
4.374411689620684163e-01 1.969500910099010807e-02 2.888671664815425366e-01 2.539966554553989009e-01
3.776777870205554333e-01 1.572920264835435053e-02 2.771850970032989081e-01 3.294079133277912907e-01
4.476898432837206898e-01 2.622785682551958403e-02 2.456362692686702709e-01 2.804460306220893928e-01
4.072077015199482841e-01 3.876985988243680098e-02 2.275604644422527245e-01 3.264619741553622667e-01
4.774085939333311823e-01 1.335350341351730814e-02 2.232250081192270752e-01 2.860128945339243667e-01
3.973893231848100727e-01 8.433543736568722624e-03 3.225169322599324429e-01 2.716602008186888573e-01
4.005686524714953123e-01 1.053689903764908412e-02 3.069997585250045513e-01 2.818946899658509309e-01
5.029890566261808749e-01 2.027207441153268397e-02 2.356190920269297662e-01 2.411197769353566334e-01
4.038108329261149709e-01 2.397716789604519699e-02 2.781085870663164705e-01 2.941034121115233546e-01
4.056364099167801274e-01 1.328223815082919118e-02 2.865554561980780957e-01 2.945258957343125927e-01
4.263644728667609907e-01 1.526603461263455197e-02 2.781264391446942041e-01 2.802430533759102671e-01
3.930186653745023628e-01 2.367173418167453983e-02 2.711411911715995160e-01 3.121684092722235571e-01
3.864059048178469791e-01 3.569765083120302052e-02 3.006698848526032641e-01 2.772265594983467363e-01
4.185441568105483512e-01 2.053073553670473408e-02 2.461802884544628534e-01 3.147448191982840648e-01
4.298116644022808575e-01 2.169423968338594216e-02 2.188571667892424411e-01 3.296369291250907385e-01
3.922996434212927541e-01 3.247384777303888304e-02 2.544847486331055508e-01 3.207417601725628953e-01
4.486061004801862317e-01 1.433470942823759572e-02 2.535828241498158109e-01 2.834763659417604553e-01
3.930727897375357882e-01 3.954803480567046364e-02 2.545451690978020043e-01 3.128340063589916675e-01
4.227975311993676932e-01 1.883674139625800964e-02 2.691711706993799025e-01 2.891945567049942767e-01
4.735021241170572215e-01 8.499848863596906612e-03 2.346904484224753007e-01 2.833075785968705018e-01
4.905951617676809207e-01 1.368108475616931601e-02 2.027347385631947940e-01 2.929890149129549259e-01
3.903839846929918478e-01 2.717056884215834217e-02 2.923939697901850043e-01 2.900514766746646877e-01
4.502765560015287161e-01 1.074156887826321731e-02 2.580722671193984019e-01 2.809096080008096075e-01
4.005532213279053844e-01 1.151807995949562929e-02 2.964341346557535228e-01 2.914945640568455398e-01
4.053179049523310540e-01 8.946897885464745459e-03 3.045832472987058392e-01 2.811519498634982850e-01
4.459073047188508165e-01 1.307977142640133310e-02 2.283292075527966480e-01 3.126837163019511312e-01
4.055241001143649049e-01 1.037615612633357824e-02 2.618362861944472653e-01 3.222634575648543054e-01
4.796261410164667782e-01 1.310363721702992833e-02 2.392910815368136934e-01 2.679791402296896607e-01
4.144096869454916843e-01 2.105622316136373379e-02 2.716576210692609461e-01 2.928764688238835734e-01
4.180443186907763509e-01 3.551332595319825480e-02 2.184788887531911306e-01 3.279634666028343193e-01
3.695740057961911518e-01 2.823352651083212497e-02 2.992892261041972257e-01 3.029032415887795149e-01
3.891521038929948717e-01 2.408543101509892648e-02 2.845453430282376961e-01 3.022171220636684086e-01
4.376291615671084601e-01 1.472210877213833181e-02 2.399302672255193558e-01 3.077184624352339859e-01
4.787742773595253798e-01 1.592921546124086846e-02 2.295487490280282705e-01 2.757477581512054465e-01
3.828554121585655001e-01 2.372507427091771759e-02 2.860732572041898014e-01 3.073462563663267866e-01
4.112505974838508438e-01 1.336158044123258136e-02 2.678554025215554857e-01 3.075324195533609695e-01
3.990644564598521127e-01 2.449237511545877127e-02 2.230378067717070645e-01 3.534053616529819752e-01
4.249949833684791844e-01 1.811063308807633887e-02 2.693924745880222904e-01 2.875019089554222140e-01
3.477858212798298765e-01 1.863997943321378178e-02 2.993991776463522658e-01 3.341750216406040308e-01
4.465076851769560484e-01 2.292670635457795883e-02 2.327821293069209374e-01 2.977834791615450172e-01
3.895877380667229772e-01 1.572091869758811961e-02 2.585613482237929528e-01 3.361299950118960544e-01
4.621965343033078710e-01 1.993073421623307168e-02 2.165713229840121878e-01 3.013014084964469319e-01
4.317237658397691247e-01 2.687282165380723564e-02 2.492277905810875716e-01 2.921756219253360820e-01
4.116666288991336353e-01 5.136684179193638095e-02 2.104519115071794844e-01 3.265146178017505618e-01
4.236265770044365109e-01 1.896000140936751274e-02 2.404394686301005724e-01 3.169739529560953728e-01
4.058114741032688433e-01 2.807298620426329494e-02 2.547242905605822116e-01 3.113912491318855946e-01
3.973541056321167608e-01 2.460837247641582334e-02 2.758238518332642442e-01 3.022136700582032653e-01
4.647633546903109369e-01 2.979646398044962646e-02 2.515447010444549214e-01 2.538954802847843695e-01
4.195337175948425923e-01 1.112308887131532864e-02 2.765546742213375597e-01 2.927885193125044361e-01
4.108466983567605757e-01 1.305657062362683939e-02 2.897625735970060790e-01 2.863341574226064834e-01
4.380567482704098015e-01 1.026626610251980994e-02 2.745422776767968420e-01 2.771347079502735622e-01
4.293550772303205143e-01 1.120955957288837651e-02 2.558158198475246614e-01 3.036195433492664963e-01
4.120311514387763885e-01 1.061327260997724578e-02 2.558832046722891995e-01 3.214723712789572252e-01
4.424112208611828967e-01 2.158602503228746958e-02 2.426028452526489687e-01 2.933999088538806199e-01
4.746700011808925868e-01 2.384897685444056087e-02 2.587909295757315209e-01 2.426900923889353801e-01
4.423189230674405281e-01 1.438166429555419977e-02 2.778619515382950156e-01 2.654374610987102479e-01
4.755107218838690031e-01 1.789712344981638642e-02 2.525578720137457434e-01 2.540342826525689435e-01
4.471851714494545771e-01 1.538269203134069556e-02 2.522184996966130299e-01 2.852136368225915986e-01
4.285286118603507388e-01 1.611968782301880648e-02 2.522885394518026847e-01 3.030631608648278741e-01
4.454580192963884522e-01 8.320519984306395250e-03 2.277058127347908745e-01 3.185156479845141497e-01
4.462875903028428737e-01 1.215135605452372959e-02 2.548035083459188055e-01 2.867575452967145999e-01
4.527287338828125396e-01 1.215284187894324214e-02 2.618563806641655556e-01 2.732620435740786280e-01
4.408367511993157573e-01 9.894373443458955031e-03 2.629785965286209337e-01 2.862902788286044165e-01
4.261723675618070972e-01 1.476202221537288584e-02 2.812872370363853625e-01 2.777783731864346684e-01
4.516187855952312757e-01 6.029388158111884805e-03 2.338226628779320471e-01 3.085291633687247681e-01
4.351176514857937327e-01 1.547188212771912971e-02 2.391803157306715832e-01 3.102301506558154953e-01
4.183273921587092881e-01 2.423905929530494052e-02 2.564824344779908505e-01 3.009511140679950181e-01
3.702054967615901471e-01 2.569665698530083225e-02 2.733065543733173564e-01 3.307912918797916157e-01
4.808825093630773595e-01 8.093362190221361011e-03 2.340715694833025995e-01 2.769525589633986540e-01
4.041173690823453013e-01 2.588574695309921181e-02 3.099621384709823624e-01 2.600347454935732494e-01
4.381907368451314899e-01 1.834934291661656849e-02 2.310708411780268978e-01 3.123890790602250056e-01
4.251861445878114543e-01 1.105441365578871404e-02 2.504177445495066046e-01 3.133416972068933104e-01
4.508252223952491367e-01 1.959337912199702117e-02 2.225293016876980501e-01 3.070520967950558511e-01
4.688405882921943824e-01 2.624249134806589875e-02 2.425246683587732321e-01 2.623922520009664416e-01
4.620219927526917347e-01 5.304874444583633150e-03 2.775523545710728568e-01 2.551207782316516903e-01
4.403707938965778501e-01 3.452694577770837325e-02 2.271597688223995770e-01 2.979424915033141441e-01
4.200749323853628647e-01 2.488536083310993047e-02 2.480388585843283367e-01 3.070008481971990832e-01
4.403372768770874024e-01 1.901439107279959129e-02 2.651661450052518187e-01 2.754821870448611598e-01
4.338847989981516329e-01 4.118925822345164550e-02 2.229055953049424998e-01 3.020203474734542426e-01
4.530030625491954233e-01 1.525827326564121490e-02 2.484457414443735634e-01 2.832929227407899320e-01
3.852628626153658531e-01 2.691237174181287939e-02 3.366080649942499448e-01 2.512167006485712673e-01
4.305827782689730654e-01 2.012384408295533195e-02 2.461664707249288098e-01 3.031269069231429247e-01
4.433324227504253923e-01 1.560175392346860312e-02 2.559347607972439209e-01 2.851310625288620559e-01
4.647485354267901214e-01 1.663188375782836959e-02 2.392980975637974128e-01 2.793214832515840129e-01
4.617100706196056170e-01 1.079962913426324098e-02 2.485830066520985371e-01 2.789072935940326015e-01
4.399948028810585776e-01 1.996432232203774679e-02 2.232885361611907371e-01 3.167523386357129489e-01
4.514310774422892192e-01 2.455409574891970551e-02 2.138783543860601488e-01 3.101364724227310132e-01
4.093206353267281883e-01 1.705317575414562470e-02 2.772041796616977472e-01 2.964220092574283982e-01
4.046949618641614288e-01 1.527983511095557141e-02 2.971200751838408149e-01 2.829051278410423254e-01
4.710287614292892888e-01 5.051184399329227033e-03 2.320538309064587856e-01 2.918662232649228416e-01
4.044708087125446494e-01 1.588442815928278393e-02 2.821538832859291079e-01 2.974908798422437051e-01
3.874088347629404683e-01 2.974550343902692892e-02 2.696496649010594604e-01 3.131959968969730279e-01
4.092936709190206912e-01 1.389068867102191164e-02 2.852250458214044548e-01 2.915905945885527983e-01
4.530788528516200286e-01 1.386387062390522645e-02 2.265253935809178609e-01 3.065318829435568770e-01
4.478321107963141312e-01 6.092432133272535424e-03 2.795635947565541235e-01 2.665118623138592047e-01
4.014179029897280149e-01 2.569507988651829541e-02 2.503106724623005430e-01 3.225763446614530738e-01
4.040002164238166715e-01 1.715204039915304429e-02 2.806471863635451869e-01 2.982005568134852291e-01
3.723224616201957216e-01 1.779274645116500284e-02 2.591314846219333057e-01 3.507533073067061746e-01
4.233920699068615123e-01 8.643100153570379418e-03 2.403784823546811777e-01 3.275863475848869721e-01
4.361733458806900665e-01 1.460619646910476556e-02 2.617921372771925270e-01 2.874283203730126912e-01
3.661296044592110555e-01 3.656080077839811426e-02 3.035212645147867261e-01 2.937883302476039793e-01
4.152082812513665511e-01 3.998125708052857608e-03 2.610624778101757193e-01 3.197311152304050386e-01
4.429329161957642480e-01 2.177300744356990697e-02 2.424637275601961295e-01 2.928303488004697086e-01
4.305524819487694943e-01 3.439362926358233152e-02 2.430160639874028583e-01 2.920378248002452048e-01
4.314325840889848829e-01 1.170122409982244337e-02 2.690483077140773394e-01 2.878178840971152841e-01
4.398143374640022807e-01 2.789374540373439418e-02 2.143387091321619087e-01 3.179532080001014616e-01
3.844578137397052231e-01 1.749976074415431071e-02 2.944462200981768918e-01 3.035962054179636715e-01
3.757836015286237230e-01 2.037209707719446136e-02 2.969119805358039210e-01 3.069323208583779050e-01
3.639310857601821825e-01 9.519936160006811296e-03 3.369237500045619838e-01 2.896252280752489305e-01
4.045360259887789134e-01 8.964234946549957950e-03 3.116252450281901121e-01 2.748744940364810652e-01
4.391543466246080052e-01 3.440186977862845497e-02 2.657770650854344163e-01 2.606667185113290541e-01
4.311090075750548256e-01 1.634833459545237053e-02 3.099650031516021920e-01 2.425776546778904974e-01
4.336266681976849169e-01 2.031653012900204447e-02 2.274827670076027264e-01 3.185740346657103816e-01
4.184470331252012620e-01 1.845204633897305421e-02 2.583464322127595469e-01 3.047544883230662305e-01
3.998484452891308827e-01 2.641210059394737825e-02 2.215164193368502343e-01 3.522230347800714978e-01
3.959600836814459734e-01 5.308637006903605890e-03 2.492730437193769744e-01 3.494582355922733474e-01
4.334434639717131277e-01 3.093919135186062874e-02 2.541319856005720412e-01 2.814853590758542579e-01
4.646759291750112708e-01 2.175626465574483082e-02 2.609533986708792996e-01 2.526144074983647236e-01
4.416393504429966255e-01 3.833281894478796081e-02 2.289052700482632763e-01 2.911225605639521374e-01
4.397993004620934787e-01 1.158835211004615243e-02 2.331495778388380513e-01 3.154627695890223071e-01
4.400942827126227974e-01 8.881954599952340476e-03 2.215728008396420923e-01 3.294509618477827750e-01
4.533940318157076987e-01 1.988781196877721646e-02 2.500497838469333822e-01 2.766683723685816054e-01
4.499972926570876552e-01 9.689888623757969555e-03 2.588047473027909606e-01 2.815080714163633591e-01
4.569634854603186747e-01 1.084858965913427717e-02 1.950731803755874350e-01 3.371147445049596514e-01
3.718833976988824563e-01 1.834274803825612643e-02 2.842411858593433260e-01 3.255326684035181328e-01
3.470679578175682178e-01 1.866196622019951346e-02 3.096467836985485333e-01 3.246232922636838047e-01
4.165979765214949948e-01 1.809376192102167893e-02 2.637183057858167867e-01 3.015899557716664181e-01
4.021003573686505739e-01 3.900483697398600836e-03 3.680518918154179198e-01 2.259472671185330794e-01
4.209371942907846331e-01 1.877200719188536898e-02 2.438143936847946558e-01 3.164764048325354184e-01
4.103522667105066191e-01 7.855250295264208302e-03 2.744241360398608220e-01 3.073683469543683766e-01
4.022637716893975868e-01 1.766283040678970004e-02 3.004729896058738747e-01 2.796004082979388072e-01
4.199778868931032805e-01 6.547053423899806476e-03 2.294379917991243578e-01 3.440370678838726159e-01
4.127341160960489308e-01 1.174437719987891579e-02 2.553125138253771742e-01 3.202089928786949202e-01
4.615735158033941743e-01 2.050596938991331927e-02 2.351794018424499533e-01 2.827411129642425913e-01
3.636105888926521867e-01 9.644043707077215935e-03 2.890458500369926798e-01 3.376995173632780234e-01
4.424937050513839121e-01 2.000499202696317744e-02 2.241394337664389391e-01 3.133618691552141344e-01
3.477521117465109390e-01 2.438293206206280581e-02 3.125509966904719827e-01 3.153139595009543106e-01
4.441837081663030373e-01 3.112290805708790853e-02 2.365329196201708672e-01 2.881604641564380898e-01
3.803826012820517022e-01 2.076904066037025751e-02 2.757954407252602991e-01 3.230529173323176684e-01
4.252589545948282090e-01 9.563740245620072286e-03 2.556628247252998309e-01 3.095144804342517819e-01
4.399879630710292200e-01 2.841013522741860434e-02 2.523034016259647072e-01 2.792985000755874858e-01
4.610206956250901822e-01 7.177988326475409804e-03 2.581361155661727746e-01 2.736652004822616724e-01
4.485037780254846895e-01 3.229918205569113493e-02 2.050722877850693904e-01 3.141247521337547921e-01
4.194698185185444794e-01 2.466655318078685502e-02 2.503947372550658912e-01 3.054688910456028750e-01
4.724152971209112373e-01 1.484857137952285723e-02 2.559234701321478345e-01 2.568126613674180936e-01
3.429501956158989007e-01 1.867129280223651239e-02 2.739742630305151971e-01 3.644042485513494523e-01
4.303987509377804055e-01 8.369573935903918543e-03 3.017756048976713013e-01 2.594560702286443088e-01
4.080542476186547196e-01 1.796338541063468436e-02 2.576183191790563654e-01 3.163640477916542793e-01
4.036372569507455932e-01 1.754543653779380361e-02 2.921476636643979274e-01 2.866696428470627556e-01
4.129620924131019999e-01 1.051029732304442979e-02 2.346922611804255210e-01 3.418353490834279973e-01
4.256091581015860048e-01 1.284960286780316603e-02 2.787465597518189453e-01 2.827946792787917607e-01
5.094081654723114916e-01 1.396990755294963762e-02 2.429992609350066779e-01 2.336226660397322241e-01
4.221773010368112811e-01 1.184996003651299888e-02 2.506795689191957943e-01 3.152931700074800836e-01
4.425885673473604065e-01 1.323408455498277861e-02 2.857577160586486920e-01 2.584196320390080293e-01
4.188663673260338283e-01 1.639549017959016086e-02 2.732681613008985377e-01 2.914699811934774454e-01
4.244761638374663359e-01 1.425341124756300017e-02 2.456242896514621021e-01 3.156461352635085427e-01
4.364056151676817263e-01 7.840475668860785730e-03 2.496597774930026103e-01 3.060941316704549053e-01
4.309162676900713529e-01 1.251969125442383042e-02 2.488204052002962741e-01 3.077436358552085860e-01
4.235380867228130120e-01 1.209907655840351121e-02 2.910961969304421970e-01 2.732666397883412035e-01
4.548585153018424032e-01 2.550630897725394974e-02 2.553675251455274076e-01 2.642676505753762117e-01
4.417091088714116820e-01 1.362232521207748862e-02 2.714412897448517659e-01 2.732272761716592058e-01
4.566420410287483911e-01 3.015816563929256747e-02 2.110543551466061707e-01 3.021454381853527771e-01
4.203278182865651247e-01 1.138128769218014862e-02 2.794791647334559648e-01 2.888117292877989128e-01
5.088709357307954484e-01 3.142913416148997857e-02 2.477621457325364374e-01 2.119377843751779622e-01
4.482110043221061435e-01 1.950362362986806514e-02 2.372383639869697358e-01 2.950470080610561041e-01
3.656087458375371080e-01 1.182821678015413824e-02 2.904985771790313254e-01 3.320644602032774562e-01
4.284663096891100920e-01 1.374980803669548918e-02 2.565607467588333912e-01 3.012231355153611179e-01
4.144961466429448183e-01 1.822793189722675400e-02 2.784519159797572141e-01 2.888240054800713108e-01
3.540615481304723033e-01 4.361747219724139424e-02 2.751493411918589094e-01 3.271716384804273514e-01
4.696962820744790545e-01 1.884547006265303512e-02 2.471884242519425401e-01 2.642698236109252696e-01
4.504925674694833515e-01 1.546551157051339644e-02 2.676568358501869027e-01 2.663850851098162886e-01
4.473678201963350309e-01 1.033903923686914361e-02 2.433666511574734959e-01 2.989264894093224267e-01
4.021542910172905549e-01 1.952204270668145628e-02 2.841788090580408266e-01 2.941448572179872212e-01
4.108654381713340298e-01 1.525520415224556822e-02 2.780852438603191867e-01 2.957941138161012673e-01
4.246335455164941264e-01 2.251258509893625664e-02 2.343517389402245688e-01 3.185021304443449996e-01
4.682082131589339058e-01 1.047106146977391967e-02 2.211594157224014978e-01 3.001613096488905952e-01
4.327329263264796388e-01 9.669353426362750983e-03 2.397528067476546731e-01 3.178449134995028347e-01
4.303142746611267611e-01 2.948181370775613749e-02 2.461096959691254638e-01 2.940942156619916203e-01
4.600534826696536794e-01 1.353113505314383971e-02 2.800775806378245081e-01 2.463378016393778791e-01
4.333263764502499615e-01 1.023234265336950971e-02 2.713974201423468569e-01 2.850438607540336511e-01
3.841460531272867240e-01 1.141489908842133368e-02 2.931656084003499974e-01 3.112734393839419189e-01
4.931775421306941465e-01 1.442088361796210402e-02 2.181426435336595027e-01 2.742589307176842017e-01
3.983914421879893308e-01 7.204645382055996188e-03 2.637756567070579927e-01 3.306282557228965580e-01
4.113131760948227633e-01 7.535284340582699796e-03 2.503732061596682934e-01 3.307783334049262391e-01
4.126942751123114927e-01 4.460687108221447761e-02 2.436650573911141315e-01 2.990337964143597871e-01
4.624099958369720653e-01 2.322626289520495282e-02 2.184685284220465873e-01 2.958952128457764674e-01
3.983840953042019906e-01 1.375198447489996145e-02 2.780170735127152626e-01 3.098468467081829103e-01
4.539971905868185331e-01 1.418404117235916480e-02 3.014223936133451076e-01 2.303963746274771962e-01
4.296126193147301597e-01 2.552789501830782931e-02 2.479929672564936682e-01 2.968665184104682386e-01
4.227083967690765109e-01 1.219312163851660538e-02 2.817417390513365927e-01 2.833567425410701834e-01
5.078834301130169537e-01 9.100884638576804339e-03 2.407899037630021888e-01 2.422257814854040514e-01
4.290413661186672223e-01 1.460992380334064436e-02 2.450006618592688035e-01 3.113480482187234166e-01
4.210909934577667935e-01 1.237174465221716271e-02 2.812762194012188299e-01 2.852610424887973006e-01
3.945276127453656856e-01 1.372150980645431978e-02 3.052393805054642861e-01 2.865114969427157710e-01
4.249437711407800800e-01 1.471327437840395935e-02 2.726246217059135057e-01 2.877183327749025521e-01
4.175436831191934872e-01 1.267330924182459226e-02 3.175107845215192626e-01 2.522722231174627239e-01
4.058938403564702480e-01 2.091627359159083446e-02 2.502998659922839875e-01 3.228900200596549475e-01
4.427016966473727999e-01 1.458101548735628999e-02 2.525415434391772851e-01 2.901757444260937291e-01
4.281743466772875428e-01 1.991778646158601229e-02 2.340888131173257114e-01 3.178190537438006502e-01
4.442491815752012685e-01 1.302468631302514460e-02 2.178984768261848226e-01 3.248276552855887123e-01
4.432927058318030245e-01 1.298866715984287219e-02 2.607538102774190625e-01 2.829648167309350426e-01
4.296389606934137295e-01 2.307991006470663797e-02 2.295406562165454578e-01 3.177404730253342025e-01
4.880418953496442058e-01 9.229398397984530517e-03 2.067728223614333505e-01 2.959558838909377432e-01
4.271916947604624260e-01 1.924554320530995691e-02 2.589949991008136387e-01 2.945677629334139680e-01
4.742215095928474233e-01 5.198575302162946991e-03 2.463291504258528497e-01 2.742507646791367826e-01
4.273860375219203922e-01 2.327032909139955391e-02 2.548589009127730232e-01 2.944847324739071071e-01
3.988644824656623622e-01 8.608697971205964833e-03 2.720551601400841291e-01 3.204716594230477833e-01
4.407630842051303843e-01 1.578744978381851904e-02 2.752089820866043812e-01 2.682404839244467709e-01
3.868209401148304805e-01 6.070052485233468249e-03 2.989086998726983579e-01 3.082003075272377601e-01
3.884752628480631631e-01 1.079570988257643090e-02 2.631415381463748093e-01 3.375874891229856400e-01
4.654746262881983565e-01 2.304417465845364985e-02 2.918608098095667458e-01 2.196203892437812721e-01
4.367265647451737398e-01 2.440318006798558592e-02 2.513020937782675102e-01 2.875681614085730531e-01
4.140118000474646842e-01 1.882472216064352138e-02 2.484110684648149769e-01 3.187524093270768244e-01
4.133528288294499031e-01 3.335669627223842443e-02 2.305051554242030509e-01 3.227853194741086562e-01
3.970160007196048002e-01 2.356142709629639731e-02 2.786522936975674436e-01 3.007702784865313728e-01
4.107776235986657087e-01 1.584411820919345154e-02 2.231832590120106374e-01 3.501949991801303064e-01
4.286952238024924200e-01 1.534171224675280609e-02 2.265800887195587587e-01 3.293829752311960846e-01
4.602415984477200572e-01 8.092614691033825358e-03 2.388864932303969568e-01 2.927792936308489802e-01
4.292804007658141408e-01 1.393839660094971233e-02 2.386624186803703862e-01 3.181187839528658579e-01
4.476310479070570447e-01 1.629168028149388311e-02 2.486026032854980194e-01 2.874746685259511048e-01
4.835519902481367760e-01 1.809253018111145472e-02 2.287399484838962549e-01 2.696155310868555977e-01
4.722667125775966146e-01 1.760900732127007248e-02 2.485684890756210963e-01 2.615557910255121299e-01
4.029407092439163396e-01 2.793469137903160926e-02 2.605777317222788825e-01 3.085468676547730715e-01
4.093083768344339402e-01 1.932432356540192755e-02 3.244246664545561432e-01 2.469426331456079371e-01
4.130957041014901576e-01 2.016553881167290271e-02 2.565165371371214698e-01 3.102222199497154942e-01
3.827017955617768030e-01 4.167141026727306380e-02 2.798802245627480811e-01 2.957465696082021700e-01
4.229065215304187997e-01 3.464777736916681283e-02 3.102511767103838247e-01 2.321945243900306044e-01
4.412228954399063374e-01 1.646476513810146702e-02 2.396314773979945911e-01 3.026808620239975767e-01
4.458058868071494429e-01 8.835495936010373877e-03 1.990048003325367576e-01 3.463538169243033371e-01
4.443951243801926299e-01 1.167407286367545295e-02 2.554085684268715961e-01 2.885222343292602742e-01
4.501889344515589420e-01 1.079344394981894203e-02 2.872140365692370523e-01 2.518035850293849354e-01
4.419441139881327141e-01 1.755102695319391004e-02 2.197942900518085330e-01 3.207105690068648984e-01
3.731289910420316214e-01 3.259586615037349255e-02 2.475589453960582442e-01 3.467161974115366418e-01
4.114306556833841610e-01 4.163857146673195092e-02 2.755562976238257744e-01 2.713744752260580650e-01
4.285654421017883187e-01 2.443858586667875185e-02 3.115858936014657687e-01 2.354100784300671989e-01
4.352432939446079230e-01 1.097819758694007670e-02 2.736191227231727918e-01 2.801593857452792657e-01
4.064552085202966514e-01 5.291891978534885022e-03 2.663579084748582404e-01 3.218949910263100844e-01
4.485009319235607750e-01 1.670276963428951947e-02 2.324793257240198308e-01 3.023169727181297395e-01
4.164136997825042541e-01 1.650996277785148417e-02 2.634746851778279053e-01 3.036016522618162905e-01
5.015664861501615279e-01 2.002124802155002756e-02 2.229506907189919840e-01 2.554615751092964571e-01
4.369821176366163740e-01 1.161821638595143640e-02 2.752246716205518640e-01 2.761749943568802546e-01
3.928684401746888599e-01 8.094832101355619799e-03 2.557962561313781302e-01 3.432404715925773120e-01
4.648318422311442655e-01 1.986309251826424982e-02 2.186446091603705122e-01 2.966604560902210697e-01
4.227390143982939219e-01 1.885707886378262810e-02 2.570351908182217371e-01 3.013687159197017129e-01
3.966105938796881669e-01 1.691595827262646137e-02 3.039199803741012840e-01 2.825534674735841745e-01
4.433297062263134580e-01 1.523692734167183052e-02 2.626606748570584071e-01 2.787726915749562107e-01
4.494424933019201540e-01 1.960967985165735714e-02 2.691077323732089521e-01 2.618400944732135471e-01
4.507892134140097928e-01 2.087717402828713834e-02 2.495875970015813128e-01 2.787460155561219399e-01
4.150397840408778793e-01 1.569069963687426753e-02 2.339686794128137126e-01 3.353008369094340746e-01
4.412739224491853407e-01 2.565094106482495098e-02 2.553300127226368899e-01 2.777451237633528636e-01
4.476989740824253716e-01 3.345510304238400595e-02 2.195550228933254855e-01 2.992908999818651994e-01
4.766201681571681226e-01 3.147483120755567576e-02 2.101929080149112783e-01 2.817120926203649511e-01
4.134849503028608098e-01 1.520207393919241999e-02 2.677814976016373305e-01 3.035314781563095421e-01
4.116800591237587126e-01 1.847433342899605993e-02 2.483353057659286600e-01 3.215103016813165016e-01
3.991933031554101285e-01 1.394600186565500728e-02 2.997364412930194622e-01 2.871242536859154870e-01
4.532857644931361230e-01 1.416638790070696464e-02 2.630587278676810858e-01 2.694891197384759463e-01
4.294287684428539364e-01 1.939030937746042196e-02 2.798728945542126589e-01 2.713080276254729029e-01
4.442922026655470313e-01 1.219287692753535934e-02 2.659210272369401107e-01 2.775938931699775125e-01
4.249771432060270859e-01 2.295569138691849059e-02 2.211178050342502699e-01 3.309493603728040911e-01
4.121328613001616903e-01 2.430690197270231681e-02 2.839048760637123969e-01 2.796553606634236133e-01
4.667823912528711316e-01 2.132616857079692660e-02 2.325667009145527819e-01 2.793247392617792535e-01
4.494249141200321040e-01 2.107491794338795313e-02 2.847181727961022313e-01 2.447819951404777983e-01
4.099137599065887927e-01 1.343641744649281405e-02 2.500592427352263947e-01 3.265905799116921027e-01
4.515219792730931214e-01 2.338817829499205761e-02 2.543411338855305903e-01 2.707487085463842202e-01
4.108722523091954959e-01 1.607214465702987496e-02 2.551277100247182905e-01 3.179278930090563282e-01
4.546688120137211686e-01 1.958294993450716490e-02 2.799178062435864200e-01 2.458304318081852291e-01
4.196348987041784162e-01 1.948897455230204703e-02 2.030365334924139897e-01 3.578395932511054256e-01
4.747841761190460530e-01 1.326115268854098812e-02 2.043197597548666034e-01 3.076349114375463989e-01
4.240342312825421955e-01 1.296248917574195289e-02 2.311554952885256919e-01 3.318477842531902255e-01
4.683180990677273114e-01 1.215084693963425569e-02 2.534399048970857327e-01 2.660911490955527037e-01
4.045924494142686401e-01 9.914489974063240077e-03 3.313349663134298462e-01 2.541580942982382685e-01
4.385213726567234738e-01 1.772826090676643193e-02 2.715594259562711943e-01 2.721909404802390076e-01
4.304424816010814503e-01 1.773754627113691487e-02 2.597545842601413080e-01 2.920653878676403026e-01
4.486550303308707854e-01 7.732240295990565858e-03 2.451248222306851299e-01 2.984879071424535457e-01
4.485606420512298076e-01 1.061465652643930370e-02 2.712407431893874565e-01 2.695839582329434547e-01
4.336836652124342883e-01 2.806713299587196633e-02 2.470571908595019794e-01 2.911920109321918804e-01
4.088155858043887037e-01 9.140447422173153535e-03 2.144984663326131857e-01 3.675455004408249571e-01
4.543552974461131932e-01 2.678058939646653022e-02 2.322029574646898575e-01 2.866611556927302074e-01
4.426119485402599807e-01 1.211763457995682428e-02 2.201168519905905008e-01 3.251535648891926145e-01
3.987048978187060500e-01 1.441032399559253989e-02 2.778064148852903426e-01 3.090783633004111630e-01
4.379216657716620831e-01 1.855890722677673230e-02 2.493850861044668299e-01 2.941343408970944484e-01
4.909878870363145742e-01 2.448318502828936497e-02 2.610191426982879648e-01 2.235097852371080995e-01
4.701335693767891288e-01 1.085400510415614889e-02 2.119066513054256307e-01 3.071057742136290569e-01
3.808432170665020378e-01 9.363836303582015810e-03 2.753018573317843609e-01 3.344910892981317052e-01
4.228053019716240812e-01 1.713590616422526469e-02 2.404680671562889616e-01 3.195907247078616509e-01
3.931287856691861315e-01 4.086972228019032823e-03 2.486460688860382406e-01 3.541381732167566132e-01
4.748258159802439260e-01 3.584255910445890980e-02 2.086025318197753387e-01 2.807290930955218533e-01
4.153120330051913722e-01 1.829096094208415568e-02 2.356800140822277456e-01 3.307169919704965322e-01
4.691564319868769539e-01 1.177632561666340505e-02 2.371462576027725255e-01 2.819209847936871016e-01
4.294336010545763971e-01 1.299116461473701079e-02 2.654995427905992855e-01 2.920756915400873344e-01
4.413976037607565406e-01 1.124231960107711231e-02 2.898466697217720323e-01 2.575134069163942940e-01
4.024742719976440730e-01 2.416855467689505571e-02 2.576389477713550979e-01 3.157182255541058913e-01
4.299718447913734587e-01 1.923325478103823233e-02 2.516755158733116615e-01 2.991193845542765573e-01
4.017562829200002072e-01 1.606543979338695416e-02 2.741080445296663060e-01 3.080702327569466714e-01
4.292209479250462811e-01 1.964949758231424384e-02 2.668073410375955135e-01 2.843222134550440483e-01
3.818310073312315978e-01 1.578085785989032097e-02 2.576003336829700285e-01 3.447878011259080666e-01
4.133041897674185061e-01 1.241247153692166295e-02 2.667824395094724466e-01 3.075008991861872820e-01
4.586287770291299082e-01 1.435749496617333941e-02 2.595561365699898260e-01 2.674575914347069872e-01
4.298229735728428813e-01 1.821254226457192857e-02 2.573151123437750765e-01 2.946493718188101796e-01
4.198502854179508303e-01 1.908476015952056959e-02 2.456202989993816199e-01 3.154446554231469246e-01
4.189045573160624647e-01 3.076915737150005825e-02 2.447807018427896331e-01 3.055455834696478301e-01
3.977022278207711925e-01 2.060758268277300062e-02 2.522398856940308298e-01 3.294503038024250152e-01
4.594380611173207174e-01 1.462697355131026278e-02 2.661333503453841565e-01 2.598016149859848634e-01
4.123640659374555040e-01 2.240999324399863685e-02 2.395642550377840574e-01 3.256616857807617116e-01
4.221542871674849318e-01 1.560516777463723595e-02 2.701699330107527053e-01 2.920706120471251444e-01
4.706333734731510954e-01 1.224906254546956515e-02 2.639196355129641569e-01 2.531979284684152121e-01
4.805334844285527596e-01 1.232926482546987945e-02 2.471187972296357838e-01 2.600184535163413968e-01
4.078734178095518859e-01 1.287055221312304390e-02 2.322971567506232349e-01 3.469588732267018250e-01
4.333591986434470744e-01 1.259124200355677889e-02 2.743744206479781789e-01 2.796751387050180337e-01
4.268041906335081626e-01 1.391678695087861066e-02 2.659083029746696081e-01 2.933707194409436725e-01
3.788309161614452081e-01 1.238738587987792301e-02 2.592250799651381610e-01 3.495566179935386542e-01
4.317041114893879761e-01 3.285988940946470843e-02 2.671966153403499966e-01 2.682393837607973119e-01
4.339799495390503914e-01 1.127512451943988442e-02 2.306833924451908713e-01 3.240615334963188321e-01
3.992863813983835164e-01 9.028068535914640994e-03 2.271656692051115534e-01 3.645198808605903396e-01
4.543725514145451339e-01 1.395133404268973122e-02 2.619982173321808716e-01 2.696778972105842165e-01
4.025990949183492762e-01 3.252272971056188733e-02 2.025718250189518232e-01 3.623063503521369300e-01
4.321111179839559058e-01 1.763958034297641309e-02 2.629218313571147769e-01 2.873274703159529597e-01
4.240835489322877239e-01 2.169775050809273978e-02 2.566634049014339114e-01 2.975552956581856145e-01
4.246611626917372040e-01 2.320312319472530790e-02 2.138879369303211819e-01 3.382477771832164137e-01
4.518149862165418695e-01 1.751420148324202633e-02 2.594085389206475245e-01 2.712622733795686525e-01
4.259964004483319244e-01 2.213955130426669554e-02 2.244586950488036969e-01 3.274053531985976484e-01
4.426289197526599994e-01 1.754784229034567558e-02 2.453088964329669386e-01 2.945143415240273899e-01
4.704095172041141137e-01 1.745883933522738435e-02 2.289798895228657982e-01 2.831517539377926829e-01
