2.860543941815741342e-01 8.459503546788875450e-02 1.127175270674898866e-01 5.166330432830472663e-01
2.763784989247816681e-01 8.390656765868813316e-02 1.039879715985721487e-01 5.357269618179580917e-01
2.738286708670769065e-01 8.778963445133908250e-02 5.072863085503244440e-02 5.876530638265514694e-01
2.466838875949151910e-01 8.185982223178144002e-02 8.732176050016279834e-02 5.841345296731405012e-01
2.738198087291019434e-01 9.904093313623563155e-02 8.335377395372854659e-02 5.437854841809338646e-01
2.218965510635151628e-01 1.199996641283021803e-01 9.121607411591538261e-02 5.668877106922673992e-01
2.584321816448922893e-01 1.158178349915836708e-01 6.776531679604122504e-02 5.579846665674828010e-01
2.950880349713461137e-01 1.117893895362614270e-01 8.701620607319637823e-02 5.061063694191960671e-01
2.434453593915224812e-01 1.581358811065400327e-01 6.891722449411026574e-02 5.295015350078272620e-01
2.544498571592019309e-01 1.080480309288141816e-01 8.631926656158496469e-02 5.511828453503988534e-01
2.984726717859575440e-01 8.941012789955460338e-02 9.638971204271284954e-02 5.157274882717750586e-01
2.715772916592621988e-01 8.787137219475449346e-02 8.008642744977054195e-02 5.604649086962129045e-01
3.008630350611426474e-01 1.231865135971890596e-01 9.252282154490680532e-02 4.834276297967614600e-01
3.141879838980631279e-01 1.231353043994502933e-01 9.661667505710173909e-02 4.660600366453848120e-01
2.364360434463406158e-01 1.127444806817422124e-01 8.052913831182281768e-02 5.702903375600942848e-01
2.369389113552718140e-01 1.120033228089042515e-01 1.083157118507420691e-01 5.427420539850816850e-01
2.800272835573354158e-01 9.652979900186947626e-02 6.740079025864217921e-02 5.560421271821527345e-01
3.111229326251349625e-01 8.113948690725984736e-02 8.546867223920216750e-02 5.222689082284031059e-01
2.896601734305516707e-01 7.681051173161139445e-02 7.325369141807677731e-02 5.602756234197600049e-01
3.197717508884324600e-01 1.094044780564686209e-01 9.175078684285493946e-02 4.790729842122439242e-01
2.638111674054246514e-01 1.134461485352933341e-01 7.040915518916843197e-02 5.523335288701135548e-01
2.127957538949369620e-01 1.046366071709507600e-01 8.235310141143574458e-02 6.002145375226766166e-01
2.934461599327057857e-01 1.156985218386560460e-01 9.325206527453568095e-02 4.976032529541024596e-01
3.255507197976635902e-01 1.147107588610190021e-01 5.951323879710792436e-02 5.002252825442095041e-01
2.899850535988439115e-01 1.091030068006372394e-01 6.707554902347807879e-02 5.338363905770407980e-01
2.816912034839803569e-01 9.349358787454487008e-02 1.230059059822336542e-01 5.018093026592412853e-01
2.559771328513811284e-01 1.047301933015237357e-01 8.616467351820199239e-02 5.531280003288930880e-01
2.461850269267676361e-01 8.866083680586606119e-02 6.046699087730116745e-02 6.046871453900651838e-01
2.496211282297380041e-01 1.285920824251937378e-01 1.020317406877699618e-01 5.197550486572981576e-01
2.761228191748985039e-01 9.669335168505871492e-02 9.297943255272063390e-02 5.342043965873221056e-01
2.623598736614246030e-01 8.973176038136647381e-02 1.027373960261142860e-01 5.451709699310945956e-01
2.813519789261606507e-01 1.130463375905629703e-01 8.887403306579141904e-02 5.167276504174849183e-01
2.790510549894350545e-01 9.523799976014554747e-02 9.442925143875624538e-02 5.312816938116631249e-01
3.400106013639975222e-01 8.322705202731413288e-02 9.026693738977209502e-02 4.864954092189161527e-01
3.053937621068249508e-01 9.839531884971780551e-02 7.447525035829022366e-02 5.217356686851670755e-01
2.424001632151029928e-01 1.067722393370169193e-01 9.967854801365710893e-02 5.511490494342230484e-01
2.422784888139670467e-01 8.826269828196492417e-02 1.074853598206008398e-01 5.619734530834672448e-01
2.742941985452511666e-01 9.744296314994096986e-02 1.054734329684823974e-01 5.227894053363255633e-01
2.405986138204490865e-01 1.473255934534541678e-01 9.335884643222314150e-02 5.187169462938735487e-01
3.222718277815597721e-01 8.767936638839846086e-02 6.140856158590633079e-02 5.286402442441354710e-01
2.328950821223095824e-01 1.012493191323425162e-01 8.430028030188163601e-02 5.815553184434663070e-01
2.859403478966676682e-01 1.006348129005346509e-01 1.073833128013722826e-01 5.060415264014255232e-01
2.545718448237225262e-01 9.614357214843337329e-02 9.011995616250247088e-02 5.591646268653416296e-01
2.458556169935597613e-01 1.126019069505743014e-01 1.051128707886861274e-01 5.364296052671798654e-01
2.766574076937509119e-01 1.105290476251072213e-01 5.300329476167901094e-02 5.598102499194629322e-01
2.676502837585071903e-01 1.032879070551842998e-01 1.076787332943107134e-01 5.213830758919977271e-01
2.367679427815102822e-01 9.859119737414513696e-02 1.151582296158157465e-01 5.494826302285289454e-01
3.015480429234742021e-01 1.009934716380437997e-01 6.401972274510436822e-02 5.334387626933774218e-01
2.955748138571220873e-01 1.048676367659699543e-01 8.502528051098721951e-02 5.145322688659207389e-01
2.584090609821176887e-01 1.089866356952552545e-01 4.804214517523033162e-02 5.845621581473967598e-01
3.026166749144614809e-01 1.025816960010307588e-01 8.306786140235425386e-02 5.117337676821533954e-01
2.901600947597449687e-01 9.076179047361952745e-02 1.037458597749265354e-01 5.153322549917088713e-01
3.181518150972310055e-01 1.413765171015355648e-01 6.710764427313693770e-02 4.733640235280965336e-01
2.666150279729766481e-01 4.444488059608001085e-02 7.235892846885941254e-02 6.165811629620839840e-01
2.822583877511903871e-01 1.139425630734404588e-01 7.967460379228104295e-02 5.241244453830881112e-01
2.498993886725216218e-01 7.173137368430110294e-02 1.082195286643749393e-01 5.701497089788023498e-01
2.577849326805037311e-01 8.828098955214827570e-02 1.306978896628882558e-01 5.232361881044598206e-01
2.680573038255072427e-01 8.717890954215427868e-02 6.575431728431381517e-02 5.790094693480245525e-01
2.894244117660128568e-01 1.116798094503134442e-01 9.242225433401235479e-02 5.064735244496613165e-01
2.933617281548898115e-01 7.490980535571285792e-02 1.124731362979004418e-01 5.192553301914968333e-01
2.390125002381538744e-01 1.233054200840378034e-01 1.047734742370854816e-01 5.329086054407228268e-01
2.870395650189705994e-01 1.117630226961621592e-01 8.515981620423898613e-02 5.160375960806282691e-01
2.602971283665140301e-01 1.097379661145752583e-01 9.082440158982481304e-02 5.391405039290859680e-01
2.913269080938209465e-01 1.049341838138089927e-01 9.889189065319439753e-02 5.048470174391757048e-01
3.044542031583081232e-01 1.357978127868407769e-01 1.063344754392841485e-01 4.534135086155668959e-01
2.454457603991770653e-01 9.585545860625022119e-02 1.259523029660251925e-01 5.327464780285475765e-01
2.651232297359086831e-01 1.402869458466820540e-01 8.596252499416148773e-02 5.086272994232478029e-01
2.863306857092902669e-01 9.266878088066848873e-02 1.171907736015444096e-01 5.038097598084967377e-01
3.031714124640769725e-01 1.156515411172259755e-01 5.748841762083018586e-02 5.236886287978667065e-01
2.750378607688510058e-01 1.023892611895970972e-01 8.837162689619591782e-02 5.342012511453561041e-01
2.628668618324973560e-01 6.639671839512678586e-02 5.144736099591534079e-02 6.192890587764604549e-01
2.727916707499538629e-01 8.010002748678597684e-02 8.520548222355182888e-02 5.619028195397082204e-01
2.846865339032134123e-01 6.800683225354305084e-02 5.934841008410477597e-02 5.879582237591387539e-01
2.817250555204501294e-01 1.356022151562467637e-01 8.476070491783860295e-02 4.979120244054645039e-01
3.040046060856494425e-01 8.255095108485439870e-02 8.496757804654640756e-02 5.284768647829498622e-01
3.051157976175913888e-01 1.083574676332272890e-01 8.409517728113971580e-02 5.024315574680416896e-01
3.059690004285267051e-01 1.145581046092219168e-01 8.373581153322587345e-02 4.957370834290255601e-01
2.347729493697514325e-01 1.067060103735412019e-01 1.070835962054282747e-01 5.514374440512790354e-01
2.394716498525800707e-01 1.147955630276238786e-01 7.857838024859957471e-02 5.671544068711964481e-01
2.906119041701768491e-01 9.928426571323922811e-02 6.538914837391145152e-02 5.447146817426724574e-01
3.619597328474075670e-01 8.172782960832015997e-02 8.046121718509324783e-02 4.758512203591790946e-01
2.617576790300991108e-01 1.268889945397130570e-01 5.826941311202669949e-02 5.530839133181610912e-01
2.860066291230991542e-01 9.302743119119769033e-02 1.004091355011823283e-01 5.205568041845207716e-01
2.520587062793034905e-01 1.339369973312720119e-01 9.878414878396103715e-02 5.152201476054636409e-01
2.268555584149996029e-01 1.135816817987680416e-01 7.375359775549332475e-02 5.858091620307391834e-01
2.638137362887233994e-01 9.169379261320063923e-02 9.107230240660675602e-02 5.534201686914692608e-01
2.409675534976816469e-01 9.711438604797875684e-02 8.925210004383063445e-02 5.726659604105089896e-01
2.533032590129731254e-01 1.167239957150212754e-01 9.696656240429857299e-02 5.330061828677070679e-01
2.653825054563574426e-01 8.728311802686850029e-02 6.800682903812221847e-02 5.793275474786517831e-01
2.829507563475842646e-01 7.629699486929482355e-02 7.092519276091899250e-02 5.698270560222019609e-01
3.427239196394191723e-01 8.249381382757535464e-02 9.820617030658256030e-02 4.765760962264228850e-01
2.527928532481971691e-01 1.119088970504676095e-01 1.084470758959219794e-01 5.268511738054132421e-01
2.424507453145984259e-01 9.530589331563521505e-02 1.176852783746892145e-01 5.445580829950771307e-01
2.729871458216680535e-01 1.019910183154967565e-01 7.335791289804663440e-02 5.516639229647886111e-01
3.155159215722200261e-01 9.341047798349902398e-02 1.040161831020676025e-01 4.870574173422131947e-01
2.258669585732633878e-01 8.348991060940036402e-02 7.834935394886607951e-02 6.122937768684701965e-01
2.857806030677756404e-01 1.049118406929571562e-01 6.278283218530758547e-02 5.465247240539595763e-01
2.563787635816430766e-01 1.183679009022733375e-01 7.010116419039026658e-02 5.551521713256931667e-01
3.249074572811814221e-01 7.110354408264729642e-02 1.250294415455473207e-01 4.789595570906239885e-01
2.694365948592208904e-01 1.044599530866840431e-01 7.367850487947595617e-02 5.524249471746193185e-01
2.940131096329502980e-01 8.453301629631884695e-02 3.085781267567348080e-02 5.905960613950574922e-01
2.781122404195882081e-01 1.024691017766560935e-01 6.538333146375245597e-02 5.540353263400030759e-01
2.783455022540662904e-01 7.859839097525274376e-02 6.779427062494208789e-02 5.752618361457388918e-01
2.976472532046273156e-01 9.640798789201542041e-02 5.867440650828145698e-02 5.472703523950759319e-01
2.522598157569243549e-01 1.216307044788105807e-01 8.319214006353696511e-02 5.429173397007281965e-01
2.486718555166826383e-01 7.835165770831130361e-02 9.255529246586205461e-02 5.804211943091439618e-01
2.458463707111911145e-01 1.274009929124065021e-01 8.895321291802626984e-02 5.377994234583761690e-01
2.605251352679165411e-01 1.033265880371033452e-01 7.867589005587774520e-02 5.574723866391023686e-01
2.548859058677530043e-01 1.192327970910389695e-01 8.215608756451858730e-02 5.437252094766894528e-01
2.609432670381539587e-01 1.114317030064037040e-01 7.894970241984287929e-02 5.486753275355994441e-01
2.761445255578710567e-01 8.610165754482140832e-02 8.203836527293625891e-02 5.557154516243713038e-01
2.577792487231042040e-01 8.885969773872536004e-02 8.034637904871426428e-02 5.730146744894561994e-01
2.635160659345675005e-01 1.539792347381285786e-01 6.151483872691918681e-02 5.209898606003847688e-01
2.743646863039122530e-01 8.326179345161643930e-02 1.117511829726476474e-01 5.306223372718237297e-01
2.592665059197117317e-01 7.792033298557515808e-02 1.245746568614245070e-01 5.382385042332887837e-01
2.270187265361393869e-01 1.163941299482548347e-01 7.929945247558137233e-02 5.772876910400245309e-01
3.231261189461728800e-01 1.275962583645175730e-01 5.187321904556866509e-02 4.974044036437409444e-01
3.075980800371163060e-01 1.057036508590089713e-01 9.005335033213673901e-02 4.966449187717379976e-01
2.545658831720680748e-01 1.195813320222893772e-01 5.213350965922903396e-02 5.737192751464135210e-01
2.585277586892602564e-01 1.116532881676400302e-01 7.913635022364345906e-02 5.506826029194562544e-01
2.641322201034898010e-01 1.013150030185805128e-01 1.120717972612839120e-01 5.224809796166457465e-01
3.300552141428431119e-01 7.313212108233721476e-02 6.076966324787275164e-02 5.360430015269469495e-01
2.832151407166397794e-01 1.027039603630807429e-01 8.402432001442040888e-02 5.300565789058589994e-01
2.793992094040715357e-01 1.166327012978191496e-01 5.988543368497063757e-02 5.440826556131388436e-01
2.680749205633470300e-01 1.228623552813652153e-01 6.878286681621439969e-02 5.402798573390733550e-01
3.000889632424701414e-01 8.830944819533485812e-02 7.532203598264083921e-02 5.362795525795541751e-01
3.471664048154876059e-01 5.358254334130951868e-02 1.110622725902582486e-01 4.881887792529445713e-01
2.499403459719982123e-01 1.041982215844275833e-01 8.305684542145395921e-02 5.628045870221201064e-01
2.385342103255326529e-01 8.386401231274241697e-02 9.673581921829015051e-02 5.808659581434348906e-01
3.042167794339835640e-01 9.658101325360224365e-02 6.691792378572396227e-02 5.322842835266902162e-01
2.909626363179346198e-01 1.139191261369087854e-01 1.079657129706713264e-01 4.871525245744852128e-01
2.483843390633866666e-01 8.994149843041120140e-02 7.780797066337691303e-02 5.838661918428253994e-01
3.045816533755889011e-01 1.221087070753905796e-01 7.261264920285821767e-02 5.006969903461623295e-01
2.970516677907067971e-01 1.281067319563527485e-01 5.586225058998136456e-02 5.189793496629589997e-01
3.144518601891107545e-01 1.068152124382218821e-01 8.694711833780660593e-02 4.917858090348607991e-01
2.578630583332528481e-01 1.009410852336640185e-01 1.106906253986847527e-01 5.305052310343981725e-01
2.882752104248234581e-01 1.086105388883430445e-01 8.258325726396993638e-02 5.205309934228634638e-01
2.853953325963085597e-01 8.254042082280034498e-02 9.168474705470501529e-02 5.403794995261861356e-01
3.067349607202998207e-01 9.851116253604468020e-02 7.767619958222687915e-02 5.170776771614287171e-01
2.978991955760968424e-01 9.832982698261742704e-02 7.466860555610636829e-02 5.291023718851793900e-01
2.997292141708583491e-01 1.108204715656918443e-01 8.543592189543672277e-02 5.040143923680130422e-01
3.087582540539812181e-01 9.026684951630561948e-02 7.842376079151824886e-02 5.225511356381947747e-01
2.757260608575314853e-01 7.180698102297605745e-02 1.141505269698857572e-01 5.383164311496067000e-01
2.232820680737637453e-01 1.078011237201424721e-01 9.518874251473138925e-02 5.737280656913624766e-01
2.864113204679619717e-01 1.041854198568838846e-01 1.004572156051909970e-01 5.089460440699631327e-01
2.558614870829934440e-01 1.089217389974039552e-01 7.960204691689419521e-02 5.556147270027083085e-01
2.607801160556224018e-01 8.948483945847858501e-02 7.071126737107052973e-02 5.790237771148285528e-01
2.308705026146332384e-01 7.336381209091243083e-02 7.509017096511924616e-02 6.206755143293349875e-01
2.993824825128509337e-01 8.026801170298535071e-02 7.435934434407168170e-02 5.459901614400920478e-01
2.516342642442743194e-01 1.419444818747379600e-01 1.052838250351475630e-01 5.011374288458402271e-01
3.094108298634510312e-01 9.257418518812107755e-02 1.035221926389235103e-01 4.944927923095042699e-01
3.151336853396135562e-01 8.456673228543727661e-02 1.025949994375075086e-01 4.977045829374416308e-01
2.752202516126805998e-01 1.036857056519648185e-01 9.381181960734405467e-02 5.272822231280105409e-01
2.637136109550755614e-01 1.303798124414818627e-01 9.736598123150201622e-02 5.085405953719404071e-01
2.703994275662950364e-01 8.750980273513536689e-02 7.519173944680190846e-02 5.668990302517677993e-01
2.908666880088152107e-01 6.869863710726428763e-02 9.680868040147838638e-02 5.436259944824419765e-01
2.526128530681991946e-01 1.186168912910734591e-01 8.481410120632712490e-02 5.439561544344002630e-01
2.857292515243456954e-01 7.914288390906389081e-02 9.248501910594884856e-02 5.426428454606414542e-01
2.570420816729370728e-01 9.924324446080369511e-02 9.155321467588048434e-02 5.521614591903788449e-01
2.462035892583871732e-01 1.152091649989578082e-01 1.000929446921757088e-01 5.384943010504793515e-01
2.517931547713341267e-01 1.294010634243645541e-01 1.205155605445781403e-01 4.982902212597232761e-01
2.690595580024376376e-01 8.451640682399813587e-02 7.850582926475083156e-02 5.679182059088134782e-01
3.001002458200611733e-01 9.417665666748709086e-02 1.188149606124760393e-01 4.869081368999756965e-01
2.142055618141998907e-01 1.250096039674168935e-01 6.693148362660503170e-02 5.938533505917781286e-01
2.486770331422001323e-01 1.149720135412670707e-01 8.253438773982858800e-02 5.538165655767042228e-01
3.001219939222320443e-01 1.221495293733311782e-01 1.078210826938893335e-01 4.699073940105474856e-01
2.677916603251023209e-01 7.908086065590150260e-02 1.043070155761115225e-01 5.488204634428847095e-01
3.156555268557463823e-01 1.076706785081671391e-01 7.646015280355764054e-02 5.002136418325289213e-01
2.872861655857545937e-01 5.664561152483461176e-02 7.783690277125457357e-02 5.782313201181563667e-01
2.924632427178573968e-01 1.043660653249012804e-01 6.779014857302677333e-02 5.353805433842147021e-01
2.388816491826958044e-01 6.464185929855335855e-02 8.733608549915401753e-02 6.091404060195968473e-01
2.370476735916976219e-01 1.177567119338025076e-01 1.029137555209612281e-01 5.422818589535385314e-01
3.337703946160612278e-01 1.100706374148115452e-01 8.047376828834244822e-02 4.756851996807847649e-01
2.982478404056616572e-01 8.034737759343751895e-02 8.614797242084493156e-02 5.352568095800559478e-01
2.292217417137069058e-01 1.411891312482945748e-01 1.040823858448797629e-01 5.255067411931186871e-01
2.672610238717858522e-01 1.030347404094043851e-01 9.826966318953801738e-02 5.314345725292716205e-01
3.005976365272939321e-01 1.074928891859779356e-01 1.187330669615498796e-01 4.731764073251782943e-01
2.912767143301602801e-01 1.009215875160903858e-01 7.855494318761467587e-02 5.292467549661347137e-01
2.619242128049951712e-01 9.895588972977818754e-02 6.201042818405466672e-02 5.771094692811721272e-01
2.386910444002590115e-01 1.034833793205538061e-01 1.092402372177518483e-01 5.485853390614352509e-01
2.935293614671270479e-01 1.125944773955415146e-01 7.668708254713614558e-02 5.171890785901952503e-01
2.337657277296979752e-01 1.154367521304237448e-01 1.143680689183116939e-01 5.364294512215666000e-01
2.802385641990807752e-01 6.922043300617949924e-02 1.286216399878561956e-01 5.219193628068834467e-01
3.136427014316540696e-01 7.899524374719130160e-02 8.976417365984686036e-02 5.175978811613078934e-01
3.243015652578636887e-01 6.967147527876819957e-02 1.015978591007032500e-01 5.044291003626648617e-01
2.921518639688594488e-01 1.215820769006968061e-01 5.026685627942774348e-02 5.359992028510158768e-01
2.709405359943145020e-01 1.002793280319800862e-01 1.060223896852040271e-01 5.227577462885012460e-01
2.386295655278871386e-01 8.663592673581267667e-02 8.189905828534885246e-02 5.928354494509514572e-01
3.006314844075064219e-01 9.410679118372018703e-02 8.807934590835703181e-02 5.171823785004165952e-01
2.842148365342093141e-01 1.135644166892003093e-01 8.139616225334636579e-02 5.208245845232438720e-01
2.935940814199808346e-01 8.268054842982022756e-02 8.603705665569537364e-02 5.376883134945035225e-01
3.037436337949652176e-01 8.064847502889720132e-02 8.763923008920254665e-02 5.279686610869349650e-01
2.607536176531718985e-01 9.720225968958394469e-02 9.214063453879690890e-02 5.499034881184473589e-01
2.846750634612956188e-01 6.612386128191002910e-02 9.935688046725969780e-02 5.498441947895346127e-01
2.672951998700022758e-01 7.025305556577496335e-02 7.499945173648907282e-02 5.874522928277337019e-01
2.884555495670767522e-01 1.016971680950157775e-01 1.051514251712347137e-01 5.046958571666727567e-01
2.736000889099047262e-01 1.259365944907934187e-01 6.624308930344884050e-02 5.342202272958529452e-01
2.661002804868868310e-01 7.735820620743813492e-02 7.407018138854025435e-02 5.824713319171347381e-01
2.820558019068570843e-01 9.307361060103828965e-02 7.363622064223834807e-02 5.512343668498662641e-01
2.880752757476552905e-01 9.289401449275905276e-02 8.534966296971302491e-02 5.336810467898727151e-01
2.726937528873543681e-01 8.719834209559218507e-02 8.414784283189359615e-02 5.559600621851598090e-01
3.177570603994365195e-01 1.091930723064202108e-01 6.768639533353938698e-02 5.053634719606037162e-01
2.580052589235399818e-01 8.609743343784284630e-02 8.734198607567453254e-02 5.685553215629426393e-01
2.996587784893972595e-01 7.073873563757183958e-02 7.134381249794784219e-02 5.582586733750830588e-01
2.939168657658870476e-01 1.360398425397513766e-01 6.744952718668185965e-02 5.025937645076795635e-01
2.756325191592649548e-01 9.662098263498772321e-02 1.005571534766052794e-01 5.271893447291419177e-01
3.082630862381113834e-01 1.001935739589432522e-01 6.007334553855987053e-02 5.314699942643854591e-01
2.359495046527679274e-01 8.870796951412089626e-02 7.419908374413201890e-02 6.011434420889791852e-01
2.504031073935927831e-01 8.791329543261698631e-02 7.475140624804314793e-02 5.869321909257471104e-01
2.593394572104531504e-01 1.335378674112805975e-01 1.080622682233477738e-01 4.990604071549185061e-01
2.380403981157988014e-01 1.001674893149144818e-01 7.457942881528473178e-02 5.872126837540021516e-01
2.430727483555187585e-01 1.203662848194317070e-01 9.739738447279690237e-02 5.391635823522527016e-01
2.664590369981491014e-01 7.987455191881805139e-02 9.933467116628504068e-02 5.543317399167477788e-01
3.225665656704238549e-01 8.548490399239759563e-02 6.203937217191781567e-02 5.299091581652606298e-01
2.525499625646601132e-01 1.146456033891958270e-01 9.621838649253723619e-02 5.365860475536067264e-01
2.701528347821476883e-01 7.824764638437614606e-02 7.805340300096050288e-02 5.735461158325158015e-01
2.688464863235137670e-01 7.253842994987108606e-02 1.178026928746011143e-01 5.408123908520140466e-01
2.207737439670227064e-01 9.655670704902571955e-02 1.183274112776817183e-01 5.643421377062699529e-01
2.905064637314537235e-01 9.124121124097407665e-02 7.552426818806340370e-02 5.427280568395087545e-01
2.798800618561958498e-01 7.298402978523715889e-02 7.906489603790900489e-02 5.680710123206579309e-01
3.213403366982162113e-01 7.293511918018022455e-02 7.307846080244954912e-02 5.326460833191540845e-01
3.726082793438516005e-01 6.277953174110242895e-02 8.381793436123380348e-02 4.807942545538122503e-01
2.863687042181130571e-01 8.371162121868937211e-02 9.377027883033908773e-02 5.361493957328585802e-01
2.873581949744058450e-01 1.252415698792184451e-01 1.275479765320360614e-01 4.598522586143396484e-01
2.676264172570296251e-01 1.041560478280808832e-01 8.563982386826507476e-02 5.425777110466243336e-01
2.711140577102268412e-01 1.249935395322812753e-01 7.425826652019919261e-02 5.296341362372927186e-01
2.769382442737750027e-01 9.717434208793514216e-02 7.106762586300049978e-02 5.548197877752892859e-01
3.014228536372722811e-01 9.065769657344428800e-02 8.084610689792573468e-02 5.270733428913575436e-01
2.273770926366279754e-01 1.060403274596747603e-01 1.147188989207854060e-01 5.518636809829120526e-01
3.202004763419266098e-01 8.170942542697944011e-02 8.385598742938908667e-02 5.142341108017048912e-01
2.249937646317046736e-01 7.682355381563081564e-02 7.916506167873206545e-02 6.190176198739324454e-01
2.860030331778552481e-01 6.550939786897938544e-02 9.779896384495491424e-02 5.506886051082102718e-01
2.951913979015281519e-01 8.995476154746427644e-02 8.871311383980189091e-02 5.261407267112057085e-01
2.551320266743172804e-01 7.201466349076501849e-02 8.314166101229865380e-02 5.897116488226189501e-01
2.402300962543764962e-01 1.173811042066023880e-01 5.553690185709386079e-02 5.868518976819272481e-01
2.140145331267510331e-01 1.072961103678352068e-01 8.421681027822247589e-02 5.944725462271913674e-01
2.371456560541585490e-01 1.104132602359735177e-01 9.489710595749818733e-02 5.575439777523697460e-01
2.920981207428995363e-01 1.161057837952838429e-01 8.666960362270105522e-02 5.051264918391156211e-01
2.655473707636166747e-01 6.451136140143164110e-02 8.276323924018508249e-02 5.871780285947666433e-01
2.377478365178407049e-01 9.873831507474262192e-02 6.830844804203241305e-02 5.952054003653842740e-01
2.923374906896651360e-01 1.060894704579052189e-01 7.464831299495562622e-02 5.269247258574740744e-01
2.913441504229967727e-01 8.002960015350789325e-02 9.105782609682208650e-02 5.375684233266732059e-01
3.000671416096403754e-01 9.985996343911685003e-02 3.378657408736422674e-02 5.662863208638785339e-01
2.918011604843783191e-01 5.793557222446091282e-02 7.494796960119885776e-02 5.753152976899619242e-01
3.109962175612056012e-01 7.686893262225809320e-02 7.247814958290896281e-02 5.396567002336272179e-01
2.701956582924939787e-01 9.702067066540345786e-02 1.124012385192778019e-01 5.203824325228246783e-01
2.793306971657553150e-01 1.062142612299130789e-01 5.492232231257404562e-02 5.595327192917576298e-01
3.095777672872260244e-01 9.737193467574417616e-02 1.098933150904071315e-01 4.831569829466226818e-01
2.552498757702327814e-01 7.052550774676173695e-02 1.098719424893532248e-01 5.643526739936521874e-01
2.839400530830981095e-01 1.017586671391101649e-01 8.700351743297861373e-02 5.272977623448132922e-01
2.731846018511169816e-01 1.496900879331802270e-01 8.458212718595786717e-02 4.925431830297449798e-01
2.658417919213262315e-01 1.103700244045221490e-01 7.024561742533924624e-02 5.535425662488123733e-01
2.726433930630868252e-01 9.686358142065253085e-02 6.487780426014473634e-02 5.656152212561158521e-01
2.849049170245874785e-01 1.023772522904969895e-01 8.859594103343987337e-02 5.241218896514756587e-01
2.773318913739052372e-01 8.961820845475976238e-02 8.434060568103320110e-02 5.487092944903018132e-01
2.930084114517680915e-01 8.429516361486008580e-02 5.915572971813597841e-02 5.635406952152358651e-01
2.602988179259767554e-01 1.083925840552842912e-01 9.158676356392057849e-02 5.397218344548183611e-01
2.051259840351591923e-01 1.525724708774907068e-01 9.419028682791966145e-02 5.481112582594305227e-01
2.789156230557194305e-01 9.530383860692957787e-02 8.444054573153465804e-02 5.413399926058163336e-01
2.877426277953222811e-01 8.845142502985078869e-02 1.054531201955957731e-01 5.183528269792312404e-01
2.525277721295005606e-01 1.112316488398588793e-01 8.280099215107487864e-02 5.534395868795656259e-01
2.504707630600301327e-01 1.377104894622842579e-01 1.011433002103571677e-01 5.106754472673283862e-01
2.915768726445375769e-01 9.065161886117585610e-02 6.372322274408148690e-02 5.540482857502050384e-01
2.805134004433721406e-01 1.027513557213739215e-01 8.138513292920239450e-02 5.353501109060514462e-01
2.721275944924660961e-01 1.206585491421370976e-01 1.116999229913112485e-01 4.955139333740855023e-01
2.603304479788736692e-01 1.397916033410779302e-01 7.645423693630050421e-02 5.234237117437480213e-01
3.055522530679966597e-01 8.816814578566821436e-02 8.699392518576695710e-02 5.192856759605682937e-01
3.237506012263614008e-01 7.453601010107180347e-02 1.032343929845313119e-01 4.984789956880354977e-01
2.784166638393706927e-01 1.022572466935569441e-01 9.080396842685159453e-02 5.285221210402206715e-01
2.495141346990214781e-01 9.994271761290161871e-02 1.062786896290516814e-01 5.442644580590253467e-01
2.907919216850898825e-01 1.156763098280565866e-01 9.817556007058581002e-02 4.953562084162677071e-01
2.920614890261059582e-01 1.019137271016401503e-01 5.856290526421990827e-02 5.474618786080340804e-01
2.867468282438392913e-01 1.067085594033884977e-01 5.725797791016311311e-02 5.492866344426091674e-01
2.553577965294720475e-01 1.116637375301876151e-01 9.047979448153700699e-02 5.424986714588031500e-01
2.958581272285810693e-01 7.673739040873443773e-02 9.010492925746962922e-02 5.372995531052149332e-01
2.468918073576577554e-01 7.436007589440031540e-02 8.745198024607149512e-02 5.912961365018705173e-01
3.048450864305768948e-01 8.458477251358320625e-02 8.181699384223173332e-02 5.287531472136083321e-01
3.151504335275803204e-01 6.074662678287413853e-02 7.303242813707379322e-02 5.510705115524717757e-01
3.189080687821391757e-01 1.221076723176746370e-01 1.076227667772948482e-01 4.513614921228912835e-01
2.850478523200544179e-01 9.427476012956929885e-02 6.747378766838414699e-02 5.532035998819921918e-01
2.519703823093901174e-01 1.036349317368396167e-01 1.133202049824318242e-01 5.310744809713384695e-01
3.226004106687778705e-01 7.439491163150779851e-02 8.976835118453146967e-02 5.132363265151826948e-01
2.837331506236125400e-01 8.520130791201854792e-02 8.537621764286947024e-02 5.456893238214993724e-01
2.909464439068748520e-01 1.082757279364823383e-01 7.651164183526644458e-02 5.242661863213763374e-01
2.631564552356077669e-01 1.021943726690148629e-01 1.077728449722214765e-01 5.268763271231557965e-01
3.099171470270065676e-01 1.060327523610131162e-01 8.569781467284093290e-02 4.983522859391392723e-01
3.162058294714045759e-01 1.266942144078313515e-01 8.106252394968480046e-02 4.760374321710792445e-01
2.412018972801606154e-01 1.174211669226760679e-01 9.015834483028338509e-02 5.512185909668799733e-01
2.301646274852352514e-01 1.019086391323298507e-01 6.687365553918477035e-02 6.010530778432500165e-01
2.617654167564619216e-01 8.029519110279077776e-02 9.787842645525145213e-02 5.600609656854957930e-01
3.378549920780695714e-01 8.957123286954940533e-02 9.629941293353189158e-02 4.762743621188492149e-01
2.885111881755724195e-01 9.980326166928596421e-02 7.852036433554837602e-02 5.331651858195932681e-01
3.102359580607280676e-01 8.393397058083866547e-02 5.125546264374319927e-02 5.545746087146901093e-01
2.832353891796698941e-01 1.021576050984588230e-01 1.011911888868351067e-01 5.134158168350362317e-01
2.803272552817792640e-01 9.564453853649373949e-02 1.107134425088201479e-01 5.133147636729069596e-01
2.602557984454386131e-01 9.878745404084154913e-02 1.091516920883905950e-01 5.318050554253291873e-01
3.163180079492829977e-01 1.156408713082695272e-01 9.578102262093064756e-02 4.722600981215167582e-01
2.380367865913038672e-01 1.251319123103614150e-01 9.179380962996763760e-02 5.450374914683672189e-01
2.497001016436393439e-01 9.807895490085574708e-02 1.065197003180304164e-01 5.457012431374744788e-01
2.626415308785245428e-01 1.253538768786860991e-01 6.624517907417934448e-02 5.457594131686098748e-01
2.503473531488226711e-01 1.023706482278879115e-01 1.109589967700077562e-01 5.363230018532818555e-01
3.136316501560911796e-01 7.755437189425803957e-02 9.389924096055572711e-02 5.149147369890948456e-01
2.975602227428658098e-01 8.892958207899150092e-02 7.737118474034265780e-02 5.361390104377999899e-01
2.514164044784104046e-01 9.235557232089368351e-02 1.109772186800456056e-01 5.452508045206502230e-01
2.739067664004881664e-01 7.434583900956989733e-02 1.283290287267354890e-01 5.234183658632065583e-01
3.015472619814478783e-01 7.591580976910486389e-02 5.831491721024481545e-02 5.642220110392023313e-01
3.152753458623884231e-01 1.180522139330124620e-01 8.999774742556425344e-02 4.766746927790348476e-01
3.142297159477498991e-01 9.087082234777342504e-02 7.631030241527674007e-02 5.185891592892000190e-01
3.145328899119005928e-01 7.236983128901366968e-02 1.131089777509712430e-01 4.999883010481145917e-01
2.969490656693721808e-01 1.023033143224998109e-01 9.729712256278673366e-02 5.034504974453412052e-01
2.339073142956555329e-01 1.140344313327878584e-01 1.135396371713880970e-01 5.385186172001685811e-01
2.626064426434591703e-01 9.140115005525949188e-02 7.425401418186865221e-02 5.717383931194126578e-01
2.071292887113470871e-01 1.166003117192408595e-01 8.467744239605812240e-02 5.915929571733538062e-01
2.139386822391913245e-01 9.281840134546967547e-02 9.613958218155814472e-02 5.971033342337809247e-01
2.622912973680978088e-01 1.183348277510212071e-01 7.181462803028725028e-02 5.475592468505936505e-01
3.443886102985069808e-01 8.981787890674784725e-02 6.663657609569431650e-02 4.991569346990509248e-01
2.866400776785485438e-01 1.159671165307601809e-01 7.999127815006895625e-02 5.174015276406223052e-01
2.746939471487608864e-01 1.210496575115580370e-01 9.370885419144023287e-02 5.105475411482407466e-01
2.245627582491876439e-01 8.811406742826566330e-02 1.016972107051550833e-01 5.856259636173913874e-01
2.776116726059466577e-01 9.127791242909814862e-02 8.636624701509862390e-02 5.447441679498566947e-01
2.408697274484209450e-01 1.145120207144082886e-01 9.490893134095629291e-02 5.497093204962145707e-01
2.989813922598544838e-01 9.060968936873860236e-02 9.019911536220015513e-02 5.202098030092068282e-01
2.367646474687611358e-01 8.448686957411588594e-02 9.360319198643839156e-02 5.851452909706845729e-01
2.686945206832770383e-01 7.699429591281828356e-02 8.900744689205750126e-02 5.653037365118471769e-01
2.817712274884449641e-01 9.045744951138467993e-02 1.175780678812060331e-01 5.101932551189644061e-01
2.904858280019137484e-01 9.988687689145993309e-02 6.385402480646992784e-02 5.457732703001564323e-01
2.600637028380074489e-01 1.387052709026748432e-01 9.720072540285709661e-02 5.040303008564606113e-01
2.458646317410305981e-01 9.549567869758915362e-02 7.140971548402449964e-02 5.872299740773557764e-01
2.882040995599283728e-01 6.498427737277377714e-02 8.756104322088603675e-02 5.592505798464117994e-01
2.765141065296217726e-01 7.610473891150883186e-02 8.824194355805924095e-02 5.591392110008100991e-01
2.619224758294072530e-01 1.150190375819553079e-01 8.034084324355471318e-02 5.427176433450827675e-01
2.207884076286706354e-01 1.010220888532895739e-01 8.620705500118090725e-02 5.919824485168589945e-01
2.640430792920738234e-01 8.544121102242652199e-02 8.896372906941531211e-02 5.615519806160843563e-01
2.375312958116327089e-01 1.086084126737999062e-01 1.099664786355070839e-01 5.438938128790603566e-01
2.604776274283746029e-01 8.659533441319619551e-02 8.655703063917259688e-02 5.663700075192565908e-01
2.752262202747528530e-01 1.191321871211248745e-01 7.941222893461895305e-02 5.262293636695032362e-01
2.743190665520641169e-01 7.030191807103654267e-02 9.575036226090297142e-02 5.596286531159964106e-01
3.266130656911913066e-01 8.839355282620638132e-02 8.392018573841518447e-02 5.010731957441872941e-01
2.270493169896220798e-01 7.765941760099062674e-02 7.134348508817398016e-02 6.239477803212133411e-01
2.756720635666269903e-01 1.005176097982484196e-01 7.990962572737780878e-02 5.439007009077466703e-01
2.675978290071095445e-01 9.601379854403363501e-02 6.200533264101502212e-02 5.743830398078417776e-01
2.566409413748502732e-01 9.045652672954203333e-02 8.981537880454924794e-02 5.630871530910583900e-01
2.845156128716634925e-01 6.895132891654980056e-02 8.549188327847688507e-02 5.610411749333096276e-01
3.086214883897682726e-01 9.749940337661837375e-02 5.773812005902975719e-02 5.361409881745836659e-01
2.885879658948725668e-01 8.478705259404804850e-02 6.853726280148385308e-02 5.580877187095955039e-01
2.603269392422574158e-01 1.045121605823206706e-01 7.374242945300102381e-02 5.614184707224209037e-01
2.835798141480515566e-01 9.330511263490177953e-02 1.014364979596291405e-01 5.216785752574174539e-01
3.066186488257492404e-01 9.747733140576049504e-02 7.029189811560231094e-02 5.256121216528879536e-01
2.629166898569502697e-01 8.669240389905201460e-02 9.901523370802270407e-02 5.513756725359749700e-01
2.675594534397135460e-01 1.037369481173784497e-01 8.336396781250615673e-02 5.453396306304019170e-01
2.694047331581216342e-01 7.868732648547782649e-02 9.385639911790039092e-02 5.580515412385002039e-01
2.794912755854854769e-01 8.108371563484502442e-02 8.100398249122199579e-02 5.584210262884475862e-01
2.428410302754648586e-01 1.208541468806056118e-01 8.284958314069965080e-02 5.534552397032298510e-01
2.771843848903088880e-01 1.020907305562933493e-01 6.071381463719483645e-02 5.600110699162029748e-01
3.013876728958565510e-01 8.964885675761220807e-02 1.102896230808550482e-01 4.986738472656762622e-01
2.495559917910998016e-01 1.114195227706881730e-01 7.973156574966888677e-02 5.592929196885432219e-01
2.731095726528008916e-01 9.230928398209639618e-02 6.160434428047466271e-02 5.729767990846279524e-01
2.883306211967807675e-01 8.535663452621322644e-02 6.869524450125383264e-02 5.576174997757521457e-01
2.568329301962534172e-01 9.197903911252840181e-02 9.485637122649938358e-02 5.563316594647188529e-01
2.773206696811734151e-01 9.627403595630799893e-02 6.141030225272961496e-02 5.649949921097888739e-01
2.856800942147618150e-01 7.563264902244451471e-02 6.489632450878878023e-02 5.737909322540050150e-01
2.896323075850762985e-01 1.089755378693141735e-01 9.171632278719808740e-02 5.096758317584113573e-01
2.924208677693891367e-01 1.030278303371424953e-01 5.812418620196777019e-02 5.464271156915004868e-01
2.637741942372278103e-01 1.148742095233541427e-01 7.401373647839927516e-02 5.473378597610188967e-01
2.608036618322443490e-01 6.998085704653062011e-02 8.923592617800622795e-02 5.799795549432187336e-01
2.568579672484922471e-01 1.191813706620700047e-01 6.794713120984172128e-02 5.560135308795960407e-01
2.829785851332014546e-01 9.549906359710176595e-02 8.376027643123405697e-02 5.377620748384627225e-01
2.403796904849527516e-01 7.889042958317706022e-02 9.435999481677963263e-02 5.863698851150905833e-01
3.216748100285116152e-01 1.039051704109941743e-01 6.965059523251367068e-02 5.047694243279805537e-01
2.944221867889130206e-01 1.188481058260378725e-01 8.148864974689797036e-02 5.052410576381511920e-01
2.888754920004016902e-01 1.022332999622923289e-01 6.605959265757209431e-02 5.428316153797340116e-01
3.468632165856533889e-01 6.829274947615857072e-02 7.526371025805195236e-02 5.095803236801360603e-01
2.698187054733706125e-01 8.235873267452825663e-02 1.079957305887541685e-01 5.398268312633469623e-01
2.722144948928889585e-01 1.004646646665326160e-01 9.131058844472199343e-02 5.360102519958565015e-01
2.755733504038038739e-01 9.851159536556455820e-02 9.795510071162057131e-02 5.279599535190109272e-01
2.690713197744412644e-01 7.235307734302527660e-02 1.050523849427119627e-01 5.535232179398215102e-01
2.965364168558866642e-01 9.790223910663956031e-02 9.107523058471440891e-02 5.144861134527594082e-01
2.484063301972040394e-01 9.714607398667110538e-02 1.097789648220087455e-01 5.446686309941162207e-01
2.488249317207500977e-01 9.328463378093322655e-02 8.387366597798820433e-02 5.740167685203285686e-01
2.691820585056807769e-01 9.720975320613947646e-02 1.014510097751242096e-01 5.321571785130556620e-01
2.484651628973040260e-01 1.280201600299186171e-01 5.526298914955376368e-02 5.682516879232234475e-01
2.561161768991841448e-01 7.890055966505299390e-02 8.425443815622178645e-02 5.807288252795411720e-01
2.950676056178234696e-01 1.059609443505760557e-01 8.123428664123176490e-02 5.177371633903687931e-01
2.890728642997444919e-01 1.061181097816025209e-01 8.597192605698170120e-02 5.188370998616712582e-01
2.651387064024830487e-01 1.022941268754140598e-01 8.476984821366967404e-02 5.477973185084332730e-01
2.489427346802673691e-01 7.908102632925281816e-02 7.829138494097306888e-02 5.936848540495066606e-01
2.278976964961969554e-01 9.443034752500537032e-02 1.014479512394618616e-01 5.762240047393357711e-01
2.538502451336638877e-01 8.571215719829582136e-02 4.454908438784797864e-02 6.158885132801922291e-01
2.847570983373524656e-01 9.889042840254590183e-02 7.756817628916563845e-02 5.387842969709361052e-01
2.717848694949727695e-01 9.943444881198348906e-02 9.462725835955614062e-02 5.341534233334875870e-01
2.473503191652760558e-01 7.985365247363321317e-02 8.975599250646731919e-02 5.830400358546234951e-01
2.655087355519101799e-01 7.871547325926289695e-02 1.189834666580582012e-01 5.367923245307687496e-01
2.750183762252930153e-01 1.393221324039478626e-01 1.083649939074494833e-01 4.772944974633095971e-01
2.664556279085759649e-01 1.066058965508169948e-01 9.834328724866572835e-02 5.285951882919414091e-01
2.698030172919490544e-01 9.430425043160806098e-02 1.092820780667660557e-01 5.266106542096767873e-01
2.422302286939514715e-01 9.770819671682259844e-02 8.269441892832854468e-02 5.773671556608974686e-01
2.563408944140357915e-01 8.111187388958640554e-02 7.420027476019323831e-02 5.883469569361844398e-01
2.829131142997061144e-01 8.982091792052684931e-02 8.122422085984513929e-02 5.460417469199219109e-01
2.734427421020308446e-01 1.061520940731399271e-01 5.485647240153687654e-02 5.655486914232922269e-01
2.682915889416482846e-01 1.040464308414289635e-01 5.832129071574242846e-02 5.693406895011803304e-01
