5.704725425392866978e-01 9.764785888876852116e-02 2.051811315952175307e-01 1.266984669767273197e-01
6.183744181327046618e-01 9.014259140709245111e-02 1.588938031372448823e-01 1.325891873229579909e-01
6.181509200617626432e-01 5.469664213738301140e-02 1.875977943116544921e-01 1.395546434891998533e-01
5.506893524249235616e-01 7.281542575084840041e-02 2.351888317065732870e-01 1.413063901176545567e-01
6.167709329482554681e-01 8.319708599351538503e-02 1.899984794217307593e-01 1.100335016364984708e-01
5.968631085869624542e-01 7.739962113283591072e-02 2.172548236168021230e-01 1.084824466633995121e-01
5.658555565047819202e-01 1.007575051689833662e-01 2.158816737981854306e-01 1.175052645280493524e-01
6.137984420877657943e-01 7.702508921720895019e-02 2.323140029875647716e-01 7.686246570746048390e-02
6.729581577853575025e-01 4.999630894712881607e-02 2.008496790779109031e-01 7.619585418960288237e-02
5.809673537432432644e-01 9.556927307205363709e-02 2.235338835855785466e-01 9.992948959912444085e-02
6.401750729203168344e-01 7.633423203003762703e-02 1.856737978289854651e-01 9.781689722066015669e-02
5.536510674257484332e-01 8.638608686954656057e-02 2.465009711135453530e-01 1.134618745911597920e-01
6.114320884483165353e-01 6.846420249850096451e-02 2.307686895804627325e-01 8.933501947271985100e-02
6.201300987424972488e-01 5.378817757970196650e-02 2.208927053073912461e-01 1.051890183704095316e-01
5.259254521071776711e-01 1.179603073085511017e-01 1.934259811241789417e-01 1.626882594600922161e-01
6.148358867314572818e-01 8.370823615338129908e-02 2.125889527515431865e-01 8.886692436361830205e-02
6.129716249403985850e-01 4.400774028403500043e-02 2.192463167749364450e-01 1.237743180006301014e-01
6.291668850313296701e-01 7.421490798573587844e-02 1.782813331400544266e-01 1.183368738428801359e-01
6.398005780156869049e-01 8.114706709790857342e-02 2.021587335757921711e-01 7.689362131061250327e-02
6.158386113731189049e-01 5.782907069432554475e-02 2.226448868109595636e-01 1.036874311215957994e-01
5.415753671297497407e-01 8.745607852196107812e-02 2.714373825436770526e-01 9.953117180461228120e-02
6.166160687656850881e-01 6.217966905275323919e-02 1.990860925364474066e-01 1.221181696451140303e-01
6.160858006031831868e-01 1.023749000909384421e-01 1.814495935031010532e-01 1.000897058027774150e-01
5.849969339459424322e-01 1.074150584064248320e-01 1.936587397338089545e-01 1.139292679138236147e-01
5.607648758592801430e-01 8.326627406885266092e-02 1.889483979917516987e-01 1.670204520801154557e-01
5.548521447156620212e-01 9.159209457064158844e-02 2.401692800979819409e-01 1.133864806157144217e-01
5.880826623127540786e-01 6.568013620846419043e-02 2.109952392098983220e-01 1.352419622688834366e-01
5.512535285757504955e-01 8.133569004012851378e-02 1.989259881030057131e-01 1.684847932811152360e-01
6.241546724663125101e-01 7.701484698521696148e-02 1.875416462141011043e-01 1.112888343343694381e-01
5.639396458926581035e-01 6.892950513128173751e-02 2.614561858319246479e-01 1.056746631441354695e-01
5.913565439922215949e-01 6.517942545692158307e-02 2.499363044815921531e-01 9.352772606926461341e-02
5.773930800550521880e-01 6.632743492169110300e-02 2.438850747952222842e-01 1.123944102280343832e-01
5.909536681271335690e-01 7.999895889212514655e-02 2.445510280675128045e-01 8.449634491322842444e-02
5.922291610411778429e-01 1.152286467215645482e-01 1.959078265582125666e-01 9.663436567904505614e-02
5.484343034300313002e-01 7.447628517643878343e-02 2.362914206818833851e-01 1.407979907116466145e-01
6.108868722981541932e-01 7.860863689587103964e-02 1.898038501260179700e-01 1.207006406799566445e-01
5.582729129520163092e-01 7.916402924541537933e-02 2.226061543797931142e-01 1.399569034227751141e-01
6.126207161320383898e-01 5.261554277420485426e-02 2.005807092393663560e-01 1.341830318543904832e-01
5.407794745186977892e-01 8.408804827701477080e-02 2.501765316011831941e-01 1.249559456031042737e-01
5.942183695710353541e-01 1.084181246367995205e-01 1.799470094848410195e-01 1.174164963073242030e-01
5.655704767141208622e-01 1.203553601553413177e-01 2.008939580027754024e-01 1.131802051277624038e-01
6.134235611606121408e-01 8.322221426608056305e-02 2.295868631400639071e-01 7.376736143324320871e-02
6.232296245070312324e-01 6.995921140287025830e-02 2.142983301871079771e-01 9.251283390299055998e-02
5.929619404078330103e-01 9.242168249830223781e-02 2.164581674311313875e-01 9.815820966273337833e-02
6.172392089002098903e-01 6.925919546211543876e-02 1.979316696915729701e-01 1.155699259461016454e-01
5.750643325984163834e-01 8.125906148243941529e-02 2.179276223478421870e-01 1.257489835713020421e-01
5.646775466995997972e-01 9.203264118437883001e-02 2.070943971550291973e-01 1.361954149609922449e-01
6.060426479188547599e-01 6.247203890097297041e-02 2.083829700566150467e-01 1.231023431235572924e-01
5.254402240479398856e-01 9.402469607993982348e-02 2.723173590078958317e-01 1.082177208642243205e-01
5.404286983809891698e-01 1.390531662329875240e-01 2.099054416256929956e-01 1.106126937603302413e-01
6.153561330447948619e-01 5.778208262952570784e-02 1.856027253442232849e-01 1.412590589814562148e-01
6.062338074429198809e-01 6.579073071732993716e-02 1.828780501576414419e-01 1.450974116821087956e-01
6.246266340573223275e-01 9.527001053840804257e-02 1.981733091247005196e-01 8.193004627956917973e-02
6.096632066721584531e-01 7.361511715205902584e-02 2.157008817309551407e-01 1.010207944448274081e-01
6.407233434195838129e-01 9.396471207481051080e-02 1.961202018771170674e-01 6.919174262848866441e-02
6.397156248229470821e-01 8.378538656636896897e-02 1.655411364970314492e-01 1.109578521136524859e-01
6.044186975704481934e-01 1.128676034929355504e-01 1.749680799669494635e-01 1.077456189696668898e-01
6.406619319586789318e-01 8.420470294364880426e-02 1.697397387264578117e-01 1.053936263712143967e-01
6.424215179586797442e-01 9.011077087265333130e-02 1.987989962614197526e-01 6.866871490724722749e-02
5.631680218484566014e-01 8.479550382916427320e-02 2.431709103484095413e-01 1.088655639739697367e-01
5.288323534082887134e-01 9.437507414278335782e-02 2.760642145254644242e-01 1.007283579234634907e-01
5.448120782427197106e-01 1.109572480349391987e-01 2.344780831479972294e-01 1.097525905743438196e-01
6.178778079619715591e-01 5.156800498694363855e-02 2.099527588841837711e-01 1.206014281669010313e-01
5.895981118965687440e-01 7.664849744232431206e-02 2.133933594849094784e-01 1.203600311761975350e-01
5.832330508144980552e-01 8.988065950355204892e-02 2.080132011340294074e-01 1.188730885479205024e-01
6.014157215825709502e-01 6.592834685672509243e-02 2.054587785104320941e-01 1.271971530502718772e-01
5.918460131759940568e-01 7.983062954111740106e-02 2.079442321781954650e-01 1.203791251046929939e-01
6.105280083082060827e-01 8.274238891964315334e-02 1.688326608872381951e-01 1.378969418849125272e-01
6.108528875108503176e-01 5.568486821436986062e-02 2.129011881745941637e-01 1.205610561001855680e-01
5.834551020185456682e-01 8.311379953116519725e-02 2.012261673557951824e-01 1.322049310944940215e-01
5.924673110025570066e-01 6.927220851726587081e-02 2.025777859922388568e-01 1.356826944879382657e-01
6.041251642986261716e-01 9.811139015165923349e-02 1.967200880450264144e-01 1.010433575046879723e-01
6.316829123844956984e-01 8.712898671439466003e-02 1.704577919815348230e-01 1.107303089195748602e-01
6.052780163062395635e-01 9.116747231622236713e-02 2.141816031832052547e-01 8.937290819433298117e-02
5.902545990994544356e-01 1.027919995821257176e-01 1.978456301016737751e-01 1.091077712167461272e-01
5.495660989190613854e-01 8.090239357448585078e-02 2.343928991007963591e-01 1.351386084056562797e-01
5.573865302127843924e-01 8.514929974175643179e-02 2.177995154978634162e-01 1.396646545475957457e-01
5.826151474405746322e-01 1.388074835437498877e-01 1.840875598794763368e-01 9.448980913619930977e-02
5.898546571021138218e-01 1.041697933538158483e-01 1.858633624002857809e-01 1.201121871437843963e-01
5.904844039939517453e-01 7.697423964985695977e-02 2.502306980266257308e-01 8.231065832956575845e-02
5.475527259370320809e-01 8.101630154430113084e-02 2.289352509215329956e-01 1.424957215971337510e-01
6.308698832961737724e-01 6.281794437686780141e-02 1.976889793025988218e-01 1.086231930243595767e-01
6.223443330255042927e-01 8.580746902991963354e-02 1.950256723720345253e-01 9.682252557254164560e-02
5.572402342360219807e-01 8.044789887354200641e-02 1.888029926639621936e-01 1.735088742264738193e-01
6.233736755347696334e-01 8.575059945707874665e-02 1.809793210810065889e-01 1.098964039271451004e-01
6.512159161609542002e-01 9.004211831592190407e-02 1.619483193126339260e-01 9.679364621048988648e-02
5.881514426754042013e-01 6.269545930111417031e-02 2.369182859987438161e-01 1.122348120247378123e-01
6.227223843814332360e-01 7.591361692215302381e-02 2.297974641128696371e-01 7.156653458354410302e-02
6.054780696813683027e-01 9.430239281035961152e-02 1.748810007330635630e-01 1.253385367752085366e-01
5.368485580143115277e-01 8.107678677185602145e-02 2.731542822959074912e-01 1.089203729179250013e-01
6.059664265258161153e-01 1.002128444551658032e-01 1.776006479110746883e-01 1.162200811079435181e-01
5.523968600491417913e-01 8.020664223748466548e-02 2.507760362998375236e-01 1.166204614135361584e-01
6.180089634896326345e-01 8.215559014994364140e-02 2.026738652395944362e-01 9.716158112082928788e-02
6.070453393106935991e-01 7.051177929342523909e-02 2.083589466758391240e-01 1.140839347200419268e-01
5.951160547040367232e-01 6.410983490558114228e-02 2.228863174943537251e-01 1.178877928960283955e-01
6.150754965553626441e-01 9.369919443529507730e-02 1.766113007010136626e-01 1.146140083083285743e-01
5.438059241150492440e-01 9.516487210799000340e-02 2.088230728393249969e-01 1.522061309376358251e-01
6.404904358368662676e-01 5.803283789664589326e-02 1.905215495996014086e-01 1.109551766668863404e-01
6.638482113282754282e-01 9.206970550851963087e-02 1.688632800442300130e-01 7.521880311897488625e-02
6.339595228460698229e-01 8.843051988924081896e-02 1.796876159612325052e-01 9.792234130345690846e-02
5.716234534751279961e-01 1.189745877910664551e-01 2.027197320785213142e-01 1.066822266552842485e-01
6.397327952473115253e-01 6.185564325465209290e-02 2.139769189081943412e-01 8.443464258984213766e-02
5.686979264256185607e-01 9.293218892987729907e-02 2.370993190465396083e-01 1.012705655979646430e-01
6.726815616320924729e-01 6.706633443891912849e-02 1.542528569458952448e-01 1.059992469830932232e-01
6.262936528894426091e-01 1.109087639609458442e-01 1.886981376573383662e-01 7.409944549227318045e-02
6.120008470318999416e-01 7.737556116004494500e-02 2.171516154737214155e-01 9.347197633433361463e-02
5.781756860581656055e-01 6.487844381479412892e-02 2.506275037649212667e-01 1.063183663621189989e-01
5.730981971178428225e-01 9.832295526925444173e-02 2.099163870727941694e-01 1.186624605401086496e-01
5.985744206695411407e-01 8.552477527228477538e-02 2.251757116561471650e-01 9.072509240202690506e-02
5.586024609530796381e-01 8.426465445271512367e-02 2.300452045815649105e-01 1.270876800126404527e-01
5.964478851893346700e-01 1.179249394136508283e-01 1.946594551968659492e-01 9.096772020014870508e-02
5.708353226941144110e-01 8.669349755971282601e-02 2.007809219499077646e-01 1.416902577962648735e-01
5.855007565045315943e-01 9.095662711961315094e-02 1.716796418442298744e-01 1.518629745316254775e-01
5.836565113302444319e-01 9.189887543818293925e-02 2.216996009819000857e-01 1.027450122496725432e-01
5.835591910048028019e-01 8.379505413701701655e-02 2.226473397267103582e-01 1.099984151314698927e-01
5.711277161629217947e-01 8.007680586593085570e-02 1.961056164189661777e-01 1.526898615521810332e-01
5.747169108858340980e-01 6.324590860045736784e-02 2.089346683535019122e-01 1.531025121602067052e-01
6.237692341418212827e-01 8.015809535624883464e-02 2.031427194137450376e-01 9.292995108818488670e-02
5.735048173152080819e-01 1.013352895094932898e-01 2.261148402761293252e-01 9.904505289916917810e-02
5.590645152522795147e-01 8.803011034544916402e-02 2.615941385157260490e-01 9.131123588654535550e-02
6.486358396026234985e-01 7.829058980667501222e-02 1.480174936423320209e-01 1.250560769483695378e-01
6.066956499536303449e-01 1.041445002831403732e-01 1.803048218830494431e-01 1.088550278801799776e-01
6.065362055424623478e-01 6.797529973414967452e-02 1.811324725457260088e-01 1.443560221776620245e-01
5.963668446262325729e-01 7.466613242834906072e-02 2.228001429820238299e-01 1.061668799633946336e-01
5.287115603649755746e-01 6.243499897445142083e-02 2.421785799950723628e-01 1.666748606655006348e-01
5.742492643698402510e-01 1.006456589200564050e-01 2.229740131233952927e-01 1.021310635867081901e-01
5.884023349983252826e-01 9.192259648065941036e-02 2.085229133664230072e-01 1.111521551545922304e-01
5.800932055031968737e-01 7.776550891389527598e-02 2.382363066224716941e-01 1.039049789604362256e-01
5.579652052887058566e-01 9.898822838124601842e-02 2.290346141564827687e-01 1.140119521735652869e-01
5.886563954792574105e-01 6.392107737429664205e-02 2.521845350948736519e-01 9.523799205157221226e-02
5.281098543173822213e-01 9.043455003184748542e-02 2.814556607548431844e-01 9.999993489592709506e-02
6.285702086050752868e-01 6.940617931533023255e-02 2.074830272898703643e-01 9.454058478972417190e-02
5.839516980278428582e-01 5.947654867176406512e-02 2.791171688640644022e-01 7.745458443632874390e-02
6.302679593179806306e-01 6.889304289240583135e-02 2.025370770116138863e-01 9.830192077799970729e-02
5.810922040504316044e-01 7.429325843529516193e-02 2.362101514044880335e-01 1.084043861097851447e-01
5.656955407352135534e-01 8.340892734223553928e-02 2.375423943059602472e-01 1.133531376165906324e-01
6.007515843083192086e-01 5.793826035468749303e-02 2.390774931718646912e-01 1.022326621651287321e-01
5.536128817443599637e-01 8.339493485861051991e-02 2.335786293506210420e-01 1.294135540464083634e-01
5.947307213986023910e-01 1.123098769159589644e-01 1.903627594126135192e-01 1.025966422728251115e-01
5.808704992141049406e-01 5.408808001131982374e-02 2.522518612173412778e-01 1.127895595572338538e-01
5.741651219534539274e-01 8.052605611997659674e-02 2.400064275339370556e-01 1.053023943926325173e-01
5.976765267374057888e-01 7.146081633815659639e-02 2.110658040570113914e-01 1.197968528674262234e-01
5.961857753064401244e-01 7.832758488482496895e-02 2.247795624680565818e-01 1.007070773406783804e-01
5.006490870233585300e-01 1.101823629428420881e-01 2.821946176226742264e-01 1.069739324111250306e-01
5.357253362603641156e-01 7.759235848943692171e-02 2.606460079248160699e-01 1.260362973253827124e-01
5.789304310770626572e-01 1.302999814977439386e-01 2.057162436785635873e-01 8.505334374662988639e-02
5.690219013830666306e-01 1.003704256395055727e-01 2.249703777239490943e-01 1.056372952534785636e-01
5.762687756601223565e-01 8.918737234717136197e-02 2.154678541144384174e-01 1.190759978782677808e-01
5.345348279015000870e-01 7.698810810380628256e-02 2.937482652613930267e-01 9.472879873330060374e-02
6.245516828686331623e-01 8.440616726541444459e-02 1.934629411978180669e-01 9.757920866813431238e-02
5.370134356980215129e-01 7.555122721374007977e-02 2.753011922279605672e-01 1.121341448602777707e-01
6.085830661080071646e-01 9.857470360479181348e-02 1.912907939925246326e-01 1.015514362946764171e-01
5.915474068169346289e-01 6.912223558953455027e-02 2.322358704137294505e-01 1.070944871798012316e-01
6.395544804334272193e-01 6.437262898479349793e-02 1.608109222193493393e-01 1.352619683624299296e-01
5.998338250608289401e-01 7.264044584365619839e-02 2.350223127131947087e-01 9.250341638232000008e-02
5.503039922503429882e-01 8.540632345070639508e-02 2.214399088393600723e-01 1.428497754595906000e-01
5.943788297738105131e-01 9.813804180009817746e-02 1.903843073640982264e-01 1.170988210619932912e-01
5.907192614257179564e-01 6.734464126319586463e-02 2.004753258337071686e-01 1.414607714773791491e-01
5.811201638602193631e-01 8.624331975057282496e-02 2.056558482080671213e-01 1.269806681811406490e-01
5.968109329188707735e-01 9.861768321099949330e-02 1.970801328300642030e-01 1.074912510400656135e-01
5.724720252520301145e-01 6.606451790876313734e-02 2.617462127962953411e-01 9.971724404291133770e-02
6.418408216932973698e-01 7.730519787296868950e-02 1.554521962859067574e-01 1.254017841478271000e-01
5.547873614026626043e-01 9.173740383727414793e-02 2.223513383374981500e-01 1.311238964225652504e-01
6.406342592661188329e-01 1.125728622072873081e-01 1.645015814789108077e-01 8.229129704768314846e-02
6.312530812833609950e-01 6.773370144753514122e-02 2.161933349283736983e-01 8.481988234073027655e-02
5.358668147188738740e-01 1.167923226861844743e-01 2.078606362947114095e-01 1.394802263002300757e-01
6.037602905354757521e-01 9.052191371431841938e-02 2.139776506259608857e-01 9.174014512424508161e-02
5.809368602949537275e-01 7.423061539365842509e-02 2.362200396042125894e-01 1.086124847071750638e-01
5.864504363134931397e-01 9.260656639628081499e-02 1.953512066430401206e-01 1.255917906471858692e-01
6.166371667034001858e-01 6.761657861705433481e-02 2.162872637777917828e-01 9.945899090175366886e-02
5.535211866989124818e-01 8.552871871193319653e-02 2.152356884026408734e-01 1.457144061865132678e-01
5.852541865328602100e-01 1.294366894476561003e-01 1.826732783331957710e-01 1.026358456862879742e-01
6.320892706043997888e-01 7.475218991659569878e-02 1.930358394052618110e-01 1.001227000737429235e-01
5.819958268455610595e-01 9.201827320845407110e-02 1.930629324114653544e-01 1.329229675345194039e-01
5.425872238744940956e-01 1.119327864475175016e-01 2.203037006013651711e-01 1.251762890766233705e-01
5.623230899734014132e-01 9.669689455433196079e-02 2.165908982221513568e-01 1.243891172501150749e-01
6.396262858957741937e-01 7.285131504972730543e-02 1.856462217320322683e-01 1.018761773224662048e-01
6.427757257705616345e-01 9.552570822177446075e-02 1.745439769037523126e-01 8.715458910391156444e-02
5.648075397060952074e-01 8.326113984706891291e-02 2.354266349503107147e-01 1.165046854965253037e-01
6.152438504504305072e-01 6.325383008830780251e-02 2.083553004145574372e-01 1.131470190467042114e-01
5.945476339667863375e-01 8.228654581557218184e-02 2.046674759400999299e-01 1.184983442775415785e-01
5.559520502954315990e-01 9.573018617748131620e-02 2.276165355877506347e-01 1.207012279393364779e-01
5.856368124362398841e-01 8.474498169000894976e-02 2.024826627176901928e-01 1.271355431560607929e-01
5.716455017469673772e-01 1.045104262152329877e-01 2.013774715806997684e-01 1.224666004570999084e-01
5.386789771418272199e-01 1.182739762373119230e-01 2.265186932724904123e-01 1.165283533483705419e-01
6.309925260992879092e-01 4.017606888395774262e-02 2.150691962323610373e-01 1.137622087843933594e-01
6.132101281819708483e-01 6.159379613951661281e-02 2.234962637706498501e-01 1.016998119078627444e-01
5.626247834892339483e-01 1.081667794897017004e-01 2.309450879377519805e-01 9.826334908331220419e-02
5.785229896314885156e-01 8.521817923147878560e-02 2.215837901044720726e-01 1.146750410325606123e-01
6.137032432339807331e-01 8.308486974959211624e-02 2.093335689025430935e-01 9.387831811388409886e-02
5.854340799552882890e-01 9.033769153048028244e-02 2.404451057747166998e-01 8.378312273951475653e-02
5.872426603422153946e-01 6.536357040406126639e-02 2.282975193757863785e-01 1.190962498779370299e-01
6.510841067800638982e-01 6.970490322845133979e-02 1.835524079877214887e-01 9.565858200376330112e-02
5.748029225131761066e-01 1.038559187970376912e-01 2.285615836547958413e-01 9.277957503499038860e-02
5.748701407688898701e-01 9.662473366387262785e-02 2.150435561593344036e-01 1.134615694079030707e-01
5.972544731152376052e-01 9.341297677064482052e-02 1.725565903806695056e-01 1.367759597334482213e-01
6.123861208590117844e-01 8.330211738490710116e-02 2.163402978237774221e-01 8.797146393230369232e-02
5.712467709199985366e-01 8.090453922002747988e-02 2.392811282653141136e-01 1.085675615946597866e-01
6.624852709309954069e-01 5.692798265246442474e-02 1.977982023133889045e-01 8.278854410315104884e-02
5.927722750014906561e-01 8.431030010269531527e-02 1.768897829486046347e-01 1.460276419472096299e-01
6.722178867945219904e-01 9.354065519067096546e-02 1.456405367362818837e-01 8.860092127852510491e-02
5.548480537563557080e-01 1.193903615681246727e-01 1.926799643594564182e-01 1.330816203160632427e-01
5.585844710464114016e-01 1.214343575227046085e-01 2.183813659098780557e-01 1.015998055210059897e-01
5.770534566481954064e-01 8.051344265861802574e-02 2.246265904849914785e-01 1.178065102081950893e-01
5.724986703991762349e-01 7.369681173001947638e-02 2.432124019923944669e-01 1.105921158784098218e-01
5.655513476730243960e-01 8.879328966404727297e-02 2.550014511002152151e-01 9.065391156271310202e-02
5.341980409398494611e-01 9.768920659673710483e-02 2.475868093743679166e-01 1.205259430890454619e-01
5.840048596359355138e-01 7.195406297721050615e-02 2.121216640774684636e-01 1.319194133093855859e-01
5.937411164053255641e-01 8.845216701092495359e-02 2.044984848829500546e-01 1.133082317007993861e-01
5.825260721691907229e-01 1.086709084197229891e-01 1.867785565943028692e-01 1.220244628167836271e-01
6.113400041664769358e-01 8.631175964933369971e-02 1.747499552146072888e-01 1.275982809695818676e-01
5.780449828576471605e-01 7.644580503161697849e-02 2.135917202229575262e-01 1.319174918877782654e-01
5.531587481346965651e-01 1.089907450089214053e-01 2.403090943088617149e-01 9.754141254752012047e-02
6.160994552223880705e-01 7.465590270309735432e-02 1.995219383343311836e-01 1.097227037401835026e-01
6.426471566008692404e-01 6.457734820724182756e-02 2.037831015615339525e-01 8.899239363035496564e-02
5.746294608308843976e-01 9.060446955393702817e-02 1.912829051305792727e-01 1.434831644845994125e-01
5.596191961211796073e-01 5.059781544857817198e-02 2.436691325956870657e-01 1.461138558345551619e-01
5.759139787378421138e-01 1.054010177189735886e-01 1.794871385352659332e-01 1.391978650079183921e-01
5.674848528820558569e-01 1.040508299000956344e-01 2.201829682558830992e-01 1.082813489619653680e-01
6.265763687928715964e-01 8.624842920399490576e-02 2.064987712950024923e-01 8.067643070813093620e-02
5.606547244204957980e-01 8.580988181740951959e-02 2.263686734270669021e-01 1.271667203350277664e-01
6.054396902104616229e-01 6.094200511077559057e-02 2.125415589620039125e-01 1.210767457167589017e-01
5.395381649001335100e-01 8.908399967577224077e-02 2.602671145422928434e-01 1.111107208818013781e-01
5.919741823993072138e-01 1.119267495266611928e-01 1.796514792430863594e-01 1.164475888309453033e-01
5.849573550146144330e-01 9.476390462859272945e-02 2.162033987561663428e-01 1.040753416006265780e-01
5.801998566033819138e-01 8.570486883516320598e-02 2.155864746412559929e-01 1.185087999201989012e-01
5.394966430276043612e-01 7.677174380853339641e-02 2.562302712629588308e-01 1.275013419009033144e-01
6.007981313478705232e-01 7.115423466446722800e-02 2.364077082759300230e-01 9.163992571173237844e-02
5.925739374218887967e-01 9.008966204073538819e-02 2.086650157215247103e-01 1.086713848158512158e-01
5.994179714754609423e-01 8.464384930078039382e-02 2.037704619294189168e-01 1.121677172943398026e-01
6.271895885436401530e-01 4.572996850629975490e-02 2.119252526278871673e-01 1.151551903221727791e-01
5.849786950042201727e-01 7.677353808024914295e-02 2.049963121493499352e-01 1.332514547661807769e-01
6.059162780221872824e-01 7.867261845849236879e-02 1.728041439640957966e-01 1.426069595552244273e-01
5.552816513739922133e-01 7.403242004174684365e-02 2.554071260189985648e-01 1.152788025652623921e-01
5.791404860184802272e-01 7.131320400989057950e-02 2.138576459745554215e-01 1.356886639970736608e-01
5.967474972303039582e-01 7.174758608140809069e-02 2.153429888264905279e-01 1.161619278617975204e-01
6.409692513484376297e-01 8.802205124659458202e-02 1.919722108569968111e-01 7.903648654797107431e-02
5.840955393967349751e-01 7.962322255323624198e-02 2.283664699321710234e-01 1.079147681178578289e-01
5.876845582851895067e-01 6.572275044970961322e-02 2.588668183948563128e-01 8.772587287024448399e-02
5.571163965058774092e-01 1.318603544435807406e-01 1.955521206778633447e-01 1.154711283726784360e-01
6.515039826613432394e-01 5.686976081840783986e-02 2.001870958251928123e-01 9.143916069505626798e-02
5.797465556100075412e-01 9.160478919047987389e-02 2.005541478489029639e-01 1.280945073506095933e-01
6.265061149989809008e-01 7.393359096639638695e-02 1.830524219160124810e-01 1.165078721186101895e-01
5.742606493202442319e-01 6.428247818421749249e-02 2.234669321802446318e-01 1.379899403152935466e-01
6.459632564442919778e-01 4.438052321590879590e-02 1.984616173771038272e-01 1.111946029626954546e-01
6.212858831861119979e-01 6.346043092459106860e-02 2.120170855182244296e-01 1.032366003710725039e-01
6.251443874972812953e-01 5.451886696114476016e-02 2.215222453952540305e-01 9.881450014631990020e-02
6.505352261210917142e-01 7.430456564343417003e-02 1.701774620075076350e-01 1.049827462279664947e-01
5.778801587489287295e-01 9.004520379765157401e-02 1.888870147871898608e-01 1.431876226662297802e-01
5.524627534673786089e-01 8.558269204042215361e-02 2.295451007260986831e-01 1.324094537661004989e-01
5.859751567877682366e-01 6.728981923428123402e-02 2.301568566374915248e-01 1.165781673404588659e-01
6.576249223043827419e-01 6.442766888813514226e-02 1.902349652928551627e-01 8.771244351462677280e-02
5.932302585022155572e-01 8.234403613426014013e-02 2.335523433190123122e-01 9.087336204451205990e-02
6.176138788387844913e-01 9.561427353885067204e-02 1.900901308093498610e-01 9.668171681301514220e-02
5.437297584079426871e-01 9.666081383914421066e-02 2.035737658463531441e-01 1.560356619065599859e-01
5.969358642556417127e-01 7.725189256496155232e-02 2.302039171981553056e-01 9.560832598124133219e-02
6.415339528431126537e-01 8.668486901185659677e-02 1.783888338191156331e-01 9.339234432591519974e-02
5.354359991080016590e-01 9.651860248950774879e-02 2.306704556658389360e-01 1.373749427366515730e-01
5.816224316179769982e-01 9.705350263837135560e-02 2.342362347339587703e-01 8.708783100969286206e-02
5.750426269173338767e-01 9.809356960084937571e-02 2.253783798604644950e-01 1.014854236213522110e-01
6.272869447976431312e-01 8.557981245234969059e-02 1.565428219681664068e-01 1.305904207818406326e-01
5.754625157913948463e-01 1.178022171282410990e-01 2.106769627826105828e-01 9.605830429775352730e-02
6.089517125716505941e-01 9.085027211868877683e-02 1.853672930720384748e-01 1.148307222376222098e-01
5.941181867963812868e-01 7.095169652113504644e-02 2.335465110626202545e-01 1.013836056198634261e-01
5.486883738635274232e-01 1.206301661232192374e-01 1.983816965247153785e-01 1.322997634885379192e-01
5.716040314964384583e-01 7.528205683898836487e-02 2.382142174484489228e-01 1.148996942161241708e-01
5.846244320651539095e-01 7.806885008441841189e-02 2.028566753420456559e-01 1.344500425083821060e-01
6.034239251212548671e-01 9.871728288244135952e-02 2.132914080669476298e-01 8.456738392935607418e-02
5.838562908625422043e-01 7.622361035459059020e-02 2.194865358704163050e-01 1.204335629124508034e-01
5.959376258795250347e-01 8.274456508399311017e-02 2.002395977991872356e-01 1.210782112372945363e-01
5.992309969949354276e-01 6.702624357042112624e-02 2.180317849733228730e-01 1.157109744613204899e-01
5.750951446350478502e-01 6.575154346741177158e-02 2.424480971607403668e-01 1.167052147367999559e-01
6.364813774964928061e-01 7.402381844550033618e-02 1.788839885603035196e-01 1.106108154977032965e-01
6.144875887240689449e-01 8.961778569697377572e-02 1.745733646862435151e-01 1.213212608927138475e-01
5.862868979455043705e-01 8.046376538666759337e-02 2.583753510917924934e-01 7.487398557603540394e-02
6.112799258955509130e-01 1.173008135244319183e-01 1.817619271403538850e-01 8.965733343966322821e-02
5.634283483897286615e-01 9.399479959579318256e-02 2.216979027226247123e-01 1.208789492918534159e-01
6.102838868752828994e-01 9.455626269562839026e-02 2.030608627476404027e-01 9.209898768144825221e-02
5.859930176925607359e-01 7.783011473249382139e-02 2.037155286886103422e-01 1.324613388863351560e-01
5.549260141772457411e-01 6.944027159268038873e-02 2.229731747019168264e-01 1.526605395281569744e-01
5.715955831714626401e-01 1.121928801865615943e-01 2.150281417927539240e-01 1.011833948492219110e-01
5.947885289149555943e-01 7.339622565048210812e-02 2.267806878316664110e-01 1.050345576028959421e-01
6.011561487947097993e-01 1.074696606804950577e-01 1.976818675451326723e-01 9.369232297966245682e-02
6.202597729838069673e-01 7.705791497454290984e-02 1.947458715235397542e-01 1.079364405181104380e-01
5.854943277510117339e-01 8.896872169256145324e-02 2.053250330159226700e-01 1.202119175405040735e-01
6.450274483640329182e-01 3.872502666879244076e-02 2.189732624048404686e-01 9.727426256233406843e-02
6.565243781160505776e-01 5.287582241085522772e-02 1.964193842616217822e-01 9.418041521147238471e-02
6.314209967498527476e-01 6.944169331093953679e-02 2.043684794144364214e-01 9.476883052477139135e-02
5.835628141843187677e-01 7.394650737932059736e-02 2.069259768644668152e-01 1.355647015718937920e-01
5.500034550230142871e-01 7.635038570212601683e-02 2.479844186109138315e-01 1.256617406639458923e-01
5.843534925667241975e-01 7.167368043451022297e-02 2.173002685688563973e-01 1.266725584299091545e-01
5.399816421436018921e-01 1.028813937852483401e-01 2.470683996245461589e-01 1.100685644466037061e-01
5.891734925909719589e-01 9.242702228717601665e-02 2.128176740919456023e-01 1.055818110299065332e-01
5.307063841717476471e-01 1.369998765772534877e-01 2.230854618285580959e-01 1.092082774224406722e-01
5.825405860884446119e-01 1.040957124973002357e-01 1.864595317764852767e-01 1.269041696377698758e-01
5.912743082937637062e-01 8.586606708281575850e-02 2.128854755077814742e-01 1.099741491156388945e-01
6.072222881330028299e-01 8.344801608257919334e-02 1.940387902670068776e-01 1.152909055174110298e-01
6.102473295440357104e-01 7.621608496653294040e-02 2.102804927826551207e-01 1.032560927067762147e-01
5.877229758909702229e-01 8.708354156257122614e-02 2.437025669621708801e-01 8.149091558428768478e-02
5.994957772032599719e-01 1.053629253895035645e-01 1.920911883476073279e-01 1.030501090596291636e-01
5.898559665169113009e-01 1.046551888122928403e-01 1.817920680716573478e-01 1.236967765991385942e-01
5.789289448751404610e-01 9.577853825614390804e-02 1.842243646877672336e-01 1.410681521809483419e-01
6.261327514806392935e-01 8.157537893866856349e-02 2.105582175769484254e-01 8.173365200374375916e-02
6.005087655682361802e-01 6.337891155412113398e-02 1.973931577687959293e-01 1.387191651088467426e-01
5.875646523140432009e-01 9.300038483426308067e-02 2.074059009762072858e-01 1.120290618754865436e-01
5.944853180382519975e-01 1.186438854948034666e-01 1.734977306274662900e-01 1.133730658394783153e-01
5.760383269447171273e-01 8.727753205710704620e-02 2.197638045903452242e-01 1.169203364078306301e-01
5.936269050894819044e-01 6.415105172091120633e-02 2.524565188288516726e-01 8.976552436075520280e-02
6.143876474326790404e-01 9.344991526869228515e-02 1.984193983927085847e-01 9.374303890592003419e-02
5.969920413242022494e-01 8.503550060830922241e-02 1.816138432110702972e-01 1.363586148564182032e-01
5.402578432947231502e-01 7.004151103995123751e-02 2.441696316006386758e-01 1.455310140646868533e-01
5.729902857047268760e-01 8.978554095430682502e-02 2.202372668350726370e-01 1.169869065058936758e-01
5.958697699604104114e-01 5.204537572720522448e-02 2.315748076579161319e-01 1.205100466544682114e-01
6.248261625097586425e-01 8.386128754214934589e-02 1.746432587138428416e-01 1.166692912342489757e-01
6.028506046584977129e-01 7.780916057205507219e-02 2.126705035634967600e-01 1.066697312059505520e-01
6.169000505112626209e-01 8.568450511072672748e-02 2.283328684756694982e-01 6.908257590234107015e-02
5.707572310803570304e-01 1.001141071598543042e-01 2.083670484422056046e-01 1.207616133175830470e-01
6.018001554373441087e-01 1.002983392647640581e-01 1.950633646948841948e-01 1.028381406030075690e-01
5.843480455347924707e-01 1.031767552625948436e-01 2.057135649661547550e-01 1.067616342364579585e-01
5.998032214575461651e-01 1.013810931021603551e-01 1.857584869415662143e-01 1.130571984987273348e-01
6.143980843051611851e-01 7.742099306301154782e-02 2.027563935487109170e-01 1.054245290831163639e-01
6.372737493167527356e-01 9.754404049146707389e-02 1.577077504030047761e-01 1.074744597887754421e-01
6.052644566109957047e-01 9.649368400053844053e-02 1.963139119658297016e-01 1.019279474226362642e-01
5.565481504104730082e-01 9.077428677845654492e-02 2.539521347621025993e-01 9.872542804896784763e-02
5.488054389531491495e-01 8.029352031172666548e-02 2.663643985953029758e-01 1.045366421398212786e-01
6.273983860702644355e-01 8.557476597111174366e-02 1.967254157304295648e-01 9.030143222819439486e-02
5.688458926816362116e-01 5.556543440975003634e-02 2.601255285664033079e-01 1.154631443422104581e-01
5.905044676575014195e-01 8.470954383320510039e-02 2.215239368740252457e-01 1.032620516352682344e-01
5.749141972703798453e-01 7.776110353809517761e-02 2.321983035104984994e-01 1.151263956810263250e-01
6.096567077849164296e-01 7.100502450614713801e-02 2.336080518039884979e-01 8.573021590494811495e-02
5.781448007132726774e-01 8.384576027528950481e-02 2.008645077716340044e-01 1.371449312398037301e-01
5.764724628334557677e-01 9.397044362449033517e-02 2.058766029481850224e-01 1.236804905938689442e-01
6.109366073648163642e-01 9.724015613198079555e-02 1.763593809086592690e-01 1.154638555945434880e-01
5.960511419856507898e-01 7.268478738327593947e-02 2.305582005270815915e-01 1.007058701039916238e-01
5.883045408741709448e-01 7.386833232836186036e-02 2.047238098017432895e-01 1.331033169957239748e-01
5.638022164661936619e-01 9.011537044319656298e-02 2.433630351782793966e-01 1.027193779123304063e-01
6.148039724696992003e-01 5.899925454010081227e-02 2.143045583851166946e-01 1.118922146050832650e-01
5.788733083548758263e-01 6.473225273375191047e-02 2.126524157075340427e-01 1.437420232038382206e-01
5.894155063790391669e-01 7.898356285101065799e-02 2.164737473954708169e-01 1.151271833744793305e-01
6.006021495007963784e-01 1.114665489608714366e-01 1.507909339691125006e-01 1.371403675692197954e-01
5.880719848692499419e-01 7.400106898138557321e-02 2.283872112034359136e-01 1.095397349459285158e-01
6.133298284926522737e-01 6.306704156368118930e-02 1.835933184718228084e-01 1.400098114718436038e-01
5.384337554290808958e-01 8.411936536931689801e-02 2.463338122575144395e-01 1.311130669440877528e-01
5.732635769139123871e-01 7.479273023548022037e-02 2.441572186345596918e-01 1.077864742160475758e-01
5.838829470262133503e-01 8.554140391965078805e-02 2.421763068635034433e-01 8.839934219063230736e-02
5.798794845604592352e-01 7.338369018454012072e-02 2.364547728959509876e-01 1.102820523590494484e-01
6.356233278854310775e-01 9.607528723188907271e-02 1.766778099743996078e-01 9.162357490828011708e-02
6.112967264037471038e-01 9.495547443579500924e-02 1.832283484773611915e-01 1.105194506830965706e-01
5.681819451786657149e-01 8.353424204957617116e-02 2.418693303327399680e-01 1.064144824390181321e-01
5.538485682204189464e-01 9.359211253854034240e-02 2.392541413453160848e-01 1.133051778957245709e-01
5.818545539924689924e-01 8.164096795889989877e-02 2.305381268092090985e-01 1.059663512394220242e-01
5.645467339907411786e-01 9.978475488243220004e-02 2.332016474261535965e-01 1.024668637006729832e-01
6.031699429671887325e-01 1.099216702946906460e-01 2.015241986824396481e-01 8.538418805568104286e-02
5.811095381781281599e-01 8.960476607478951028e-02 2.354149387413591310e-01 9.387075700572301840e-02
6.210549233602857822e-01 7.226234067514433757e-02 2.056307292070531367e-01 1.010520067575168268e-01
5.729940360046636982e-01 9.729795269468571872e-02 2.412400861024789900e-01 8.846792519817169020e-02
6.468061490971840355e-01 6.630048045142716839e-02 1.988587594908959866e-01 8.803461096049282342e-02
5.632364832180515313e-01 8.793565065621813948e-02 2.274574182050675131e-01 1.213704479206628439e-01
5.872148498868771105e-01 6.318257115385970957e-02 2.282177262763388503e-01 1.213848526829244406e-01
6.008231811408537570e-01 1.019845064095511317e-01 1.992777434335977482e-01 9.791456901599736307e-02
5.839729791036926132e-01 9.430403552124812239e-02 2.074585393964558100e-01 1.142644459786033156e-01
5.753514713879681608e-01 7.660329098971128958e-02 2.334108428735246765e-01 1.146343947487959702e-01
6.048145702862228745e-01 7.351947142643876221e-02 2.163524632507453360e-01 1.053134950365930966e-01
5.835776732735050709e-01 6.144514182855260326e-02 2.582586442681397698e-01 9.671854062980231315e-02
5.746342673517548238e-01 9.517732754908150850e-02 2.121703976227830579e-01 1.180180074763806514e-01
5.640375540087200212e-01 1.081582111655539219e-01 2.079733499111808548e-01 1.198308849145452992e-01
5.886566876369796475e-01 9.319711866980964765e-02 1.953364343902975198e-01 1.228097593029132129e-01
5.972112137219768302e-01 9.622456833358770945e-02 2.024858926880316046e-01 1.040783252564039391e-01
5.637647931299188953e-01 1.049509064948610376e-01 2.279160316529853514e-01 1.033682687222348545e-01
6.221299479831725598e-01 8.999398800848103230e-02 1.766459001748609536e-01 1.112301638334855236e-01
5.574351787549438608e-01 1.083593280265934544e-01 2.322302604894337652e-01 1.019752327290288640e-01
6.015420447207600052e-01 7.494014199477365412e-02 2.205570548826797650e-01 1.029607584017864785e-01
5.810474545049862938e-01 1.202289522420258577e-01 1.938337348715379604e-01 1.048898583814499019e-01
5.584901022726238562e-01 1.081851022264967016e-01 2.248546037788096419e-01 1.084701917220696338e-01
6.346381883671826651e-01 1.069710537983172283e-01 1.774240303143484188e-01 8.096672752015166008e-02
5.708917926461410941e-01 1.047531579544405539e-01 2.388463458498835956e-01 8.550870354953481189e-02
6.386115848147011498e-01 6.413056981751347196e-02 1.993132280450481963e-01 9.794461732273729293e-02
6.129611261393914656e-01 6.650080824741604058e-02 2.116697138284899804e-01 1.088683517847025273e-01
5.948924765551680816e-01 8.697311795084873565e-02 2.010368524044866545e-01 1.170975530894964728e-01
6.364034936757176908e-01 8.195944204842497971e-02 1.703082875556619358e-01 1.113287767201954354e-01
6.132806972348404662e-01 8.386875217955515327e-02 1.721804989428504240e-01 1.306700516427539982e-01
5.995763588138625089e-01 7.955241672794530206e-02 2.044856501618396716e-01 1.163855742963525453e-01
5.765312085464020520e-01 1.219315929929652709e-01 1.765790674514018943e-01 1.249581310092308939e-01
6.094984211282671316e-01 6.148379374928940322e-02 2.182945285890148246e-01 1.107232565334286545e-01
5.867020817746756434e-01 1.273277795248250466e-01 1.743994780279005119e-01 1.115706606725986733e-01
5.764485687098683808e-01 1.032708802066723830e-01 2.321903021645905507e-01 8.809024891886882425e-02
5.875391293909391077e-01 8.583267816487320789e-02 1.977189743766324115e-01 1.289092180675553700e-01
6.049018198510778266e-01 9.252792253842996584e-02 1.945547370886788197e-01 1.080155205218134712e-01
5.991663106178185538e-01 6.716511318498462335e-02 2.041994084754708283e-01 1.294691677217258419e-01
5.926731895526357041e-01 8.784633423013937792e-02 2.056677135135370760e-01 1.138127627036877587e-01
5.940219351905425826e-01 8.223559239036469515e-02 2.256011703438584592e-01 9.814130207523440175e-02
5.836297988761927069e-01 8.951088119294325907e-02 2.192142237342316335e-01 1.076450961966325531e-01
5.936613725171180356e-01 1.001401001735350155e-01 1.882173774522795107e-01 1.179811498570673550e-01
6.191963528941502037e-01 8.042880118646184018e-02 2.035808452091456278e-01 9.679400071024241159e-02
5.753608145277543384e-01 1.381522491479160175e-01 1.967302945116450597e-01 8.975664181268447339e-02
5.899906348164726255e-01 8.965518176304042297e-02 2.386017643637184937e-01 8.175241905676837451e-02
6.292112454558816959e-01 8.934360693385726138e-02 2.094323984587103116e-01 7.201274915155071732e-02
5.780309659057153437e-01 6.114027388797155238e-02 2.093382062880544958e-01 1.514905539182585248e-01
5.951221803497100948e-01 7.485035355425580239e-02 1.804964785638066838e-01 1.495309875322273219e-01
6.157385738037955969e-01 7.846505606337719763e-02 2.073118555303932187e-01 9.848451460243390354e-02
