6.538412596416816047e-01 1.224099313099697439e-01 1.385404088852394966e-01 8.520840016310926579e-02
6.409908841734904827e-01 7.645454693295804238e-02 1.858565697062126154e-01 9.669799918733895661e-02
6.431360432596768817e-01 4.910718995693716393e-02 2.350660102961765474e-01 7.269075648720940697e-02
6.564407486738587094e-01 1.224829574607204236e-01 1.522764065635807129e-01 6.879988730184019574e-02
6.152392652552648444e-01 8.049196787904036587e-02 2.097042895192728906e-01 9.456447734642189906e-02
6.588196411540016006e-01 7.754401578947381357e-02 1.634550118016143139e-01 1.001813312549102580e-01
6.527966597298112683e-01 1.165349745632695694e-01 1.551848911488298566e-01 7.548347455808927797e-02
5.841081777685258603e-01 1.164911407269383220e-01 2.173295109645935197e-01 8.207117053994246458e-02
6.421085989706827313e-01 7.249928695093275921e-02 2.003851255942042664e-01 8.500698848418015985e-02
6.264393536374575078e-01 8.580415616749340058e-02 1.852760006831143391e-01 1.024804895119348913e-01
6.163014795663699363e-01 7.906599610097879427e-02 2.154581367627617650e-01 8.917438756988951831e-02
6.061329478840646878e-01 8.832730938734109638e-02 1.832478454953167801e-01 1.222918972332773385e-01
6.306635599811900583e-01 1.242875428818811662e-01 1.735396695783642806e-01 7.150922755856443935e-02
6.147283197479552763e-01 1.096931202975041930e-01 1.925178256176702796e-01 8.306073433687012619e-02
6.888189218351069565e-01 9.085915249265862081e-02 1.541118981154196155e-01 6.621002755681479335e-02
6.171602257951813719e-01 1.302482652133583607e-01 1.561474058740252024e-01 9.644410311743496778e-02
5.994781228224274061e-01 1.288783374888076705e-01 1.776104055132129989e-01 9.403313417555191067e-02
6.669083687406385241e-01 9.643658979000080400e-02 1.484723450870591988e-01 8.818269638230138985e-02
6.522431563722868031e-01 8.542122683765489277e-02 1.831403352322529265e-01 7.919528155780533596e-02
7.003507007274972773e-01 7.313964886114560082e-02 1.597119633583416742e-01 6.679768705301565579e-02
6.437613732289531043e-01 9.690916417548434136e-02 1.594294966377509115e-01 9.989996595781153177e-02
6.467052045670120819e-01 1.022262949301949442e-01 1.818878974438607465e-01 6.918060305893211637e-02
6.360652826465161835e-01 1.109372200174207068e-01 1.522412573419781312e-01 1.007562399940847842e-01
6.204576835635329246e-01 5.861301903812014130e-02 2.184672743320276445e-01 1.024620230663193382e-01
6.254677400519310648e-01 1.205429147871644180e-01 1.581250855304084380e-01 9.586425963049607923e-02
6.606636783414553404e-01 9.525150567809370639e-02 1.793669049782818659e-01 6.471791100216912895e-02
6.388035612160131160e-01 8.458617287417255493e-02 1.799469394911612508e-01 9.666332641865299502e-02
6.361635265683638352e-01 1.101694762867640592e-01 1.557666413208207146e-01 9.790035582405122450e-02
6.552044439061965875e-01 9.357482251949704455e-02 1.871609540550424611e-01 6.405977951926403180e-02
6.570563795719338573e-01 9.251743549485831608e-02 1.347329693593827260e-01 1.156932155738251561e-01
6.245520148336166644e-01 9.318704004208167024e-02 1.729056664637247664e-01 1.093552786605767740e-01
6.266918591433381369e-01 1.199881550636982819e-01 1.709256979929466014e-01 8.239428780001702146e-02
6.734851220466828714e-01 8.303132798792808855e-02 1.328836696738122936e-01 1.105998802915767049e-01
6.893820606807614659e-01 1.048669311837294449e-01 1.508850271486018579e-01 5.486598098690725206e-02
6.597826002684460400e-01 1.094721034252781749e-01 1.470849573302804858e-01 8.366033897599525759e-02
6.526792820295759245e-01 1.001004534400160018e-01 1.254619167632867738e-01 1.217583477671211611e-01
6.480360374412489355e-01 9.235443479753542573e-02 1.844815985127340741e-01 7.512792924848167575e-02
6.699835492647885360e-01 9.622060249633465623e-02 1.691244983746716113e-01 6.467134986420515486e-02
5.974251304742586033e-01 7.857959001585058945e-02 2.162424791897144538e-01 1.077528003201761730e-01
6.661811373181233398e-01 7.344756814782733845e-02 1.895738654661266176e-01 7.079742906792273194e-02
6.406778432507658216e-01 9.339337631489087743e-02 1.886793633556754224e-01 7.724941707866782303e-02
6.760626011039347905e-01 1.059439715862966341e-01 1.373956302105519556e-01 8.059779709921664759e-02
6.565552928004221300e-01 1.117421317432386180e-01 1.686810997476906049e-01 6.302147570864870263e-02
6.161219361018333007e-01 8.071829231430895091e-02 2.131567623060708072e-01 9.000300927778683013e-02
6.495566977522905239e-01 1.019214030452201686e-01 1.406850626576199026e-01 1.078368365448693633e-01
6.068342496920029472e-01 1.578454364083739792e-01 1.531290578830985238e-01 8.219125601652460533e-02
6.111421725113663772e-01 8.433232935252245321e-02 2.012719132462002791e-01 1.032535848899109182e-01
6.495217725774815598e-01 7.431909196463257206e-02 1.843503524196588861e-01 9.180878303822695430e-02
6.175621119597535236e-01 1.206583589953726804e-01 1.827247109112336287e-01 7.905481813364025057e-02
6.495011052691328501e-01 9.761434227929743912e-02 1.473747850827752115e-01 1.055097673687944160e-01
6.631675599771287288e-01 9.152193500280401961e-02 1.527913969522029791e-01 9.251910806786418917e-02
6.309600252072340432e-01 1.348175694089057131e-01 1.630537656693760440e-01 7.116863971448417203e-02
6.164652698097378147e-01 9.730736907898382415e-02 2.170337659595874824e-01 6.919359515169104524e-02
6.209736836397297122e-01 1.113853285090523615e-01 1.913545513721900959e-01 7.628643647902787206e-02
6.714295998956102407e-01 6.468830488324105177e-02 1.839680252386512449e-01 7.991406998249746263e-02
7.045277779622062253e-01 1.087440495150492625e-01 1.167973368789204519e-01 6.993083564382396311e-02
7.196348663497161846e-01 6.201881156545733381e-02 1.279960687195972613e-01 9.035025336522925499e-02
6.592892522459705695e-01 9.770754715997816142e-02 1.658811052181936030e-01 7.712209537585776320e-02
6.514021827337640458e-01 8.764951010588251101e-02 1.579459695575836375e-01 1.030023376027697779e-01
6.632353739094302147e-01 8.240581035926634879e-02 1.652357553872592089e-01 8.912306034404424149e-02
6.839471829007386372e-01 7.888917967496178463e-02 1.535839375115946037e-01 8.357969991270494670e-02
6.540367219300075030e-01 1.266436600715486471e-01 1.529476217716044806e-01 6.637199622683934153e-02
6.460448420106171818e-01 7.563557728119944812e-02 1.689644939923756473e-01 1.093550867158076118e-01
7.051417884639052946e-01 5.217756611037519671e-02 1.379044541277238412e-01 1.047761912979956328e-01
6.427072081921296753e-01 7.702169456668049585e-02 2.117154025384604399e-01 6.855569470272952770e-02
6.930887666758565047e-01 6.316475126739050372e-02 1.566475971907278497e-01 8.709888486602511415e-02
5.888534757857073476e-01 1.049726668650351608e-01 2.287866480897708665e-01 7.738720925948656959e-02
6.554756177546695595e-01 1.200029999411959813e-01 1.549155420317902820e-01 6.960584027234402449e-02
6.228570275979222748e-01 1.364877699957202373e-01 1.625918960596209051e-01 7.806330634673643021e-02
6.059736283799258549e-01 1.228447558060192096e-01 1.956791867265078588e-01 7.550242908754718762e-02
6.393783438207126801e-01 7.871989450216491935e-02 1.790904431638880578e-01 1.028113185132343427e-01
6.438200318197436767e-01 1.098807516584642957e-01 1.738194781425658475e-01 7.247973837922604134e-02
6.384065454989492627e-01 8.237386138799278334e-02 1.847755169312936263e-01 9.444407618176439700e-02
5.991006628254571531e-01 9.632325444491847410e-02 1.926230856147360393e-01 1.119529971148882919e-01
6.300403635680646985e-01 1.135995633244089031e-01 1.603753773586544251e-01 9.598469574887188993e-02
5.857449698201787625e-01 1.014629257644515947e-01 2.155504105146825999e-01 9.724169390068701513e-02
6.701765017216960718e-01 1.113227999186685302e-01 1.325658290591575084e-01 8.593486930047794514e-02
5.729860083088005318e-01 1.100527118584603836e-01 1.835060185665961241e-01 1.334552612661430715e-01
7.069510930750184663e-01 9.133651338702723776e-02 1.306210562323397162e-01 7.109133730561451037e-02
6.799982291333959150e-01 7.758555384766509244e-02 1.627042195859353113e-01 7.971199743300382001e-02
6.059353281418757842e-01 1.078186770197378103e-01 1.574702538786771355e-01 1.287757409597093394e-01
6.256905141299780038e-01 7.143235483265142349e-02 2.136964611294560890e-01 8.918066990791462256e-02
6.475022804664366527e-01 1.153702179672984607e-01 1.732305827547771793e-01 6.389691881148774899e-02
6.781573125026161275e-01 9.778135562933525093e-02 1.392671665076041787e-01 8.479416536044441510e-02
6.324561944817352899e-01 8.772478620101784030e-02 2.120066100303251433e-01 6.781240928692174041e-02
6.433956873359580886e-01 8.060680332969245854e-02 1.912278442597737660e-01 8.476966507457577016e-02
6.177269476582275542e-01 7.252773692518586779e-02 2.022204782904308551e-01 1.075248371261556951e-01
6.662117871585350182e-01 6.570006008927428698e-02 1.387406118046291270e-01 1.293475409475615678e-01
6.166187941534665429e-01 1.124409563298370690e-01 1.666040790932350191e-01 1.043361704234615078e-01
6.465667402072143854e-01 1.065368771497526706e-01 1.783322953684269296e-01 6.856408727460604202e-02
6.179149217082312573e-01 7.458455232376988431e-02 2.118421188301339020e-01 9.565840713786505356e-02
6.428244586112009662e-01 1.054930878117695675e-01 1.664414025154469234e-01 8.524105106158268164e-02
6.625321614541164195e-01 9.600266611845080511e-02 1.408459074447714343e-01 1.006192649826611468e-01
6.498429920791558567e-01 1.239130898365052302e-01 1.454026531101339781e-01 8.084126497420482393e-02
6.347917385747311458e-01 1.125397903202460109e-01 1.534154734660063690e-01 9.925299763901650196e-02
6.568605697743956640e-01 8.768424761084281371e-02 1.737801042419470088e-01 8.167507837281466621e-02
5.860873662178459620e-01 1.266949634360383936e-01 1.714427788929027696e-01 1.157748914532128887e-01
6.739866563598878590e-01 4.964362123281511330e-02 1.816397598280985459e-01 9.472996257919848173e-02
5.891756900825881882e-01 1.065805868466240952e-01 2.035195562018296822e-01 1.007241668689581315e-01
6.300505612978682946e-01 6.302510853962588200e-02 1.932020498115367135e-01 1.137222803509689989e-01
6.114600768295186395e-01 1.448923660850971740e-01 1.509004116990676492e-01 9.274714538631637084e-02
6.570612842362577588e-01 1.053052164196029705e-01 1.615659468269310117e-01 7.606755251720825894e-02
6.516609549093876907e-01 8.798584682556340186e-02 1.830022080687959685e-01 7.735099019625291117e-02
6.284029250242703091e-01 8.375327109687960569e-02 2.079073184926357176e-01 7.993648538621427047e-02
5.924401721229642925e-01 1.256144545457694162e-01 1.817660801976140883e-01 1.001792931336521336e-01
6.536756096763622903e-01 9.578909062753963866e-02 1.652868167319012649e-01 8.524848296419673677e-02
6.553659390183448341e-01 9.568752163094210172e-02 1.780050145574705034e-01 7.094152479324250526e-02
6.902461204042769083e-01 9.164037194533891650e-02 1.452066903670843900e-01 7.290681728329971578e-02
6.567716539392339792e-01 7.687914478692702003e-02 1.917364172054309424e-01 7.461278406840785027e-02
6.420598321618427029e-01 8.639314756772925596e-02 1.852248966221455850e-01 8.632212364828252549e-02
7.084939043913230927e-01 5.948841411264114282e-02 1.697847954630274936e-01 6.223288603300839578e-02
6.472628427942050955e-01 9.593841483101102352e-02 1.731861512418287619e-01 8.361259113295513301e-02
6.666210799525346120e-01 8.174116268191371215e-02 1.447439613145670989e-01 1.068937960509846880e-01
6.428176915890407850e-01 9.207405968585019584e-02 1.738429559525247192e-01 9.126529277258427220e-02
6.271129699645928701e-01 1.016108162487313615e-01 2.040411738780471551e-01 6.723503990862869650e-02
6.536326239063700028e-01 1.164144697186793448e-01 1.472814047257651748e-01 8.267150164918550537e-02
6.803264894973174437e-01 6.415646215420862941e-02 1.547429329707618040e-01 1.007741153777122617e-01
6.642209194997886756e-01 9.728912030457413651e-02 1.700549078893929811e-01 6.843505230624438718e-02
6.296811109658205785e-01 1.182215695036474279e-01 1.664338329169603170e-01 8.566348661357160721e-02
6.614130720573960787e-01 8.043245590990677485e-02 1.936368297522504112e-01 6.451764228044663818e-02
6.919420982289310462e-01 7.683886480249861595e-02 1.592902700599160004e-01 7.192876690865419864e-02
6.455164866878425611e-01 7.352304026488458433e-02 1.789769626364475785e-01 1.019835104108252621e-01
6.146342318634323565e-01 1.303481349360513797e-01 1.847700513905786990e-01 7.024758180993749546e-02
6.914541647628164034e-01 5.798035097830894075e-02 1.783930157978694808e-01 7.217246846100522362e-02
6.044441446203074886e-01 1.295790863436568352e-01 1.751050959777740446e-01 9.087167305826164554e-02
6.737656110684350219e-01 1.099054582688134413e-01 1.360594606970968456e-01 8.026946996565469117e-02
6.083352919414698468e-01 7.919738626505624934e-02 1.992690616190259112e-01 1.131982601744480760e-01
6.639193280139590314e-01 1.146971209047108614e-01 1.455623494529108830e-01 7.582120162841911315e-02
6.359426136074760594e-01 7.700841549108190798e-02 1.904048418916111651e-01 9.664412900983111732e-02
6.190982196674120752e-01 8.999279585715222463e-02 2.208046581293162669e-01 7.010432634611941938e-02
6.178682982630580023e-01 8.913776049898829157e-02 1.994156108326670673e-01 9.357833040528669433e-02
6.208021349166416014e-01 1.215212692514163195e-01 1.828189854587159435e-01 7.485761037322591349e-02
6.924798757360806079e-01 6.872861062476319505e-02 1.679674814318194154e-01 7.082403220733672622e-02
6.653839850951329682e-01 1.079237753291702046e-01 1.627547966204096752e-01 6.393744295528708266e-02
6.566296671568204735e-01 1.430164765508645242e-01 1.264647538340357424e-01 7.388910245827928769e-02
6.613047645636315197e-01 9.705108772901943626e-02 1.850459478287694859e-01 5.659819987857958590e-02
6.407328679291947049e-01 1.012123092459114165e-01 1.519372063857507282e-01 1.061176164391432475e-01
6.539441507373415785e-01 1.026808383427474242e-01 1.428240699593490426e-01 1.005509409605617882e-01
6.864891413141530618e-01 8.428476814086229008e-02 1.395515536918075228e-01 8.967453685317702816e-02
6.632367163383390274e-01 1.079606440245008958e-01 1.511785991860790379e-01 7.762404045108110828e-02
6.521188716827887033e-01 7.530305531266195951e-02 1.654422988546273288e-01 1.071357741499219529e-01
7.005856435106374569e-01 8.078486234636220176e-02 1.545966076350897278e-01 6.403288650791043313e-02
6.610390921893936067e-01 8.858388757045845829e-02 1.641724025398499653e-01 8.620461770029787252e-02
6.361960954485569308e-01 1.025667368749498404e-01 1.670658899494621152e-01 9.417127772703121069e-02
6.784384046951583702e-01 1.051645344225938111e-01 1.222786812027082254e-01 9.411837967953969042e-02
6.483059450481886143e-01 9.935569429637421124e-02 1.803464157124224088e-01 7.199194494301466851e-02
6.505906742569264045e-01 1.098218391753840451e-01 1.429581898290922248e-01 9.662929673859724233e-02
6.477478249070780514e-01 7.759635770786893483e-02 1.826138471534099750e-01 9.204197023164316371e-02
6.503191687383709230e-01 1.240032974319651565e-01 1.425495041125236229e-01 8.312802971714038092e-02
5.821332665576334220e-01 1.287979257658646848e-01 1.855713323437026274e-01 1.034974753327994740e-01
6.089237672179429461e-01 1.122449110891804991e-01 1.682165207399929363e-01 1.106148009528836601e-01
7.052140815353465930e-01 6.879439543226316400e-02 1.481513916844262035e-01 7.784013134796426148e-02
6.319123145367873118e-01 8.198461714541843692e-02 1.610162085869513149e-01 1.250868597308430474e-01
6.375640888354928704e-01 1.079560844314534640e-01 1.711818014962348811e-01 8.329802523681881232e-02
6.821593643246446348e-01 7.807320404505431466e-02 1.425385155058726538e-01 9.722891612442834119e-02
7.013905839384561025e-01 8.113056958789603701e-02 1.494756387895587180e-01 6.800320768408930905e-02
6.454132807964211294e-01 1.067104655300945976e-01 1.474172872022196379e-01 1.004589664712646213e-01
6.634242587256166113e-01 9.588568858212954960e-02 1.535179267544026505e-01 8.717212593785111929e-02
6.289343284520754196e-01 1.184386777652987194e-01 1.424602764631384411e-01 1.101667173194874894e-01
6.323064922593766291e-01 1.006930089049874605e-01 1.699260290389888461e-01 9.707446979664713371e-02
6.470558768247909320e-01 8.145140761120181483e-02 1.978357570332374693e-01 7.365695853076965893e-02
6.860062748743759320e-01 7.061853418218977385e-02 1.617083976657978650e-01 8.166679327763640139e-02
6.813137066191095048e-01 4.485083610328399056e-02 1.807345922688262663e-01 9.310086500878018978e-02
6.591878120262431029e-01 1.035456931580900908e-01 1.603579583443462131e-01 7.690853647132062099e-02
6.559626015684352218e-01 8.915232172226228435e-02 1.489130206464346629e-01 1.059720560628677338e-01
6.221021598610299019e-01 9.157796404536389101e-02 1.634864103137113889e-01 1.228334657798947349e-01
6.407486564588508182e-01 1.037752589971386863e-01 1.722241782355239947e-01 8.325190630848654239e-02
6.254328251381183756e-01 1.099703900290136260e-01 1.712096963296572683e-01 9.338708850321074395e-02
6.203007712096714199e-01 1.182537229340516333e-01 1.852218995623450548e-01 7.622360629393197529e-02
7.276036905570602009e-01 8.969794271325577661e-02 1.207624572928439610e-01 6.193590943684021410e-02
6.651826784599900177e-01 8.795768152660789208e-02 1.779922324115167098e-01 6.886740760188528321e-02
6.557494783893251800e-01 8.209722305743924475e-02 1.801078530063885408e-01 8.204544554684692348e-02
6.577729099173439398e-01 1.107264461214900186e-01 1.588568398799400927e-01 7.264380408122587951e-02
6.683697267824753041e-01 9.147496203918928370e-02 1.705538366270921979e-01 6.960147455124324201e-02
7.165057283013095413e-01 1.064656113193596931e-01 1.039091524448462478e-01 7.311950793448446229e-02
6.443713567098470207e-01 8.044191694175739649e-02 1.708247126446278130e-01 1.043620137037677004e-01
6.203722860213847223e-01 1.045788107153993729e-01 1.906686104356717093e-01 8.438029282754426486e-02
6.351677183211370536e-01 7.614145443029954330e-02 1.913224606730710153e-01 9.736836657549237384e-02
6.523946330642891311e-01 9.046673885929788772e-02 1.659408701092441873e-01 9.119775796716875216e-02
6.768259583256913681e-01 6.631776347957199502e-02 1.777002710214575787e-01 7.915600717327896108e-02
6.147345353220353692e-01 1.154450813376735469e-01 1.639188080480461218e-01 1.059015752922448234e-01
6.817682780047312763e-01 7.037055826311706952e-02 1.626732553733287734e-01 8.518790835882293633e-02
6.704238983809991392e-01 1.063824905384528619e-01 1.500868305557981619e-01 7.310678052474992028e-02
6.584259032991640614e-01 8.576579619184339365e-02 1.667414354063510018e-01 8.906686510264155698e-02
6.505145959749631945e-01 9.617463813599527733e-02 1.473946428919822582e-01 1.059161229970593254e-01
6.565504130189251386e-01 1.128616447171013198e-01 1.367821219770568031e-01 9.380582028691659968e-02
6.316130476585505304e-01 8.867306485139277161e-02 1.909188998313887387e-01 8.879498765866802867e-02
6.641772008582230713e-01 9.039768962107683214e-02 1.757576659144104991e-01 6.966744360628951416e-02
6.232207033252372685e-01 1.109810742452415205e-01 1.908619931890003507e-01 7.493622924052079082e-02
6.067766357811191780e-01 1.172093729119687705e-01 1.794567058267881599e-01 9.655728548012397494e-02
7.197784300519800560e-01 6.940864308903492430e-02 1.340353003184774905e-01 7.677762654050751534e-02
6.105629639840118861e-01 7.967184133393052925e-02 2.180370572288435060e-01 9.172813745321416190e-02
6.650228483960888282e-01 9.197866854798415759e-02 1.807353983001820930e-01 6.226308475574478946e-02
6.616173169246778452e-01 9.098177362026346748e-02 1.745860863784684525e-01 7.281482307659008224e-02
6.209353707672471412e-01 8.195185711009600471e-02 2.065028014868422745e-01 9.060997063581464894e-02
6.558890108217284576e-01 1.216254590360231896e-01 1.532389204873089439e-01 6.924660965493943665e-02
6.826116300879245813e-01 7.856882595188773022e-02 1.630868274571748433e-01 7.573271650301273417e-02
6.637121448723429795e-01 1.235287010774492183e-01 1.581418659985139585e-01 5.461728805169376727e-02
6.583831439481708792e-01 9.913754615560441130e-02 1.833797907865996057e-01 5.909951910962514543e-02
6.142688124131842065e-01 6.853350479226753833e-02 2.279073554131005042e-01 8.929032738144779269e-02
6.329173432257479970e-01 9.534109928850616200e-02 2.068638399678470741e-01 6.487771751789875307e-02
6.729502609380447753e-01 8.160307938321213761e-02 1.598070789773885503e-01 8.563958070135455070e-02
6.226436476449882518e-01 1.046740644065233816e-01 1.732185497958924070e-01 9.946373815259582085e-02
6.611213981323195155e-01 8.901890870355895491e-02 1.557296888375700183e-01 9.413000432655162231e-02
7.198564604490512719e-01 6.013491949086332417e-02 1.417402070623313137e-01 7.826841299775398608e-02
6.320611135539937475e-01 1.203205457464301131e-01 1.791269969206848445e-01 6.849134377889128100e-02
7.079168334735818080e-01 5.626345269651789049e-02 1.684435307938050297e-01 6.737618303609524406e-02
6.813935482457287307e-01 7.298654932469510193e-02 1.694175843558131944e-01 7.620231807376309785e-02
6.637198722787254201e-01 7.886494920521300300e-02 1.798621025495925896e-01 7.755307596646904278e-02
6.840771787538758586e-01 7.302669877664590137e-02 1.535831502566591955e-01 8.931297221281915555e-02
6.257145399157935106e-01 1.130571164721333732e-01 1.614777558156537673e-01 9.975058779641937656e-02
6.495795004330682243e-01 9.541221029019310296e-02 1.645568830546595696e-01 9.045140622207897829e-02
6.027330119050550161e-01 1.090242910591509851e-01 1.737107217546947358e-01 1.145319752810993047e-01
6.165798849949245541e-01 1.015989153864977762e-01 1.494047058385280513e-01 1.324164937800495490e-01
6.580845616268213849e-01 8.881849320866050390e-02 1.748214690388595338e-01 7.827547612565850799e-02
6.378237650161685535e-01 9.212416898157989309e-02 1.737137162063852047e-01 9.633834979586650138e-02
6.563064383581937999e-01 1.353998939292414272e-01 1.497058056761626788e-01 5.858786203640210799e-02
6.229157328625624102e-01 1.124626330753556586e-01 1.760005068956896068e-01 8.862112716639236609e-02
5.715579174082067171e-01 1.163218352722593524e-01 1.926288066730843795e-01 1.194914406464494400e-01
6.077318017544725004e-01 1.184587342275251198e-01 1.852176111162840144e-01 8.859185290171835148e-02
6.563525337174421770e-01 1.010435797427048643e-01 1.682603334599116762e-01 7.434355307994140738e-02
6.154850350870987308e-01 1.182953436280381604e-01 1.531327010010953005e-01 1.130869202837677945e-01
6.596237428196130015e-01 8.075891070151093587e-02 1.752818786327299261e-01 8.433546784614617819e-02
6.339676838751143739e-01 8.810299701124117699e-02 1.954353168540194641e-01 8.249400225962510991e-02
6.494323616037683822e-01 1.229195171876232423e-01 1.451095881784764674e-01 8.253853303013200526e-02
6.147721441689980582e-01 1.325194491758304727e-01 1.661835712266872822e-01 8.652483542848428411e-02
6.454759564480702094e-01 1.105931976963727970e-01 1.690295061628393769e-01 7.490133969271750569e-02
6.045343302816098552e-01 1.204382421740209513e-01 1.768234979936914308e-01 9.820392955067777652e-02
7.053895632147241246e-01 5.675711983066968058e-02 1.448092927891259929e-01 9.304402416548034072e-02
6.842986292625534706e-01 9.576904121125397185e-02 1.414487703712894728e-01 7.848355915490302925e-02
6.503381376985336582e-01 7.662111461421469705e-02 1.860684531695367128e-01 8.697229451771469610e-02
6.678186843295325081e-01 8.555840173509675350e-02 1.588105284620393298e-01 8.781238547333133915e-02
6.884596779788269005e-01 9.080435065352493451e-02 1.328661033582219375e-01 8.786986800942636622e-02
6.230028719440612317e-01 8.185355109442021826e-02 1.959673509106163170e-01 9.917622605090213594e-02
6.829198303676099480e-01 6.083979306122840741e-02 1.540246918593856651e-01 1.022156847117759448e-01
6.619735051614946686e-01 7.537296931939360678e-02 1.644463417975258190e-01 9.820718372158585008e-02
6.200761505514162941e-01 1.085589845841475054e-01 1.661225765984434832e-01 1.052422882659927589e-01
6.192565990275278320e-01 6.835828324040585380e-02 2.038989445036100412e-01 1.084861732284562730e-01
6.577841373077634168e-01 9.537090436727231613e-02 1.682652326937653930e-01 7.857972563119884624e-02
5.837795122095326139e-01 1.236960330015050430e-01 2.037454079452669931e-01 8.877904684369533617e-02
6.794361471255059293e-01 9.223303270607730031e-02 1.658482763178625308e-01 6.248254385055432292e-02
6.922701260709513971e-01 7.115033722000890792e-02 1.533266442049450451e-01 8.325289250409458053e-02
6.313739910421641843e-01 1.094417496515526361e-01 1.811694465493140227e-01 7.801481275696925399e-02
6.163890858570280074e-01 8.483897067297582750e-02 1.727719948041034070e-01 1.259999486658928414e-01
6.395840971566090216e-01 1.010444762546535702e-01 1.868150451656873379e-01 7.255638142305002869e-02
6.885948690739418510e-01 1.016018488623185584e-01 1.596330064306075991e-01 5.017027563313196381e-02
6.164088172171388047e-01 8.751729842495897804e-02 2.069632588627584591e-01 8.911062549514373043e-02
6.829977909790106994e-01 8.261156613742171029e-02 1.524828797696378135e-01 8.190776311392970743e-02
6.533556086415012176e-01 8.880973421308019367e-02 1.413002870040439840e-01 1.165343701413747157e-01
6.588649902859454732e-01 7.537210163995290702e-02 1.631124643387000805e-01 1.026504437354015947e-01
6.937461072453646738e-01 9.308803741948715182e-02 1.373871021451367469e-01 7.577875319001149690e-02
6.407040711868741134e-01 9.470283943913894442e-02 1.655785525431020810e-01 9.901453683088479174e-02
6.589846642731715942e-01 1.080160681763818187e-01 1.619242864723238196e-01 7.107498107812283694e-02
6.674988830713490806e-01 8.128513485855660969e-02 1.641475693485881238e-01 8.706841272150615818e-02
6.429711377720729315e-01 1.003658356185207351e-01 1.766917542353930448e-01 7.997127237401344124e-02
6.594354034306196821e-01 1.194722580663410971e-01 1.482440631137749154e-01 7.284827538926424984e-02
6.751604897593280752e-01 7.131460170060664738e-02 1.526365645576237828e-01 1.008883439824416750e-01
6.913189250697303612e-01 7.373941304891763748e-02 1.731649742712127182e-01 6.177668761013941495e-02
6.430639928575598852e-01 9.226094761168615599e-02 2.007933708913815229e-01 6.388168863937253306e-02
6.504241366980034744e-01 8.360189996227490594e-02 1.522489052739667836e-01 1.137250580657549054e-01
6.651023476793931355e-01 1.051208115375996538e-01 1.516369380617222651e-01 7.813990272128498726e-02
6.790711100337714079e-01 9.018970715051015385e-02 1.522712565061513923e-01 7.846792630956701819e-02
6.719592984200618568e-01 1.075976009543867656e-01 1.432033095733205308e-01 7.723979105223087449e-02
6.644277743590703000e-01 1.051417388740609332e-01 1.551985216062308215e-01 7.523196516063782036e-02
6.613726096822100109e-01 1.475471196996967771e-01 1.287292563074982910e-01 6.235101431059493493e-02
6.792869180757714620e-01 1.205007627358683914e-01 1.416776251574799750e-01 5.853469403088023409e-02
5.954965144483640449e-01 9.523990928865577743e-02 1.862710006572067811e-01 1.229925756057733549e-01
6.381374197533496995e-01 9.662865145010343659e-02 1.406370846224310467e-01 1.245968441741158311e-01
6.769447995950020891e-01 7.792032418378641578e-02 1.759207285490860528e-01 6.921414767212558106e-02
6.405184712031811722e-01 9.974108151962010615e-02 1.883799527835579302e-01 7.136049449364076369e-02
6.369627420407464324e-01 8.866626951080637531e-02 1.894300933890051553e-01 8.494089505944203700e-02
7.174644901254096929e-01 6.655911877296917523e-02 1.651206853943808783e-01 5.085570570724030903e-02
6.334576505851968742e-01 1.157249621267574941e-01 1.819136766438139985e-01 6.890371064423175818e-02
6.477629447991184453e-01 8.895022053929345363e-02 1.735584107545805888e-01 8.972842390700762338e-02
6.557046600441768236e-01 6.323850544730630352e-02 1.693606379791535166e-01 1.116961965293633841e-01
6.526512324929150122e-01 7.217266823365312001e-02 1.661066588469735095e-01 1.090694404264582057e-01
6.227156071532301551e-01 7.820909420953929547e-02 2.079806226827593252e-01 9.109467595447122423e-02
6.084748701624608236e-01 1.109773125987473935e-01 2.087255146113863868e-01 7.182230262740535442e-02
6.813876457276665244e-01 7.897358709199839288e-02 1.635038642780164420e-01 7.613490290231862689e-02
6.748728009830609054e-01 6.068606335688927350e-02 1.449677404028265337e-01 1.194733952572233499e-01
6.906264955539275219e-01 8.132828683070306153e-02 1.602461097654399313e-01 6.779910784992965178e-02
6.103286293035978805e-01 1.144794940270089378e-01 1.836948204289734210e-01 9.149705624041989949e-02
6.394801833320755691e-01 9.002693755461965708e-02 1.690846881415821179e-01 1.014081909717226282e-01
6.494188118324847325e-01 7.535050472186498316e-02 1.764029194762475328e-01 9.882776396940287644e-02
6.566348469285540057e-01 9.713702002221903664e-02 1.646149854591654194e-01 8.161314759006153829e-02
6.072911214693431647e-01 9.415825612290340541e-02 2.338719545864239024e-01 6.467866782132956904e-02
6.455650133768150445e-01 1.178450203041072203e-01 1.476762246350936947e-01 8.891374168398391564e-02
6.308208221736446575e-01 1.069564994965966631e-01 1.789489092683779203e-01 8.327376906138067580e-02
6.525035144606774473e-01 7.824242260128065618e-02 1.867268171025785739e-01 8.252724583546337811e-02
6.171295320561787090e-01 5.371910637746153683e-02 2.233423644666112651e-01 1.058089970997486556e-01
6.316968157239891690e-01 1.123278047201224789e-01 1.616172499972839960e-01 9.435812955860418960e-02
6.784860659852894882e-01 9.051153627608250762e-02 1.531505456815209498e-01 7.785185205710702661e-02
6.509749107770924637e-01 1.070397536450473502e-01 1.810049125450516605e-01 6.098042303280869214e-02
7.012015103154175533e-01 6.999588541417196830e-02 1.313091502218466655e-01 9.749345404856367414e-02
6.766517698635737821e-01 8.080285279915361274e-02 1.674982910372758149e-01 7.504708629999688740e-02
6.292985459339747178e-01 9.120941940683117977e-02 1.834327469067683625e-01 9.605928775242560114e-02
6.697618161209653032e-01 8.481750177007829627e-02 1.514007287571293159e-01 9.401995335182702918e-02
6.788212307918545241e-01 5.709205967431532636e-02 1.862966907999851485e-01 7.779001873384491783e-02
6.686816281488348057e-01 7.270160175028611560e-02 1.816327808805451027e-01 7.698398922033387881e-02
6.795284816125087834e-01 9.181601974343421568e-02 1.550436715033212953e-01 7.361182714073578881e-02
6.894508185447256743e-01 8.478201419307802855e-02 1.345882052389016648e-01 9.117896202329459077e-02
6.757286524306077569e-01 8.047786227560119188e-02 1.340361237971394726e-01 1.097573614966515371e-01
6.620752529090176974e-01 1.052768637941943197e-01 1.538959232665575161e-01 7.875196003023046676e-02
5.896375601166565783e-01 1.106916026684290066e-01 1.797418787625499614e-01 1.199289584523641899e-01
6.243660672064801354e-01 8.529345170633720330e-02 1.955923784736623150e-01 9.474810261352029084e-02
6.718954096437507184e-01 7.920485440835382807e-02 1.625552551034090132e-01 8.634448084448656524e-02
6.443680845408118474e-01 1.102953922838026818e-01 1.569732926939707840e-01 8.836323048141457581e-02
6.370480292216011975e-01 1.123228999395118610e-01 1.393665157275873756e-01 1.112625551112996353e-01
6.818399055383067564e-01 7.931892233894599631e-02 1.639151503249440256e-01 7.492602179780302740e-02
6.939398479772098671e-01 7.635659253692936299e-02 1.512881766708522036e-01 7.841538281500864960e-02
5.610114159551281565e-01 1.613555665659147376e-01 1.541734703587619992e-01 1.234595471201951900e-01
6.501667081853814700e-01 9.441265471086630889e-02 1.738409234930924918e-01 8.157971361065970151e-02
6.856671662591909966e-01 7.339428111973257673e-02 1.577585492689856372e-01 8.318000335209080331e-02
6.439428008501570933e-01 8.862983984372742319e-02 1.982669020611668165e-01 6.916045724494869484e-02
6.846990595752128206e-01 1.132175446442620359e-01 1.386352169675127699e-01 6.344817881301235973e-02
6.380766036951834863e-01 8.100524431727854080e-02 2.078920742962593604e-01 7.302607769127845982e-02
6.874622430616269542e-01 7.627706775316613064e-02 1.646599992328288686e-01 7.160068995237797718e-02
6.682731752642070422e-01 1.059318849808403712e-01 1.422686981302618558e-01 8.352624162469082791e-02
6.712781246852264072e-01 6.657866529429751212e-02 1.649104675904247697e-01 9.723274243005125550e-02
6.403431367664711438e-01 1.109582557834063871e-01 1.403211544778176223e-01 1.083774529723047914e-01
6.639641856270388498e-01 8.765464039739029323e-02 1.802006102341123239e-01 6.818056374145858856e-02
6.370027463121664679e-01 8.448892903229786311e-02 2.106753176564087338e-01 6.783300699912699072e-02
6.920973197968495194e-01 5.709126906848777799e-02 1.827442042466417560e-01 6.806720688802095354e-02
7.036984351185764375e-01 1.137123694830124015e-01 1.296367531253887484e-01 5.295244227302235013e-02
7.120621771225092989e-01 8.210355012157789789e-02 1.260512715040271736e-01 7.978300125188554637e-02
6.978131251413575153e-01 5.220009501718919642e-02 1.509978966967058245e-01 9.898888314474751926e-02
6.396669622435865454e-01 8.271456471004721978e-02 1.889373617281361883e-01 8.868111131822999094e-02
6.478001645023486743e-01 8.176497292864973176e-02 1.751781761344377297e-01 9.525668643456375317e-02
6.664882596216409327e-01 1.100597017768777663e-01 1.669618042983408990e-01 5.649023430314047134e-02
6.551834445136743845e-01 6.535224153832490390e-02 1.744781494958262957e-01 1.049861644521743881e-01
6.420910118737491734e-01 8.458954114405457803e-02 1.973697652842258399e-01 7.594968169797033930e-02
6.447872436709837229e-01 7.897301208380436144e-02 2.040688107530839179e-01 7.217093349212790054e-02
6.785319460893435295e-01 9.230235312279272408e-02 1.494453902412646584e-01 7.972031054659919902e-02
6.443394755045941391e-01 1.044768630299277995e-01 1.968468092353655441e-01 5.433685223011246873e-02
6.596112989631144341e-01 8.960466434730943175e-02 1.689619168151828277e-01 8.182211987439336198e-02
6.431565967273662476e-01 9.517153753564815133e-02 1.832182831500790698e-01 7.845358258690658670e-02
6.287942287176347955e-01 1.073112832288103530e-01 1.652481000745155137e-01 9.864638797903949041e-02
6.729128752363491284e-01 8.107452216961448521e-02 1.609707301864913565e-01 8.504187240754502997e-02
6.290527468161153379e-01 1.044807081154423001e-01 1.877060808813327542e-01 7.876046418710949681e-02
6.057860826872725202e-01 8.102670633882005924e-02 1.562227116955225426e-01 1.569644992783848503e-01
6.365537328442941734e-01 9.624778589653414096e-02 1.559301724080517926e-01 1.112683088511198376e-01
6.617309674402760411e-01 9.543737536120174003e-02 1.576486012333689901e-01 8.518305596515320099e-02
6.380698753769543652e-01 7.793653840091245566e-02 1.870177443784295235e-01 9.697584184370357241e-02
6.542469507638488668e-01 9.730931881518598003e-02 1.615616738546170883e-01 8.688205656634807872e-02
6.562187705957639450e-01 9.193176153910133375e-02 1.645990364011497564e-01 8.725043146398493710e-02
7.020394959264487644e-01 9.488244428603793967e-02 1.148529934636781380e-01 8.822506632383493586e-02
6.442135700859696890e-01 1.065355146240179740e-01 1.617232066209456365e-01 8.752770866906660341e-02
6.108255093236779620e-01 7.954741097094718272e-02 2.087105561419387856e-01 1.009165235634360697e-01
6.964860821059113416e-01 8.466791240319308798e-02 1.338850585102092372e-01 8.496094698068634710e-02
6.382132524743864277e-01 9.325218219855999080e-02 1.577186242160356910e-01 1.108159411110180709e-01
6.074486874316770146e-01 1.079630958476234109e-01 1.874331995106082727e-01 9.715501721009123237e-02
6.978533281261981580e-01 7.007242685499093238e-02 1.672802881451724843e-01 6.479395687363841139e-02
6.055271345485797596e-01 1.205989519154802847e-01 2.025682972415486505e-01 7.130561629439131910e-02
6.282881223587690744e-01 1.225041118404024826e-01 1.871417226677791756e-01 6.206604313304923959e-02
6.614468721884142477e-01 9.757352867425655996e-02 1.769985705431860734e-01 6.398102859414317445e-02
6.734229403684663939e-01 1.157496319813462460e-01 1.385011973912295968e-01 7.232623025895779101e-02
6.799703250888050610e-01 1.010621192340081242e-01 1.473491557680211839e-01 7.161839990916558929e-02
6.163360976541242264e-01 1.085089216621671904e-01 1.814972851608852022e-01 9.365769552282333932e-02
6.450181540496821020e-01 8.096658815748333793e-02 1.896551164518514021e-01 8.436014134098313022e-02
6.469262175891477007e-01 8.639845445093800869e-02 1.902932235103447778e-01 7.638210444956951284e-02
6.783988285907662785e-01 9.973310697083183352e-02 1.305528072617303526e-01 9.131525717667157704e-02
6.611238852246228426e-01 9.285196055651388780e-02 1.429131548320546619e-01 1.031109993868086078e-01
6.703305063186001389e-01 7.106693497932875525e-02 1.828149739417318509e-01 7.578758476033921332e-02
7.226452731129250351e-01 6.104691623151516783e-02 1.462064457232364056e-01 7.010136493232341226e-02
6.316533234738525016e-01 9.297854356452910085e-02 1.816942675498581239e-01 9.367386541176020431e-02
6.593826509391357282e-01 1.109921389586952939e-01 1.624086887435128301e-01 6.721652135865623101e-02
6.469138507864043985e-01 1.153163845128699488e-01 1.562915844532829224e-01 8.147818024744285514e-02
6.201250532117553727e-01 1.029135203064441145e-01 1.679635101570581823e-01 1.089979163247425248e-01
6.518008140711553100e-01 8.093994639802921942e-02 1.772083595406347689e-01 9.005087999018081268e-02
6.720494370061742551e-01 7.456717998218824472e-02 1.685873239644966881e-01 8.479605904714099252e-02
6.625343669638115163e-01 7.379242326665509666e-02 1.741581191528664418e-01 8.951509061666709788e-02
6.744791363332882650e-01 6.727835148682738409e-02 1.707996578692921319e-01 8.744285431059231617e-02
6.519032036955830778e-01 9.076883124850514128e-02 1.580804726388828352e-01 9.924749241702889024e-02
6.342957231838594057e-01 1.137862949548707481e-01 1.533798877659018067e-01 9.853809409536790076e-02
6.792153198329102803e-01 7.686654966755289420e-02 1.750171915471364359e-01 6.890093895240052835e-02
6.324213798784878993e-01 9.082529175864921533e-02 1.753217698843168859e-01 1.014315584785457774e-01
6.349527400586428838e-01 1.213018394871961808e-01 1.686142443095409449e-01 7.513117614461993499e-02
6.679183183305598126e-01 1.079552834484407281e-01 1.464388474308073174e-01 7.768755079019212806e-02
6.500827736818468594e-01 7.648000478073310737e-02 1.841135173163797323e-01 8.932370422104014829e-02
6.616639021085983785e-01 9.534606609092091678e-02 1.515002303367346259e-01 9.148980146374594002e-02
6.822014510866658554e-01 1.123300918598594822e-01 1.223088105046186702e-01 8.315964654885589502e-02
6.617962324628915427e-01 9.598267099707313843e-02 1.548736865818692021e-01 8.734740995816614451e-02
6.269702198927336045e-01 1.081266169341368877e-01 1.804905831402718042e-01 8.441258003285770362e-02
6.377294099200626620e-01 1.207892397913512827e-01 1.512880468312110538e-01 9.019330345737507082e-02
6.638571963779373863e-01 9.262923115207087610e-02 1.396332861074839338e-01 1.038802863625078315e-01
6.306663953077623619e-01 7.565300502210309253e-02 1.832407028909041058e-01 1.104398967792303982e-01
6.871523456919563788e-01 7.793482280142130514e-02 1.402236364273135583e-01 9.468919507930878554e-02
7.067915297079612191e-01 8.165234917101955869e-02 1.268237716921511715e-01 8.473234942886805066e-02
6.655204834714829598e-01 1.090701931648448419e-01 1.269673870571967622e-01 9.844193630647549154e-02
6.511860740188815111e-01 7.011604979027533102e-02 1.772593840831143130e-01 1.014384921077288865e-01
6.211707884857270434e-01 1.133802588137245437e-01 1.858711076404913343e-01 7.957784506005721736e-02
6.740981641096380761e-01 7.700709171568219380e-02 1.547136705040975668e-01 9.418107367058231594e-02
5.834437059238553047e-01 1.251725881599146661e-01 2.121428602187029888e-01 7.924084569752694318e-02
6.673197478690157114e-01 9.242772014115413493e-02 1.651593122201070740e-01 7.509321976972303803e-02
6.740678063398021225e-01 9.016992530844707143e-02 1.517885750105448794e-01 8.397369334120595441e-02
6.245064489890475024e-01 9.333171896879298435e-02 1.843190886879375323e-01 9.784274335422202262e-02
6.390051198119326425e-01 8.523337549909101862e-02 1.980766185260224577e-01 7.768488616295381177e-02
6.765968427988714451e-01 9.173849114795663839e-02 1.629864891718688369e-01 6.867817688130328779e-02
6.969347291730780825e-01 9.176962495039175938e-02 1.333169563740419505e-01 7.797868950248837416e-02
7.014842258275569842e-01 7.946737594240901870e-02 1.457392383908220901e-01 7.330915983921192092e-02
