2.435296502380691896e-02 3.744375319776037658e-01 4.142757592811910916e-01 1.869337437173982652e-01
4.549987762069337277e-02 4.383591527493006512e-01 3.545825816819774823e-01 1.615583879480286256e-01
4.331149088880163756e-02 3.895552553424350695e-01 4.099254001222276678e-01 1.572078536465356668e-01
3.138517458384667419e-02 3.928529784335356156e-01 4.051480966949362883e-01 1.706137502876814427e-01
5.886246175788927004e-02 3.656911605772749096e-01 4.078130187702724285e-01 1.676333588945633501e-01
1.213408616337065433e-02 4.073258459386157049e-01 4.108601620920613318e-01 1.696799058059522414e-01
4.104472958642026159e-02 4.336670766864546001e-01 3.743920845546609422e-01 1.508961091724641823e-01
1.358868827388656948e-02 3.760867432721402559e-01 3.732805757251626555e-01 2.370439927288105486e-01
2.235935797727724855e-02 4.096167234625614495e-01 3.838726941970259099e-01 1.841512243631355517e-01
1.734132155342792483e-02 4.483363897956507138e-01 3.188163298738491691e-01 2.155059587770721818e-01
1.765025757996492237e-02 4.096548952216618189e-01 4.513079303590606939e-01 1.213869168393125891e-01
3.979590322199687280e-02 4.340689170650813278e-01 3.642579770612690560e-01 1.618772026516528684e-01
4.932623486379908440e-02 4.160556818669152723e-01 3.952944294648086387e-01 1.393236538044771433e-01
3.092200239891074176e-02 3.981644281125681362e-01 4.070139232756139203e-01 1.638996462129072296e-01
3.004516640320099852e-02 4.123934396521907186e-01 3.591444854172106127e-01 1.984169085273978228e-01
1.339232078205880409e-02 4.204761287557369220e-01 4.183624408694632812e-01 1.477691095927410603e-01
1.626577314125525128e-02 4.325800966401774361e-01 3.741488094909001805e-01 1.770053207276669760e-01
2.988035502496637699e-02 3.966276608978008267e-01 3.955987803955743343e-01 1.778932036816585627e-01
3.047391763060049857e-02 3.939425140790899227e-01 4.122581583650218318e-01 1.633254099252878233e-01
2.458636265754443953e-02 3.957063190668325126e-01 4.107200905670655433e-01 1.689872277085575358e-01
2.667302993942489639e-02 3.638955837987246644e-01 3.949329139136412703e-01 2.144984723482092071e-01
4.265329995718142309e-02 3.570420211090769569e-01 3.763469332494980835e-01 2.239577456842435366e-01
3.793122646617786559e-02 3.486074776795490826e-01 4.350908947698537421e-01 1.783704010844193166e-01
5.058937609278722075e-02 3.794218649830103374e-01 3.723036017203417147e-01 1.976851572038606508e-01
2.038617402572699341e-02 4.216218043062062715e-01 3.530115692857562770e-01 2.049804523823104130e-01
3.420396855933454522e-02 3.533074584862287426e-01 4.073877966970894660e-01 2.051007762573472670e-01
3.726074389027536626e-02 4.519752895777764401e-01 3.595529399781979829e-01 1.512110265537502940e-01
4.107597931283969023e-02 4.679585575967743494e-01 3.293549085775513419e-01 1.616105545128346255e-01
3.205902706258954848e-02 4.267620351527039446e-01 3.871819710052010199e-01 1.539969667795055563e-01
2.794539755364269795e-02 3.973866780429564649e-01 3.828280707580783981e-01 1.918398536453223557e-01
2.437071418275237392e-02 3.996265381567167818e-01 3.491036407459574553e-01 2.268991069145733230e-01
3.074837873113472203e-02 4.332090821908256006e-01 3.672813633053026994e-01 1.687611757727371098e-01
3.084536649145484116e-02 3.467060607998704302e-01 4.524731254067591024e-01 1.699754473019157441e-01
4.294305275866532740e-02 4.722671841661503223e-01 3.251514805498712524e-01 1.596382825253130633e-01
4.525553833574195300e-02 5.187362609554309056e-01 2.860332013367536952e-01 1.499749993720734809e-01
2.509201099184411518e-02 4.206693610659628102e-01 3.829314351767535984e-01 1.713071927654395699e-01
3.291646944701796806e-02 3.986348119656557554e-01 3.666302559462867316e-01 2.018184626410394755e-01
2.732185499167495007e-02 4.282522758883046121e-01 3.582858223759960992e-01 1.861400467440243733e-01
4.681600235136207377e-02 3.751479132199766475e-01 4.319093327140277605e-01 1.461267517146335460e-01
2.811880104737166444e-02 4.282845546073348886e-01 3.541729460230370052e-01 1.894236983222563342e-01
2.677971120241135969e-02 3.750907280586411874e-01 4.073923413300288288e-01 1.907372194089186346e-01
3.192920922140433243e-02 3.535487012756913794e-01 4.283937128881165068e-01 1.861283766147877883e-01
2.117461031803024793e-02 4.319437836959204580e-01 3.667315584757360192e-01 1.801500475103133825e-01
6.557815858827834021e-02 4.120362377135622922e-01 3.618509623719156076e-01 1.605346413262436212e-01
4.349280019853996038e-02 3.528546472167394810e-01 3.961031720440190140e-01 2.075493805407014891e-01
1.096652681038604894e-02 5.054319374996922853e-01 3.361579637228356288e-01 1.474435719670861289e-01
2.126474855959881172e-02 3.477565009261125439e-01 4.174130744103392021e-01 2.135656761039493312e-01
4.772033898461060936e-02 4.234130851056416289e-01 4.031825858309301402e-01 1.256839900788176423e-01
2.488822647390685067e-02 4.234935303106223681e-01 4.089981861483059089e-01 1.426200570671649348e-01
4.186331622936391439e-02 3.894854306113487707e-01 4.146234595502203968e-01 1.540277936090670707e-01
1.808269144453171842e-02 4.321393207842613160e-01 3.941032512265927878e-01 1.556747365446141673e-01
3.161624382340789963e-02 3.764267117713428479e-01 3.691728344134664885e-01 2.227842099917827223e-01
1.137909292637843961e-02 4.649873586206031972e-01 3.217460037665340056e-01 2.018875446864844825e-01
2.873788535746150605e-02 3.818212367436957244e-01 3.540601213667340375e-01 2.353807565321086315e-01
3.478615108882356782e-02 3.909152488999749209e-01 4.003101231935647930e-01 1.739884768176369056e-01
3.352303502356001469e-02 4.183472093440932515e-01 3.239899128194741462e-01 2.241398428128725528e-01
3.037693349610431567e-02 3.730557624091122570e-01 3.993153287816060271e-01 1.972519753131774523e-01
2.499147984675639117e-02 4.200190997440068630e-01 3.752811813517406003e-01 1.797082390574961663e-01
4.917331388865749109e-02 4.608935214354138998e-01 3.395564088834185368e-01 1.503767557925101972e-01
4.254986878281344365e-02 4.458436733241313843e-01 3.315692297712548586e-01 1.800372281218004245e-01
2.474143963613723365e-02 4.251214980684895339e-01 3.935441209821500808e-01 1.565929413132232106e-01
4.662662596463915815e-02 3.973714373355557994e-01 3.687170095367564016e-01 1.872849271630486756e-01
2.768569872178597638e-02 3.761907242393323081e-01 4.048554666756877807e-01 1.912681103631940771e-01
1.994789194103239321e-02 4.348781134906023471e-01 3.598012149417244565e-01 1.853727796266406436e-01
3.745951751509669220e-02 4.334440652655289217e-01 3.406956415882047007e-01 1.884007756311696369e-01
2.086913298341298850e-02 4.156685106495559001e-01 3.830443603184085499e-01 1.804179960486224088e-01
3.879815742890158070e-02 4.032910388667536039e-01 4.015638685676453656e-01 1.563469351366994775e-01
3.125756579261096402e-02 4.287447344484501266e-01 3.457443528305537694e-01 1.942533469283850289e-01
1.708985591522874797e-02 4.209495882017031954e-01 3.528096066447110046e-01 2.091509492383569757e-01
2.826575270325381098e-02 3.878737860081283850e-01 3.863735637483614593e-01 1.974868975402565008e-01
3.103611264699052130e-02 3.999600640256710804e-01 3.762151493764044341e-01 1.927886739509339087e-01
3.548333775702847137e-02 4.316171450956171052e-01 3.830942995486211200e-01 1.498052175987333312e-01
2.739804303875114852e-02 3.850578412611238011e-01 4.047187930672896394e-01 1.828253226328355463e-01
1.148124224048017311e-02 4.519626572057111602e-01 3.847443002219092523e-01 1.518118003318992271e-01
5.636419910014723450e-02 3.859956420675845767e-01 3.436717643008752043e-01 2.139683945313929914e-01
2.340019281686439231e-02 4.454253646009199152e-01 3.754086402982559356e-01 1.557658022839597811e-01
1.649219891059777038e-02 4.315508199858062999e-01 3.808417949084526577e-01 1.711151861951431263e-01
2.768564910104980709e-02 3.743902958157548366e-01 4.116002373597124619e-01 1.863238177234827764e-01
3.067075502577744361e-02 3.679619233352023344e-01 3.974164478695672020e-01 2.039508737694530616e-01
3.283304866412790207e-02 3.900338696527113624e-01 3.725331417915881405e-01 2.045999398915724077e-01
3.063027408554891765e-02 3.943450036771134481e-01 4.265876494370027805e-01 1.484370728003349682e-01
4.653892151572054658e-02 4.233742918963816493e-01 4.084232712688895539e-01 1.216635153190082502e-01
3.724186049476367610e-02 4.811776970677710819e-01 3.178626930397686623e-01 1.637177493976965381e-01
2.232076381269989043e-02 4.093021112722797228e-01 4.055362423014285400e-01 1.628408826135918086e-01
2.813987055788092287e-02 4.105476358351920485e-01 3.915781755029796307e-01 1.697343181039474569e-01
1.298691709959134966e-02 3.925655662336042240e-01 4.095138206945207471e-01 1.849336959722836238e-01
2.283366590170735760e-02 3.950802088563403203e-01 4.167899962022791893e-01 1.652961290396730565e-01
2.927500064450299505e-02 4.376504270823342035e-01 3.730037945276614697e-01 1.600707777455013248e-01
3.526559730419589339e-02 4.088344576388491802e-01 3.635289538106041829e-01 1.923709912463506810e-01
4.619737545821329255e-02 4.109237267513198288e-01 3.540427684725270252e-01 1.888361293179398881e-01
2.998075690501896678e-02 3.739108017408612761e-01 4.400830426596746281e-01 1.560253986944450388e-01
2.009169222826630297e-02 3.211041139252878707e-01 4.165610814616390600e-01 2.422431123848066692e-01
3.349527168933429805e-02 4.214599702689720839e-01 3.707562937582873919e-01 1.742884642834061915e-01
2.490742394683070557e-02 4.484405109790564059e-01 3.395429325325841075e-01 1.871091325415288609e-01
3.911706862098367904e-02 4.181989118903950975e-01 3.690134391966944372e-01 1.736705802919266406e-01
1.999366942547241288e-02 3.404677361550917936e-01 4.683783905356355137e-01 1.711602038838002937e-01
2.798670638183583387e-02 3.979198767624872457e-01 4.223655852067648708e-01 1.517278316489120427e-01
1.895443381804363947e-02 4.470010493773265980e-01 3.406072672962257020e-01 1.934372495084040466e-01
2.683429584646675886e-02 4.609575760095678265e-01 3.537557913676128152e-01 1.584523367763525092e-01
3.176158806989060751e-02 3.826438083291396897e-01 3.759942261717275636e-01 2.096003774292420907e-01
3.022949117429657093e-02 4.491958073279319064e-01 3.499524788279507748e-01 1.706222226698207167e-01
2.641620801510790456e-02 3.620477290564225181e-01 4.035576473461217062e-01 2.079784155823477254e-01
2.891240688182877133e-02 4.046248098301772900e-01 4.074771230998159854e-01 1.589856601881778908e-01
2.723166372171463567e-02 3.985381251464679697e-01 4.338589567050459839e-01 1.403712544267713691e-01
4.863137006412412283e-02 3.924857230036950528e-01 3.514418840542978262e-01 2.074410228778829357e-01
3.804703106006564195e-02 4.435737530065354539e-01 3.785967025802517982e-01 1.397825133531470920e-01
3.923105162810023444e-02 4.600642604937654756e-01 3.566136324915402112e-01 1.440910553865940025e-01
4.042886185346392797e-02 4.367753991815876424e-01 3.468653698177559530e-01 1.759303691471925113e-01
3.839810020111446287e-02 4.209574660102479160e-01 3.932582274311258175e-01 1.473862063575117620e-01
2.328117869954265950e-02 3.999637551747538544e-01 3.850543251361026598e-01 1.917007409896005765e-01
3.266494525954279776e-02 3.618285397953259763e-01 3.909941305852218107e-01 2.145123843599093805e-01
3.235656838200556135e-02 3.881864282074626860e-01 3.994873382898985192e-01 1.799696651206331988e-01
4.617695534550026598e-02 4.258931647721106994e-01 3.993564297138001429e-01 1.285734501685888431e-01
4.039723132832553215e-02 3.978452716204426420e-01 3.510645649213063324e-01 2.106929321299255142e-01
1.604408613299407663e-02 4.763808714278156553e-01 3.477146155020406915e-01 1.598604269371495523e-01
2.770080270930430980e-02 4.473916765877624657e-01 3.484947428399760017e-01 1.764127778629570875e-01
5.143007854852495869e-02 4.487027680007710795e-01 3.455789947781259808e-01 1.542881586725780019e-01
3.410680344978430506e-02 4.302361002405057366e-01 3.872314049044193185e-01 1.484256914052905219e-01
2.674621983915458773e-02 4.270844344627572897e-01 3.867311984850955731e-01 1.594381472129926258e-01
3.828893167272009318e-02 4.477682018888382021e-01 3.656045813497067476e-01 1.483382850887350890e-01
3.510313371090191537e-02 4.145877331632928930e-01 4.187977889949112686e-01 1.315113441308938536e-01
2.349691488119298038e-02 4.254998842376234158e-01 3.922895187483537716e-01 1.587136821328298808e-01
2.597411751100230440e-02 3.444057606974251784e-01 4.488609152474001274e-01 1.807592065441725737e-01
4.704495299045476087e-02 4.221120819341122599e-01 3.760813056171694035e-01 1.547616594582637006e-01
2.277381633442995476e-02 4.331204715297156671e-01 3.461997695260752295e-01 1.979059426097790342e-01
3.758586198542802903e-02 4.213007447561442076e-01 3.798306463136756350e-01 1.612827469447521145e-01
4.040510125154015558e-02 3.865440300033239907e-01 4.270057487360574000e-01 1.460451200090783219e-01
2.192782253958380431e-02 4.634693753884600032e-01 3.492879242763515246e-01 1.653148777956045257e-01
3.519472888710110936e-02 4.507836199463029492e-01 3.780462935444730554e-01 1.359753576221228444e-01
4.927129410113372660e-02 3.173177341250971173e-01 4.777051627507399867e-01 1.557058090230290237e-01
1.197378957279038141e-02 4.048246590302286840e-01 4.278289559678560283e-01 1.553725954291247380e-01
2.426511156372576986e-02 4.057315848248095880e-01 3.927331211766603158e-01 1.772701824348043298e-01
2.114713318414665824e-02 4.029054531602811462e-01 4.188731731321383434e-01 1.570742405234338834e-01
3.761530539177016658e-02 4.332586699857378654e-01 3.813634373707519565e-01 1.477625872517399908e-01
1.848843437132732456e-02 3.816107997481279490e-01 3.856590383575717595e-01 2.142417275229729079e-01
2.525198326248278072e-02 4.614564296266429611e-01 4.028159076585259291e-01 1.104756794523483326e-01
3.478033526669357944e-02 4.115192242275139134e-01 3.768551360736265288e-01 1.768453044321661172e-01
6.299525825359110487e-02 3.815652231086290591e-01 3.643805439073661834e-01 1.910589747304136943e-01
4.065298063327741490e-02 4.326143504699447861e-01 2.901000417459315694e-01 2.366326271508461809e-01
1.169108940743393901e-02 3.450733178580543403e-01 4.350902891934810834e-01 2.081453035410307240e-01
3.194733641781528216e-02 3.674788191454708142e-01 4.276263507332403457e-01 1.729474937034735649e-01
2.335702075283222628e-02 4.171163839274643070e-01 3.777977327344291814e-01 1.817288625852742923e-01
2.703663034455830796e-02 3.953889457131999352e-01 3.801560837269161164e-01 1.974183402153256439e-01
4.605295682823914993e-02 4.053722459243318532e-01 3.879836460566220002e-01 1.605911511908070244e-01
3.762787608860506533e-02 4.266809326876276898e-01 3.574477425722583090e-01 1.782434486515089844e-01
4.748820536844557821e-02 3.594050467387112646e-01 3.922503760718846766e-01 2.008563718209585014e-01
3.323034335421277963e-02 4.639860784419779782e-01 3.823250711776437494e-01 1.204585070261655760e-01
4.207420946472590489e-02 4.032967403003662743e-01 4.154734894581788018e-01 1.391555607767290259e-01
2.116959005407311606e-02 4.443312727020697350e-01 3.591182234085690816e-01 1.753809138352880326e-01
3.663122542454425729e-02 4.080100573775821693e-01 3.983614213261189030e-01 1.569972958717547329e-01
1.909559054602192121e-02 4.170660799616668912e-01 4.065349039228098871e-01 1.573034255695012207e-01
3.806325272778994517e-02 4.520617658892172042e-01 3.686582297126684282e-01 1.412167516703244086e-01
2.133922974515251383e-02 4.457399287456006443e-01 3.692716441032006802e-01 1.636491974060461652e-01
1.866162036302222715e-02 4.209825853051342159e-01 3.683564366092656472e-01 1.919993577225777848e-01
4.841251779236253883e-02 4.228486792263639882e-01 3.651843819947016012e-01 1.635544209865718857e-01
2.531425995396357695e-02 4.166452168573148152e-01 4.111485326576874155e-01 1.468919905310341889e-01
2.180931495828413585e-02 3.915906268959421510e-01 4.112680634127166002e-01 1.753319947330571615e-01
3.208116920115987314e-02 3.746299728925210903e-01 4.184503162027463641e-01 1.748385417035725753e-01
2.987208530223020922e-02 4.196988097116159944e-01 3.836182144977524078e-01 1.668108904884015031e-01
3.088063799585115399e-02 4.048929049027485960e-01 3.946815951543442003e-01 1.695448619470561469e-01
3.653314126590408162e-02 3.983405224798810540e-01 3.618943723980702076e-01 2.032319638561445596e-01
3.216989065817599247e-02 4.526840706777655043e-01 3.466401680824755527e-01 1.685058705815828950e-01
3.904071861562985468e-02 4.328763867088293860e-01 3.879706944051006245e-01 1.401122002704400793e-01
2.402428503817188518e-02 4.019567809205474851e-01 3.774319655051202593e-01 1.965869685361603114e-01
2.401685046010899882e-02 4.087693843380887371e-01 4.088782388772423948e-01 1.583355263245598277e-01
2.769968821180696442e-02 4.217864787838349061e-01 3.992632765256882155e-01 1.512505564786699175e-01
1.927488732937043467e-02 4.079847771200439399e-01 4.049478016190064533e-01 1.677925339315791131e-01
1.446910843636732731e-02 4.514032996689825161e-01 3.934521718341449925e-01 1.406754200605051519e-01
3.367803047401940475e-02 3.291634971346799610e-01 4.343743116295785689e-01 2.027841607617221487e-01
1.790535120448271886e-02 4.441342079066367687e-01 3.712488243430468460e-01 1.667116165458335797e-01
2.667311232079622868e-02 3.769045555275749027e-01 3.805244063909054009e-01 2.158979257607235580e-01
3.574729450225106603e-02 3.500078363700440676e-01 4.466407032403543753e-01 1.676041658873505813e-01
4.415506152049900046e-02 3.878179201885054161e-01 3.695856719240845911e-01 1.984413463669110478e-01
2.732551730261306017e-02 4.451178635908825121e-01 3.544222381923760601e-01 1.731343809141283052e-01
2.517385658026608311e-02 3.813574130823765840e-01 4.040879090415733788e-01 1.893808212957839299e-01
3.993801154931943959e-02 4.506699169672231386e-01 3.821319828377662819e-01 1.272600886456910219e-01
2.992469023136306097e-02 4.041459802255773504e-01 3.705685791084751823e-01 1.953607504345845347e-01
2.171131179229870631e-02 3.696384722937146594e-01 4.245373857498952463e-01 1.841128301640913567e-01
2.188992197764054112e-02 4.669143221071987981e-01 3.095157325396214465e-01 2.016800233755393912e-01
1.301502501074607542e-02 3.931778228765789307e-01 4.409999991168213063e-01 1.528071529958537345e-01
1.899715160324897192e-02 3.625995781132635987e-01 4.540645378139372967e-01 1.643387324695501639e-01
4.542630285563493964e-02 3.955343939664717756e-01 4.240357393333184510e-01 1.350035638445748476e-01
3.687942106432541556e-02 4.170465707420080714e-01 3.684747038606138725e-01 1.775993043330525989e-01
2.159373478058865606e-02 4.209762967043050308e-01 3.444572134051910872e-01 2.129727551099150629e-01
4.003760066879605978e-02 4.348480746019103838e-01 3.398125307432173781e-01 1.853017939860761853e-01
1.542240297609651090e-02 3.913444398479862807e-01 4.105050223419248745e-01 1.827281348339924172e-01
2.057563310882618707e-02 4.900628029485777915e-01 3.178211590305212719e-01 1.715404049120747842e-01
1.915246034418583918e-02 4.745159070911242338e-01 3.927826061707047067e-01 1.135490263939853001e-01
4.105194274218313538e-02 3.717531945783545955e-01 4.073600461609565571e-01 1.798348165185055525e-01
3.357667691789769510e-02 3.672992315175070965e-01 4.438262871199323834e-01 1.552978044446628736e-01
1.632405406897366462e-02 3.685949360183647938e-01 4.228690481600058670e-01 1.922119617526557855e-01
2.359374062378395351e-02 4.126100328628709013e-01 3.881898859915880462e-01 1.756063405217571649e-01
3.372835728329992566e-02 3.809561023855678741e-01 4.277275599713407650e-01 1.575879803597913797e-01
3.346742840202034802e-02 4.395155706524785932e-01 3.703727334498554957e-01 1.566442674956455006e-01
2.663338382202288038e-02 4.405297997903410701e-01 3.744897976667785899e-01 1.583470187208575464e-01
4.340076746998792340e-02 4.258381330762097128e-01 3.800824160748432767e-01 1.506786833789590940e-01
3.702150424822790720e-02 4.397021251086698501e-01 3.886632879316585520e-01 1.346130827114436490e-01
1.505695444665586941e-02 3.877142774698237870e-01 4.154517002023510597e-01 1.817770678811694018e-01
3.326331157919338449e-02 4.445998212296533580e-01 3.665975940225194574e-01 1.555392731686337238e-01
2.550254343761299003e-02 4.440370493544221753e-01 3.571139109161631242e-01 1.733464962918018493e-01
2.550370713889860488e-02 3.780718434811567441e-01 3.949871637950008729e-01 2.014372855849435873e-01
1.933098125363464509e-02 4.469781701758556158e-01 3.645427081026336169e-01 1.691481404678761846e-01
2.082658069893730812e-02 4.631588210829721275e-01 3.885611081878318496e-01 1.274534900302588258e-01
4.011680534328122133e-02 4.422470617622813460e-01 3.744823147222034465e-01 1.431538181722341041e-01
2.677180912743930968e-02 3.605243898330576235e-01 4.520229604818669089e-01 1.606808405576361232e-01
2.971198872196137084e-02 4.170190774456924987e-01 4.217251616802226710e-01 1.315437721521233727e-01
6.466381808875233672e-02 3.968448299238197530e-01 3.982302358858131885e-01 1.402611161016146246e-01
1.618634066787616801e-02 4.337237905428601437e-01 3.571682399029674770e-01 1.929216288862961870e-01
1.671306285046656945e-02 4.502061388830154165e-01 3.762990224320702515e-01 1.567817758344478285e-01
1.873307216468352021e-02 4.561221714647338832e-01 3.504453803858058603e-01 1.746993759847768335e-01
1.995236604400222463e-02 4.268473721512331398e-01 3.783904288800298277e-01 1.748098329247347593e-01
3.574491514606191467e-02 3.772899479114125709e-01 3.868807743962173196e-01 2.000843625463081255e-01
1.942715479157323261e-02 4.058886479528540092e-01 4.036051766152776166e-01 1.710790206402950930e-01
2.303101084265053028e-02 4.722094003786070360e-01 3.431962959359022292e-01 1.615632928428401560e-01
2.516546001181583711e-02 4.074555849809418095e-01 4.262330833300695399e-01 1.411458716771727961e-01
2.273694900641121119e-02 4.019028749045601145e-01 4.114187180299230251e-01 1.639414580591056492e-01
2.721210866222884342e-02 3.911313143245755963e-01 4.158797560354465794e-01 1.657768209777489010e-01
3.959876170545259533e-02 3.118841945059057097e-01 4.261125300933713000e-01 2.224045136952703394e-01
3.202725107108560926e-02 3.899463544515192615e-01 3.906405321769002015e-01 1.873858623004949486e-01
3.767803204093636560e-02 4.168546741388355348e-01 3.711153806923848664e-01 1.743519131278430945e-01
2.657095603944841650e-02 4.012919808882072226e-01 4.462955732878798876e-01 1.258414897844645219e-01
3.327484957456776360e-02 4.187933601977887332e-01 3.502587903190714225e-01 1.976729999085719836e-01
2.956466115556738439e-02 4.016230754196459807e-01 4.358539542084999274e-01 1.329583092162866798e-01
2.980964796183957835e-02 4.454740367309986127e-01 3.458431624350749578e-01 1.788731528720867436e-01
3.390507227141188740e-02 4.067474346811455477e-01 3.381095398998106849e-01 2.212379531476318106e-01
2.778613146917275484e-02 4.561528102182937916e-01 3.569732290796295837e-01 1.590878292329037935e-01
2.194402074227772351e-02 4.307684347853980578e-01 3.337337988144686296e-01 2.135537456578555648e-01
1.063101275428118483e-02 3.879486211919700445e-01 4.126118783184060668e-01 1.888084877353426172e-01
2.830661304329114628e-02 4.262099546082266377e-01 3.894217498763514751e-01 1.560616824721308971e-01
2.381656609226720164e-02 4.020972959671610947e-01 3.883086040744269662e-01 1.857775338661447062e-01
2.879386325082422884e-02 3.509640942268272279e-01 4.154565743375478459e-01 2.047854681848006730e-01
3.825732253832886398e-02 4.173672997339803459e-01 4.064777711338888877e-01 1.378976065938019857e-01
2.421383162757599974e-02 3.960329978605545698e-01 4.205475311847888253e-01 1.592056393270805392e-01
2.382256297171835707e-02 4.135694322225012542e-01 3.704543473456187730e-01 1.921536574601616365e-01
4.052925114134255102e-02 4.227730385331236462e-01 3.963072955477282555e-01 1.403904147778055334e-01
3.530721177734467975e-02 4.745521958200288881e-01 3.368574691546171174e-01 1.532831232480092176e-01
3.794779744465204274e-02 3.994253790538078164e-01 3.795160269029866917e-01 1.831107965985534491e-01
1.319319106947188826e-02 4.506002113373647200e-01 3.626826563625091260e-01 1.735239412306541495e-01
2.693455142870786537e-02 4.029319260878920783e-01 4.024834362793372478e-01 1.676500862040628537e-01
2.743365834532897687e-02 4.158557549571894052e-01 3.947004877824305535e-01 1.620100989150512483e-01
2.294405873289991765e-02 4.428119329145710492e-01 3.583616531169674380e-01 1.758823552355616437e-01
3.278954693290266759e-02 4.424779899932418936e-01 3.426136496349416749e-01 1.821188134389136737e-01
3.273419222799502093e-02 3.500592022824546845e-01 4.248094251610602390e-01 1.923971803284899029e-01
2.496343741587628631e-02 4.433047774268580321e-01 3.952340061633765056e-01 1.364977789938894015e-01
2.133010900779604840e-02 4.080288037901110831e-01 3.708041100866386608e-01 1.998369771154540897e-01
2.570288150978360803e-02 3.970968059712179365e-01 4.001181688579768525e-01 1.770821436610215682e-01
3.442713194399759508e-02 4.239692784894174005e-01 3.546823570228738176e-01 1.869212325437111244e-01
2.652717787268404556e-02 4.128193895243118527e-01 3.677979092908120751e-01 1.928555233121921064e-01
4.067536386032893220e-02 4.113198761670877057e-01 4.035713053886459956e-01 1.444334545839374151e-01
3.842982679348615205e-02 4.383876841930405277e-01 3.591569438034961648e-01 1.640255452099772249e-01
2.821257078997872758e-02 3.877404749588454491e-01 4.106873138270522028e-01 1.733596404241235511e-01
2.437565186081213850e-02 4.673912746015968511e-01 3.387499546602895095e-01 1.694831188773014974e-01
2.800933707799061270e-02 3.700596673845348850e-01 4.437727251310300547e-01 1.581582704064443679e-01
3.919936396941803292e-02 4.054766597265245243e-01 3.588208303653307452e-01 1.965031459387265311e-01
5.365185531647076456e-02 4.154551264618934758e-01 3.476326289781723755e-01 1.832603892434633563e-01
3.560231916471888469e-02 4.996962201377683765e-01 3.264821999405077002e-01 1.382192607570049692e-01
3.335920967760801215e-02 4.543259711226510511e-01 3.308640826616517372e-01 1.814507365380891579e-01
2.816316391290197424e-02 3.565280042237126135e-01 4.083988152712644260e-01 2.069100165921210488e-01
2.840062335749951247e-02 3.192121043193677510e-01 4.189603651015453289e-01 2.334269072215873764e-01
3.028568727354692680e-02 3.733859446599442911e-01 4.040649114990084168e-01 1.922634565675003515e-01
1.915798382496779889e-02 4.254043273273509507e-01 4.205282027464186667e-01 1.349094861012624658e-01
3.557082932504030542e-02 4.598946305298813320e-01 3.597560657483099833e-01 1.447784743967683307e-01
3.337550548740467193e-02 4.146904054305063925e-01 3.675536161622801057e-01 1.843804729198087189e-01
4.655786339249374378e-02 3.752564739259483528e-01 3.896545621492347178e-01 1.885311005323231093e-01
2.192787934313562490e-02 4.196416498695565989e-01 3.860039778278125944e-01 1.724264929594952200e-01
1.553089730957457962e-02 4.286089708684950872e-01 4.159611152259571343e-01 1.398990165959732579e-01
2.763441624574764291e-02 3.671865989486020609e-01 3.954558519536193750e-01 2.097231328520308413e-01
2.293465318257116928e-02 4.119757117349497899e-01 4.312281183847952448e-01 1.338615166976837301e-01
2.801235238024372964e-02 4.336089465358443640e-01 3.654821415220631531e-01 1.728965595618487394e-01
3.653613966675819946e-02 4.083053279766684640e-01 3.989410143937137110e-01 1.562175179628595978e-01
3.033110753760478312e-02 4.560326076843159160e-01 3.696633288244549620e-01 1.439729559536244152e-01
4.516522629919792614e-02 3.820903756656562344e-01 3.804582250016422251e-01 1.922861730335036212e-01
2.562078940172114391e-02 3.752595131749052459e-01 3.962611702642885314e-01 2.028585271590850614e-01
3.037049025017390588e-02 4.150598502151776614e-01 3.839604833855470578e-01 1.706091761491012881e-01
2.750016550831939355e-02 4.653500804504531185e-01 3.045380097127864394e-01 2.026117443284410347e-01
4.836470267227990782e-02 3.703760353012941486e-01 4.281821703339969143e-01 1.530770916924290570e-01
5.517998242831463618e-02 4.028962323889699881e-01 3.580329298071537325e-01 1.838908553755616571e-01
3.045030552208663130e-02 3.801509105297917746e-01 4.175569289957385966e-01 1.718418549523831051e-01
1.427598668455666228e-02 4.135654752981616222e-01 4.157742518268136012e-01 1.563842861904682358e-01
1.727968336176972583e-02 4.912971721467917496e-01 3.301348242302521441e-01 1.612883202611862521e-01
2.442353568156590063e-02 4.659861696168235423e-01 3.171986090306185835e-01 1.923916856709919354e-01
3.620719758429784274e-02 4.448410163483398905e-01 3.559594415925614874e-01 1.629923444748007377e-01
3.772645599915348813e-02 4.117904071985583059e-01 3.762037845652778656e-01 1.742793522370102988e-01
3.883181434638967311e-02 3.639035730878412145e-01 3.742043664794791336e-01 2.230602460862899927e-01
3.902932497490489705e-02 4.220166056668663290e-01 3.799494838122549623e-01 1.590045855459738255e-01
1.985138697962929646e-02 4.361968571358020852e-01 3.712980979746263177e-01 1.726536579099422486e-01
2.509024372118300386e-02 4.003311643498688732e-01 3.685733574588676009e-01 2.060052344700804838e-01
2.620337007213138433e-02 4.287684124661857998e-01 4.063982511815217857e-01 1.386299662801611376e-01
2.543379994998900412e-02 3.664829995577815747e-01 4.473028342786353750e-01 1.607803662135939282e-01
1.663511644847824253e-02 3.992664120374134762e-01 4.080682770833068407e-01 1.760301944308014233e-01
2.219621273198771338e-02 4.085634513173473370e-01 4.044001128329318684e-01 1.648402231177329424e-01
1.540159955314892616e-02 4.335492636534308830e-01 4.064453687414424921e-01 1.446037680519776381e-01
4.848484124429810332e-02 3.730605767690272634e-01 4.117101896694922991e-01 1.667443923171823272e-01
3.444306641155258503e-02 4.271634740774962746e-01 3.531453535273637034e-01 1.852481059835874022e-01
2.876382589954852229e-02 4.046356016436289393e-01 4.002451321556472763e-01 1.663554403011751337e-01
1.906778726084743317e-02 4.205397598231412903e-01 3.963255136831430048e-01 1.640669392328683585e-01
4.599685545801371345e-02 3.573645391481460876e-01 3.567424349210217005e-01 2.398961704728184985e-01
1.737136769142457252e-02 4.067874724999264724e-01 3.812470036560319242e-01 1.945941561526171870e-01
3.647227043556836718e-02 3.990607131241792893e-01 3.551603893028845160e-01 2.093066271373679177e-01
1.900808665897513183e-02 4.065500214627127407e-01 3.742677910481744252e-01 2.001741008301377300e-01
1.357864049902101668e-02 4.155684181263921695e-01 4.106510884188624422e-01 1.602018529557244220e-01
1.702728534197057303e-02 4.058986653580685111e-01 3.973592369621757880e-01 1.797148123377852458e-01
3.018440255544141068e-02 4.496107469967572934e-01 3.682516776158921701e-01 1.519531728319092334e-01
2.004791833152313671e-02 4.716772926798156185e-01 3.395797996175365929e-01 1.686949893711246762e-01
4.126159152952378617e-02 4.054826527294926874e-01 4.154691435594387028e-01 1.377866121815447820e-01
8.520847372336716810e-03 4.214817238880329553e-01 3.990103638511346418e-01 1.709870648884956601e-01
3.974290720571087981e-02 4.451135436900521269e-01 3.555665035175136768e-01 1.595770455867234205e-01
1.892436167483565329e-02 3.793762726979490463e-01 3.813914965617858366e-01 2.203078690654294014e-01
5.002059138151890988e-02 3.887207790764170556e-01 3.819363827511721987e-01 1.793222467908918982e-01
2.002156977356019107e-02 4.366075070561700189e-01 3.614857722789674432e-01 1.818851508913023607e-01
1.251936804838310602e-02 3.991555187196220711e-01 4.109337646773840169e-01 1.773913485546109170e-01
3.674466845541265320e-02 3.832601481182233982e-01 3.891014659915787988e-01 1.908937174347849763e-01
3.080220709889061603e-02 4.152873034233358074e-01 3.607023739334100920e-01 1.932081155443635401e-01
2.476209202924943911e-02 4.333242825371366735e-01 3.606235795553834333e-01 1.812900458782303603e-01
2.839642876999058999e-02 4.514051624932187701e-01 3.673979074344554951e-01 1.528005013023352454e-01
2.578106146169476670e-02 3.774284777954154957e-01 4.236663319310607911e-01 1.731241288118288701e-01
5.938631374481042474e-02 4.408903774369158923e-01 3.544244605238106027e-01 1.452988482944629900e-01
3.486936215237331632e-02 3.720640592753176601e-01 3.826483032870895973e-01 2.104182752852193639e-01
2.250070940436880301e-02 4.371447260591215800e-01 3.924216631476026285e-01 1.479329013889070787e-01
5.804190573621476057e-02 4.042440903205436475e-01 3.422372238346709783e-01 1.954767801085705858e-01
3.168881313661994076e-02 4.170433807554132510e-01 3.801664134513278448e-01 1.711013926566390397e-01
3.266351498873581310e-02 3.919918968666677994e-01 3.800730136153581684e-01 1.952715745292380456e-01
2.288328616829728157e-02 4.347907626575748807e-01 3.311384361186706649e-01 2.111875150554572145e-01
1.714501268501685688e-02 4.165223175831768709e-01 3.571629452168001984e-01 2.091697245150060391e-01
2.456221207700578363e-02 4.093841232990200751e-01 4.035684684423699875e-01 1.624851961816039803e-01
2.674571410581936398e-02 3.916579954072040293e-01 3.954929619719476097e-01 1.861033285150290872e-01
1.980793694055201296e-02 4.161132558048780128e-01 3.880650221658324961e-01 1.760137850887374400e-01
2.989688325405544245e-02 3.666507358940347960e-01 4.180768205578690444e-01 1.853755602940407587e-01
2.287096816529493246e-02 4.577444904276168902e-01 3.458040108976862537e-01 1.735805305094018369e-01
1.960350904902574687e-02 4.268789930365853302e-01 3.854182256815945062e-01 1.680992722327942224e-01
2.173486214664044000e-02 4.027509023569901814e-01 4.086107067767735246e-01 1.669035287195958783e-01
2.293870279173099158e-02 4.100702474767607408e-01 3.858909036908064194e-01 1.811001460407017649e-01
4.041806588955034613e-02 4.082470934682186359e-01 3.648269081974369055e-01 1.865079324447940501e-01
3.348843705814121691e-02 3.989505167777988026e-01 3.749675597803044380e-01 1.925934863837555910e-01
6.260521146512686153e-02 4.015585867311592949e-01 3.660077613415275710e-01 1.698284404621864252e-01
2.680444499955634413e-02 4.502052849154177250e-01 3.789890657625475945e-01 1.440012043224783156e-01
1.818595535444069572e-02 4.691827689704271553e-01 3.581774590342028941e-01 1.544538166409291369e-01
3.849485538847912530e-02 4.331999899756454053e-01 3.515668510611161812e-01 1.767383035747593090e-01
4.591268894061537736e-02 4.549846932774512243e-01 3.603194950140623520e-01 1.387831227678711088e-01
2.374772747382054849e-02 4.622961857232124050e-01 3.674679854779404065e-01 1.464881013250266539e-01
3.923744283244550574e-02 4.143319891990490111e-01 3.733821480638555013e-01 1.730484199046500304e-01
2.767941264601040535e-02 3.813087093109120418e-01 4.069213135639476175e-01 1.840905644791299978e-01
2.715125267084311095e-02 4.151186706826041073e-01 3.801421198018671288e-01 1.775879568446857293e-01
1.669798656456819574e-02 4.214769620225225499e-01 3.808281081062950268e-01 1.809969433066141442e-01
2.419793122855055240e-02 3.397538409303446638e-01 4.301950268423398449e-01 2.058532009987648070e-01
1.643764600005934509e-02 4.027862672961027846e-01 3.999529015370817397e-01 1.808231851667559953e-01
3.034905926148220162e-02 3.991158664197648753e-01 3.956008076858508749e-01 1.749342666329020135e-01
3.819150447112579227e-02 3.639337100564482008e-01 4.107561253832472947e-01 1.871186600891786567e-01
3.120152137842405887e-02 4.097624474247261173e-01 3.810616583879820052e-01 1.779743728088677701e-01
3.347805636952276565e-02 4.029738489985588146e-01 3.762875195921750460e-01 1.872605750397432767e-01
1.900910220278664853e-02 3.783453599347382235e-01 4.546952299201641456e-01 1.479503079423110656e-01
2.014208065016603530e-02 4.492321308396760027e-01 3.746547880052689128e-01 1.559710005048888515e-01
4.055363728568696369e-02 3.620114507144342464e-01 4.097563049047391881e-01 1.876786070951396435e-01
3.348669687122320104e-02 3.992874611567741594e-01 3.699798772470741515e-01 1.972459647249284465e-01
2.291189246108827141e-02 4.167497218877260767e-01 3.810657089664885033e-01 1.792726766846972075e-01
2.804980102867980427e-02 4.468615577220646506e-01 3.247884841207918094e-01 2.003001571284638294e-01
4.697299520284712454e-02 3.570025990793667670e-01 4.419950332159836570e-01 1.540293725018024584e-01
4.444985813194801683e-02 4.158125498493753236e-01 3.361006994232405010e-01 2.036368925954361031e-01
1.202902432962332097e-02 4.558155771612755758e-01 3.536462587254722845e-01 1.785091397836288674e-01
3.462098839712374893e-02 4.689603350804821269e-01 3.493001238693994037e-01 1.471185526529947274e-01
1.630278988543617039e-02 4.107142252769915292e-01 4.313697555505665582e-01 1.416132292870058151e-01
4.818178821090102898e-02 4.038036027188589006e-01 3.366627356912516578e-01 2.113518733789883641e-01
2.286207504853066813e-02 4.315016465570022386e-01 3.658005655340083040e-01 1.798357128604587685e-01
1.983866835485417757e-02 3.993922843959278324e-01 4.081258381178420880e-01 1.726432091313759298e-01
2.095809343299657318e-02 4.979410735669428378e-01 3.269891608421990337e-01 1.541116721578615900e-01
2.312846704022545122e-02 4.094351583445004494e-01 3.951184460238286178e-01 1.723179285914456238e-01
1.375139955669823361e-02 4.152011105494136656e-01 3.823326077209450724e-01 1.887148821729431603e-01
2.260445919523680278e-02 3.603959864242209377e-01 4.122117516100672896e-01 2.047878027704749249e-01
4.690227051305981970e-02 4.379802356651087969e-01 3.547599121741008554e-01 1.603575816477305904e-01
4.976113017688184315e-02 4.602466340437477710e-01 3.786447009891560911e-01 1.113475347902143087e-01
2.320395520039859535e-02 3.853533245579792155e-01 4.329243471507278618e-01 1.585183730908943378e-01
2.067896643994850819e-02 4.466154800255663915e-01 3.850253234429940052e-01 1.476802300914911992e-01
2.450309561022576132e-02 4.305158022878165514e-01 4.098961857000987807e-01 1.350849164018590176e-01
1.247527716086637393e-02 3.820211632792110401e-01 4.197899268625903124e-01 1.857136326973322926e-01
2.998840500464190414e-02 4.362179435896093582e-01 3.382841274135824916e-01 1.955095239921662009e-01
2.045766115037537039e-02 4.336099274346780219e-01 3.519295223578856602e-01 1.940028890570609510e-01
3.116455870239344048e-02 3.889392447576489609e-01 3.873520700329925459e-01 1.925441265069650076e-01
1.184675498142050837e-02 4.184883290726856830e-01 3.757340304289788491e-01 1.939308855169149803e-01
1.831997079668997580e-02 4.209434886390037711e-01 4.016224697573562152e-01 1.591140708069500587e-01
3.440913892757490461e-02 3.777628776552624523e-01 4.417443653246996282e-01 1.460836180924629246e-01
3.354502057544692800e-02 3.870436459535436247e-01 3.916289429057664417e-01 1.877823905652432068e-01
1.490788040005980655e-02 4.294747784839542670e-01 4.195243701431050631e-01 1.360929709728808112e-01
5.317334044009044275e-02 3.901383259056391273e-01 3.799693676782477381e-01 1.767189659760226572e-01
1.725107868932902744e-02 4.214851549475545633e-01 4.002289607265183680e-01 1.610348056365981106e-01
2.299535334191331326e-02 3.956298074229453454e-01 3.988343148031261443e-01 1.825405244320153497e-01
4.350271248722675788e-02 4.006304266315802720e-01 3.682716224988908382e-01 1.875952383823019931e-01
4.269817411164404664e-02 4.141121880684484058e-01 3.564829384659864431e-01 1.867066993539211184e-01
1.912976547430102550e-02 4.058437820188230405e-01 3.971031982974975727e-01 1.779232542093784064e-01
2.388951995463873407e-02 3.988319580591441760e-01 4.071577539722154859e-01 1.701207680140017497e-01
3.640092556133606855e-02 4.022377732940117800e-01 3.897257786879845809e-01 1.716355224566676885e-01
3.628075181429054469e-02 3.592561754842070743e-01 4.486870719026789245e-01 1.557760007988234496e-01
2.509483240097453230e-02 4.027845122455253613e-01 4.039216023927498789e-01 1.681990529607501339e-01
2.405234275426985230e-02 4.326363150302283134e-01 3.998477086691137883e-01 1.434636335463879420e-01
2.927978433026636601e-02 4.424346935334704245e-01 3.586542763794223210e-01 1.696312457568407706e-01
2.929921073850022886e-02 3.977582531945652589e-01 3.723219577075178588e-01 2.006205783594166014e-01
2.638628612138814791e-02 4.829352187191368606e-01 3.321678933529740307e-01 1.585106018065009781e-01
5.083184835448593952e-02 4.096997305809757517e-01 3.817079848327666336e-01 1.577604362317716336e-01
2.782695476289876596e-02 4.077528898468785745e-01 3.374075792577294619e-01 2.270125761324932046e-01
2.861849240277994019e-02 4.394499435783471575e-01 3.820756437194675059e-01 1.498559202994054207e-01
2.465661737816683685e-02 3.896176771799692573e-01 4.015328480550584556e-01 1.841928573868053531e-01
