6.038370547744956185e-02 1.493657319116274973e-01 3.542355505154102246e-01 4.360150120955127440e-01
7.109699697794474860e-02 8.201521495312139032e-02 3.847190656306321288e-01 4.621687224383017045e-01
8.678010810367300931e-02 1.300182938894036133e-01 3.197328338935825909e-01 4.634687641133407032e-01
7.041317588025683416e-02 1.503926110599513866e-01 2.482403357904198471e-01 5.309538772693719322e-01
6.018749886902849400e-02 1.542436846946756424e-01 2.993551147569843973e-01 4.862137016793114941e-01
5.205028916801473365e-02 1.569400064507630865e-01 3.114224006407074197e-01 4.795873037405146699e-01
6.654152737482414703e-02 1.297507460419350112e-01 3.002584562609955654e-01 5.034492703222452903e-01
7.858719442331757454e-02 1.110122313316839610e-01 2.920287397023499376e-01 5.183718345426486795e-01
8.732318525986777769e-02 1.557789394537579530e-01 3.212009505947414634e-01 4.356969246916328475e-01
6.404946681958909038e-02 1.581269215889195001e-01 2.982195157293700549e-01 4.796040958621214934e-01
7.675950608488855964e-02 1.303437382387147847e-01 3.091322198549325551e-01 4.837645358214640590e-01
7.128663830797066225e-02 1.312103902867352845e-01 2.695697934843958588e-01 5.279331779208982223e-01
8.830752859783644326e-02 1.417091146660467149e-01 3.032862473620378529e-01 4.666971093740789334e-01
5.366041488263257470e-02 1.102160939717361093e-01 3.472180804319750513e-01 4.889054107136561744e-01
1.153307107374011570e-01 1.126788968651820377e-01 2.895770457488652250e-01 4.824133466485515664e-01
4.471284990247836877e-02 1.416183730463430324e-01 2.912035897944778573e-01 5.224651872567008803e-01
5.975601090982616409e-02 1.480395007611297886e-01 3.036247210354117154e-01 4.885797672936323943e-01
4.592401372561210476e-02 1.198134512652008488e-01 3.446781188791202544e-01 4.895844161300668129e-01
7.612420359626358157e-02 1.414790320464686668e-01 2.724604541925161327e-01 5.099363101647516050e-01
4.682505321183511038e-02 9.240046127227860562e-02 3.229968087836521118e-01 5.377776767322342000e-01
5.929142247413003719e-02 1.627996448630626980e-01 2.757377231777293214e-01 5.021712094850777630e-01
4.518155544278231600e-02 1.241152302568429150e-01 3.615313136403447425e-01 4.691719006600299502e-01
3.229366318407336789e-02 1.483141136111706671e-01 2.747171746311983798e-01 5.446750485735575298e-01
4.366808266105699776e-02 1.465509663020746201e-01 2.916579732059250696e-01 5.181229778309434097e-01
4.813419397205238176e-02 1.173156477635635825e-01 2.785607703689481074e-01 5.559893878954358382e-01
4.348473445092976286e-02 1.265791215929004676e-01 3.180560354116747646e-01 5.118801085444949495e-01
5.678633407570143204e-02 1.043606045152893486e-01 3.090277282123444214e-01 5.298253331966649160e-01
4.352834504358763651e-02 1.365159727919459942e-01 2.714028915097405070e-01 5.485527906547259525e-01
5.400721689498184236e-02 1.196176012946063710e-01 3.451429690122936877e-01 4.812322127981182307e-01
4.927616745311959312e-02 1.259390429918841592e-01 3.057872904051188168e-01 5.189974991498774726e-01
8.004623150178606650e-02 1.738999032886466012e-01 2.689516171966384039e-01 4.771022480129289978e-01
5.726699559346522250e-02 1.405847869380320858e-01 2.562705202192689380e-01 5.458776972492336288e-01
6.429218062408406653e-02 1.234334552393707152e-01 3.076069081708531772e-01 5.046674559656921799e-01
3.480936095119853413e-02 1.809137404601875443e-01 3.278373542229490734e-01 4.564395443656648066e-01
7.166750357194941190e-02 1.229392041207889863e-01 2.675557301786407050e-01 5.378375621286208830e-01
8.121553079114747498e-02 1.262631824252299362e-01 3.330459731425208236e-01 4.594753136411017791e-01
4.506721163263512075e-02 1.485920787777847141e-01 2.713865566613251623e-01 5.349541529282551000e-01
6.657791869230275661e-02 1.280237632682037774e-01 3.181829737811885939e-01 4.872153442583048721e-01
4.280507473952525205e-02 1.259017220095116907e-01 3.631572537608355189e-01 4.681359494901276563e-01
5.230182873537378430e-02 1.305482429206725192e-01 3.036735290664532849e-01 5.134763992775004393e-01
3.561633849940506330e-02 1.573368730690133666e-01 3.287133314892563551e-01 4.783334569423250970e-01
6.487658049581510045e-02 1.310319220508693594e-01 2.863588703250801726e-01 5.177326271282353121e-01
4.301132371713146940e-02 1.074399993909148088e-01 3.740756208310324071e-01 4.754730560609211620e-01
7.679852542722843955e-02 1.412179655725459004e-01 3.080867513172086403e-01 4.738967576830169781e-01
2.695782562326841381e-02 1.313960131491187788e-01 3.686144296327368841e-01 4.730317315948758816e-01
5.153256085649015467e-02 1.575660495270241879e-01 2.854116422343742077e-01 5.054897473821113874e-01
3.153280879385595564e-02 1.302148547067408513e-01 2.923537777119120107e-01 5.458985587874911616e-01
5.278108070996596901e-02 1.399541962253059990e-01 3.042956508533274929e-01 5.029690722114004142e-01
4.325460271992171563e-02 1.090867205859408495e-01 3.546615519292408147e-01 4.929971247648966548e-01
3.928731716787958045e-02 1.404418075810072442e-01 3.402830956462382650e-01 4.799877796048749867e-01
5.757481548797007548e-02 9.407344907920810184e-02 3.065617338074130283e-01 5.417900016254086903e-01
9.913149877445127933e-02 1.309675337857669764e-01 3.417783353095684706e-01 4.281226321302131210e-01
5.858315715154482212e-02 1.425062557426221288e-01 3.132677863806397345e-01 4.856428007251934464e-01
5.422622977306029018e-02 1.262417661229773280e-01 3.725683897635227448e-01 4.469636143404395190e-01
6.590107693413957413e-02 1.294435851831848283e-01 3.172371150500922221e-01 4.874182228325834587e-01
5.637387882789203497e-02 1.271477645995543193e-01 2.931618058274975680e-01 5.233165507450558973e-01
6.667541329927165195e-02 1.730397766113627722e-01 3.306141372606068995e-01 4.296706728287586485e-01
5.497218626070000946e-02 1.241873013689098193e-01 3.130327541732591534e-01 5.078077581971310872e-01
4.204114843815714986e-02 1.233712357562629924e-01 3.639385163497899089e-01 4.706490994557900320e-01
5.342968008430242638e-02 1.439767466808969110e-01 3.449802815090186048e-01 4.576132917257820232e-01
9.672824429448791117e-02 1.437765653393126841e-01 3.039133379121472522e-01 4.555818524540521941e-01
7.916140065520109459e-02 1.308791645663094361e-01 2.654498994866432149e-01 5.245095352918460740e-01
6.442562572060739345e-02 1.331904262200927502e-01 3.347182368675896136e-01 4.676657111917101317e-01
3.583103285933596921e-02 1.478999813590179124e-01 2.611209523549538059e-01 5.551480334266923888e-01
4.573184701655277906e-02 1.096222862133135606e-01 3.388177949986317938e-01 5.058280717715017971e-01
4.895770231749026202e-02 1.365373905686386447e-01 3.630996759262142826e-01 4.514052311876569079e-01
8.324208671178383312e-02 1.437909426589194795e-01 3.092739136555170409e-01 4.636930569737797159e-01
4.425810594595861597e-02 1.248160183758559166e-01 3.832353346991834719e-01 4.476905409790019053e-01
4.762432677564441136e-02 1.075542053663211817e-01 2.828704725309240664e-01 5.619509953271103475e-01
6.213976671927802509e-02 1.061591119269687106e-01 3.344537164458321055e-01 4.972474049079211866e-01
5.887894206135747821e-02 1.616264701362419565e-01 3.127233398104858342e-01 4.667712479919146618e-01
4.147887712356727874e-02 1.334469314460642042e-01 2.746696483832153923e-01 5.504045430471530276e-01
5.511928550278858557e-02 1.243687924219699509e-01 2.995382297029580698e-01 5.209736923722833035e-01
5.413882852774613841e-02 1.463844588306660033e-01 2.869484270578994689e-01 5.125282855836883478e-01
5.602492707913396541e-02 1.288775034652563101e-01 3.370857309823230286e-01 4.780118384732867653e-01
4.811491933408519606e-02 1.580133953538788438e-01 3.368143677603356867e-01 4.570573175517002595e-01
6.685128232057700737e-02 1.104778385583503469e-01 3.671346652850419612e-01 4.555362138360306568e-01
5.867540210436415077e-02 1.154438710589150707e-01 2.984783509612283781e-01 5.274023758754924351e-01
5.472943658687751817e-02 1.317944235115964258e-01 3.091345758841433367e-01 5.043415640173827263e-01
3.684507213461975933e-02 1.266733524153404178e-01 2.590087442100330595e-01 5.774728312400068120e-01
5.615889660901204200e-02 1.571158492737792234e-01 3.035146640497655701e-01 4.832105900674432686e-01
8.402612239194066912e-02 1.473131477783520549e-01 3.610223829889918634e-01 4.076383468407152599e-01
6.863280712611473378e-02 1.496319448542867137e-01 3.735050624255116247e-01 4.082301855940869695e-01
5.801474427564835140e-02 1.261181536765062228e-01 2.868847747370087964e-01 5.289823273108367196e-01
5.211989719405327876e-02 1.565032642167032417e-01 3.055976172448341410e-01 4.857792213444094287e-01
5.914805426242027153e-02 1.190378649844380243e-01 3.101799304229161947e-01 5.116341503302255234e-01
4.674794503321876016e-02 1.099152555528116332e-01 2.535079831176382248e-01 5.898288162963313264e-01
5.207686939871652987e-02 1.109574392686343697e-01 3.580096327556084868e-01 4.789560585770406553e-01
4.388658998179988807e-02 1.953937500365245938e-01 3.246453368319568988e-01 4.360743231497186123e-01
5.938192428958073005e-02 1.499405152383906648e-01 2.921485744728469225e-01 4.985289859991817174e-01
4.977702548112314385e-02 1.492140641834125425e-01 3.305246549526256739e-01 4.704842553828386675e-01
8.799063822487981912e-02 1.717941319867627992e-01 2.689834384480549456e-01 4.712317913403024638e-01
4.601250088788354925e-02 1.264402112218802887e-01 2.679630406588239255e-01 5.595842472314123128e-01
4.424732573071873953e-02 1.598727426824266551e-01 3.040548560179522353e-01 4.918250755689022591e-01
3.914416879830912022e-02 1.550308043955921644e-01 3.067390366783113720e-01 4.990859901277873711e-01
5.947356095750936517e-02 1.420545182926922501e-01 3.295864187014016511e-01 4.688855020483967961e-01
5.226814040221849922e-02 1.035161407821810209e-01 3.606176992293839700e-01 4.835980195862165099e-01
3.469450181911872683e-02 1.518418820980901862e-01 3.593751958212775266e-01 4.540884202615136922e-01
6.772449448759303159e-02 1.544631015345327707e-01 2.884404339571701725e-01 4.893719700207039836e-01
5.902007170009176962e-02 1.425428003363536367e-01 3.379430761593802957e-01 4.604940518041743536e-01
4.439056570055863876e-02 1.329596557398843581e-01 3.104466853227543233e-01 5.122030932368026868e-01
5.992709338025891536e-02 1.355630228226222811e-01 3.477778014958943231e-01 4.567320823012244735e-01
4.262830945842806946e-02 1.360054777561900408e-01 3.252215273842957166e-01 4.961446854010862495e-01
9.096066875687952580e-02 1.341391645291764578e-01 3.096240316113346713e-01 4.652761351026094006e-01
5.614907371274874270e-02 1.670896181790929025e-01 3.213090189166954991e-01 4.554522891914628557e-01
5.947113650439860011e-02 1.431136552980640242e-01 3.234892683568875715e-01 4.739259398406497903e-01
7.217285877575844999e-02 1.333099473336576135e-01 3.367956564264761310e-01 4.577215374641077639e-01
6.835301483564991398e-02 1.469316039913614036e-01 2.753728435125992746e-01 5.093425376603895049e-01
4.379033770395495545e-02 1.378743306203385199e-01 3.129072443608739706e-01 5.054280873148324638e-01
5.939777378089776405e-02 1.655748008183702824e-01 2.940351892636374753e-01 4.809922361370944643e-01
5.951116230157479231e-02 1.092652821451612355e-01 3.063793004091320271e-01 5.248442551441319104e-01
4.064456134957046551e-02 1.443639297086102558e-01 3.183426493555796544e-01 4.966488595862396105e-01
5.211848205440412080e-02 1.766108402969750468e-01 2.818425721854221355e-01 4.894281054631986483e-01
6.758453128907404572e-02 1.348217587802363893e-01 3.467432563563073167e-01 4.508504535743822483e-01
3.937235773237209024e-02 1.089401771061158791e-01 4.455138253125172088e-01 4.061736398489948496e-01
7.938025701037045023e-02 1.365550460522916842e-01 3.005716306640295321e-01 4.834930662733082363e-01
4.567576295009487253e-02 1.242993829897812430e-01 3.661841561309003290e-01 4.638406979292235000e-01
3.954585326510753895e-02 1.142273141024807009e-01 3.600565695609674322e-01 4.861702630714443973e-01
3.156663145456766600e-02 1.440606174247845428e-01 3.106110995290057297e-01 5.137616515916419990e-01
4.536049519995725976e-02 1.229505299605093138e-01 2.938494449634551642e-01 5.378395298760783039e-01
8.947909831763684041e-02 1.256000561858772180e-01 2.888062507977265381e-01 4.961145946987594035e-01
7.139058058984983079e-02 9.181847495241068913e-02 3.429145676282702726e-01 4.938763768294691103e-01
4.710976040802414277e-02 1.381874006838942071e-01 3.129916346833275242e-01 5.017112042247540149e-01
5.317947974450357163e-02 1.750945760598710543e-01 2.815296428974945475e-01 4.901963012981307433e-01
5.849845697601325362e-02 9.891592185402681148e-02 3.399438542718930534e-01 5.026417668980668330e-01
7.100375223626090304e-02 1.168497519683183439e-01 3.374073655193923771e-01 4.747391302760282650e-01
8.442653081446713226e-02 1.081616341389549513e-01 3.357031016376882393e-01 4.717087334088898576e-01
4.102997271417909569e-02 1.573789779053203219e-01 2.722934909489928001e-01 5.292975584315078308e-01
5.761267961619194466e-02 1.319878273734117480e-01 3.298778795279191378e-01 4.805216134824771279e-01
3.751123929570464310e-02 1.101802805216107045e-01 3.256245583973151891e-01 5.266839217853694910e-01
7.463507093892193800e-02 1.328032187180013257e-01 2.964747582017321914e-01 4.960869521413445726e-01
8.452107251606701122e-02 1.394857825083984648e-01 2.870000051521787165e-01 4.889931398233558490e-01
6.401113838140506940e-02 1.863823590445074230e-01 2.939699011995297040e-01 4.556366013745578591e-01
4.933136431380469311e-02 1.438172343310213930e-01 2.768421893743215900e-01 5.300092119808522684e-01
3.803756239994297156e-02 1.954293848871037631e-01 3.133093909431166058e-01 4.532236617698366943e-01
5.312634450634163424e-02 1.018697196926628828e-01 3.522480108250613529e-01 4.927559249759342341e-01
6.630496788374162787e-02 1.520527769173717070e-01 3.086025952297791197e-01 4.730396599691076842e-01
4.376733483808372543e-02 1.221913365723436978e-01 3.560856099722219947e-01 4.779557186173505889e-01
4.011041496394469885e-02 1.629871188819255468e-01 2.893971138458554804e-01 5.075053523082742046e-01
6.883926450347252479e-02 1.286163658725709980e-01 3.082996541104774391e-01 4.942447155134789827e-01
4.865437617072700116e-02 1.462632782247545171e-01 2.995260827204251908e-01 5.055562628840933881e-01
5.834248407073260728e-02 1.814004548646589443e-01 2.941105761130497487e-01 4.661464849515586928e-01
8.250332606277900604e-02 1.406912774865708149e-01 3.491877704227189794e-01 4.276176260279310748e-01
7.884510849238760000e-02 1.518717529471481087e-01 2.919185725299153766e-01 4.773645660305489979e-01
5.711023662821653607e-02 1.028375473743568802e-01 3.166103930378111331e-01 5.234418229596154992e-01
3.308684835600249341e-02 1.750304062217028778e-01 2.856588591080274075e-01 5.062238863142672907e-01
6.101491091743080353e-02 1.217073074822740547e-01 3.751539995276736983e-01 4.421237820726214296e-01
5.964422638357010781e-02 1.227485842057453730e-01 3.248088768228403200e-01 4.927983125878441784e-01
6.786343533526431604e-02 1.311909873546024674e-01 3.348517653069257305e-01 4.660938120032075971e-01
7.192109189832057714e-02 1.479935524525206603e-01 3.296844301568392366e-01 4.504009254923195260e-01
6.886306297474208138e-02 1.396811606874163725e-01 2.994759992923342051e-01 4.919797770455073826e-01
5.751714645081144189e-02 1.431664724088349272e-01 3.318729089715503622e-01 4.674434721688031646e-01
4.634532167287245402e-02 1.718713895592014484e-01 2.835307811366111763e-01 4.982525076313149004e-01
6.255146493095405102e-02 1.489378247157414903e-01 2.877921671424004124e-01 5.007185432109041434e-01
6.248543340784733224e-02 1.224379879365400242e-01 3.203677379693884997e-01 4.947088406862241161e-01
8.291417104311941955e-02 1.146449963375972825e-01 3.721668969580700925e-01 4.302739356612133026e-01
5.721814540103199731e-02 1.392593572731360974e-01 3.136360070152088841e-01 4.898864903106229240e-01
6.306824177971197265e-02 1.023128033305791551e-01 3.336826124593557097e-01 5.009363424303531209e-01
5.551490195756434570e-02 1.178542887432958153e-01 2.987011625343203858e-01 5.279296467648194602e-01
6.700452935400226517e-02 1.360290319039108298e-01 2.945142212884152566e-01 5.024522174536716346e-01
7.184495478217010900e-02 1.250947823143771231e-01 2.797524602701290664e-01 5.233078026333236599e-01
3.692867378177255855e-02 1.568235885246905825e-01 3.264043617018357879e-01 4.798433759917011820e-01
3.877143308104430419e-02 1.302075987973831950e-01 3.551642209823111518e-01 4.758567471392614046e-01
6.005706091824985354e-02 1.157522428743221476e-01 3.187262796799777975e-01 5.054644165274501111e-01
5.949393009650361108e-02 1.437509983171888772e-01 3.273423684621085683e-01 4.694127031241988601e-01
6.915517296852341511e-02 1.101019350068236924e-01 3.549644478701736716e-01 4.657784441544792209e-01
3.572081202288963225e-02 1.108340772105186889e-01 3.312908240242595226e-01 5.221542867423321077e-01
6.765248237910019558e-02 1.129268288395510744e-01 2.857944602109562249e-01 5.336262285703925468e-01
3.470441799184516285e-02 2.050276990092617657e-01 3.161212627211992809e-01 4.441466202776936933e-01
5.678013350109021445e-02 1.448792893748639399e-01 3.051073943291158774e-01 4.932331827949299474e-01
8.754722223418863469e-02 1.012389197127977342e-01 3.408110087075372219e-01 4.704028493454763815e-01
3.511499084581207880e-02 1.268518058315520614e-01 3.603662571503096212e-01 4.776669461723261900e-01
9.109720625288289519e-02 1.486394005486177394e-01 3.172111072502266649e-01 4.430522859482727283e-01
6.183838753580445796e-02 1.174448658018579367e-01 3.670079290855386422e-01 4.537088175767988729e-01
4.912875467068106294e-02 1.211711437666826152e-01 2.702232582142927164e-01 5.594768433483436887e-01
6.534958103725292677e-02 1.192969473619006765e-01 3.332751957139740706e-01 4.820782758868723539e-01
6.689533676143392948e-02 1.118669718057538481e-01 3.434752964320129665e-01 4.777623950007992004e-01
7.427822691338928363e-02 1.318400164680759989e-01 2.818606539738112149e-01 5.120211026447233360e-01
6.056419545913676455e-02 1.324759954383094851e-01 3.687430558655599433e-01 4.382167532369938279e-01
5.477376967055954532e-02 1.459802343342378461e-01 3.155715568902824897e-01 4.836744391049201397e-01
6.405205265873351039e-02 1.392197650562136957e-01 2.676314140963607646e-01 5.290967681886920015e-01
4.828447803829438723e-02 1.549857860144838173e-01 2.850601015676766936e-01 5.116696343795451574e-01
7.708872214697277958e-02 1.294784909245232374e-01 2.907652781688100929e-01 5.026675087596939040e-01
6.190082772507910641e-02 1.603700237481135715e-01 3.385822337706851926e-01 4.391469147561220532e-01
4.677816865910786048e-02 1.268305319806770359e-01 3.250355359537060451e-01 5.013557634065091140e-01
4.523803252428783284e-02 1.246237058863339242e-01 3.576543553892282401e-01 4.724839062001499612e-01
5.563101850068113974e-02 1.069306005861906522e-01 3.393508111799296567e-01 4.980875697331986207e-01
5.845465713501903776e-02 1.509750480560573538e-01 3.148808232339120328e-01 4.756894715750116243e-01
4.854707142896030198e-02 1.538059294912344499e-01 2.656537210697397788e-01 5.319932780100653513e-01
9.742430468056592630e-02 1.184258738902512487e-01 3.135430606015511823e-01 4.706067608276316983e-01
3.482781109377328099e-02 1.402146463971867540e-01 2.984011137819807535e-01 5.265564287270591004e-01
6.044447091108690745e-02 1.094878055788160720e-01 3.376628923950856787e-01 4.924048311150112101e-01
4.856531140417818387e-02 1.103345578012661504e-01 3.358771311260052017e-01 5.052229996685505542e-01
6.605499422568104906e-02 1.503993975329302180e-01 2.902716166221758209e-01 4.932739916192129814e-01
7.365647373317356361e-02 1.178200098039266785e-01 2.795393910118765812e-01 5.289841254510231350e-01
7.436491241461697099e-02 1.401276348924524739e-01 3.569916393000145960e-01 4.285158133929160007e-01
6.395527338689914465e-02 1.455600726248746646e-01 3.144518855478549146e-01 4.760327684403711790e-01
7.527689743670863687e-02 1.333052894651805542e-01 3.787620919534671615e-01 4.126557211446435502e-01
7.075496841543803261e-02 1.169626796792744283e-01 3.115383806648295284e-01 5.007439712404579968e-01
5.433035553613059510e-02 1.033091862207897171e-01 3.177992316669708273e-01 5.245612265761089299e-01
6.073058605843863894e-02 1.299123698890009282e-01 3.039765867344855210e-01 5.053804573180747939e-01
3.547863132756005206e-02 1.632221888695576939e-01 3.197632860808117261e-01 4.815358937220705071e-01
3.604820593943446755e-02 1.377670009733474310e-01 3.325921663450574495e-01 4.935926267421605340e-01
8.329544066101200739e-02 1.209237945526494690e-01 3.311871976959711583e-01 4.645935670903673098e-01
4.457842721703590694e-02 1.778868854299420210e-01 2.726388866412309264e-01 5.048958007117910762e-01
4.858234046494631919e-02 1.492818522925866420e-01 3.315275034880750260e-01 4.706083037543921099e-01
4.669999643997871375e-02 1.108557891124889311e-01 2.930074295532609785e-01 5.494367848942712795e-01
4.098291511178819846e-02 1.517910419363637242e-01 3.039264400769655650e-01 5.032996028748826234e-01
4.598163805497929718e-02 1.177755202315167726e-01 3.432328652301653293e-01 4.930099764833386078e-01
5.161769088816101081e-02 1.343611263562141667e-01 3.110670187939432729e-01 5.029541639616814663e-01
6.174799192600201325e-02 9.641433244206766562e-02 3.377705320938180211e-01 5.040671435381124388e-01
4.206471534961028769e-02 1.635097688615242406e-01 3.280493379628602324e-01 4.663761778260052115e-01
1.025109994941634656e-01 1.277882948804058005e-01 3.241591084397443812e-01 4.455415971856863666e-01
4.374814988690157308e-02 1.642014700565043450e-01 3.270362138931557361e-01 4.650141661634382695e-01
4.879672177648594622e-02 1.598480990148731518e-01 3.339774094997273179e-01 4.573777697089135286e-01
5.323320007772126133e-02 1.318148401813485360e-01 3.210947069358945916e-01 4.938572528050356736e-01
6.396871172127366334e-02 1.498656751433286582e-01 3.399032693676758421e-01 4.462623437677216143e-01
7.143528371949343925e-02 1.229309097392892458e-01 2.754391032371238390e-01 5.301947033040933510e-01
6.125033135585870175e-02 1.353013707008211830e-01 3.174616021321049475e-01 4.859866958112153412e-01
5.768417857170263924e-02 1.379966863973933755e-01 3.035742465466430562e-01 5.007448884842609083e-01
8.216136344001576108e-02 1.248664589137919029e-01 3.123096114428873804e-01 4.806625662033049418e-01
5.865295576764238683e-02 1.719986930036757899e-01 3.032724542449349303e-01 4.660758969837468513e-01
4.436743620227895368e-02 1.359228937944750859e-01 3.304683041138734012e-01 4.892413658893725037e-01
5.116632530725267330e-02 1.462293002348463156e-01 2.997747905978320193e-01 5.028295838600690404e-01
4.086210981732172481e-02 1.335641832501393012e-01 3.122625407817602450e-01 5.133111661507786527e-01
6.978735690019155502e-02 1.434486372188800429e-01 3.094364828092025510e-01 4.773275230717257678e-01
4.862620247700961962e-02 1.366586649042353385e-01 3.442817459709373029e-01 4.704333866478176418e-01
3.564411886912936117e-02 1.237256095571453857e-01 2.943996449855162956e-01 5.462306265882089784e-01
6.875778437199907278e-02 1.247101501510453347e-01 3.664590099320724215e-01 4.400730555448831849e-01
5.875261789757946912e-02 1.530627256709886919e-01 3.041447958163976950e-01 4.840398606150341232e-01
7.310307668279035498e-02 1.457572396890082222e-01 3.094745741672939587e-01 4.716651094609075057e-01
5.205953027901608771e-02 1.519583570722646548e-01 3.249347517631827054e-01 4.710473608855365590e-01
8.362961140040262031e-02 1.411788063637698931e-01 3.462063760397983136e-01 4.289852061960292562e-01
6.742924321704353574e-02 1.099368948032803661e-01 3.609905524212947969e-01 4.616433095583813428e-01
7.013999157756392600e-02 1.475194756324927359e-01 2.865244147751934145e-01 4.958161180147500069e-01
7.129551784423754368e-02 1.098483392860356428e-01 3.096636151633941347e-01 5.091925277063327204e-01
7.636520089898270192e-02 9.282536098032792560e-02 2.900655815339491239e-01 5.407438565867404012e-01
5.101042265778010093e-02 1.460365804744141183e-01 3.327393463179593169e-01 4.702136505498464292e-01
6.391161168131814785e-02 1.279552832239191085e-01 2.858238396439762852e-01 5.223092654507864863e-01
3.146507653998482229e-02 1.387005920488297295e-01 3.533483472947209214e-01 4.764859841164645338e-01
6.284061366639120960e-02 9.897915989176830909e-02 3.098197116292467634e-01 5.283605148125937179e-01
4.660216934785189197e-02 1.603670396999903325e-01 3.219819373092643322e-01 4.710488536428934503e-01
3.859580230571059423e-02 1.144321069810161351e-01 3.468628126167624948e-01 5.001092780965108453e-01
5.127523496529448610e-02 1.002142982832219115e-01 3.483566455838121301e-01 5.001538211676714862e-01
6.490133892757070366e-02 1.370837463979471815e-01 3.481106020352848218e-01 4.499043126391971681e-01
5.314431787027468213e-02 1.442501872476504576e-01 2.938252415842712018e-01 5.087802532978038528e-01
4.053371264184364026e-02 1.228419777192912843e-01 3.302907051837819519e-01 5.063336044550831305e-01
6.546073750492582832e-02 1.433043454680637818e-01 3.057615956680869718e-01 4.854733213589234597e-01
5.605215964227691638e-02 1.472426397543697973e-01 3.129206882878420304e-01 4.837845123155110616e-01
5.141152707450202808e-02 1.443535251832651356e-01 3.164751695574861690e-01 4.877597781847466396e-01
5.656469053279657155e-02 1.320793688922842490e-01 3.077472236658543303e-01 5.036087169090648352e-01
7.229617485582857939e-02 1.304391498442152852e-01 2.782088275742278238e-01 5.190558477257282144e-01
4.504343749683512033e-02 1.514563331961894799e-01 3.024977282704464643e-01 5.010025010365289910e-01
5.021554390637254783e-02 1.297546564549725279e-01 2.634446689944718312e-01 5.565851306441830237e-01
6.690786809004910241e-02 1.141866597832151692e-01 3.114469078800299884e-01 5.074585642467056568e-01
8.102377886132088036e-02 1.032811607515564806e-01 3.645758020991325954e-01 4.511192582879899882e-01
5.357592236947764097e-02 1.278364517660521282e-01 3.333776898331265448e-01 4.852099360313437137e-01
5.920209395461320523e-02 1.337738302851396166e-01 3.399878438911079215e-01 4.670362318691391179e-01
4.874323770655459437e-02 1.415347331298804079e-01 3.242969111157196771e-01 4.854251180478452166e-01
3.892025175832045797e-02 1.505469963992014104e-01 3.093642407303541231e-01 5.011685111121241265e-01
6.210344408112537795e-02 1.010635050277102348e-01 3.751925316313832748e-01 4.616405192597810569e-01
3.997391047213325749e-02 1.120102048921068072e-01 3.136619180999395406e-01 5.343539665358203461e-01
5.268649836436373884e-02 1.599406775060895625e-01 2.935688717046936458e-01 4.938039524248531986e-01
6.875525073008652288e-02 1.518290079531463554e-01 3.121684670947504903e-01 4.672472742220167286e-01
6.589583999210026077e-02 1.078777368060665071e-01 2.707291723333227207e-01 5.554972508685106503e-01
6.778473292036445164e-02 1.484593836125432664e-01 3.099629974434037760e-01 4.737928860236886308e-01
7.547254462762703620e-02 8.058142673711152226e-02 3.503327935805415905e-01 4.936132350547197123e-01
6.243738147814267836e-02 1.669581922942533492e-01 2.914451338786116508e-01 4.791592923489924050e-01
4.441968908875582045e-02 1.353808852209048008e-01 3.406963628821432777e-01 4.795030628081961566e-01
2.712948640269533321e-02 1.200221743892822546e-01 3.013592227468245843e-01 5.514891164611979146e-01
5.989893823567238318e-02 1.585268670126872281e-01 3.332654622249446308e-01 4.483087325266957301e-01
5.862449102822320235e-02 1.697858084011601987e-01 2.843023290218423260e-01 4.872873715487742730e-01
4.303995230189580634e-02 1.397011881772877162e-01 2.860212818033158744e-01 5.312375777175005753e-01
4.322450394197992901e-02 1.409096496754342620e-01 2.978021428317947916e-01 5.180637035507911214e-01
2.730914221731463309e-02 1.198911262228832958e-01 3.869161136921155930e-01 4.658836178676865059e-01
5.400326629505430159e-02 1.518048304499760026e-01 3.292131908563604159e-01 4.649787123986093840e-01
2.766860091299007049e-02 1.097821302222110884e-01 3.869705774085292482e-01 4.755786914562695755e-01
5.273011875298408424e-02 1.079395836578915524e-01 3.046874885065114502e-01 5.346428090826127466e-01
5.846340852907434826e-02 1.965317685170520079e-01 2.922628413928614610e-01 4.527419815610121967e-01
5.994787283468869243e-02 1.451928813570748100e-01 3.069884223391781131e-01 4.878708234690584122e-01
9.260082658846983950e-02 1.346644998948284822e-01 2.885802187664839868e-01 4.841544547502174556e-01
5.251204418002117236e-02 8.744900791350974922e-02 3.382286994799092450e-01 5.218102484265597640e-01
7.778506584579439331e-02 1.164601412849888967e-01 3.146195760770795768e-01 4.911352167921371192e-01
6.497060563874812456e-02 1.357161829746365567e-01 2.805644199556498464e-01 5.187487914309655279e-01
6.314264756950996316e-02 1.563693619642275157e-01 2.828872908164346556e-01 4.976006996498278934e-01
5.652702630901938058e-02 1.634254285238033733e-01 2.842920204116796690e-01 4.957555247554977229e-01
5.844053499270112501e-02 1.437906333284194871e-01 2.862389081728560214e-01 5.115299235060233318e-01
8.178290110805556956e-02 1.478796528508786179e-01 3.208536406433451504e-01 4.494838053977207593e-01
6.130082475539510439e-02 1.463511403691635238e-01 3.089410175358754951e-01 4.834070173395657588e-01
4.473125898961414354e-02 1.531258789090683414e-01 3.176548148244375813e-01 4.844880472768797741e-01
5.781737045548140941e-02 1.265298501975792578e-01 3.404781905976004830e-01 4.751745887493387666e-01
7.764683560173096799e-02 1.372617638063752810e-01 3.806999897875476546e-01 4.043914108043460409e-01
7.150946300471636152e-02 1.319141483220893640e-01 3.325211723044833034e-01 4.640552163687109433e-01
8.651242317896731815e-02 1.374301907789529098e-01 2.558012172468758783e-01 5.202561687952039771e-01
5.073359839114785497e-02 1.100245341642334812e-01 2.904821911328357431e-01 5.487596763117829068e-01
6.119477605122756320e-02 1.343462282743458358e-01 3.195665394037878748e-01 4.848924562706386499e-01
4.736266401836594642e-02 1.251043111247213679e-01 3.266836113759363225e-01 5.008494134809764464e-01
7.902063154719012050e-02 1.324323973772178753e-01 3.210465930225370745e-01 4.675003780530549435e-01
7.579147020060010564e-02 1.317099008782743885e-01 3.325431573781268968e-01 4.599554715429984841e-01
7.181259938769912754e-02 1.345829228593176663e-01 2.724295496563747254e-01 5.211749280966084807e-01
7.008609811381444343e-02 1.229795169751428802e-01 3.532039504408365782e-01 4.537304344702062231e-01
5.527152853151009321e-02 1.438445386715794250e-01 2.887678640164162980e-01 5.121160687804940936e-01
3.086458545163367484e-02 1.291730142998566144e-01 3.477126034411927025e-01 4.922497968073169528e-01
3.979633652145585232e-02 1.543589918204631706e-01 3.067683917421924478e-01 4.990762799158885432e-01
6.429944509848162237e-02 1.736794855647547653e-01 3.172566909376026145e-01 4.447643783991609423e-01
5.241628627030135018e-02 1.499854697363696421e-01 3.122592491086503830e-01 4.853389948846787982e-01
5.633781163416808069e-02 1.213521782145096789e-01 3.041399857868937739e-01 5.181700243644283832e-01
7.028737512992561109e-02 1.274562841119168399e-01 3.136105441732829902e-01 4.886457965848746698e-01
6.791584078468061725e-02 1.422603324028431371e-01 3.339299454733767880e-01 4.558938813390994160e-01
5.714553279199052066e-02 1.471781848206927534e-01 3.252740917821903555e-01 4.704021906051263913e-01
6.418885415304663444e-02 1.353190259211626834e-01 3.198995044865841075e-01 4.805926154392066163e-01
8.444471684833571024e-02 1.170335308945009839e-01 2.837155437208827569e-01 5.148062085362804519e-01
5.258193324405301822e-02 1.537133601932102189e-01 3.124243438057519584e-01 4.812803627569848808e-01
4.074091218593920566e-02 1.631638167264358730e-01 3.161730698346394419e-01 4.799222012529854031e-01
5.005619063035132710e-02 1.501444803378989279e-01 2.796952689731305175e-01 5.201040600586190887e-01
4.598189016683782576e-02 1.283626891242043155e-01 2.983008345262874728e-01 5.273545861826701708e-01
4.790549109956395574e-02 1.166925211447413374e-01 2.647342085011551993e-01 5.706677792545394867e-01
6.839373142377376535e-02 1.298864022271203067e-01 3.031240159059026551e-01 4.985958504432033700e-01
7.365071024189501214e-02 1.351097503005288525e-01 2.943965965208055757e-01 4.968429429367707262e-01
6.317401814324788423e-02 1.281204110155935716e-01 2.873530924701497291e-01 5.213524783710088428e-01
3.772705572167700527e-02 1.306133959344436268e-01 3.138281717575104324e-01 5.178313765863690188e-01
8.119234380812985485e-02 1.436388476551948845e-01 2.631999115786657351e-01 5.119688969580096227e-01
8.475301144609730108e-02 1.440292501415459947e-01 3.195000005421637090e-01 4.517177378701929258e-01
6.433083309403141159e-02 1.617406435396930020e-01 2.782915411127183103e-01 4.956369822535572900e-01
5.018190408732024765e-02 1.730476618742927963e-01 3.362439109261400882e-01 4.405265231122468261e-01
7.413987375386908718e-02 1.427927481825024825e-01 2.963376600136055639e-01 4.867297180500229081e-01
5.122668044410564475e-02 1.427907605494284082e-01 3.186160526994014641e-01 4.873665063070646286e-01
6.531957746855478197e-02 1.374004778941013971e-01 2.652024090723478777e-01 5.320775355649959293e-01
7.647351367426422075e-02 1.089300386953819949e-01 3.004817047970596011e-01 5.141147428332942804e-01
5.153011196645125580e-02 1.412947399460028619e-01 2.846130083911787567e-01 5.225621396963671117e-01
6.662027330854268514e-02 1.309047560950849232e-01 3.124128878307180779e-01 4.900620827656543832e-01
6.673474060952723497e-02 1.393438117965067613e-01 3.627702973421969568e-01 4.311511502517691441e-01
4.901577909889948126e-02 1.142309923141626715e-01 3.262751999033486339e-01 5.104780286835892689e-01
3.262448937672223631e-02 1.397845290905768423e-01 2.970616534071495174e-01 5.305293281255513138e-01
5.961918545710153533e-02 1.391849698757608167e-01 3.299854306020300609e-01 4.712104140651077189e-01
7.408371674497249426e-02 8.733085069122564770e-02 3.625156444392160782e-01 4.760697881245858354e-01
4.171014836074226489e-02 1.538702918280543397e-01 3.335478254205197501e-01 4.708717343906837494e-01
6.072818232781305309e-02 1.640734753895572717e-01 3.185078286101738487e-01 4.566905136724557779e-01
5.277661079938017474e-02 1.237088625850037010e-01 3.544694495885823970e-01 4.690450770270337411e-01
5.156902178796893277e-02 1.320153614343085036e-01 3.576089347727632872e-01 4.588066820049593320e-01
6.041698206996497234e-02 9.546646639171932347e-02 3.222457827873386194e-01 5.218707687509770432e-01
5.484922101588226434e-02 1.541904397745696986e-01 2.929736899143026152e-01 4.979866492952455537e-01
6.604494935212450180e-02 1.255445924235810973e-01 3.051326823582503067e-01 5.032777758660441636e-01
5.736978205520038704e-02 1.240145160146585435e-01 3.281491498780934046e-01 4.904665520520476996e-01
6.507326079875019875e-02 1.273893925546431827e-01 3.001628774710961567e-01 5.073744691755105451e-01
4.179444145190514687e-02 9.330722712660330376e-02 3.309730654040056175e-01 5.339252660174859111e-01
5.181794822079308777e-02 1.276305558685228436e-01 3.079264515788125434e-01 5.126250443318712824e-01
6.507139133532102715e-02 1.554951730967042700e-01 3.014041878172165068e-01 4.780292477507582793e-01
3.068088486284558519e-02 2.087393387314276927e-01 2.969592435244997608e-01 4.636205328812270099e-01
5.896686991164998976e-02 1.323557143171696093e-01 3.164416526789874395e-01 4.922357630921929128e-01
5.185279844202501237e-02 1.618070733596052579e-01 3.346575138186920206e-01 4.516826143796776605e-01
6.936065586898941537e-02 1.440990657711306855e-01 2.937980778908828028e-01 4.927422004689971380e-01
6.523109086119274758e-02 1.069397124754087880e-01 3.304081274662420964e-01 4.974210691971563958e-01
4.079742306679224467e-02 1.399636114953117794e-01 3.128551020437482788e-01 5.063838633941476486e-01
5.544963228620644613e-02 1.335550635278494602e-01 3.375297840251180737e-01 4.734655201608261033e-01
5.144098652190488147e-02 1.279545992252504039e-01 3.317088414891410930e-01 4.888955727637035453e-01
3.875406264462993161e-02 1.574441712819082129e-01 3.254917901053456242e-01 4.783099759681161967e-01
5.651304871389131040e-02 1.401322806942604526e-01 3.240047243201973903e-01 4.793499462716508397e-01
5.697850536221797657e-02 1.224744085556515039e-01 2.793454795445360350e-01 5.412016065375945262e-01
5.460778441418759344e-02 1.283329484515920993e-01 3.009743250033367623e-01 5.160849421308834062e-01
2.389689950930514936e-02 1.561550712607232549e-01 2.890313457568203792e-01 5.309166834731513518e-01
3.443187587639855857e-02 1.789271999136697044e-01 3.152332212509151854e-01 4.714077029590165169e-01
6.217804861646723802e-02 1.239842089552604526e-01 3.248386448710934293e-01 4.889990975571788523e-01
6.712154840737845352e-02 1.118570947364329049e-01 2.955896821828958299e-01 5.254316746732927701e-01
4.245785051112486302e-02 1.237990609255195246e-01 3.216246531397484176e-01 5.121184354236071323e-01
5.599173123309203470e-02 1.605781021710656897e-01 2.479489374225100906e-01 5.354812291733320739e-01
4.929879926537966695e-02 1.173994129264935710e-01 3.174125048611112221e-01 5.158892829470156371e-01
4.316723650507365423e-02 1.300100451292091619e-01 3.465862112608792955e-01 4.802365071048378953e-01
7.485904287633013410e-02 1.485763918304067732e-01 3.167253704497247635e-01 4.598391948435384680e-01
4.962876604984407108e-02 1.222710462507727719e-01 3.564968213325824253e-01 4.716033663668007248e-01
5.501837079142774672e-02 1.143593692057063710e-01 3.149546414819658358e-01 5.156676185209001506e-01
6.054946715630697696e-02 1.215426382453215909e-01 2.983085001316348461e-01 5.195993944667367526e-01
5.449794337749764433e-02 1.209151090004230017e-01 3.166966276534478042e-01 5.078903199686315428e-01
5.096199561315455095e-02 1.347854974290416674e-01 3.046733126467058850e-01 5.095791943110978828e-01
3.764512154437771319e-02 1.234399588779779566e-01 3.615491744800093943e-01 4.773657450976349081e-01
4.893201267973996960e-02 1.170459071218002411e-01 3.352165550742578493e-01 4.988055251242019539e-01
6.152348924980440698e-02 1.634669168776244075e-01 3.095325643548427208e-01 4.654770295177284578e-01
6.934595854833940087e-02 1.270195402224091885e-01 3.266981070477017468e-01 4.769363941815495944e-01
5.229969779635055410e-02 1.076735882560704155e-01 3.435994030799641163e-01 4.964273108676148794e-01
5.537112963718183317e-02 1.479529492843484340e-01 3.307270572058055857e-01 4.659488638726642096e-01
5.134323642880556787e-02 1.383099551115148373e-01 2.994176910916550582e-01 5.109291173680244880e-01
5.129438482704387625e-02 1.584410315042343587e-01 2.988167071549073239e-01 4.914478765138144412e-01
4.370067043285788544e-02 1.092355555670220524e-01 3.452351542914892657e-01 5.018286197086309075e-01
6.416579972214404848e-02 1.071306040684729677e-01 2.736848756475844802e-01 5.550187205617986841e-01
4.490958583492345169e-02 1.243575887263015795e-01 2.744307101305307195e-01 5.563021153082443604e-01
3.949404783254393397e-02 1.599884125576054861e-01 2.941216223219292880e-01 5.063959172879212156e-01
5.762491196995615794e-02 1.211065930089963716e-01 3.116547877106807807e-01 5.096137073103667037e-01
4.338932803557001006e-02 1.209013993981564172e-01 2.892712090272253622e-01 5.464380635390482244e-01
6.360588626770588561e-02 1.274701756370121841e-01 3.539500064288276238e-01 4.549739316664542232e-01
3.300338183984266593e-02 1.064287128394364318e-01 3.461237019092277545e-01 5.144442034114931062e-01
4.147275896292602904e-02 1.336457563120256598e-01 3.268855062625523611e-01 4.979959784624959918e-01
6.083587307312937620e-02 1.178642589619453424e-01 3.383339134222583255e-01 4.829659545426669975e-01
5.613701257840471304e-02 1.109365501734365794e-01 3.628486086525030685e-01 4.700778285956555003e-01
8.317984886911621023e-02 1.618086101328747584e-01 2.368936121465277933e-01 5.181179288514813353e-01
3.878758295786322724e-02 1.472364307306580633e-01 2.721562460331319322e-01 5.418197402783468952e-01
4.623727598544413731e-02 1.293352360139820301e-01 3.293943441710281972e-01 4.950331438295456632e-01
4.064791445534408215e-02 1.172056679035799603e-01 2.987630505257785618e-01 5.433833671152974443e-01
4.198130407511593831e-02 1.517686477835663295e-01 3.150208872193989706e-01 4.912291609219188171e-01
4.224471922359120113e-02 1.284192359159572472e-01 3.383489356143254967e-01 4.909871092461260966e-01
4.840086992655432546e-02 1.478493937288596627e-01 3.213127469311315987e-01 4.824369894134543091e-01
