2.342955261256183253e-01 2.628089229908945126e-02 4.427601999827596724e-01 2.966633815925326378e-01
3.063713640629112667e-01 2.189747993868505771e-02 4.178098212810165135e-01 2.539213347173872037e-01
3.469294841562421960e-01 2.898018902946772335e-02 3.616589611456021425e-01 2.624313656686878549e-01
3.203946886554410178e-01 1.896853636043730959e-02 4.129356708662691999e-01 2.477011041178525108e-01
3.138749205926063546e-01 2.545969527304326602e-02 4.269813780175896745e-01 2.336840061167605731e-01
3.176917784064098305e-01 2.710704743335515601e-02 3.939994018675606058e-01 2.612017722926744390e-01
2.618848445284460147e-01 3.966817827621915704e-02 4.132097292300027647e-01 2.852372479653322301e-01
2.828802921883462607e-01 1.087082338664696786e-02 4.181425279359138325e-01 2.881063564890928297e-01
2.578827872434167889e-01 2.120533780543499766e-02 4.547428538392884745e-01 2.661690211118598048e-01
2.971024052499727230e-01 3.377079636497574283e-02 4.405199734971910197e-01 2.286068248878605214e-01
2.483304007787617007e-01 3.213176202506164841e-02 4.287553008427144041e-01 2.907825363534623508e-01
3.318055159967376877e-01 6.826074284189854492e-03 4.498078084832669021e-01 2.115606012358054455e-01
2.359502854066518607e-01 4.301613509984044542e-02 4.735284012137292442e-01 2.475051782797783873e-01
3.008866171804894796e-01 2.573506053054343268e-02 4.154353266527400779e-01 2.579429956362271348e-01
3.103764975470409970e-01 3.735635949116792448e-02 4.385422394988819916e-01 2.137249034629090660e-01
2.655523808583795664e-01 2.703381637426811868e-02 4.812892561232580690e-01 2.261245466440941765e-01
2.701021443160686597e-01 2.478414703365932129e-02 4.583535502521312588e-01 2.467601583981407776e-01
3.674234534828235144e-01 3.372137442487257303e-02 4.112659647736104374e-01 1.875892073186933851e-01
2.724240547244709543e-01 2.799565550078261106e-02 3.796889634301673921e-01 3.198913263445790078e-01
3.459190604921513201e-01 1.544340048723587093e-02 3.263465044685847638e-01 3.122910345520280573e-01
2.854107015690849347e-01 2.317295540023591935e-02 4.187296760132811491e-01 2.726866670173980767e-01
3.135136325116939515e-01 3.159377800742151077e-02 4.322875102567378391e-01 2.226050792241467680e-01
2.689119393236406030e-01 2.772909770531385362e-02 4.821826757728293056e-01 2.211762871982163037e-01
2.618681368513323116e-01 1.705546560762248934e-02 4.271947307127930138e-01 2.938816668282520639e-01
3.000612667966565117e-01 1.785269071047777822e-02 4.242919722235581337e-01 2.577940702693074515e-01
2.672589100455694533e-01 4.754565440049424163e-02 4.477854531990864695e-01 2.374099823548497801e-01
2.634519391780256736e-01 1.229955528101664766e-02 4.314617611008761955e-01 2.927867444400816255e-01
3.029149841308000912e-01 4.459722572963207426e-02 3.768440944264668246e-01 2.756436957131009891e-01
2.669623486981201332e-01 4.329706435540024712e-02 4.518414907303131001e-01 2.378990962161667000e-01
3.505360110543306873e-01 2.835582480741768302e-02 3.839630277175689055e-01 2.371451364206827173e-01
2.701325272137106714e-01 2.504675067035555189e-02 4.022894390434932910e-01 3.025312830724404822e-01
3.134068887425683347e-01 1.745785458031018020e-02 3.976275209870314131e-01 2.715077356900899574e-01
3.028893126577559824e-01 2.135129502522466541e-02 4.140898483346922565e-01 2.616695439823272240e-01
2.308658820625808517e-01 3.220790830647497771e-02 4.991384049932776623e-01 2.377878046376665500e-01
2.533210655134993106e-01 2.882852954991740879e-02 4.025328663100361526e-01 3.153175386265470448e-01
3.029391973230402546e-01 2.347714415510548935e-02 4.068950710374327762e-01 2.666885874844214799e-01
3.031552067687214302e-01 1.935229732164100644e-02 3.740362257715431626e-01 3.034562701380943417e-01
2.685864541635624714e-01 2.069925983586265450e-02 4.023287502713714381e-01 3.083855357292035193e-01
2.886064686708251226e-01 3.793040437911569113e-02 3.843963022832145304e-01 2.890668246668445795e-01
2.547843983389436739e-01 2.389266372672850525e-02 4.260575349442162207e-01 2.952654029901115584e-01
3.071952745430216458e-01 3.214301586045412162e-02 4.340878863897882911e-01 2.265738232067358027e-01
2.143810968459901878e-01 2.258233682266943057e-02 4.733535809186366627e-01 2.896829854127038195e-01
2.756158043977373628e-01 3.518352468924699356e-02 4.344063488503873138e-01 2.547943220626283645e-01
3.082696027240903747e-01 3.235125264450531418e-02 4.129027050346562588e-01 2.464764395967480592e-01
2.570250263055297579e-01 2.107854648077688020e-02 4.444057856810952334e-01 2.774906415325981701e-01
2.216845365175468541e-01 3.452451216713386950e-02 4.504638785615766583e-01 2.933270727537426459e-01
2.869228027588682228e-01 3.245110151811918947e-02 4.280798156863440673e-01 2.525462800366686800e-01
2.756374693216780414e-01 3.267921158813506810e-02 4.243367239066237473e-01 2.673465951835631849e-01
2.419331761226419242e-01 3.214368354011864354e-02 4.244644697369426289e-01 3.014586706002968519e-01
2.276903087670339720e-01 2.821019551599554184e-02 4.789616091882855087e-01 2.651378865286849740e-01
3.205681799842218793e-01 1.399449537676194545e-02 3.847981995127894295e-01 2.806391251262267961e-01
3.014649705992809570e-01 2.144573811299260030e-02 4.104339205268450752e-01 2.666553707608812496e-01
3.205872096799294857e-01 2.055042960700645752e-02 4.401151892932068099e-01 2.187471714198572503e-01
2.415376549692909436e-01 4.402696808592500982e-02 4.292827966689797825e-01 2.851525802758042016e-01
2.893804565580778698e-01 2.702625581356072823e-02 4.163365344092633258e-01 2.672567532190979755e-01
2.529427248400508699e-01 1.727002892453318589e-02 3.896662970231741796e-01 3.401209492122417299e-01
3.392034016888432202e-01 2.732380071247033845e-02 4.294917486296085940e-01 2.039810489690778439e-01
3.008232392955050294e-01 2.823640719460230111e-02 4.276754841652865569e-01 2.432648693446060606e-01
2.550157059895187261e-01 4.474872865646264269e-02 4.180000593983211332e-01 2.822355059556974632e-01
2.600290799887924331e-01 3.531159860452368071e-02 3.850213923319715792e-01 3.196379290747122792e-01
3.834051272686515022e-01 2.582329168048178025e-02 4.126296138110636114e-01 1.781419672398031062e-01
3.297375764131086906e-01 3.229189670213286623e-02 3.699254541732153734e-01 2.680450727115429310e-01
2.833725807551875642e-01 2.638742376192892286e-02 4.292457029919182765e-01 2.609942924909652850e-01
2.671074725806535377e-01 1.228011554498937251e-02 4.475622386346471138e-01 2.730501732397100922e-01
3.141138660804326799e-01 5.528441462234203602e-02 3.567929724816979453e-01 2.738087468155275261e-01
2.895560740298492308e-01 1.759974806251501933e-02 4.851284121012877648e-01 2.077157658063479295e-01
3.030176490067361117e-01 1.623351844986835324e-02 4.118712804664552696e-01 2.688775520769401406e-01
2.799372941253042146e-01 1.990721825849547585e-02 4.688921460858057610e-01 2.312633415303946005e-01
2.794717686744599416e-01 1.683127356702785946e-02 4.114934119832340809e-01 2.922035457752781284e-01
2.995701599360129919e-01 8.763080612024505209e-03 4.239893537159778458e-01 2.676774057359846415e-01
2.864902458247781114e-01 1.495500208203686884e-02 4.202192898439255364e-01 2.783354622492594799e-01
2.393930915425714900e-01 3.960104770259686296e-02 4.701025959158439682e-01 2.509032648389876718e-01
2.754795358109046188e-01 1.996579583835987604e-02 3.960751512928295526e-01 3.084795170579059942e-01
3.006280484774117578e-01 2.607209194416853018e-02 4.521408816318484014e-01 2.211589779465714112e-01
2.764572442040243994e-01 3.367367958614285450e-02 4.642641992881191282e-01 2.256048769217135763e-01
3.003961650483855661e-01 1.497013685329085138e-02 4.153882646168519654e-01 2.692454334814717298e-01
2.754799870338801027e-01 1.153811548731912412e-02 4.055124947096101495e-01 3.074694027691907694e-01
3.196522352907817388e-01 2.246015206495664482e-02 3.691564202482032209e-01 2.887311923960584892e-01
2.578849927355560956e-01 1.776644672298756389e-02 5.105147050545432164e-01 2.138338554869130548e-01
2.569932088371002510e-01 3.246693791685081876e-02 4.125718382145818763e-01 2.979680150314669707e-01
2.594495603806306061e-01 1.288030277439172061e-02 3.950662987548936855e-01 3.326038380900839808e-01
2.749976484022615963e-01 2.036065930921727996e-02 4.278944450858477300e-01 2.767472472026733521e-01
2.646585663247555398e-01 2.727373944695844418e-02 4.331207115614457148e-01 2.749469826668403671e-01
2.500677157342669488e-01 2.028978775594964326e-02 3.913410184498765654e-01 3.383014780599066795e-01
3.083187584962976957e-01 2.765990558570359872e-02 4.135705171986144846e-01 2.504508187193841273e-01
2.799393678264337493e-01 1.674179442801969342e-02 4.296058263272740652e-01 2.737130114182725338e-01
2.798591311128320602e-01 3.242238334924738702e-02 3.568269524559959938e-01 3.308915330819243716e-01
2.847330666158414125e-01 2.645947253272158683e-02 4.093479623518438415e-01 2.794594984995931175e-01
2.661626452948196997e-01 1.496990613798932640e-02 3.981708332965784858e-01 3.206966152706124951e-01
2.490106001074842423e-01 2.405557608973089151e-02 4.778805112666722477e-01 2.490533125361125422e-01
3.364055792435984293e-01 2.012864067870199711e-02 3.963266998913663186e-01 2.471390801863332376e-01
2.817598048715757586e-01 2.964946842917067643e-02 4.149918721782492326e-01 2.735988545210043532e-01
2.324101715012221181e-01 1.360794659352449788e-02 5.053612158838994839e-01 2.486206660213537978e-01
2.976865235241000218e-01 2.032373770999413784e-02 4.022145839126775591e-01 2.797751548532283472e-01
2.595688841741915498e-01 1.832454189667534483e-02 4.566456572051878493e-01 2.654609167239451173e-01
3.158045447989065169e-01 3.775615021315947839e-02 4.024437693328561938e-01 2.439955356550776999e-01
2.955105536536336563e-01 3.770107499411909369e-02 3.877585323704709208e-01 2.790298389817763014e-01
2.463935531934965117e-01 1.947014891570109443e-02 4.085851642436437170e-01 3.255511336471587081e-01
2.774543499899239651e-01 4.238526887343448818e-02 4.343659330817867814e-01 2.457944480548547306e-01
3.309440337031890333e-01 3.265424046637330213e-02 3.555424972504697689e-01 2.808592285799678678e-01
3.473168385256970025e-01 1.664567773692404370e-02 4.241178758007758121e-01 2.119196079366031105e-01
3.291045681990164562e-01 2.202899820845206566e-02 4.072178990272583565e-01 2.416485345652731320e-01
2.601215306661746607e-01 3.023262886957835821e-02 4.509074858378291917e-01 2.587383546264176992e-01
3.641894147426429362e-01 3.783209945246709255e-02 3.542075603636667958e-01 2.437709254412231685e-01
2.926577449793600350e-01 1.931869315290726113e-02 4.120733705869412677e-01 2.759501912807913460e-01
3.049809205800540490e-01 2.066287879948588285e-02 4.088511151128182419e-01 2.655050855076417360e-01
2.907537448347775055e-01 3.627249182782168319e-02 3.981833445553960016e-01 2.747904187820049415e-01
2.872947106937018824e-01 1.755193475883444487e-02 4.124237499420764230e-01 2.827296046053872081e-01
3.469116818891791465e-01 2.151764458947701131e-02 3.992592128084633263e-01 2.323114607128804465e-01
2.871450235056788314e-01 2.446456650925436099e-02 4.127957071649247522e-01 2.755947028201419235e-01
2.731119286119139677e-01 2.118299260247082094e-02 4.380133992618445160e-01 2.676916795237708202e-01
3.136550124677567886e-01 1.706747433901406943e-02 4.237978869489131273e-01 2.454796262443160182e-01
2.755216749875786242e-01 2.612663460334598356e-02 3.835495948573163227e-01 3.148020955517589758e-01
3.171783922270085543e-01 1.151320595978069967e-02 3.906687545679607965e-01 2.806396472452500346e-01
2.495871936862087970e-01 2.825148450736559777e-02 4.026055251345732056e-01 3.195557966718524656e-01
2.834570516652520911e-01 1.097013253036050427e-02 4.553251833947717375e-01 2.502476324096156723e-01
3.098257294245891358e-01 4.713012674657963974e-02 3.643406272951423275e-01 2.787035165336889109e-01
2.692526845442760886e-01 3.616406501590747891e-02 4.201321714346450964e-01 2.744510790051713500e-01
2.735174362774493440e-01 2.386202266136018199e-02 4.396733834169404553e-01 2.629471576442499736e-01
2.467907820643523154e-01 2.560460764005557249e-02 4.564943594956425432e-01 2.711102507999494371e-01
2.219274380063680219e-01 1.920532866049600579e-02 4.110277448408889978e-01 3.478394884922471064e-01
2.966280235664862652e-01 4.226426561150443267e-02 4.031969603132217195e-01 2.579107505087873675e-01
2.866298895345222308e-01 2.659585758878131936e-02 4.429342908419029445e-01 2.438399620347934948e-01
2.935781209740130349e-01 1.672249121079716003e-02 4.419618410453531321e-01 2.477375467698366418e-01
3.171803855769129710e-01 1.322998385671754831e-02 4.215217415232463405e-01 2.480678890431230466e-01
2.954642271156746047e-01 4.343315806321405154e-02 4.092292553885394368e-01 2.518733594325719971e-01
3.349410000405604326e-01 1.328068243344680474e-02 3.983677866929397071e-01 2.534105308330529827e-01
2.974122920016641358e-01 3.047532893507472196e-02 4.066413694211246099e-01 2.654710096421366572e-01
2.513157761474945628e-01 1.705863868395931723e-02 4.219932092243068311e-01 3.096323759442391466e-01
2.694347526512040347e-01 1.897814169657817060e-02 4.458351014011930902e-01 2.657520042510246316e-01
2.669770817551321840e-01 1.292870001208341890e-02 4.426879481761212820e-01 2.774062700566630180e-01
2.787792173219953429e-01 1.884314969026827657e-02 4.092853522055486803e-01 2.930922807821877973e-01
3.163315789284903978e-01 2.896920672138843939e-02 3.992059889358519631e-01 2.554932254142691095e-01
2.840141037148558589e-01 2.109365389433103671e-02 4.048696430324482676e-01 2.900225993583648298e-01
2.656786139924878221e-01 1.224571762041890520e-02 4.210092942561663443e-01 3.010663741309269614e-01
3.180759171494593751e-01 1.319975164852725535e-02 4.652489681534147103e-01 2.034753630485987008e-01
2.495342534343644447e-01 1.575647746013015063e-02 4.248957024030098339e-01 3.098135667024954909e-01
3.045816855396503153e-01 3.016149232496851199e-02 3.848295285308923064e-01 2.804272936044888143e-01
3.192585370560437341e-01 3.954736468174310793e-02 3.725055807895628623e-01 2.686885174726503789e-01
2.853461488772804366e-01 2.966738814053832690e-02 4.466504296501588867e-01 2.383360333320223012e-01
3.241642355176970192e-01 1.667301125789442603e-02 4.274046069728877906e-01 2.317581462515207746e-01
2.998629860302266525e-01 3.129215566326770670e-02 3.726892749348373335e-01 2.961555833716683628e-01
2.675957967319187447e-01 1.920360588654783721e-02 3.776902548747875787e-01 3.355103425067459955e-01
2.911221485738753612e-01 2.166367943242218305e-02 4.244876430024926428e-01 2.627265289912099067e-01
2.633943851254505475e-01 2.905171581375579765e-02 4.403919091340868230e-01 2.671619899267069220e-01
2.621636473065688810e-01 2.704971133546861528e-02 4.496654740165456077e-01 2.611211673414169931e-01
3.039147054330860187e-01 2.602419058349852640e-02 4.007991542280325836e-01 2.692619497553829788e-01
3.604166244285233467e-01 2.338811314423865431e-02 3.623853642169862499e-01 2.538098982102517942e-01
2.960780335684917719e-01 3.883502465336050730e-02 4.477422920741323531e-01 2.173446497040152914e-01
2.797741617617326981e-01 1.124397705445647974e-02 4.134668449999383544e-01 2.955150161838723810e-01
3.084815047563514434e-01 2.285112892043289143e-02 4.000634107015746954e-01 2.686039556216409108e-01
2.611097956472912540e-01 4.054863440897021193e-02 4.296691185587529493e-01 2.686724513849856333e-01
2.746335631401375932e-01 5.176822733523501335e-02 4.024417013801988574e-01 2.711565081444285430e-01
2.875975257196216606e-01 3.001687819973543336e-02 4.417172487145707982e-01 2.406683473660720662e-01
2.775427519193511827e-01 2.589233162138811564e-02 4.192506730039728957e-01 2.773142434552876567e-01
2.853537439797588227e-01 3.591379988447778587e-02 4.293037835117103906e-01 2.494286726240528829e-01
3.196068685344982674e-01 3.542638580320220387e-02 4.075610204163496730e-01 2.374057252459497724e-01
2.885262849475702662e-01 4.519981842725959154e-02 4.317169374930671655e-01 2.345569591321030600e-01
2.607450234882612849e-01 2.392403978330241016e-02 4.267746529175198700e-01 2.885562838109165806e-01
2.641661265788188828e-01 1.964463319094364793e-02 4.294241745632310647e-01 2.867650656670063247e-01
2.941962999413205715e-01 2.444597667530921253e-02 3.618265504993748438e-01 3.195311728839955179e-01
2.890314158714878956e-01 1.373902560887830561e-02 3.668069696902089283e-01 3.304225888294248237e-01
3.192862538233777747e-01 2.000290095260984224e-02 4.026739201438395144e-01 2.580369250801729519e-01
2.812946022019239822e-01 2.041453793291551216e-02 3.893779750374378179e-01 3.089128848277228334e-01
3.052191021550777483e-01 3.065011116622882656e-02 3.831907971531344215e-01 2.809399895255589863e-01
2.951438082750206804e-01 2.145919709576853476e-02 4.212422192942050225e-01 2.621547753350057519e-01
2.756197332211712259e-01 4.275809890299504812e-02 3.956911088414236666e-01 2.859310590344100178e-01
3.052432792861429212e-01 2.719022661027695187e-02 3.992851224376073871e-01 2.682813716659727676e-01
3.139589681026257462e-01 1.755411473675263373e-02 4.031903352136840812e-01 2.652965819469376152e-01
2.804445622757189560e-01 2.756485138180592501e-02 4.132432338559327012e-01 2.787473524865424213e-01
2.859544412478562392e-01 2.340229971672020196e-02 3.798349942109990884e-01 3.108082648244244739e-01
2.608653415887925431e-01 2.591965390095880145e-02 4.474230412239373900e-01 2.657919632863113280e-01
2.819715418131262807e-01 1.635708169982343432e-02 4.279449036866024847e-01 2.737264728004478176e-01
2.869389903159805244e-01 2.341246953885029597e-02 4.284902116481760226e-01 2.611583284969931640e-01
3.390861706450559732e-01 1.631298433894248084e-02 4.509813554326351226e-01 1.936194895833663054e-01
2.387098937167438095e-01 3.716761183419606263e-02 4.851560436854980285e-01 2.389664507635620994e-01
2.980630337762416593e-01 1.746842725314540212e-02 4.420611991230086191e-01 2.424073398476042085e-01
2.479765613790284873e-01 2.893728315702816939e-02 4.441475461481873555e-01 2.789386093157560365e-01
3.057861433261623296e-01 3.160170677222108593e-02 3.876505874323658007e-01 2.749615624692509086e-01
2.501642280239260718e-01 3.028570329039235315e-02 4.215648449541282705e-01 2.979852237315532837e-01
3.192678832724331617e-01 1.535161023437734557e-02 4.264309098760333261e-01 2.389495966171563401e-01
3.079096046235087480e-01 2.459489017350699122e-02 4.195667235820967900e-01 2.479287816208874395e-01
2.662889903843450035e-01 2.164175071025867952e-02 4.422599169704972688e-01 2.698093419348991384e-01
3.310660387603296395e-01 3.913573164148479583e-02 3.947313463002043998e-01 2.350668832979813105e-01
2.706295624924253129e-01 1.112723880349418201e-02 4.176889121138273042e-01 3.005542865902531835e-01
2.940498581809897760e-01 3.140432857785213638e-02 4.180502263933944529e-01 2.564955868477636902e-01
3.028541028735250995e-01 1.968725356437355314e-02 4.046533918922533557e-01 2.728052516698480923e-01
2.915231356350953540e-01 3.123883192130904804e-02 3.754580042930868999e-01 3.017800281505087501e-01
2.264448291214975761e-01 4.836056151190826907e-02 4.609314840293690652e-01 2.642631253372250133e-01
2.813483496428403896e-01 2.390959448976822527e-02 4.257850135454176455e-01 2.689570423219737605e-01
3.240476508535515832e-01 3.391720030471937625e-02 3.984898766388894620e-01 2.435452722028395856e-01
2.947587582128919914e-01 2.458090007453866965e-02 4.509706021789106067e-01 2.296897395336587322e-01
3.081952936261845855e-01 2.636063454968298053e-02 3.851907856238932504e-01 2.802532862002391489e-01
2.928515608716146801e-01 3.679005486527676255e-02 4.111792445682631580e-01 2.591791396948454618e-01
3.057212453326945134e-01 3.417584111805577890e-02 4.418034481248815371e-01 2.182994654243681498e-01
2.638821021497150809e-01 3.395566332064185039e-02 3.974791485165474758e-01 3.046830860130954610e-01
3.314083836098442037e-01 1.731165804989462029e-02 4.362995958348270809e-01 2.149803625054340084e-01
3.001524114278169564e-01 4.102745767297955731e-02 3.912262093886138548e-01 2.675939215105895830e-01
3.025236462304647378e-01 2.004333658117368397e-02 3.911718457313748676e-01 2.862611714569867627e-01
2.795945287385315781e-01 2.077358777258415598e-02 3.700309657047873291e-01 3.296009177840969473e-01
2.820263776270915401e-01 4.345543500290129091e-02 4.434948732027353957e-01 2.310233141672718427e-01
3.299599196183111705e-01 4.810077172653701855e-02 3.685613778055163436e-01 2.533779308496356131e-01
2.641950374620642417e-01 2.198060587808445265e-02 4.309510691547245309e-01 2.828732875051267470e-01
3.267678894270569789e-01 2.381930154036079189e-02 4.022510117394147433e-01 2.471617972931673957e-01
2.316438535448524516e-01 2.512200173627919531e-02 4.730797030856181973e-01 2.701544416332500864e-01
3.370913966209135304e-01 3.775573536213732567e-02 3.945720775386534207e-01 2.305807904782956053e-01
2.733250914411619603e-01 1.706529240640944009e-02 4.006225587285793255e-01 3.089870574238491319e-01
3.109268693257312144e-01 1.084642965129604432e-02 4.070231236452506729e-01 2.712035773777221603e-01
2.521107096271723580e-01 3.607346729970217075e-02 4.065881926606171870e-01 3.052276304125081663e-01
2.561793616280640951e-01 2.202840951214729906e-02 4.341443322582452802e-01 2.876478966015432737e-01
2.896503477301882734e-01 1.661910084192327539e-02 4.242484208793986245e-01 2.694821305484899066e-01
3.231656302497213917e-01 1.824721556091454464e-02 3.972554886538735008e-01 2.613316655354904761e-01
3.029324073544155671e-01 1.918084876362599264e-02 4.233639653082249543e-01 2.545227785737334547e-01
2.906682270091244802e-01 2.422180298848633159e-02 4.189069716651122599e-01 2.662029983372770081e-01
2.607242555483816338e-01 1.416985052799356500e-02 4.385874910564195317e-01 2.865184028672052574e-01
2.495608968644228431e-01 2.229305808605532360e-02 4.662308516840741324e-01 2.619151933654476072e-01
2.585793980692729366e-01 2.277210483999836041e-02 4.049580744971282842e-01 3.136904225936005264e-01
3.274006190690458840e-01 2.720958724796198117e-02 3.928563672690301711e-01 2.525334264139618146e-01
3.030546486032617004e-01 1.458738865768161030e-02 4.196002483959989648e-01 2.627577143430576134e-01
3.453098479647723762e-01 3.592187733411799505e-02 3.750486034819027203e-01 2.437196712192068460e-01
2.525138009123842342e-01 1.194919947473279710e-02 4.607362228426473139e-01 2.748007767702355664e-01
2.976698910166534762e-01 1.809289923788055809e-02 3.747682096355584580e-01 3.094690001099075216e-01
2.938384122912616192e-01 4.487243781063932763e-02 4.354005095737135678e-01 2.258886403243854923e-01
2.674072138874053484e-01 3.292127001534438102e-02 4.299322635315375729e-01 2.697392525657127393e-01
2.994613465200934854e-01 4.022259043453295380e-02 3.792271259441927223e-01 2.810889371011808247e-01
3.446867870001449896e-01 1.504162756425322760e-02 3.745520512191576890e-01 2.657195342164440088e-01
2.601194366229702681e-01 1.731971675473887445e-02 4.490327518831878639e-01 2.735280947391032225e-01
2.648003808004095738e-01 2.537929256161232383e-02 4.101375626725413115e-01 2.996827639654367492e-01
3.057106786160952439e-01 2.259912731817695017e-02 3.814559202618584832e-01 2.902342738038693470e-01
2.878894172756656933e-01 3.570945902987712056e-02 4.211684936581068794e-01 2.552326300363503275e-01
2.867191606986547736e-01 3.122683113188580786e-02 4.444797225317888567e-01 2.375742856376705237e-01
2.708093304061110485e-01 1.657511798752680024e-02 4.538357149914775679e-01 2.587798366148845730e-01
2.703501781767219114e-01 1.893745569843013205e-02 4.263973348687328802e-01 2.843150312561153470e-01
2.902262154607895273e-01 1.759888719441500896e-02 4.826643659042230139e-01 2.095105314405724395e-01
3.151309733488631970e-01 1.560529154590910988e-02 4.081911105710892551e-01 2.610726245341384311e-01
2.461607705107903832e-01 2.845969773835901190e-02 4.746592671890162984e-01 2.507202645618342163e-01
2.837755864198264200e-01 2.484681940217303014e-02 4.246672710734017420e-01 2.667103231045987455e-01
2.847800763281864156e-01 3.374811494209390555e-02 4.185792469974851104e-01 2.628925617322345754e-01
3.189186893271986900e-01 2.659226148928512876e-02 4.033272111342197097e-01 2.511618380492965374e-01
3.040528438115115417e-01 2.456640189737950911e-02 4.278002230855691423e-01 2.435805312055397687e-01
3.291286648675575410e-01 2.348525557925346466e-02 3.781472599281944791e-01 2.692388196249947407e-01
2.590847487006165961e-01 2.017046637136384393e-02 4.440670306225060759e-01 2.766777543055133903e-01
2.183368705822225642e-01 4.633320616167942163e-02 4.255456055337054622e-01 3.097843177223924549e-01
2.946085028974409492e-01 3.506074743248318443e-02 4.209987173785884051e-01 2.493320322914873988e-01
2.885892858811381911e-01 1.738923163377843403e-02 4.202864181979507618e-01 2.737350642871327344e-01
2.690957894164114905e-01 2.474926284549714556e-02 4.112327818483983988e-01 2.949221658896928888e-01
2.801949222217480218e-01 1.320191210782886704e-02 4.117581432847556289e-01 2.948450223856673991e-01
3.146432852817584447e-01 2.113701372988145352e-02 4.078322627896388552e-01 2.563874381987212292e-01
3.298703750703114723e-01 3.389345228892939182e-02 3.586875865678120223e-01 2.775485860729470233e-01
2.681184851551768888e-01 1.938500213217099130e-02 4.407362617690175899e-01 2.717602509436345404e-01
3.410340035591945540e-01 2.036564337289186941e-02 4.041850485048054664e-01 2.344153045631081900e-01
3.056186424990042227e-01 4.043445589261097928e-02 3.708185755989911181e-01 2.831283260093935827e-01
2.952453503251618594e-01 1.181651063324292740e-02 4.495070931501021771e-01 2.434310458914930309e-01
3.266616229154079565e-01 1.806255005891615681e-02 4.308243151987649067e-01 2.244515118269109766e-01
2.446135266937730646e-01 3.425666996128336889e-02 3.788315203249295604e-01 3.422982830200139159e-01
3.253867831444232639e-01 3.860838668028938880e-02 4.233240408807563693e-01 2.126807892945310197e-01
2.632936768313489106e-01 4.369812709967513253e-02 4.158656085728707485e-01 2.771425874961053193e-01
2.505536611005088621e-01 2.706560511929159696e-02 4.298385066394619924e-01 2.925422271407374097e-01
2.885191762559478068e-01 2.584638816989429447e-02 4.108758998682553454e-01 2.747585357059025291e-01
3.175840326839495242e-01 3.549461803356675216e-02 3.789570044684839045e-01 2.679643448139998885e-01
2.922375305493183362e-01 2.796117234904069854e-02 4.023085460916875911e-01 2.774927510099532979e-01
2.876563912791059163e-01 3.263604418813299823e-02 4.237679872701539119e-01 2.559395772626071874e-01
3.218670410473372656e-01 3.970073412687927239e-02 4.314326218392665613e-01 2.069996029865168452e-01
3.245419400456412418e-01 2.899858753367650158e-02 4.235026465695936326e-01 2.229568258510885304e-01
2.553227527728593182e-01 2.029111292343595621e-02 4.181659724833603486e-01 3.062201618203442832e-01
3.341358478171118640e-01 1.475598105810904323e-02 4.322680276958049683e-01 2.188401434289739822e-01
2.342199633565355266e-01 1.891954629424221282e-02 4.829236128275398165e-01 2.639368775216824892e-01
2.671292291084976234e-01 3.283946307004286663e-02 4.342774678766128660e-01 2.657538399448466371e-01
2.655965497366626904e-01 2.713187393956376439e-02 4.410038647212900509e-01 2.662677116024833590e-01
3.520931168582928095e-01 1.910904097368388080e-02 3.448655048547354385e-01 2.839323373132877082e-01
3.168392964474638918e-01 2.047887351883420984e-02 4.091667549646260116e-01 2.535150750690759458e-01
3.102569230312119952e-01 1.872310749776056119e-02 3.763546236141019352e-01 2.946653458569254980e-01
2.650140776012755439e-01 2.636765950520753368e-02 4.462440865071815033e-01 2.623741763863354226e-01
2.944447561631392540e-01 2.030363737343313102e-02 4.139178214234673359e-01 2.713337850399604179e-01
2.794017161548168482e-01 2.555086894501169478e-02 4.205459377216067551e-01 2.745014771785646568e-01
3.356969510057650208e-01 3.279196537275511775e-02 3.906968485937459823e-01 2.408142350277338584e-01
2.882975058655060097e-01 3.038263153968420727e-02 3.757668102712486968e-01 3.055530523235610585e-01
3.105837957717619280e-01 3.287170189641600709e-02 3.893589541278218435e-01 2.671855482040002561e-01
2.857211176742467940e-01 2.543084357884703439e-02 3.827749273917505635e-01 3.060731113551556359e-01
4.055793071252434823e-01 1.944691756531943469e-02 3.883862756221874712e-01 1.865874996872496361e-01
2.485141450778346472e-01 2.824464942654522290e-02 4.407204444566050761e-01 2.825207610390151336e-01
2.704787939951711073e-01 3.679392894161438721e-02 4.065773405435684773e-01 2.861499365196459865e-01
3.342240900431997508e-01 3.072827690754969393e-02 3.804531187023319494e-01 2.545945143469185434e-01
3.207140048874034810e-01 3.844471879162950079e-02 3.446821958147054943e-01 2.961590805062616072e-01
2.583352805101304939e-01 1.846040764903042128e-02 4.474624483597798852e-01 2.757418634810591129e-01
2.893103864720299456e-01 2.729239092642125192e-02 4.141738810678115557e-01 2.692233415337373370e-01
2.730273104574968412e-01 1.491781524218931468e-02 4.667706577500539411e-01 2.452842165502597815e-01
3.001257568765258177e-01 2.351190654975520919e-02 4.317211842927083931e-01 2.446411522810106876e-01
3.179271600990914992e-01 3.421647794283699112e-02 4.202696621337755900e-01 2.275866998242960793e-01
2.318753070082953394e-01 1.449904804334540415e-02 5.515262905329398890e-01 2.020993544154193744e-01
3.310438701169261533e-01 8.679311459002575849e-03 3.404271636041719118e-01 3.198496548198992984e-01
2.458057154823964086e-01 1.442232773652940385e-02 4.443831871668489919e-01 2.953887696142251662e-01
3.201448924623045977e-01 3.087901554350053202e-02 3.942213045041861874e-01 2.547547874900086828e-01
2.453214065022729373e-01 2.752625218518080924e-02 4.590630277761205691e-01 2.680893135364255664e-01
3.302993103605360026e-01 1.555132291711414615e-02 4.254242331172734537e-01 2.287251336050765138e-01
2.592316306121493219e-01 1.128405289097266645e-02 4.289362094319800756e-01 3.005481070648979847e-01
2.715012286398667540e-01 3.377476963969273244e-02 4.184379486169761408e-01 2.762860531034643796e-01
3.317139398904008774e-01 1.875833551447565056e-02 3.906253793980651312e-01 2.589023451970584033e-01
2.695920897292820029e-01 1.290332923598916728e-02 4.766527082204822241e-01 2.408518728142467202e-01
2.637760394452155488e-01 3.506420632131397597e-02 4.360963919768799379e-01 2.650633622565904401e-01
3.141027151744826273e-01 2.899622937943648060e-02 3.702807304569041280e-01 2.866203249891767224e-01
2.516512613055010839e-01 2.303319590382340784e-02 4.741434527928154452e-01 2.511720899978600596e-01
2.652431012058767412e-01 2.291303095909632409e-02 4.478091107320644193e-01 2.640347571029625362e-01
2.959770781426886987e-01 3.045674360994951591e-02 3.836792360815445280e-01 2.898869421658172296e-01
2.892648366602024734e-01 2.137747377699320689e-02 4.283122242215917086e-01 2.610454653412127568e-01
3.078669669819130150e-01 2.855491614754680080e-02 4.016036549543398060e-01 2.619744619162004962e-01
3.446878093895894835e-01 1.196602437711029657e-02 3.935507191031187291e-01 2.497954471301815915e-01
2.604197786631366474e-01 3.500148892086354241e-02 4.276821152467031872e-01 2.768966171692965883e-01
2.839887578128548196e-01 3.103893067088437860e-02 4.209051543292363085e-01 2.640671571870245038e-01
2.512439741736169907e-01 5.055444546428320557e-02 4.192755939487142758e-01 2.789259864133855071e-01
3.042198967326245618e-01 1.624588452940002245e-02 4.166626262015670767e-01 2.628715925364084049e-01
2.928709614217906432e-01 1.890401127443544840e-02 3.963295571102113946e-01 2.918954701935625451e-01
2.700736845020625387e-01 2.808033850477826068e-02 4.254538618172903908e-01 2.763921151758687023e-01
3.571346538286254146e-01 1.547701311938540387e-02 3.970481938069805317e-01 2.303401392450084850e-01
2.699762764228774148e-01 1.347786266717574885e-02 3.982520083936201272e-01 3.182938525163266918e-01
3.055943350605698772e-01 1.913311005051266528e-02 4.140390219658836024e-01 2.612335329230338621e-01
3.301377849676987442e-01 1.801786124844768910e-02 3.998267722510251421e-01 2.520175815328283275e-01
3.048673403078256405e-01 3.006064276802727919e-02 3.925923585311328345e-01 2.724796583930143568e-01
2.287596537175024536e-01 2.115209091674076503e-02 4.679870463025690985e-01 2.821012090631875857e-01
2.682969618477639706e-01 1.888126970271230762e-02 4.251406203093762715e-01 2.876811481401473913e-01
2.999565922218024872e-01 2.971808940710014835e-02 4.496781334072027514e-01 2.206471849638946270e-01
2.495674830172101011e-01 1.395143468619480104e-02 4.000729452238123152e-01 3.364081370727827203e-01
3.014191480674833779e-01 2.154725403585614624e-02 4.231928880511114932e-01 2.538407098455490729e-01
2.683085569529413128e-01 2.387506390143415147e-02 4.359910232803587138e-01 2.718253558652659607e-01
2.765015014974702701e-01 2.165325188755847646e-02 4.397377289055287575e-01 2.621075177094426278e-01
2.433580400564084034e-01 3.151086228105910020e-02 4.147701609920104171e-01 3.103609366705222250e-01
2.686339319984608620e-01 2.404728415679307021e-02 3.919170922016289027e-01 3.154016916431169881e-01
2.410021217177718278e-01 2.441150426831989115e-02 4.637778733986046564e-01 2.708085006153035934e-01
2.668249335231293595e-01 3.347452674232587189e-02 4.333807189411368888e-01 2.663198207934078798e-01
2.603155168058294833e-01 1.852585355322657404e-02 4.326676596639472128e-01 2.884909699769966362e-01
2.802458054166860335e-01 2.117219549074181306e-02 3.860479907087834839e-01 3.125340083837888083e-01
3.090148095454888777e-01 1.955747607343538003e-02 4.186730554108807345e-01 2.527546589701950008e-01
3.062675419443391389e-01 9.115437674409285901e-03 4.130132529597380087e-01 2.716037674215135422e-01
3.101437781657598869e-01 3.248701252115322735e-02 3.682423688269239603e-01 2.891268404861630503e-01
2.941859051253049029e-01 2.500000808985226516e-02 4.146800764411840978e-01 2.661340103436587445e-01
2.753953218021391036e-01 1.131968861599262979e-02 4.619239796015208732e-01 2.513610099803475495e-01
3.019551003524241217e-01 3.321915175141992166e-02 4.058649753836451879e-01 2.589607725125108728e-01
3.195505494459923157e-01 3.630857314586602436e-02 4.064826634167738040e-01 2.376582139913678560e-01
3.125498370913858959e-01 3.015614130174135502e-02 4.362245082289354925e-01 2.210695133779372323e-01
2.707363768476080401e-01 2.888544692869240635e-02 3.842816485926255909e-01 3.160965276310738759e-01
2.703397824056283372e-01 1.562149905805326582e-02 4.193964898953513876e-01 2.946422286409668967e-01
2.786457091756417981e-01 2.394430759128346464e-02 3.758779012318280710e-01 3.215320820012467218e-01
2.668266362422759275e-01 1.280260940721544491e-02 4.475744341559125261e-01 2.727963201945961536e-01
2.760335775646052814e-01 1.925098863536668647e-02 4.630816227612508107e-01 2.416338110387770688e-01
2.968896660970221091e-01 3.794321576398158868e-02 4.047242452024372161e-01 2.604428729365591000e-01
3.007739210074669156e-01 3.399059486422460058e-02 3.940095436267705975e-01 2.712259405015378655e-01
2.852627495070975683e-01 2.584904726501617220e-02 4.228260934841983065e-01 2.660621097436880467e-01
3.429145738032042812e-01 2.681142442079213067e-02 3.654391199685602665e-01 2.648348818074432454e-01
2.885967084672546035e-01 3.008634804677990868e-02 4.167337196002932620e-01 2.645832238856721808e-01
2.885828726957427870e-01 1.453991479465730971e-02 4.679499655980706163e-01 2.289272469115292696e-01
3.152400625163003234e-01 2.301077582397418470e-02 3.618102344851261698e-01 2.999389271745993013e-01
2.899265304746767025e-01 2.146365022574796277e-02 4.208251946813222899e-01 2.677846246182531975e-01
2.874233726694352953e-01 3.294341923994485027e-02 4.451905996516468123e-01 2.344426084389730769e-01
3.369493459379369615e-01 1.217656422010057402e-02 4.058272781377366134e-01 2.450468117042258476e-01
2.906191959940978564e-01 1.277973151723212249e-02 4.329279206171204875e-01 2.636731518715494382e-01
3.064535916170149088e-01 1.804460707389437743e-02 4.026652931221392229e-01 2.728365081869515985e-01
2.892451036190031854e-01 1.898732922862486280e-02 4.308415323755949156e-01 2.609260347767768939e-01
3.307055737834083686e-01 1.875343391189166278e-02 3.993855513786775391e-01 2.511554409260223775e-01
3.176556230879313270e-01 1.141940935433740853e-02 4.066862731287229082e-01 2.642386944290083250e-01
2.840616146262365804e-01 1.898910400695360753e-02 4.535506251482828155e-01 2.433986562185269376e-01
3.013420510885265191e-01 1.418762369834136033e-02 4.117528676077472638e-01 2.727174576053848498e-01
3.122799060154390349e-01 1.742851978958005754e-02 3.934135480102660121e-01 2.768780261847149093e-01
3.428563766287478498e-01 4.464695637599071926e-02 3.709637843341100916e-01 2.415328826611513047e-01
2.695193557083714331e-01 3.719552643953643462e-02 4.024183945205650481e-01 2.908667233315270773e-01
3.207688352745509119e-01 2.607366078018360719e-02 4.109730586346894143e-01 2.421844453105759243e-01
3.355557408144109188e-01 2.864527322816018406e-02 3.654742811313256845e-01 2.703247048261033791e-01
2.806674359933041818e-01 2.676945570964725171e-02 3.855406470450196688e-01 3.070224612520288110e-01
3.035694522280180663e-01 1.962910234282404243e-02 3.894706735741362280e-01 2.873307718550217049e-01
2.514084320784611415e-01 2.647683148462057212e-02 4.371369083282211632e-01 2.849778281086973175e-01
3.315881974811751842e-01 1.829876837875534998e-02 4.011321791834757677e-01 2.489808549565936946e-01
2.788543369571440111e-01 2.839668240675348801e-02 4.027849685911764066e-01 2.899640120449260561e-01
2.824383706348662648e-01 2.283988577033648631e-02 4.278471718156927062e-01 2.668745717791046190e-01
3.003241231866544125e-01 2.951693059775297584e-02 4.121088946013052312e-01 2.580500516142874567e-01
3.185403161126353910e-01 2.692689896162513835e-02 3.931240806025387280e-01 2.614087043232006802e-01
3.074204994872407060e-01 2.414236090467779955e-02 3.911067848254515256e-01 2.773303547826299620e-01
3.101743356804262386e-01 2.087681723827285868e-02 4.422167655126702512e-01 2.267320815686305890e-01
2.994599236606195203e-01 1.881821808573991978e-02 4.313709076149601640e-01 2.503509506386803474e-01
3.044318684883317583e-01 1.282106462769713566e-02 4.096963163161116417e-01 2.730507505678594349e-01
2.699854997873073481e-01 2.086928668389985073e-02 4.682248691396981854e-01 2.409203443890946816e-01
3.135727438627497476e-01 1.201936025396791417e-02 3.951376141831879907e-01 2.792702817000943805e-01
2.606451582358842445e-01 1.306633014088279428e-02 4.738933080912589579e-01 2.523952035319740883e-01
3.080937123033511416e-01 2.196413471159965047e-02 4.263791820161297874e-01 2.435629709689195455e-01
2.670122650556601140e-01 2.832296852946709215e-02 4.357278576931267189e-01 2.689369087217460264e-01
3.126255056215672123e-01 1.927472834641815597e-02 3.706916997863781704e-01 2.974080662456363711e-01
2.766566814885554892e-01 2.506963791422130508e-02 4.070572515616502907e-01 2.912164290355730989e-01
2.738714055927787827e-01 2.397378258694141812e-02 4.468657055948654921e-01 2.552891062254143972e-01
2.768230259810053884e-01 2.113999397036621028e-02 4.219487326451130671e-01 2.800882474035152891e-01
3.285366341562777626e-01 1.231881896484226038e-02 4.201117134658857721e-01 2.390328334129942223e-01
2.749088801772596735e-01 4.440592240034050425e-02 3.950561368905766702e-01 2.856290605318231313e-01
2.457395140536270395e-01 1.348851592707365002e-02 4.141346178804825584e-01 3.266373521388168943e-01
3.231374553831191654e-01 3.088156989286573034e-02 4.055648050415436301e-01 2.404161696824715921e-01
3.031416023722230957e-01 3.597112108835144595e-02 3.857766841666659396e-01 2.751105923727595881e-01
2.728126580969180148e-01 4.069377468590104630e-02 4.284991280150625137e-01 2.579944392021183419e-01
2.581065698568666966e-01 1.810753815279753445e-02 4.285804792786799267e-01 2.952054127116557902e-01
3.066364540173412423e-01 2.238679699739463957e-02 4.255297436909913911e-01 2.454470052942727409e-01
2.548129589912819237e-01 2.299970563781168764e-02 4.140077270095436357e-01 3.081796083613627668e-01
3.568405718183167985e-01 1.086427576563652950e-02 3.833346587985530518e-01 2.489604936174935335e-01
2.891710564408909168e-01 3.452907808214588509e-02 4.497420822060148593e-01 2.265577832709482209e-01
2.473564527223561793e-01 4.500745509466447247e-02 4.473712969390629124e-01 2.602647952439164913e-01
3.153491217288741377e-01 2.981790097708992768e-02 3.427115093667532086e-01 3.121214679272825698e-01
