3.557642610250562609e-01 3.007867835121820488e-02 2.935475791467145323e-01 3.206094814770110712e-01
3.210213917868012801e-01 3.370636279962131721e-02 3.118272678163767075e-01 3.334449775972006536e-01
3.816572380375588547e-01 4.114069756349732904e-02 2.595963369754263339e-01 3.176057274235176697e-01
3.722240341957191445e-01 3.775877351983231156e-02 2.677607990239218583e-01 3.222563932605269077e-01
3.564134712759683965e-01 4.687038440368521824e-02 3.016250291953683216e-01 2.950911151249779873e-01
3.992500544242484350e-01 7.547940344440835780e-02 2.550624876243265393e-01 2.702080545070165707e-01
3.162874497202382562e-01 6.723909423084308001e-02 3.074357543211921340e-01 3.090377017277266547e-01
3.658638617853932073e-01 4.381503214088782600e-02 3.045770844175765268e-01 2.857440216561424329e-01
4.170574242355752359e-01 2.255967427620660451e-02 2.501530587911158232e-01 3.102298426971022427e-01
4.204004829480565975e-01 4.263920935089126479e-02 2.825293454248115066e-01 2.544309622762405687e-01
3.828313367482288343e-01 3.841892867638025538e-02 3.267072227477371693e-01 2.520425118276537479e-01
4.380544011113900460e-01 4.540630499492974426e-02 2.807021330938897496e-01 2.358371607997903074e-01
4.154956517335308130e-01 4.049703989358986733e-02 2.671759419287892956e-01 2.768313664440899546e-01
4.093798651120201249e-01 2.469913861406863517e-02 2.735221242551751364e-01 2.923988720187358781e-01
3.232099239832665893e-01 3.033130982508413717e-02 3.312664543467206402e-01 3.151923118449286854e-01
4.298801757053387629e-01 5.748300529207898968e-02 1.912838320516861979e-01 3.213529869508960357e-01
3.914261881732197246e-01 3.388677591567042929e-02 2.841942670513147307e-01 2.904927688597950808e-01
3.594435100629447821e-01 3.488113502182648568e-02 2.664400545884846316e-01 3.392353003267439826e-01
4.196221601441310622e-01 3.876054716846578235e-02 2.687590112790190777e-01 2.728582814083840846e-01
4.029159818828507711e-01 3.289793522578490781e-02 2.542282818644138187e-01 3.099578010269504191e-01
3.780419488218727531e-01 2.295461022002023496e-02 2.514964155357166664e-01 3.475070254223902033e-01
4.181287460770252151e-01 4.824534712148058346e-02 2.637714440705150043e-01 2.698544627309791277e-01
3.842319473778850747e-01 4.030891601226831850e-02 2.754206605292721100e-01 3.000384760805746009e-01
4.229611843952495454e-01 3.441531283395157098e-02 2.529637162118446025e-01 2.896597865589543574e-01
4.387287296704868167e-01 4.671858883136645324e-02 2.407622398187993229e-01 2.737904416793473517e-01
4.086003210450560585e-01 1.614391252560097231e-02 2.458950026680828682e-01 3.293607637612600558e-01
4.061148619404731375e-01 2.754676484832321512e-02 2.527069698634775152e-01 3.136314033477261565e-01
4.041321322386990378e-01 4.290015207766129102e-02 2.792503678752561447e-01 2.737173478083836375e-01
3.650128245813710759e-01 2.595579285439491082e-02 2.913866625505578400e-01 3.176447200136762183e-01
3.888619780632723844e-01 3.672731739671168671e-02 3.158491678797459845e-01 2.585615366602700416e-01
4.271347943299597660e-01 3.108141924973522457e-02 3.011318117063023214e-01 2.406519747140027643e-01
3.539657867033885741e-01 7.075116475127160576e-02 2.967184827523017265e-01 2.785645657930380104e-01
3.471911848651045851e-01 4.523307177541283780e-02 2.829112010842236846e-01 3.246645422752587606e-01
3.888238859415817927e-01 4.366428879602465840e-02 2.842444177466904587e-01 2.832674075157032290e-01
3.959756350694799698e-01 3.811898617271349682e-02 2.831041531358743368e-01 2.828012256219321618e-01
3.246378638402520611e-01 3.207643625905600565e-02 2.814660600726914819e-01 3.618196398280004722e-01
4.148992434378944161e-01 4.183061417079825955e-02 2.762565209824097701e-01 2.670136214088974502e-01
3.851055139122099291e-01 4.839267877929825240e-02 2.492542285327959406e-01 3.172475787756959265e-01
3.688755953650160735e-01 3.043359155849875361e-02 2.815708072400262552e-01 3.191200058364588865e-01
3.224415734115280707e-01 2.649927730275277935e-02 3.021297305567912650e-01 3.489294187289277427e-01
3.837716662310896587e-01 3.673307339501243052e-02 2.683854159141083051e-01 3.111098444597896751e-01
3.965843150578579057e-01 5.342439719593737590e-02 3.299674832704218574e-01 2.200238044757827915e-01
3.873222101883688206e-01 4.045237837205725023e-02 2.738753417584350314e-01 2.983500696811388631e-01
3.520416837545473632e-01 4.122060432834014770e-02 3.085241251595989276e-01 2.982135867575136934e-01
3.845638726613745950e-01 2.522328524408995465e-02 2.963453273112758857e-01 2.938675147832594536e-01
4.067008183615133943e-01 4.230735935359682814e-02 2.662635298285014329e-01 2.847282924563883100e-01
3.641437298805160205e-01 4.671618086398099390e-02 2.934670604840867170e-01 2.956730287714161021e-01
3.708470566885437303e-01 5.048837426422590757e-02 2.559035624228533368e-01 3.227610066243771780e-01
3.643021394668929935e-01 4.563486242025432266e-02 3.250127939695353074e-01 2.650502041433174805e-01
3.371338791430876780e-01 3.593864150429035981e-02 3.186177143789579724e-01 3.083097649736639134e-01
3.927894076788037703e-01 1.526232423717302847e-02 2.834468387627587238e-01 3.085014293212643421e-01
3.645637542062416525e-01 4.960483696527346470e-02 2.689851241666730286e-01 3.168462846618119721e-01
3.951520466317489100e-01 4.429017402424952066e-02 2.961398087620859543e-01 2.644179705819156845e-01
3.841558836179040370e-01 2.427929698461039551e-02 3.002824445718963453e-01 2.912823748255892742e-01
3.816334723877928825e-01 6.666854233342284219e-02 2.446945982801472796e-01 3.070033869986370512e-01
3.803883318199348107e-01 5.558841541531205077e-02 3.208363101596125033e-01 2.431869426051407601e-01
3.910152975703038991e-01 3.439442047073848485e-02 2.520995974958937791e-01 3.224906844630637814e-01
3.056589984752519085e-01 3.731985418823443451e-02 3.217959706566645983e-01 3.352251766798491350e-01
4.205222843573003799e-01 3.083066311197230069e-02 2.490898643100778187e-01 2.995571882206493619e-01
3.931057913348692257e-01 6.600145507824943525e-02 2.649184048887107124e-01 2.759743486981705574e-01
3.607724516225109812e-01 2.705560301874963824e-02 3.052866885472564351e-01 3.068852568114829871e-01
3.183382727119066224e-01 3.891377347128958941e-02 2.614498506849038950e-01 3.812981031318999348e-01
3.683584590871478159e-01 1.590091561836089878e-02 3.152923652413358591e-01 3.004482600531553360e-01
4.117072779360697599e-01 2.647693303454270661e-02 2.963203627768779547e-01 2.654954262525095476e-01
4.383709569788116212e-01 3.518272871436514682e-02 2.086760112536606981e-01 3.177703030531623951e-01
4.116149865944095931e-01 3.401037662246336052e-02 2.811326344695810331e-01 2.732420023135460618e-01
3.685664488804997752e-01 3.273690395212609794e-02 2.826606500751940310e-01 3.160359970921799433e-01
3.936286173754550699e-01 3.949127001179289498e-02 2.876098503052755828e-01 2.792702623074765356e-01
3.984446401929330750e-01 4.346692610940530721e-02 2.592069505998826906e-01 2.988814830977788994e-01
3.493879751502863007e-01 3.784573838332837975e-02 3.228265638539113414e-01 2.899397226124739713e-01
3.779865903146181760e-01 2.398438773867821866e-02 3.102273717583122759e-01 2.878016501883913225e-01
3.840924867948051213e-01 4.667036402849998600e-02 2.954590867951548683e-01 2.737780623815400660e-01
3.741955689514562811e-01 1.761490122336032554e-02 3.147126628210059063e-01 2.934768670041774108e-01
3.250752237610376461e-01 3.845169693005740658e-02 3.171359775280019333e-01 3.193371017809032431e-01
4.144699016875752484e-01 2.886492341076233800e-02 2.724036283219152255e-01 2.842615465797471708e-01
3.918323431365507425e-01 3.674934231199160350e-02 2.648515870777166659e-01 3.065667274737410297e-01
2.899903511010248347e-01 6.510989948898447677e-02 2.759652015472938702e-01 3.689345478626967489e-01
3.918768650797145314e-01 3.320717670589549975e-02 2.753407758004116634e-01 2.995751824139784580e-01
3.615679652328851468e-01 2.885232424341267060e-02 3.263154340808001597e-01 2.832642764429020854e-01
3.813883992387249733e-01 3.952282236345314864e-02 2.433868849380666499e-01 3.357018934597552073e-01
3.558520231674509038e-01 4.016353138085503732e-02 2.806310834924206632e-01 3.233533619592734998e-01
3.357838674693642278e-01 3.870136868129022550e-02 2.922965126647207312e-01 3.332182511846247253e-01
3.464943280884988930e-01 4.599682534422238483e-02 2.895161733816385974e-01 3.179926731856402289e-01
3.416300502498906266e-01 5.754445510515943801e-02 2.791725884033396388e-01 3.216529062416105256e-01
3.986465383213987357e-01 5.005065857774565474e-02 2.502010915828036808e-01 3.011017115180519843e-01
4.112341911316689802e-01 3.650751361742443635e-02 2.236159249102302460e-01 3.286423703406762820e-01
4.125576814625383504e-01 4.614156015279979872e-02 2.810759937435968747e-01 2.602247646410649762e-01
3.690686283845662774e-01 4.793384658340492377e-02 2.689818416664943035e-01 3.140156833655345370e-01
3.897174008876770346e-01 3.210157816401729147e-02 2.875879824672826213e-01 2.905930384810229694e-01
4.058038044189632432e-01 4.427498087335419996e-02 2.962259005586438954e-01 2.536953141490386754e-01
4.109185551588028229e-01 4.653654139842364895e-02 2.866026970533029350e-01 2.559422063894706834e-01
3.607175346317856857e-01 2.227668290140338500e-02 2.742511063850270325e-01 3.427546760817837268e-01
3.737033240119085331e-01 4.178691186854553707e-02 2.975516014951432031e-01 2.869581626244027683e-01
3.911788984537165059e-01 5.220639285182541306e-02 2.056935237237702829e-01 3.509211849706878605e-01
4.395456666859379746e-01 2.394966129581865139e-02 2.389312298937884271e-01 2.975734421244550787e-01
4.259660077414518242e-01 2.308665996414342378e-02 2.565420975599789211e-01 2.944052347344259246e-01
3.768335682169440259e-01 3.021360260941187079e-02 2.735154003057486127e-01 3.194374288678955010e-01
3.771560056100640157e-01 2.762079420662478038e-02 3.023528278197386565e-01 2.928703723635725509e-01
4.229398723900886781e-01 3.360845091997412271e-02 2.239202286455184709e-01 3.195314480444186866e-01
3.931824347276929310e-01 4.537308239952094618e-02 2.746618992148088245e-01 2.867825836579773746e-01
4.112949605783478568e-01 3.371736189646719339e-02 2.707988088104485436e-01 2.841888687147364201e-01
3.846531913576895501e-01 4.254804919007051239e-02 3.334646085070708810e-01 2.393341509451690219e-01
3.443079346618268533e-01 5.170017948425598142e-02 2.726722367705500805e-01 3.313196490833671404e-01
3.835697390583742150e-01 3.704855030075548256e-02 2.599037224141735325e-01 3.194779882266967075e-01
3.393945555311047024e-01 6.897326708293406716e-02 2.383936492974722821e-01 3.532385280884889345e-01
3.955221804058346446e-01 5.360383993263033442e-02 2.550590829316151109e-01 2.958148967299198961e-01
4.264677745321870383e-01 5.057659941446157603e-02 2.756961535564378396e-01 2.472594724969134350e-01
4.262093305010015709e-01 5.757505013911665831e-02 2.643433513133742196e-01 2.518722680465073638e-01
4.333672447380850223e-01 3.497275614252187692e-02 2.488890544419319895e-01 2.827709446774611668e-01
3.270220052346007322e-01 3.009178750485310208e-02 3.279895107317721270e-01 3.148966965287738895e-01
3.631714316801247788e-01 6.127825219961110376e-02 2.536602648435106744e-01 3.218900512767535194e-01
3.703841479550409876e-01 4.641498982482027136e-02 2.986587157888138111e-01 2.845421464313249160e-01
4.554986147630799009e-01 1.862457844845586546e-02 2.088372507686453994e-01 3.170395560198189244e-01
3.744178187495348364e-01 2.864324701769277101e-02 2.697337745774406881e-01 3.272051596553316455e-01
3.729951039676407398e-01 6.839102551147926978e-02 2.861432819686307027e-01 2.724705885522492599e-01
4.243059177284345118e-01 2.623983744206641669e-02 2.748451756358600839e-01 2.746090691936390882e-01
3.575256330250041747e-01 4.535076471575241741e-02 2.954287753852790632e-01 3.016948268739643724e-01
3.584452484024930330e-01 4.184392664348784291e-02 2.865123542393546718e-01 3.131984707146644453e-01
4.016634025909085470e-01 4.095237100405767910e-02 2.607309943292195342e-01 2.966532320758142882e-01
3.585169561361618018e-01 3.976681770365447788e-02 2.517890025106384599e-01 3.499272236495452604e-01
3.659401848985882055e-01 2.824572754930270921e-02 3.012920680701426934e-01 3.045220194819663329e-01
3.854926985493732916e-01 2.442735240377921432e-02 2.926931167077457263e-01 2.973868323391017365e-01
4.267352733020826627e-01 4.468760961296046330e-02 2.831158277068532847e-01 2.454612893781036309e-01
3.658435965300180226e-01 4.338771555236393962e-02 2.665441289862143237e-01 3.242245589314036169e-01
3.898264442144935282e-01 4.447096325343965345e-02 2.751584678258166550e-01 2.905441247062501287e-01
4.116642042367943399e-01 2.874716102188501488e-02 2.573149140747881813e-01 3.022737206665323528e-01
3.940604768662253621e-01 4.515740914247172444e-02 2.711204278108176324e-01 2.896616861804852672e-01
4.054879190402196354e-01 2.924421359285348659e-02 3.040826372298335856e-01 2.611852301370932161e-01
4.093622493147215380e-01 3.322166889888101410e-02 2.709497612649112153e-01 2.864663205214862396e-01
4.480609778257105824e-01 4.775146752758844398e-02 2.686391022128318262e-01 2.355484524338689878e-01
4.172467377663304777e-01 4.278277509884668289e-02 2.727790769292234296e-01 2.671914102055993334e-01
4.157412190576401656e-01 5.409067662731024961e-02 2.537691420192536573e-01 2.763989622957958581e-01
4.069264930763660248e-01 3.787095009022173331e-02 2.441446257969488998e-01 3.110579310364632866e-01
3.754453222260672463e-01 3.396737008779006362e-02 2.882526194964131205e-01 3.023346881897295835e-01
3.874475536349016869e-01 3.107262572687182270e-02 2.736763082220567966e-01 3.078035124161698222e-01
3.486665013662043622e-01 4.667831551782294225e-02 3.161061403937072134e-01 2.885490427222655030e-01
3.533299251244673700e-01 2.701604009457263950e-02 3.178368428039628490e-01 3.018171919769970790e-01
3.691829125447237958e-01 5.107260880128262903e-02 2.680743104553316436e-01 3.116701681986620009e-01
3.968222213082401306e-01 3.082297418353037444e-02 2.805799814575848372e-01 2.917748230506446161e-01
3.631319997978784686e-01 8.427472846691123898e-02 3.217797650272673504e-01 2.308135067079429559e-01
3.762293737992297715e-01 4.833862661750994855e-02 2.882575786665118045e-01 2.871744209167485518e-01
3.762727738163704760e-01 1.891590570611576677e-02 3.113455812462271877e-01 2.934657392312865487e-01
3.702841204787590268e-01 4.569206609426674365e-02 2.266613251803960283e-01 3.573624882465781805e-01
3.942875582169177440e-01 4.507147317250731478e-02 2.405813492296290101e-01 3.200596193809459034e-01
4.100527467524410219e-01 4.959975635889642825e-02 2.657209666562552752e-01 2.746265302324073510e-01
3.804291168808670576e-01 3.072852373909641666e-02 3.047171048430781792e-01 2.841252545369584159e-01
4.147160825679709339e-01 2.371864487378018763e-02 2.663007977815138871e-01 2.952644747767350086e-01
3.465292368784888555e-01 5.367391408891571125e-02 2.674328991973786707e-01 3.323639498352168320e-01
3.647766975078605700e-01 2.153315588568292110e-02 2.896078831826103817e-01 3.240822634238461064e-01
3.792328817285712805e-01 2.755875367738807452e-02 2.943244364158701387e-01 2.988839281781704993e-01
3.873722366778399873e-01 5.540092945594712881e-02 2.815036455410030447e-01 2.757231883252097560e-01
3.882304523628625215e-01 3.083694398441995041e-02 2.690508535000112333e-01 3.118817501527063052e-01
4.162992887709907608e-01 5.001942728924364812e-02 2.614083975655447922e-01 2.722728863742208683e-01
3.849310435548555787e-01 4.920591249410672524e-02 2.779482972656548423e-01 2.879147466853829163e-01
3.235161158524869074e-01 8.916818970962679669e-02 3.079401417626333459e-01 2.793755526752529916e-01
3.825007509797895833e-01 3.630246490609346371e-02 2.837439550022803347e-01 2.974528291118367918e-01
3.968232190902815648e-01 6.806379446714441728e-02 2.701041389079416044e-01 2.650088475346325523e-01
4.144839206312347923e-01 4.844866413525163867e-02 2.834447346332615303e-01 2.536226806002519485e-01
3.804540523481785841e-01 5.000933628338580239e-02 2.514703332553698267e-01 3.180662781130657590e-01
4.480137788451672431e-01 4.617352506968760983e-02 2.229856130537848646e-01 2.828270830313602824e-01
4.219671653914916498e-01 5.938661873024125154e-02 2.273183023779605794e-01 2.913279135003064013e-01
3.600545343999920211e-01 5.747803771767246578e-02 2.714114536891789609e-01 3.110559741931565592e-01
3.453087528593873912e-01 5.165188577322703256e-02 3.294891536931228160e-01 2.735502076742629129e-01
3.571880252426282709e-01 4.513014901979101740e-02 2.999228556440175497e-01 2.977589700935631689e-01
3.779997898185369354e-01 4.049539726803729617e-02 2.488330256339437163e-01 3.326717872794819897e-01
3.546654136116387246e-01 7.324806217100049421e-02 2.549385067957716244e-01 3.171480174215891568e-01
3.886994358370488567e-01 3.850356843985003330e-02 2.764665555693879284e-01 2.963304401537130706e-01
4.159838612252521051e-01 6.490197163812203018e-02 2.489430507605317755e-01 2.701711163760940337e-01
4.513659885768854796e-01 2.518994352460845326e-02 2.523978066244021434e-01 2.710462612741039168e-01
3.523311528295757777e-01 3.533469201446124558e-02 3.088475535469615840e-01 3.034866016090014829e-01
3.996871538871456520e-01 3.620182008960984993e-02 2.548127927321863773e-01 3.092982332910581000e-01
3.702004130030326357e-01 3.072171184509729994e-02 3.224646562662321636e-01 2.766132188856379459e-01
3.939802680198806195e-01 4.018546568598603541e-02 2.691932525613567884e-01 2.966410137327765151e-01
4.058906954057982519e-01 3.519772099462500220e-02 2.570424093131243315e-01 3.018691742864524907e-01
3.748022233666344349e-01 4.305275482137992105e-02 2.845158548873297777e-01 2.976291669246559635e-01
4.241956088687745541e-01 2.413470376311524848e-02 2.865201376828616087e-01 2.651495496852487310e-01
3.909162684640370422e-01 3.689149176791683277e-02 2.905832762300289973e-01 2.816089635380170653e-01
3.856913858816907736e-01 6.584401190762984024e-02 2.878182235728153904e-01 2.606463786378640513e-01
4.354652632738129636e-01 2.579881196942728633e-02 2.534627632429807265e-01 2.852731615137789611e-01
3.707651422540508834e-01 4.330603435512670601e-02 2.974942471255236365e-01 2.884345762652987810e-01
4.130467277476194687e-01 1.853905544560888879e-02 2.615906152863262668e-01 3.068236015204455214e-01
2.784867770333470660e-01 1.182901948184976876e-01 3.010647916186214856e-01 3.021582365295337747e-01
3.736472138619439387e-01 3.120513326795806494e-02 3.291340789274311840e-01 2.660135739426668922e-01
4.557568826302061393e-01 2.927035940998685276e-02 2.782631918638857060e-01 2.367095660959213088e-01
4.005487866005372766e-01 4.384120781338793349e-02 2.767562600087711266e-01 2.788537455773037466e-01
3.626964228581299188e-01 3.457574207100171798e-02 2.680404021139291548e-01 3.346874329569391460e-01
3.807549788644954969e-01 3.912937449513728683e-02 2.816264319347689948e-01 2.984892147055981937e-01
3.528522205726168370e-01 4.194060328610760280e-02 3.276209106032555440e-01 2.775862655380200161e-01
3.996737036788428621e-01 5.170153590729383714e-02 2.580700886196685695e-01 2.905546717941947521e-01
4.362659308300153582e-01 3.110237967664756034e-02 2.349354146516217656e-01 2.976962748417152915e-01
3.773972556667925526e-01 4.322866049349610718e-02 2.567987115601035875e-01 3.225753722796078082e-01
3.502490534443485903e-01 2.817570550271593019e-02 2.834543028967439482e-01 3.381209381561915417e-01
3.850600052654228334e-01 5.225827152144622845e-02 2.296576511655379904e-01 3.330240720475930449e-01
4.245204406279257658e-01 2.428838614085198147e-02 2.553647225954391309e-01 2.958264506357830559e-01
3.252324471312867948e-01 5.321909919419021140e-02 2.700253511914836868e-01 3.515231024830394180e-01
3.803098758347369657e-01 3.610333405903608239e-02 2.567354756794316128e-01 3.268513144267952142e-01
3.767313765213838872e-01 2.160510076130526050e-02 2.883741971634476431e-01 3.132893255538631294e-01
3.921641715231893865e-01 3.777147520842641382e-02 2.513938999930068752e-01 3.186704532753773522e-01
4.266791989197949997e-01 3.493124094385757078e-02 2.546127185774104129e-01 2.837768415589369542e-01
3.887676017975663090e-01 4.072624899236501617e-02 2.705226404581557720e-01 2.999835087519128751e-01
4.039450709945971996e-01 4.839205551528780874e-02 2.870985557731230431e-01 2.605643177169919555e-01
3.776802964885696556e-01 4.697020478786652353e-02 2.732990619459961246e-01 3.020504367775677657e-01
4.690266326701444388e-01 1.867270392814640231e-02 2.407550918982258870e-01 2.715455715034832962e-01
3.715887264400954404e-01 8.404981549989221090e-02 2.973112646071538467e-01 2.470501934528584187e-01
3.508701389323801711e-01 3.541118308647463186e-02 3.341682954401411498e-01 2.795503825410041721e-01
3.871243568630952092e-01 5.961311600487462226e-02 2.560985019875063884e-01 2.971640251445237246e-01
4.173545274830870455e-01 3.642925611395048113e-02 2.440344706890363313e-01 3.021817457139262530e-01
3.392020893614505761e-01 4.498036438206395177e-02 2.531549078386316487e-01 3.626626384178536777e-01
4.027797896167246705e-01 3.474704862717060971e-02 2.543302230317808776e-01 3.081429387243238005e-01
3.982994097464017669e-01 2.472850481252342886e-02 2.968031456524729550e-01 2.801689397886019117e-01
4.324035691287365091e-01 2.519481751285277543e-02 2.683016996519019814e-01 2.740999137065086022e-01
3.884168832703262519e-01 3.050122505374155274e-02 2.692975899565192566e-01 3.117843017194129041e-01
3.568559972886382603e-01 5.441256751443848683e-02 3.009299245590575933e-01 2.878015106378655763e-01
3.966549490968117042e-01 4.898296307968424967e-02 2.619557506219201137e-01 2.924063372015839324e-01
4.297755009800329762e-01 3.172418855733220161e-02 2.760223632620387169e-01 2.624779472005959735e-01
4.004844650288020280e-01 4.902104526503697768e-02 2.455628800318896687e-01 3.049316096742712978e-01
4.115029028237207620e-01 3.706965402755078159e-02 2.908698519257400528e-01 2.605575912229883273e-01
3.855517412120347820e-01 4.715395422175674978e-02 2.576522368340847247e-01 3.096420677321237713e-01
4.819460775987474133e-01 5.462473394901028179e-02 2.161447632929975604e-01 2.472844251592447029e-01
4.338781309933382180e-01 2.755237893671007993e-02 2.911909629934892330e-01 2.473785270764623512e-01
3.634486720656158742e-01 2.822024152336241251e-02 2.947374632662550509e-01 3.135936231447667977e-01
3.627361300289951851e-01 3.802744829613546179e-02 2.826632852151206299e-01 3.165731364597487163e-01
3.714627082413887726e-01 4.679737413928098527e-02 3.340084170935009866e-01 2.477315005258290959e-01
3.176419279623725056e-01 5.462677616509981071e-02 2.722689739186497371e-01 3.554623219538779466e-01
4.323496260249960477e-01 4.804095300816532688e-02 2.102244216206315963e-01 3.093849993462070569e-01
4.145676391589800946e-01 1.975353237843819471e-02 2.680332480731924538e-01 2.976455803893892083e-01
4.015361855120469503e-01 4.702268756364044039e-02 2.523995346435686238e-01 2.990415922807440063e-01
4.216519450175643668e-01 3.961504795359272607e-02 2.304924985854901465e-01 3.082405084433526565e-01
3.950508971777682010e-01 3.924748166259688087e-02 3.166284116682448468e-01 2.490732094913900019e-01
4.101706613304297866e-01 3.032901906343926299e-02 2.718555853518164200e-01 2.876447342543146379e-01
3.581068655971041959e-01 4.643816609366970688e-02 3.417849148700343731e-01 2.536700534391918560e-01
4.244572387793515977e-01 2.385562653031655586e-02 2.505016881370347170e-01 3.011854465532970981e-01
4.090732203026531399e-01 3.881659520134979335e-02 2.791114858204015170e-01 2.729986986755956191e-01
4.255033877141847221e-01 3.223556051938455264e-02 2.518200781914420316e-01 2.904409735749886035e-01
3.971734137694790667e-01 3.967643303967454543e-02 3.010692264652283789e-01 2.620809267256178909e-01
3.683495937942423137e-01 2.450922783734607244e-02 2.869920549903108853e-01 3.201491233781006418e-01
3.654747665602538498e-01 4.837167023038727032e-02 3.013545309259306748e-01 2.847990322834280663e-01
3.486778484988668492e-01 2.091283018544609629e-02 3.001910501874218706e-01 3.302182711282651839e-01
4.234571545268648318e-01 2.950276236575534103e-02 3.135138513906667312e-01 2.335262317167132451e-01
3.596803520574103907e-01 4.451006694934626917e-02 2.562595670870659870e-01 3.395500139061771727e-01
3.797662675597044957e-01 6.286006658493226151e-02 2.598876253739528797e-01 2.974860404814103632e-01
3.732844581833230646e-01 4.022310594177357784e-02 2.790993020065571928e-01 3.073931338683461578e-01
3.669057027382276459e-01 3.569992888910240164e-02 2.775908909946800951e-01 3.198034773779898643e-01
3.957640011655842449e-01 3.930270338660428464e-02 2.709328596983107684e-01 2.940004357495007437e-01
3.977425720737201575e-01 3.877420991573746201e-02 2.785467707993589670e-01 2.849364472111833302e-01
4.467785974970751584e-01 2.285923690208107803e-02 2.356660095946935540e-01 2.946961560061502894e-01
3.833667362774628162e-01 4.157970472654096833e-02 2.648872859760593168e-01 3.101662730199368223e-01
3.474274765324935621e-01 3.375179362890983609e-02 2.948189053677716109e-01 3.240018244708248729e-01
3.613535650057151938e-01 3.267990672879046710e-02 3.415194175204067095e-01 2.644471107450874769e-01
3.982147367623125600e-01 3.998657934322237539e-02 2.831026662944640671e-01 2.786960176000010669e-01
3.841609485911442468e-01 3.183462607518650067e-02 2.855943982144328319e-01 2.984100271192361986e-01
3.718521878640266842e-01 4.915807786903549775e-02 2.696507382334440983e-01 3.093389960334938515e-01
3.978694807516312548e-01 2.685245780932712933e-02 2.791957783605737431e-01 2.960822830784677895e-01
4.124326123087232454e-01 2.076552917015753869e-02 2.355142454778959560e-01 3.312876130432232946e-01
4.295322866763592318e-01 3.272522133503030783e-02 2.254065779329647023e-01 3.123359140556457580e-01
3.763163995352646340e-01 2.126384686023811976e-02 2.566636374975143631e-01 3.457561161069829803e-01
4.568454063892773420e-01 6.820708283423457252e-02 2.228909993582013083e-01 2.520565114182867772e-01
4.010106465215060867e-01 4.380453838435660607e-02 2.233818566473085854e-01 3.318029584468287219e-01
3.888327133660584578e-01 3.071168901661142786e-02 2.851190004620023921e-01 2.953365971553276736e-01
3.627906866997810953e-01 3.947657325468834077e-02 2.876881810095859304e-01 3.100445590359447445e-01
3.755476246714661293e-01 4.384990457036608974e-02 3.219875394744291519e-01 2.586149312837385805e-01
4.131972837467069448e-01 2.061273105122309393e-02 2.216907267047952268e-01 3.444992584972748073e-01
3.506294346479048585e-01 5.608924340454496393e-02 2.734680159090392415e-01 3.198133060385108806e-01
3.817298087846754395e-01 5.302530805285642773e-02 2.242636279128427113e-01 3.409812552496254701e-01
4.483605028990338970e-01 4.013744635885810319e-02 2.501389362929153926e-01 2.613631144491926905e-01
3.942459250258154579e-01 3.646220011400694294e-02 2.749665499694609050e-01 2.943253248907166109e-01
3.449529774600725296e-01 3.417031602760330078e-02 3.061298469300869907e-01 3.147468595822372484e-01
4.025275398648895386e-01 5.153223855933145719e-02 2.932100389625199588e-01 2.527301826132590246e-01
3.978128038823459667e-01 4.217332524928588122e-02 2.621795316597832493e-01 2.978343392085848751e-01
3.675009602077420334e-01 4.920400911993684512e-02 2.532689260496738259e-01 3.300261046226472539e-01
4.217436542102596109e-01 5.156499010495991381e-02 2.522768865224390145e-01 2.744144691623414123e-01
4.262665596898962406e-01 3.061258775153472347e-02 2.602154979495583387e-01 2.829053546090106730e-01
3.595205227335648845e-01 3.631296630588877472e-02 2.841601758991082471e-01 3.200063350614380520e-01
3.687354651154585161e-01 4.210241087664906567e-02 2.856798405223590076e-01 3.034822834855333551e-01
3.731006430271988084e-01 2.397305304567675863e-02 2.973524356067085983e-01 3.055738683204159423e-01
3.483943492370994988e-01 5.707451823677960057e-02 2.573192945611181837e-01 3.372118379650028142e-01
4.222488254980529265e-01 2.187161849125696458e-02 2.535140250317320931e-01 3.023655309789580192e-01
4.050658576846130621e-01 3.796961794648472804e-02 3.020699889654923087e-01 2.548945354034099497e-01
4.032797554823583930e-01 3.492562261860623907e-02 2.822791666677633149e-01 2.795154552312720808e-01
3.611347870796516868e-01 6.386900358475512685e-02 2.718858734645503428e-01 3.031103358710426909e-01
4.584149437151158746e-01 2.782759487251038402e-02 2.205296822547352653e-01 2.932277791576385351e-01
4.107945327377101052e-01 4.614776810549235664e-02 2.813521341805456655e-01 2.617055649762518033e-01
4.256712402982933963e-01 2.667051501109069661e-02 2.763434923899411033e-01 2.713147523006746997e-01
4.014963467958472809e-01 2.619287779860441853e-02 3.092226533178686898e-01 2.630881220876796212e-01
4.313615985058441016e-01 3.996592185330032077e-02 2.933511590053703433e-01 2.353213206354853315e-01
4.125110009203443173e-01 3.572068930912155466e-02 2.512598751253674045e-01 3.005084346451667443e-01
3.610655146319766140e-01 3.430280566076084753e-02 2.975057086119130556e-01 3.071259710953493927e-01
4.048352087800756727e-01 3.065567189780542268e-02 3.005959228935942695e-01 2.639131964285245657e-01
3.801368815582161775e-01 4.142090292062540480e-02 2.873513167137599633e-01 2.910908988073984682e-01
4.024991282717934604e-01 3.185616729004728254e-02 2.982211118193175969e-01 2.674235926188416879e-01
3.683586881368420274e-01 3.532709478894015959e-02 2.802962998206391387e-01 3.160179172535787506e-01
3.442518003393910120e-01 4.231493075160071976e-02 2.608156887515900579e-01 3.526175801574183422e-01
4.082907549576073047e-01 3.656426048221816244e-02 2.539072245889281709e-01 3.012377599712464660e-01
3.763907216870344130e-01 2.090488611303575536e-02 2.538037996415075104e-01 3.489005925584222623e-01
3.423544320653835737e-01 2.970787115368212286e-02 3.082145162622323409e-01 3.197231805187019105e-01
4.410419290033626982e-01 3.672923866811343002e-02 2.442140535482603125e-01 2.780147787802635939e-01
3.841023061597307886e-01 2.314601300672467291e-02 2.478267739524090407e-01 3.449249068811354735e-01
3.537063176305699219e-01 3.638837458847156425e-02 2.262332220400018190e-01 3.836720857409567365e-01
4.042231437990651544e-01 4.744329326941373881e-02 2.906206628888197141e-01 2.577129000427014205e-01
4.157048806450761580e-01 3.128816628576835956e-02 2.581062235630640078e-01 2.949007295060915301e-01
3.433232953271587728e-01 2.718388216113948666e-02 3.156034789507866645e-01 3.138893435609150240e-01
4.000134605045634895e-01 2.860413488656602526e-02 2.709624133624333187e-01 3.004199912464372013e-01
4.025863138562217891e-01 4.678653722625108341e-02 2.312396129859339566e-01 3.193875359315931917e-01
3.995013348270954889e-01 3.123001620995329713e-02 2.799620220917948266e-01 2.893066268711564359e-01
3.583183588957689625e-01 4.836628165564815784e-02 3.082205565872954134e-01 2.850948028612875773e-01
3.706982323166260751e-01 3.953206652867286702e-02 2.999837566800318545e-01 2.897859444746693769e-01
4.248615410879756915e-01 2.371990822920070144e-02 3.000970748352308481e-01 2.513214758475927901e-01
4.156911578519014716e-01 3.402240332466472533e-02 2.745833335381115958e-01 2.757031052853220476e-01
4.361904005109351612e-01 3.419374171895168263e-02 2.837279037195262754e-01 2.458879540505868044e-01
3.795924355136799933e-01 4.659158016925388224e-02 2.652529544542985840e-01 3.085630298627675683e-01
4.472973771019381206e-01 4.639492011291925649e-02 2.248451731700104039e-01 2.814625296151322398e-01
3.992767997717827644e-01 3.616885941715249769e-02 2.182437565759159093e-01 3.463105842351488772e-01
4.107465364262118390e-01 5.362414712686843637e-02 1.926089344947481685e-01 3.430203819521714381e-01
3.432020028340314610e-01 4.082682558965224084e-02 2.835291882027218824e-01 3.324419833735945962e-01
4.163133534528564161e-01 2.682150978598055874e-02 2.832510197586529666e-01 2.736141170025100933e-01
3.909228566217302636e-01 4.289838507695525188e-02 3.008194541499544794e-01 2.653593041513599982e-01
3.560226568115861245e-01 3.137805142930329139e-02 2.386905590153814150e-01 3.739087327437290997e-01
3.848974407676479248e-01 2.120402444570457581e-02 2.692205075915524159e-01 3.246780271950950869e-01
3.792428208777429699e-01 4.848725543729026644e-02 2.948242528199224166e-01 2.774456708650443471e-01
4.055821738952245514e-01 2.801432044701842802e-02 2.936386044667290696e-01 2.727649011910279198e-01
3.844669677710312872e-01 3.485051825517902074e-02 2.830307936482110986e-01 2.976517203255786281e-01
3.665589973679666547e-01 4.956716152141742854e-02 2.563095483022908017e-01 3.275642928083251082e-01
3.779667514074691592e-01 4.915775348398239430e-02 2.815955003948864555e-01 2.912799947136619494e-01
4.011921159941658765e-01 3.903214703484198661e-02 2.334056025780504862e-01 3.263701343929415466e-01
3.484737942899993057e-01 5.752293965212768034e-02 2.658845173569041043e-01 3.281187487009689097e-01
3.776771140028185592e-01 3.491417527743621851e-02 2.767374460677926029e-01 3.106712646519527166e-01
3.963419441406292876e-01 4.424524222890623137e-02 2.849621185875504392e-01 2.744506950429141945e-01
4.198468858499735945e-01 4.114826607798085373e-02 2.487588930629867912e-01 2.902459550090588092e-01
3.746684018600873189e-01 3.329201974004487169e-02 2.602682405919113373e-01 3.317713378079566455e-01
3.963081373970785415e-01 1.683840418363607289e-02 2.693146548651867422e-01 3.175388035540986365e-01
4.237064756435161006e-01 2.864300846448532278e-02 2.166557811629970798e-01 3.309947347290013719e-01
4.051560640389410550e-01 3.926701851415068806e-02 2.738994128221899360e-01 2.816775046247183556e-01
4.170259520081089355e-01 2.616258635652265324e-02 2.835118171675062304e-01 2.732996444678620351e-01
3.552254541583111935e-01 4.105206782824559475e-02 2.683538527294948017e-01 3.353686252839485626e-01
3.482202718062566982e-01 3.543615485582341657e-02 3.084244628750260064e-01 3.079191104628938858e-01
3.684489195897227010e-01 4.366610702283221096e-02 2.759206580350188620e-01 3.119643153524263579e-01
4.226777955568831180e-01 2.227072503446991814e-02 2.871429374861810269e-01 2.679085419224659925e-01
3.981389832130826090e-01 2.443928534470196298e-02 2.717064754355477119e-01 3.057152560066676572e-01
4.106504198156844532e-01 4.777882278984240533e-02 2.212410198891422985e-01 3.203297375053308915e-01
4.227398830505339489e-01 2.360878803835763512e-02 2.990047245422869926e-01 2.546466043688214165e-01
4.078710132109844566e-01 6.468839770153368696e-02 2.690753396730546920e-01 2.583652494144272338e-01
4.189738648284745404e-01 3.317234471697355636e-02 2.618311921955812638e-01 2.860225982589706395e-01
4.174745670466398217e-01 2.407631164298098744e-02 2.552979003334850949e-01 3.031512209768941757e-01
4.035782540182564770e-01 2.769205071268181911e-02 2.712799170423531026e-01 2.974497782267086499e-01
3.984108693156248604e-01 3.857630954330282941e-02 2.546251988454382720e-01 3.083876222956340452e-01
4.120802538629418921e-01 3.865507386721644262e-02 2.641643495359828342e-01 2.851003227338588797e-01
3.888958814605161241e-01 4.300092711111024729e-02 2.903312219917751902e-01 2.777719694365985981e-01
3.849905112706643595e-01 6.978664663638881049e-02 2.250507004660675381e-01 3.201721416268791809e-01
3.959218730117209373e-01 2.664650302924917100e-02 2.826994951932331746e-01 2.947321287657966304e-01
4.560922160256118962e-01 2.780925165702893484e-02 2.487134704672862018e-01 2.673850618500731025e-01
4.335893415374421633e-01 4.100327167236387377e-02 2.468843541015324494e-01 2.785230326886614094e-01
4.537254419551260964e-01 2.521483983759041300e-02 2.361020562539365431e-01 2.849576619533469857e-01
4.284388711710574449e-01 2.909112373351650793e-02 2.424469357748654519e-01 3.000230693205606092e-01
4.193436627428534513e-01 4.634074460799334633e-02 2.677289811259618291e-01 2.665866115231914080e-01
4.238746424204314911e-01 3.673503191717208266e-02 2.489683172629245933e-01 2.904220083994718538e-01
4.027335399626861268e-01 3.917549963056569245e-02 2.460771943146143337e-01 3.120137660921338263e-01
3.986366330307005712e-01 4.719074332544281186e-02 2.491055841842993168e-01 3.050670394595573209e-01
4.215816358192601143e-01 4.162025140871575962e-02 2.676340719159300274e-01 2.691640408560940223e-01
4.404337492981527657e-01 3.103807809603231424e-02 2.715452385870381624e-01 2.569829340187765876e-01
3.655696877731428041e-01 4.982675354787324123e-02 2.243092119425180442e-01 3.602943467364659313e-01
4.277876807773469681e-01 4.347987539472629448e-02 2.263395170599256656e-01 3.023929267680010580e-01
4.505820491666795991e-01 2.356985524086744818e-02 2.828730099225219563e-01 2.429750856699310624e-01
4.162501211544421542e-01 2.092431452744690848e-02 2.771501926969540119e-01 2.856753716211569150e-01
4.025393714248797217e-01 5.660487628203039745e-02 2.515012506589280883e-01 2.893545016341619314e-01
4.115700481841113589e-01 4.015307925229581743e-02 2.374589352876279869e-01 3.108179372759647396e-01
4.255366690397234808e-01 4.476422929963620734e-02 2.733765991645934479e-01 2.563225024960467668e-01
4.233610117335236400e-01 3.746594288226352820e-02 2.194283245713528341e-01 3.197447208128599838e-01
3.904460250068392813e-01 4.161290126563727682e-02 2.899400411807326328e-01 2.780010325467907606e-01
3.571733345528035342e-01 4.184218414716391748e-02 2.835503867181116688e-01 3.174340945819208448e-01
3.948436071176748552e-01 4.393213706037030902e-02 2.680118814590229381e-01 2.932123743629319046e-01
4.309273820505225561e-01 3.879070297774737941e-02 2.718593759362997742e-01 2.584225390354302210e-01
3.742846534083408838e-01 3.045472626105245537e-02 2.675492166832488250e-01 3.277114036473579017e-01
3.329583294472633903e-01 4.419105776595855239e-02 2.998182933995557908e-01 3.230323193872223220e-01
4.081533901084665183e-01 4.468972962539170812e-02 2.842125154741672044e-01 2.629443647919744720e-01
4.208823064493012467e-01 2.148091433648854562e-02 2.620322738723351308e-01 2.956045053418750457e-01
4.260531160591674027e-01 5.406954042147335548e-02 2.658079821160130862e-01 2.540693614033461278e-01
3.706205273839939807e-01 3.375917138749487401e-02 3.035671124609894411e-01 2.920531887675216764e-01
3.920645410512558215e-01 4.672719284891847097e-02 2.613905448454111879e-01 2.998177212544145265e-01
3.726016634077887191e-01 2.396548206855954322e-02 2.911719669971557511e-01 3.122608875264960004e-01
4.411475172452622440e-01 3.813202341207523605e-02 2.177295041063138648e-01 3.029909552363487246e-01
3.618834294350805614e-01 4.653708748156418912e-02 2.536221134347568795e-01 3.379573696485984047e-01
4.037392248664366523e-01 3.402976227750578730e-02 2.564729745065387756e-01 3.057580383495189791e-01
4.025445295017985869e-01 5.648347210499649745e-02 2.840685222426360124e-01 2.569034761505690212e-01
3.388582362673170367e-01 3.028950508974259659e-02 3.030147688534128303e-01 3.278374897895275364e-01
4.540850211743452935e-01 1.285552773167234451e-02 2.664035499482071967e-01 2.666559011457750872e-01
4.130937855864562080e-01 2.695343817519450097e-02 2.494044808550689163e-01 3.105482953832804371e-01
4.107160775397565855e-01 4.695406720542957130e-02 2.615242691052369617e-01 2.808055861495769023e-01
3.736657334670575037e-01 3.256810645168695811e-02 2.598713058007019461e-01 3.338948542805535991e-01
3.860991334903980388e-01 2.738826894044641552e-02 2.903867491220475938e-01 2.961258484471079311e-01
3.892320807630311186e-01 4.456075428605670019e-02 2.761485460417611448e-01 2.900586189091509670e-01
4.229843085722085338e-01 3.525137725974201303e-02 2.605039921850043072e-01 2.812603219830450696e-01
3.395845912500542463e-01 4.259594153027406599e-02 2.992142661558306327e-01 3.186052010638411036e-01
3.967053701521259246e-01 5.292602546542182068e-02 2.724410314423675317e-01 2.779275729400846884e-01
3.768857967777195506e-01 2.796294091058445022e-02 3.092263497498418667e-01 2.859249125618540943e-01
4.343899794794815472e-01 2.933896112296864936e-02 2.830730648804556937e-01 2.531979945170939605e-01
3.898835669997532949e-01 3.833595193414923719e-02 2.857954476582916237e-01 2.859850334078058998e-01
4.107949950562558850e-01 4.924914927930160169e-02 2.281261943931323644e-01 3.118296612713102878e-01
4.198857221367506831e-01 3.815365682419259719e-02 2.898803000504231453e-01 2.520803209886334773e-01
4.100179177293422628e-01 3.472231200970658793e-02 2.741177364443443398e-01 2.811420338166070176e-01
3.902425787039178751e-01 2.954015181970426687e-02 2.629839120875505087e-01 3.172333573888272973e-01
