1.484949107327990236e-01 1.396133917446221728e-01 6.373462936845094573e-01 7.454540383806941561e-02
1.379131768237970845e-01 1.089249057219742189e-01 6.891663864781715221e-01 6.399553097605722995e-02
1.019784443539268753e-01 1.186271988300661301e-01 6.945611165971048440e-01 8.483324021890209510e-02
1.507002213500582832e-01 1.044852634292415539e-01 6.525570969665239751e-01 9.225741825417606290e-02
1.122411422314237572e-01 1.259147496592558924e-01 7.053742625775214492e-01 5.646984553179905386e-02
1.200745981507640309e-01 1.018407891905368096e-01 7.167478810063165895e-01 6.133673165238250763e-02
9.896606375152008916e-02 1.162361397118598649e-01 7.312730704559808892e-01 5.352472608063920528e-02
1.315567395918182669e-01 1.001765110487398969e-01 6.896302402727931824e-01 7.863650908664872319e-02
7.883143412306964359e-02 9.747139987612293832e-02 7.100933450003327208e-01 1.136038210004745447e-01
9.889262432418649551e-02 1.146874361365209510e-01 6.925413942780396237e-01 9.387854526125297139e-02
1.573916875724743203e-01 1.235047394788940933e-01 6.536396912286910332e-01 6.546388171994060867e-02
1.287584751869045030e-01 1.448396212663775884e-01 6.802127836327138688e-01 4.618911991400415779e-02
1.218860643484969836e-01 8.798717811235914898e-02 7.017708703373495283e-01 8.835588720179438083e-02
1.054014403989864263e-01 1.095852069883802016e-01 7.136604666607634373e-01 7.135288595187000427e-02
7.960205673711082119e-02 1.193228142715657553e-01 7.209682230039152762e-01 8.010690598740814738e-02
7.371953707565359615e-02 1.104154364610753225e-01 7.123393562989173144e-01 1.035256701643536142e-01
1.496612789791536002e-01 1.558650486729070972e-01 6.343658054995748863e-01 6.010786684836445792e-02
9.096476444442984366e-02 1.353668765525368189e-01 6.811151311358373261e-01 9.255322786719599737e-02
1.059258135139390655e-01 1.156560023107630758e-01 6.830956601134831052e-01 9.532252406181493387e-02
1.233196121691889496e-01 9.846440959912863833e-02 6.780753885709850382e-01 1.001405896606974572e-01
1.128914437565638335e-01 1.093759950345145754e-01 7.359464632300813935e-01 4.178609797884026700e-02
1.212526487020796490e-01 1.184540738895858702e-01 6.764232599458943618e-01 8.387001746244007738e-02
6.948166671560264407e-02 1.176106098121566246e-01 7.635382567826529687e-01 4.936946668958770018e-02
9.015459868601000126e-02 1.467924710068305161e-01 6.969150221422760749e-01 6.613790816488337998e-02
1.016285258096706889e-01 1.120097987755662439e-01 6.525370998162131064e-01 1.338245755985499608e-01
1.292971488081259279e-01 8.494348369261699172e-02 6.766516637677991719e-01 1.091077037314578668e-01
1.021359978942587704e-01 1.561195753977155376e-01 7.013484496890551867e-01 4.039597701897044979e-02
1.297166986161945867e-01 1.355201581290071400e-01 6.427668176885604767e-01 9.199632556623772717e-02
1.179809916890135896e-01 1.094784632552099624e-01 6.761791505490529763e-01 9.636139450672340234e-02
9.742732196089730345e-02 1.160201041681823281e-01 6.936300861775662741e-01 9.292248769335413605e-02
1.253074847158803518e-01 1.301804686237727215e-01 6.588064254336989389e-01 8.570562122664800164e-02
1.011939390232572678e-01 1.208760228991460350e-01 6.875212984129041027e-01 9.040873966469248346e-02
8.941295819030652126e-02 1.364535400582073954e-01 6.905236210627881954e-01 8.360988068869791567e-02
1.076310700599463349e-01 1.175907411973174527e-01 6.968853815966310483e-01 7.789280714610519185e-02
1.308120894597957218e-01 1.294314953061984630e-01 6.686236572123348543e-01 7.113275802167096096e-02
1.119110049483311303e-01 1.046980251429139863e-01 6.963909136627474128e-01 8.700005624600749832e-02
7.916523420140920975e-02 1.210988157937603893e-01 6.963748198074445339e-01 1.033611301973858809e-01
9.231031596870789557e-02 1.881635998534945398e-01 6.431765624341903020e-01 7.634952174360730426e-02
9.564450302056579090e-02 7.256187461557798979e-02 7.340695046827588888e-01 9.772411768109731667e-02
6.234253713185811813e-02 1.248061646487878401e-01 7.536487409819878636e-01 5.920255723736610881e-02
9.185348703593121389e-02 1.363844654154303393e-01 7.107154531576153067e-01 6.104659439102315399e-02
1.295749430165280269e-01 1.347152236898834510e-01 6.652619301187179257e-01 7.044790317487058251e-02
8.555181670157066542e-02 9.710967011831818374e-02 7.320850145010857624e-01 8.525349867902524970e-02
1.263154604873844289e-01 1.709181168997434830e-01 6.182674947430952805e-01 8.449892786977676595e-02
1.065924824521224945e-01 7.599692405070566925e-02 7.292379600137104401e-01 8.817263348346136842e-02
1.167394210026203027e-01 1.292346231283303670e-01 6.858756298310361155e-01 6.815032603801321476e-02
9.941785027010392739e-02 1.058825204593965563e-01 7.293499087475583398e-01 6.534972052294114875e-02
7.127749372868619204e-02 1.143733599353450731e-01 7.286151030074092816e-01 8.573404332855945331e-02
7.472437352891962703e-02 1.230577949448268815e-01 7.181280415015819374e-01 8.408979002467158181e-02
7.617906325998344275e-02 1.202791944708781202e-01 6.850784050957934301e-01 1.184633371733449791e-01
8.440081940591261100e-02 1.110395560124288611e-01 7.130055215876934804e-01 9.155410299396493645e-02
1.184644284228181382e-01 9.137693796271817437e-02 7.308911570940559432e-01 5.926747652040786213e-02
1.194849534115604295e-01 1.347400978695750540e-01 6.724480338093457021e-01 7.332691490951884217e-02
1.060002647681553001e-01 1.099187050034559632e-01 7.260604897541718117e-01 5.802054047421704303e-02
1.408495633264009173e-01 1.003906118549897641e-01 6.618549296791997882e-01 9.690489513940961364e-02
9.173052968557640630e-02 1.139710471467165614e-01 7.159998181735592881e-01 7.829860499414774411e-02
1.417286220298117627e-01 1.020768466654852630e-01 6.915173636803679802e-01 6.467716762433510513e-02
9.202550136011876381e-02 1.231343240277935347e-01 7.043656243204255984e-01 8.047455029166218632e-02
1.102909952846691105e-01 9.753793871988972186e-02 7.005959953942977325e-01 9.157507060114343511e-02
1.281423300696908074e-01 1.118972340772655394e-01 7.008832244527615218e-01 5.907721140028209666e-02
1.398964905075291976e-01 7.806530586322332765e-02 7.211880670381537461e-01 6.085013659109377027e-02
9.719123872786275542e-02 1.201490051232121381e-01 6.963518436538188583e-01 8.630791249510613716e-02
1.120853829932029894e-01 1.408337256315806418e-01 6.806648998595711264e-01 6.641599151564524239e-02
1.110611365301669151e-01 1.381541888024919451e-01 6.690529359476876659e-01 8.173173871965344617e-02
1.332663254615411019e-01 1.227447998050797268e-01 6.493800155518231199e-01 9.460885918155606533e-02
9.334489149866898039e-02 9.285602678720107639e-02 6.954569914247391571e-01 1.183420902893907584e-01
8.533619085771176893e-02 1.392696136786317207e-01 6.997986110881243560e-01 7.559558437553215438e-02
1.110511917649770613e-01 1.224215595918743682e-01 7.100142630904114904e-01 5.651298555273715635e-02
1.190910564928800014e-01 1.548550555500731452e-01 6.420504116034483344e-01 8.400347635359856069e-02
1.280896162622051637e-01 1.474851944145482430e-01 6.570671245072979838e-01 6.735806481594848460e-02
9.300744618603744296e-02 9.333315356494820136e-02 7.048012482655136024e-01 1.088581519835006700e-01
1.053843243925490086e-01 1.233870246428166451e-01 6.882936162594922580e-01 8.293503470514211606e-02
1.049938448848677097e-01 1.240432862056605606e-01 7.249633755595668028e-01 4.599949334990487831e-02
1.375212652921408985e-01 1.249170581996744828e-01 6.701232439225329740e-01 6.743843258565154763e-02
1.736001766785621181e-01 9.755012242674016010e-02 6.214096571684766257e-01 1.074400437262210128e-01
1.290054919858835414e-01 1.171869153578370959e-01 6.665777453581577250e-01 8.722984729812152671e-02
9.289315982230189617e-02 1.245110365232366262e-01 7.314357618950748652e-01 5.116004175938678594e-02
1.194814382527772667e-01 1.144900631861738433e-01 6.810185770843405484e-01 8.500992147670821675e-02
1.004501820962387798e-01 1.455040146664143552e-01 6.805501024941746913e-01 7.349570074317220147e-02
1.091458189139697804e-01 1.374961929427741814e-01 6.358546963324450685e-01 1.175032918108110530e-01
9.714300814884957447e-02 1.448265915841961959e-01 6.311401590839714748e-01 1.268902411829828936e-01
1.120569857943902459e-01 1.418374963720347437e-01 6.757043032513607717e-01 7.040121458221426654e-02
8.820004838841602468e-02 1.342050288571098315e-01 6.884660411987061357e-01 8.912888155576821625e-02
1.109924431229414310e-01 8.927687344459792063e-02 7.268285975936804588e-01 7.290208583878018955e-02
8.809611726718742652e-02 1.378816886719460011e-01 6.801548626527517127e-01 9.386733140811481801e-02
9.320927673083227727e-02 7.812204193155972143e-02 7.191574309149202371e-01 1.095112504226878475e-01
1.288066948359595787e-01 1.001233354442945256e-01 7.077991487716133179e-01 6.327082094813246682e-02
9.091171419233357032e-02 1.406783436188389635e-01 6.974327014957800719e-01 7.097724069304738037e-02
1.502907887300809764e-01 1.239926125451183969e-01 6.593189946901827359e-01 6.639760403461779370e-02
1.109048152247801150e-01 1.531911722996262271e-01 6.683502695847005626e-01 6.755374289089308149e-02
9.383834770954396776e-02 1.496550492028855539e-01 7.013652201722315738e-01 5.514138291533900171e-02
1.312750272592307366e-01 1.166805676357674099e-01 6.832741099805107465e-01 6.877029512449120419e-02
1.001667491760196982e-01 1.101434074982314965e-01 6.944675653685907779e-01 9.522227795715793031e-02
1.190209212236449932e-01 9.767500197861771205e-02 6.776031965388167322e-01 1.057008802589205626e-01
1.029217681216086505e-01 1.411765980008788390e-01 6.858196104759496370e-01 7.008202340156292898e-02
1.103723370525896835e-01 9.711033104522191761e-02 7.347346523563398346e-01 5.778267954584869609e-02
1.067050289422381976e-01 9.982568325123512831e-02 7.250313728547342906e-01 6.843791495179224471e-02
1.570896128368129141e-01 1.200688294189340144e-01 6.619467256048424675e-01 6.089483213941064565e-02
1.448487720340141394e-01 1.079953390392580787e-01 6.872386315712568639e-01 5.991725735547089732e-02
1.372885009870558615e-01 9.306247616654819699e-02 6.670795262223172539e-01 1.025694966240787431e-01
7.308494485785890782e-02 9.959927187810255211e-02 7.424357729126904726e-01 8.488001035134792871e-02
1.000760775960355953e-01 1.122142925272984898e-01 7.431892287970626176e-01 4.452040107960338056e-02
9.888564215602602125e-02 1.218645418184133716e-01 7.077165112781997891e-01 7.153330474736087352e-02
1.132191134970753632e-01 8.677334158923628860e-02 6.886149135667233301e-01 1.113926313469650597e-01
8.419207643388239293e-02 1.205369141617442796e-01 7.105524463519541367e-01 8.471856305241916296e-02
8.351408257269873903e-02 1.174422876041153752e-01 6.893713489959111262e-01 1.096722808272748845e-01
1.782997301617119390e-01 1.232759111433704702e-01 6.591080704426316439e-01 3.931628825228583590e-02
1.393123903998289836e-01 1.016997116756990643e-01 6.503393872254424890e-01 1.086485106990294353e-01
1.143742760235120087e-01 1.240991195818352821e-01 6.642320890637126718e-01 9.729451533094000959e-02
1.144522124372039651e-01 1.345435864483388033e-01 6.865287270529131236e-01 6.447547406154423288e-02
1.036612287894354556e-01 1.009218573341790492e-01 7.381213745407799731e-01 5.729553933560562612e-02
1.148893410590224456e-01 1.363097639694173246e-01 6.652872752620568875e-01 8.351361970950334224e-02
9.883969577507178972e-02 1.204974884722812278e-01 6.809555201040750072e-01 9.970729564857190586e-02
1.202442666934746412e-01 1.167478254200629700e-01 6.749791090701795504e-01 8.802879881628283831e-02
1.887751018027124250e-01 1.005760207668297546e-01 6.405618363841618645e-01 7.008704104629596976e-02
7.863315314755589536e-02 8.065823199559120360e-02 7.756904637876812503e-01 6.501815106917165077e-02
8.050829955495880652e-02 1.016159261140058695e-01 7.588499311611903719e-01 5.902584316984500062e-02
1.361554609921556136e-01 1.087988609712319948e-01 6.589561534695103084e-01 9.608952456710211087e-02
1.208564128033049467e-01 9.072044907021907523e-02 6.941320058367846935e-01 9.429113228969109028e-02
9.901355119914435898e-02 8.786189451050778476e-02 7.556612618518593338e-01 5.746329243848848078e-02
1.181947800952831557e-01 1.244790513337784843e-01 6.625685494353399374e-01 9.475761913559853367e-02
1.282801693246454489e-01 1.496922916137087556e-01 6.354305823807405718e-01 8.659695668090523768e-02
1.184099632783855577e-01 1.126211133822555416e-01 6.832675512481448665e-01 8.570137209121395094e-02
1.106131276522288875e-01 1.533095508457482936e-01 6.622350871614235412e-01 7.384223434059922209e-02
1.142533939739008714e-01 1.388402975231171621e-01 6.739675836497920347e-01 7.293872485318986243e-02
1.061652972019159480e-01 1.454732621742010068e-01 6.759242632721380595e-01 7.243717735174505512e-02
1.134665915209968068e-01 1.211518463616539504e-01 6.749135966519242968e-01 9.046796546542508477e-02
1.009098386231638556e-01 1.389681075135059674e-01 6.454897032742868968e-01 1.146323505890432526e-01
1.159471876239071692e-01 1.149864277623551256e-01 7.103343475645754745e-01 5.873203704916212659e-02
8.934846762129153297e-02 8.025719885241586193e-02 7.565407968881309175e-01 7.385353663816163206e-02
1.110419196552563242e-01 8.896047681625970927e-02 7.184626805895437673e-01 8.153492293894022691e-02
8.663552610309049884e-02 1.433112145264525683e-01 6.884396076323833213e-01 8.161365173807368090e-02
1.047735582052694431e-01 1.310432631074989474e-01 6.778155218284637185e-01 8.636765685876786336e-02
1.359125368224344821e-01 1.465462432904916235e-01 6.380535960609412527e-01 7.948762382613275279e-02
1.046589423749633152e-01 1.268393050856516102e-01 6.978741105500917419e-01 7.062764198929333270e-02
1.176650191172361332e-01 1.339201113084745320e-01 6.954421645352278913e-01 5.297270503906135325e-02
1.247011155125589132e-01 1.176096921378267379e-01 7.163022178394566897e-01 4.138697451015763834e-02
1.082410780917069798e-01 1.049828385576605239e-01 7.111027603951738385e-01 7.567332295545872722e-02
8.627801413467618696e-02 1.239547281706988441e-01 7.270390917370707085e-01 6.272816595755426050e-02
1.002004727859735073e-01 1.147929924849140915e-01 6.782457512936233002e-01 1.067607834354891150e-01
8.688821404121349623e-02 1.356370991889384037e-01 7.193417518713002279e-01 5.813293489854794160e-02
1.255807355592709340e-01 1.015944599677346266e-01 6.990614271398931656e-01 7.376337733310135703e-02
1.136075908443831134e-01 1.134997261646741862e-01 7.184435394277483011e-01 5.444914356319437154e-02
1.044085039478220844e-01 1.046465740930027505e-01 6.967910642496195628e-01 9.415385770955550515e-02
8.447701854093596363e-02 1.048575067039779485e-01 7.446417318365010640e-01 6.602374291858498223e-02
1.109504234280479923e-01 1.583869210336905919e-01 6.894793719375916785e-01 4.118328360066961236e-02
1.385237890389531268e-01 1.019975432775791502e-01 6.866357610994522354e-01 7.284290658401544605e-02
1.225712638979687963e-01 1.345762200749527904e-01 6.873043421076794335e-01 5.554817391939883414e-02
8.806203544696016017e-02 1.769682250785625521e-01 6.614775109332489134e-01 7.349222854122845761e-02
1.103857422731231164e-01 1.602618661322237903e-01 6.726555590225430370e-01 5.669683257211004246e-02
9.168325104723486219e-02 9.682330882989316490e-02 7.370876511043024104e-01 7.440578901856950700e-02
8.553210100847305486e-02 1.217717373107214257e-01 7.117918515592387418e-01 8.090431012156662494e-02
1.161261963453719404e-01 9.283960875129090851e-02 7.192324175014576104e-01 7.180177740187947133e-02
1.087712991956832492e-01 1.402940740465888070e-01 6.976677766036848416e-01 5.326685015404306750e-02
7.917017733674194813e-02 1.281944033403646099e-01 7.198546026662856478e-01 7.278081665660772470e-02
1.206468618078549854e-01 1.145252496773302847e-01 7.181469718575110850e-01 4.668091665730349921e-02
1.240563733307639277e-01 1.242127028587105830e-01 6.828013409260413891e-01 6.892958288448419735e-02
1.721206930279972902e-01 8.994031823941393833e-02 6.995003766049754379e-01 3.843861212761343765e-02
5.839834978817053102e-02 9.813510697573332719e-02 7.634971391590767986e-01 7.996940407701941256e-02
1.047726713642362223e-01 1.136996267599402616e-01 7.043743790454867204e-01 7.715332283033689287e-02
1.056665634286068911e-01 1.374420897469030012e-01 6.630633445041548280e-01 9.382800232033526588e-02
7.235503957005071096e-02 1.383958726899160441e-01 6.915412261296727259e-01 9.770786161036053297e-02
1.126799576941886483e-01 1.229147928815664537e-01 7.079886814087994473e-01 5.641656801544552013e-02
1.273079109290679578e-01 8.733491549188510117e-02 7.025864816904109356e-01 8.277069188863596383e-02
1.255020692647757785e-01 8.054999912412007246e-02 7.013590836666475647e-01 9.258884794445651489e-02
1.168501870611766413e-01 1.043825876399266661e-01 6.807470513454449978e-01 9.802017395345168083e-02
1.463337177875207451e-01 1.164310561846449293e-01 6.676665682998796925e-01 6.956865772795456371e-02
8.175542636522266371e-02 1.347412106879190274e-01 7.059730362734799591e-01 7.753032667337819706e-02
1.243303390109853496e-01 1.786280953742774846e-01 6.586224856991943488e-01 3.841907991554295576e-02
1.063228280790540353e-01 9.036185646032809937e-02 7.334175844972726788e-01 6.989773096334533919e-02
1.201977032567688869e-01 1.234108287169595614e-01 6.782277014307639407e-01 7.816376659550769435e-02
1.422566899518751538e-01 1.028367443911124418e-01 6.920066909929609711e-01 6.289987466405139171e-02
9.788699231573634585e-02 1.519889642497991855e-01 6.698258172912548991e-01 8.029822614320955565e-02
7.371830317240614383e-02 1.130677388700727648e-01 7.302210922757336187e-01 8.299286568178744494e-02
1.097398909225592578e-01 1.100659546406201478e-01 7.122762434838030288e-01 6.791791095301749626e-02
1.056468704860058228e-01 1.044608461011916622e-01 7.315127244295440700e-01 5.837955898325834780e-02
8.346271522426296219e-02 1.437786910334502566e-01 7.107828876585083888e-01 6.197570608377855894e-02
1.160489781945738541e-01 1.347765933734008381e-01 6.837254047627803200e-01 6.544902366924487680e-02
9.710970645416996949e-02 1.495817271694778738e-01 6.436214287140770152e-01 1.096871376622750999e-01
1.039074387033502578e-01 1.188358494320048281e-01 7.254734527002321132e-01 5.178325916441287036e-02
1.142869898785045385e-01 1.202757943343913255e-01 6.658484583347078489e-01 9.958875745239627320e-02
8.125110897175338853e-02 1.315342621092902564e-01 7.159420657979793656e-01 7.127256312097689228e-02
1.280489047071478592e-01 1.354966103409726563e-01 6.872423119356656507e-01 4.921217301621406276e-02
1.158905311872178295e-01 9.384073244013288462e-02 7.347765642367390937e-01 5.549217213591019909e-02
8.134555510930600863e-02 1.180315723348190626e-01 7.236996783895180974e-01 7.692319416635685914e-02
1.139350947605157344e-01 9.092518676586001936e-02 6.943158740740943413e-01 1.008238443995298217e-01
1.266885873404491325e-01 6.916595408823528190e-02 7.407374820078030941e-01 6.340797656351244982e-02
8.945444699015642209e-02 1.100991572914771649e-01 7.214198136467011579e-01 7.902658207166526894e-02
1.284102688078124221e-01 7.826575112552471014e-02 7.369415280066394791e-01 5.638245206002339555e-02
1.299108484763971394e-01 1.308940679565210874e-01 6.812156244035985075e-01 5.797945916348329343e-02
9.761315481631215041e-02 1.283970354651087775e-01 6.702500476618388214e-01 1.037397620567402923e-01
1.178817470766450048e-01 8.588831922771318628e-02 7.261315575540294720e-01 7.009837614161223973e-02
9.634292574956623834e-02 1.087116277817945648e-01 6.638517850327538827e-01 1.310936614358852725e-01
1.445339936109574785e-01 9.412347889902025755e-02 6.924592095620395460e-01 6.888331792798278730e-02
1.388922715349278636e-01 1.059090146818694456e-01 6.819887135671897083e-01 7.321000021601296870e-02
9.616810088170867077e-02 1.138318267783626492e-01 7.036076000207599490e-01 8.639247231916875880e-02
9.274683555869017715e-02 1.157606557474526593e-01 7.115544862238601942e-01 7.993802246999689998e-02
1.099373251038728017e-01 9.259503561975628017e-02 7.267055972050369128e-01 7.076204207133397761e-02
1.291097312820524701e-01 1.004049284814884091e-01 7.119502475311350054e-01 5.853509270532415015e-02
1.390475701440002654e-01 7.904150572914490913e-02 6.968671693565993142e-01 8.504375477025533092e-02
1.219266029207945329e-01 1.121835937773481978e-01 6.642325565322083625e-01 1.016572467696488236e-01
1.159165795551318906e-01 1.333152593980456713e-01 6.849105924009094570e-01 6.585756864591281456e-02
9.720547994577147244e-02 1.298717792811480698e-01 6.932385307752227943e-01 7.968420999785774672e-02
1.160170327990155265e-01 1.365290817120398126e-01 6.692039824189723873e-01 7.824990306997225975e-02
1.053389243249920754e-01 1.013966960684834911e-01 6.799863362151010726e-01 1.132780433914234303e-01
6.333731777574479194e-02 1.482817132315453479e-01 7.094072101064314850e-01 7.897375888627829188e-02
1.020596831633175106e-01 1.552122216740960403e-01 6.706209773414494313e-01 7.210711782113705948e-02
8.949518285413858576e-02 1.431643747346935669e-01 6.966898005254158477e-01 7.065064188575190252e-02
8.879990684193192485e-02 8.700606751584213927e-02 7.352308618800689199e-01 8.896316376215711308e-02
1.248145284339740313e-01 1.178212626098453369e-01 6.986659223404442232e-01 5.869828661573642942e-02
1.176638139542890288e-01 9.015927590326547336e-02 7.108836590035322311e-01 8.129325113891334997e-02
1.052066739264528039e-01 1.407272603687035883e-01 7.039059200449858666e-01 5.016014565985774804e-02
1.105157195589968888e-01 8.927892037754266152e-02 7.315091058784738420e-01 6.869625418498662150e-02
1.080804409967665719e-01 1.209125834273641897e-01 6.553858718014469176e-01 1.156211037744222236e-01
9.352605485229820159e-02 1.272841549346535872e-01 7.094846714149137812e-01 6.970511879813451328e-02
1.123637035582999155e-01 1.073282274686812726e-01 6.966744318336485220e-01 8.363363713937024824e-02
1.722405070397220184e-01 1.052852629592667399e-01 6.743202469573951197e-01 4.815398304361621917e-02
1.061729193880820293e-01 1.289996900127113044e-01 6.817674519543683864e-01 8.305993864483821043e-02
9.793025969208749015e-02 1.205703464468791258e-01 7.082925455827235872e-01 7.320684827830972741e-02
7.743059015517218813e-02 1.352007329450027606e-01 6.935594796530388795e-01 9.380919724678628280e-02
9.874558579215965415e-02 1.118114661327605369e-01 7.113425512567839171e-01 7.810039681829585023e-02
1.171066317971729276e-01 1.391020068957170008e-01 6.659039719249979505e-01 7.788738938211194063e-02
1.361501837554284500e-01 1.580669885019220511e-01 6.104256439864772510e-01 9.535718375617209530e-02
9.433838073378836286e-02 1.413690122501254365e-01 6.713908294729841186e-01 9.290177754310201264e-02
1.208115917028393660e-01 1.066219960946639400e-01 6.878544563610512474e-01 8.471195584144532165e-02
8.312434529496615099e-02 1.040276621705711335e-01 7.259138002194372996e-01 8.693419231502548528e-02
1.101430052190995323e-01 6.334046505444226871e-02 7.343722891423585253e-01 9.214424058409956264e-02
1.015029978708083536e-01 1.206471025512002304e-01 7.370126002684446176e-01 4.083729930954673598e-02
8.166495516159026635e-02 9.440204356635668870e-02 7.607175733776054827e-01 6.321542789444760391e-02
1.154515573019228442e-01 8.199079722494916067e-02 7.007924439044808107e-01 1.017652015686472400e-01
9.627123166171756841e-02 1.189943818070914316e-01 6.655387233052143525e-01 1.191956632259767584e-01
1.014071590454051069e-01 1.335795810922572324e-01 6.794862991779765382e-01 8.552696068436106691e-02
9.035553975256571668e-02 1.109201025777518668e-01 7.402910725418959670e-01 5.843328512778650508e-02
1.212322746465026024e-01 1.127618598876704431e-01 6.836480325545239989e-01 8.235783291130303885e-02
1.138800411740576030e-01 1.131604289708338928e-01 7.034041191581825725e-01 6.955541069692586231e-02
1.033772219160489225e-01 1.086194535358873114e-01 6.672313987551096170e-01 1.207719257929541767e-01
1.265155508947985452e-01 1.287957144608474214e-01 6.419585520079086338e-01 1.027301826364453996e-01
1.113772282022500171e-01 1.256948579085867823e-01 6.772560827682762019e-01 8.567183112088688768e-02
9.245628870437923308e-02 1.489978588476641719e-01 6.621514374994609264e-01 9.639441494849579350e-02
9.640324001686507993e-02 1.266158191162274904e-01 7.110805583415578113e-01 6.590038252534974328e-02
1.056170381567635430e-01 1.161795053191922444e-01 7.014163123945653666e-01 7.678714412947887369e-02
1.144906507523385103e-01 8.669718254087831200e-02 7.144195046513923675e-01 8.439266205539090737e-02
9.163814292724949129e-02 1.240585688468884701e-01 6.875835739317716078e-01 9.671971429409040311e-02
9.353384765887165497e-02 1.832259104302772779e-01 6.587455729030124996e-01 6.449466900783858148e-02
1.157042080170671422e-01 1.326084872347309540e-01 6.649635543115198777e-01 8.672375043668195671e-02
9.017048686158291027e-02 1.275578689742624949e-01 7.014816047781070596e-01 8.079003938604747970e-02
1.259109403734485211e-01 7.746041468048871226e-02 7.241112902320558931e-01 7.251735471400702626e-02
1.042708583383633453e-01 1.005563985352744966e-01 7.384308595731265967e-01 5.674188355323545041e-02
1.055364831580607315e-01 9.515300338681000059e-02 7.233803345277229901e-01 7.593017892740626384e-02
8.223759734492562534e-02 1.211105001082684735e-01 7.181345766053086610e-01 7.851732594149717082e-02
1.255915658734950702e-01 1.434941928046327142e-01 6.730457154648665785e-01 5.786852585700569956e-02
1.126650614927682814e-01 1.191926640616910588e-01 7.094600042791515682e-01 5.868227016638923738e-02
8.806657445710543153e-02 1.214017437813712519e-01 7.123267705121584248e-01 7.820491124936486405e-02
1.404966646095533733e-01 1.267944019447795057e-01 6.581197152291022867e-01 7.458921821656476492e-02
1.177455878186691313e-01 1.325686962910256061e-01 6.704952497539223844e-01 7.919046613638276721e-02
9.521200478106491005e-02 1.416056921446246231e-01 7.087199689559215976e-01 5.446233411838866806e-02
1.199242068011082546e-01 8.041476095956269499e-02 7.177107274035144924e-01 8.195030483581454417e-02
1.198160649822616469e-01 1.663803479482602599e-01 6.557989298929522981e-01 5.800465717652579511e-02
1.104071921094756659e-01 1.571742061329143569e-01 6.387738208230934189e-01 9.364478093451648888e-02
9.886245772721066749e-02 1.206461645684838435e-01 7.080765669946754715e-01 7.241481070962990652e-02
1.154181470583135194e-01 8.420448770522950821e-02 7.056674627096979346e-01 9.470990252675905163e-02
1.134926355845771728e-01 1.416514759749012697e-01 6.800455859365125422e-01 6.481030250400912629e-02
1.026131356792220339e-01 1.034463588159711261e-01 6.857281157285253226e-01 1.082123897762815729e-01
1.067047104164408483e-01 1.336419178660987750e-01 7.073823152874797460e-01 5.227105642998060991e-02
1.099299750294933792e-01 8.780856592331093280e-02 7.197776934072606103e-01 8.248376563993509158e-02
1.184443286715834431e-01 7.744962081351165761e-02 7.560793021025093985e-01 4.802674841239540360e-02
1.466495646241738615e-01 8.517880835172501885e-02 6.834352057790955559e-01 8.473642124500553596e-02
9.509918648522697193e-02 1.573306560243959984e-01 6.739291593760989851e-01 7.364099811427796127e-02
1.422034524886593154e-01 1.158123232794384394e-01 6.558256008426950334e-01 8.615862338920712848e-02
1.336606470832961135e-01 1.339328434533994805e-01 6.448068277051987041e-01 8.759968175810568802e-02
9.285626782523485889e-02 1.154452008129402130e-01 7.071914709598529081e-01 8.450706040197218660e-02
1.250017732115907554e-01 1.102574844036088714e-01 6.788917524577784413e-01 8.584898992702197362e-02
1.101259188337017358e-01 1.325323413745901346e-01 6.867097278779699110e-01 7.063201191373823240e-02
1.158417135912403889e-01 1.067665189140073051e-01 6.983969045174281964e-01 7.899486297732416507e-02
8.230812402107198777e-02 1.196092425025928607e-01 6.873038521396906964e-01 1.107787813366444135e-01
1.390947611588279065e-01 1.371425828346483355e-01 6.434084141937490564e-01 8.035424181277457667e-02
1.072714268835486123e-01 1.333383461061740660e-01 6.717256859938917080e-01 8.766454101638558594e-02
1.013080072288888439e-01 9.462101865621064256e-02 7.303478599025271523e-01 7.372311421237347229e-02
1.292485522827414302e-01 1.073860330529641388e-01 6.798852194361846291e-01 8.348019522810966320e-02
8.748484386435669002e-02 9.835973176895314307e-02 7.496848338938901790e-01 6.447059047279991850e-02
1.189792758442711901e-01 1.358203253657699616e-01 6.923326315056554936e-01 5.286776728430340327e-02
1.076112533462560278e-01 1.294467226228747936e-01 7.176067465034253745e-01 4.533527752744371392e-02
7.698922473365917007e-02 1.369484055364774133e-01 6.927078282458898340e-01 9.335454148397356877e-02
9.182512320993840849e-02 8.289040696455106383e-02 7.536731118340512792e-01 7.161135799145915137e-02
9.564985309488602261e-02 1.035231551021538188e-01 7.437845571270567113e-01 5.704243467590346811e-02
1.276552508916312112e-01 1.117732182398838842e-01 7.007455759205318824e-01 5.982595494795297369e-02
1.039235469434964809e-01 1.427429552317759087e-01 6.571966208173982693e-01 9.613687700732916064e-02
1.154603246185550297e-01 1.259871583289377539e-01 6.774868621534146929e-01 8.106565489909234312e-02
1.201548985676570425e-01 1.113655226261190540e-01 6.729503934704136325e-01 9.552918533581021554e-02
1.167179779682281926e-01 1.394722455593318255e-01 6.856237850043377380e-01 5.818599146810215367e-02
1.141839495084898543e-01 1.040474335615813456e-01 7.050865245111018753e-01 7.668209241882688321e-02
7.642306375980303934e-02 1.311179345454855372e-01 7.351885856232723837e-01 5.727041607143922020e-02
1.054042023952184576e-01 1.249866209300934949e-01 6.566913213503515756e-01 1.129178553243364025e-01
1.075791124751791783e-01 8.341095202283989318e-02 7.102797074396779431e-01 9.873022806230315196e-02
7.610973730390414860e-02 1.424173272352368680e-01 7.097357549378573438e-01 7.173718052300152859e-02
1.090752475951081990e-01 1.186547661813844579e-01 6.968118066815897071e-01 7.545817954191770538e-02
1.168859005380801230e-01 1.248699701609320145e-01 6.809649012405450952e-01 7.727922806044267012e-02
1.199789340447019043e-01 9.287119820911994561e-02 7.239759710341500121e-01 6.317389671202797152e-02
1.293250003948805682e-01 1.318962653137607521e-01 6.612647528910202688e-01 7.751398140033842477e-02
9.527802340985425111e-02 1.618019694481384607e-01 6.803918434768090329e-01 6.252816366519821367e-02
8.876548354898516902e-02 9.155226622873631481e-02 7.382935696324752772e-01 8.138868058980328057e-02
9.542203218889276639e-02 1.099847171987255595e-01 7.222693358467137115e-01 7.232391476566789323e-02
8.848935898556560542e-02 1.064631204720038749e-01 7.185579737566166747e-01 8.648954678581392830e-02
1.007992798251201028e-01 9.702455057933409566e-02 7.088188126433827563e-01 9.335735695216315633e-02
1.059554863997761304e-01 1.042378361448768470e-01 7.185382748850694945e-01 7.126840257027745873e-02
1.149751960568368980e-01 1.390855451808931942e-01 6.615226722168754403e-01 8.441658654539456463e-02
1.037167916325923422e-01 1.321322406694969420e-01 6.790859944395686298e-01 8.506497325834207202e-02
8.990084598015765649e-02 1.271945517778220458e-01 7.109702691974446598e-01 7.193433304457562405e-02
1.142109998391631215e-01 1.059593028489968086e-01 7.143825527101584916e-01 6.544714460168156445e-02
1.185428365617741120e-01 1.278295521982762972e-01 6.765135301810567547e-01 7.711408105889290543e-02
1.258405536554809134e-01 1.224411733242397743e-01 6.450881944205032470e-01 1.066300785997758571e-01
8.975153009405333060e-02 1.152480318017470445e-01 7.284718728559472778e-01 6.652856524825226381e-02
9.425002359715756173e-02 1.348377158051751457e-01 6.850546764480519579e-01 8.585758414961547347e-02
1.124408771127327483e-01 1.025103446404323909e-01 6.818056327831920616e-01 1.032431454636428964e-01
1.303806755726265865e-01 1.198684406300076360e-01 6.563430604372060273e-01 9.340782336015980569e-02
9.974804420429177199e-02 7.474287544054969423e-02 7.696270145366218562e-01 5.588206581853658039e-02
1.306788040880632329e-01 1.139845799897533374e-01 6.998489751222410904e-01 5.548764079994240872e-02
1.103187987600580955e-01 1.112233645213462352e-01 6.935973994466341219e-01 8.486043727196146413e-02
1.283869568276409801e-01 1.209782004724353488e-01 6.914928298304534593e-01 5.914201286947025349e-02
9.979797953576040326e-02 1.294403155963331220e-01 6.897654121735437016e-01 8.099629269436275925e-02
1.068100388790520633e-01 8.532938309438650726e-02 7.364781007806080471e-01 7.138247724595331301e-02
1.130655729761968070e-01 1.169957549669943392e-01 6.922068135056951288e-01 7.773185855111378051e-02
8.520404211235775571e-02 1.035742947657008195e-01 7.283498585537736547e-01 8.287180456816782559e-02
1.320251381797136747e-01 1.387171743960644854e-01 6.604689421410386840e-01 6.878874528318315584e-02
1.063662392175763194e-01 1.423642035587597554e-01 6.522491106924926951e-01 9.902044653117111905e-02
1.233157042846764889e-01 1.023043905539247345e-01 7.203171806774135710e-01 5.406272448398526803e-02
1.030628170160327456e-01 1.467915636399845791e-01 6.946690112889698510e-01 5.547660805501283127e-02
1.213115244316320118e-01 1.179939335222654762e-01 6.915963823550206335e-01 6.909815969108179523e-02
1.091283733651964155e-01 1.047907690072619885e-01 7.205994540888445155e-01 6.548140353869709440e-02
1.167538830675728528e-01 1.433714825982251306e-01 6.876566787260284253e-01 5.221795560817354270e-02
8.223363759655734351e-02 1.043330008580602847e-01 7.344416721516240365e-01 7.899168939375841858e-02
7.993254622707593460e-02 1.278836377676572655e-01 7.266315975641404190e-01 6.555221844112645024e-02
1.305563591953288471e-01 1.173042083219849041e-01 6.591089255943971548e-01 9.303050688828919113e-02
9.860725041083133469e-02 1.115036977502680826e-01 7.222177041956010513e-01 6.767134764329960084e-02
9.964928184175397829e-02 1.420552137724751529e-01 7.022408577784325923e-01 5.605464660733840837e-02
1.236525981426404713e-01 8.957607225851083044e-02 6.977375481189521667e-01 8.903378147989657321e-02
1.315724095884657496e-01 1.075722482659027118e-01 6.627395860726041921e-01 9.811575607302734647e-02
8.664737830001049967e-02 1.299940265187260746e-01 7.026647859815807751e-01 8.069380919968272003e-02
1.056627211111909881e-01 1.371889816108327609e-01 6.772734755051567079e-01 7.987482177281950146e-02
9.403479563314585954e-02 1.373631585100126007e-01 7.058159569048439996e-01 6.278608895199766504e-02
1.446894111372247493e-01 1.147583096090215304e-01 6.719225574500712339e-01 6.862972180368238917e-02
7.903882801545791814e-02 1.591411667586558887e-01 6.873154632851683488e-01 7.450454194071788605e-02
7.830674558805339469e-02 1.204886509579221887e-01 7.271957389057809307e-01 7.400886454824352756e-02
1.027901112784335019e-01 1.174674307673218426e-01 7.030392774014067037e-01 7.670318055283795178e-02
9.659671367559688471e-02 1.207516739375118775e-01 6.809745474383176456e-01 1.016770649485734951e-01
1.207058695268647258e-01 1.229789676161381490e-01 6.648324275851599241e-01 9.148273527183713172e-02
1.305435272909420963e-01 1.220026931095685163e-01 6.887347492802472493e-01 5.871903031924219363e-02
1.445530644613344795e-01 1.364630904280444978e-01 6.689249449464290675e-01 5.005890016419198285e-02
1.102419945079511493e-01 1.135640721152226251e-01 7.005205470294448844e-01 7.567338634738129954e-02
9.939915488360413776e-02 1.168110719105204670e-01 7.072724133220207321e-01 7.651735988385467702e-02
1.073406532640534261e-01 8.034072029332264830e-02 7.200481092900693492e-01 9.227051715255447928e-02
9.639001432882735032e-02 9.712989622209658447e-02 7.373647590336794844e-01 6.911533041539669187e-02
8.433700696751210424e-02 1.101879204814547736e-01 7.421781297945700961e-01 6.329694275646288726e-02
9.994758246613628938e-02 1.251103361577793338e-01 6.971205448082845590e-01 7.782153656779976225e-02
8.937346304784861417e-02 1.013690286812257979e-01 7.161150373813823800e-01 9.314247088954320797e-02
1.077146402420813692e-01 7.067180505983386429e-02 7.643900413058638543e-01 5.722351339222088440e-02
8.927982607496857959e-02 1.215257769283907691e-01 7.168235547785751782e-01 7.237084221806541762e-02
9.657283342467933018e-02 1.424627015796104956e-01 6.945804168066543882e-01 6.638404818905567495e-02
8.869614352689976500e-02 9.711053339751225810e-02 7.322098757345428810e-01 8.198344734104517917e-02
1.294457989230797801e-01 1.236266772814901271e-01 6.732911763096596225e-01 7.363634748577038702e-02
9.822620109010964107e-02 1.087021227558250536e-01 7.174099272731782051e-01 7.566174888088722517e-02
1.135049734772779761e-01 8.983552399007557754e-02 7.133759161704750218e-01 8.328358636217153554e-02
7.939549219254200818e-02 1.070291543659617900e-01 7.393052482559336891e-01 7.427010518556258212e-02
1.024569830083237182e-01 1.295725453908777580e-01 6.955075388881638565e-01 7.246293271263473668e-02
1.087549271966215675e-01 1.232286283823045697e-01 6.871810351497944502e-01 8.083540927127930154e-02
1.286124968693988513e-01 1.267823017014698961e-01 6.692817759305819125e-01 7.532342549854931235e-02
1.252061168387796630e-01 1.044036085476507114e-01 7.062668899502000386e-01 6.412338466336940657e-02
1.116084490419878700e-01 1.131478380894251068e-01 6.837824594408393741e-01 9.146125342774760747e-02
1.033189984992493315e-01 1.408528432027303379e-01 6.746659204008326194e-01 8.116223789718758630e-02
9.207282634738402083e-02 1.113441145455569409e-01 6.957132341469225434e-01 1.008698249601365921e-01
9.950010646932316849e-02 1.139992580406943984e-01 7.235094263232327849e-01 6.299120916674944004e-02
1.166024686944729105e-01 1.159650507633719629e-01 7.030355694485664886e-01 6.439691109358851306e-02
1.383859965020378946e-01 1.177809322030048261e-01 6.772771735444872432e-01 6.655589775046989731e-02
1.362288439226447267e-01 9.094681149600909731e-02 7.120690578649082614e-01 6.075528671643795620e-02
1.024933867308644303e-01 1.302531722500705202e-01 6.928554398374754397e-01 7.439800118158972075e-02
8.483534244586928008e-02 1.305017958754792762e-01 7.235510806992460076e-01 6.111178097940531129e-02
1.031278795625271694e-01 1.290890778873163003e-01 7.045442784925459723e-01 6.323876405761058583e-02
1.019469536488361860e-01 1.170779622513890145e-01 7.060082620551832999e-01 7.496682204459155507e-02
1.429683106774950752e-01 1.027063905974623104e-01 7.136251224658218817e-01 4.070017625922068422e-02
9.860872285942125226e-02 1.078025559835385505e-01 7.096864900344359572e-01 8.390223112260421223e-02
6.756257487671661621e-02 1.186659688446544403e-01 7.316139662480423134e-01 8.215749003058658850e-02
8.227986508138192268e-02 1.220811935347202448e-01 7.378428842171035340e-01 5.779605716679427768e-02
1.113207855157645060e-01 1.173908538535513579e-01 6.969302305240149265e-01 7.435813010666902922e-02
9.350818758188533808e-02 1.101813280535594297e-01 7.147428199582054331e-01 8.156766440634974358e-02
8.690498110235260476e-02 1.090174852052722410e-01 7.000436014110532623e-01 1.040339322813219891e-01
1.304851517784303694e-01 9.135194006678734602e-02 7.217670722211749768e-01 5.639583593360732172e-02
8.512856754190635533e-02 1.247885466245355485e-01 7.268358005279137446e-01 6.324708530564430997e-02
9.620929600495053968e-02 1.294257313541194720e-01 7.227249608482779752e-01 5.164001179265219343e-02
1.141182432635120120e-01 7.833344866047339816e-02 6.969934747285408960e-01 1.105548333474735967e-01
1.133726891135198728e-01 8.881018564411050087e-02 7.105895790440923676e-01 8.722754619827714773e-02
1.520390710447009908e-01 1.182280519915327455e-01 6.458570625721408165e-01 8.387581439162535013e-02
1.298677726233821716e-01 1.010752524661037849e-01 6.770530629950718415e-01 9.200391191544229907e-02
9.210456652591104965e-02 1.114048089735357600e-01 7.120005672160153454e-01 8.449005728453781727e-02
1.251654299407631843e-01 9.817700117369032586e-02 6.917161638842818094e-01 8.494140500126469429e-02
1.093886977956144424e-01 9.589913257069475339e-02 7.459733259666793126e-01 4.873884366701149856e-02
1.114144058078743588e-01 9.153673236825692061e-02 7.232231347912493336e-01 7.382572703261930380e-02
9.671820975414377464e-02 1.234262111329125916e-01 7.238238635568685631e-01 5.603171555607508458e-02
1.215466736889978944e-01 1.249738262917532289e-01 7.113209467139580688e-01 4.215855330529084954e-02
1.061176250976280239e-01 1.126024045561006687e-01 6.837104771837122508e-01 9.756949316255902893e-02
9.659056205533517181e-02 1.132014415754525050e-01 7.295871872101111766e-01 6.062080915910107032e-02
