7.419955460618983534e-02 1.261060586444825715e-01 2.371984090037439763e-01 5.624959777455837973e-01
7.698782299721214362e-02 9.629040796637332311e-02 2.224421557265685578e-01 6.042796133098459199e-01
1.078962941718187296e-01 1.329604263507646877e-01 1.748347671981619056e-01 5.843085122792545105e-01
6.133725189793715754e-02 8.068864822524332570e-02 2.640710036134142902e-01 5.939030962634052058e-01
8.345743040666628310e-02 7.811839726213394564e-02 1.988616589759427955e-01 6.395625133552569341e-01
8.536745417610386300e-02 1.321624239796047040e-01 1.808189513375782209e-01 6.016511705067131288e-01
8.922177918219119375e-02 7.039163468386915035e-02 2.056767030266733187e-01 6.347098831072662817e-01
1.008061856315956711e-01 1.076794866906469750e-01 1.983406052438389244e-01 5.931737224339183046e-01
1.121893129968407343e-01 1.119517171507908998e-01 2.040144116406078512e-01 5.718445582117605008e-01
8.167420236608764761e-02 1.123949362665866564e-01 2.414742857638990936e-01 5.644565756034264359e-01
7.089507727369769030e-02 9.630448156543140736e-02 2.636785140281721618e-01 5.691219271326986018e-01
6.572529949923767989e-02 5.952711492080191291e-02 2.716558572097822477e-01 6.030917283701782150e-01
6.978917097170976580e-02 1.054674805141243982e-01 2.256492470369327319e-01 5.990941014772331874e-01
7.506876590500741186e-02 1.198173236214492149e-01 2.649791883073958632e-01 5.401347221661475517e-01
4.375234292774021760e-02 8.373295578316430898e-02 1.859015323362722683e-01 6.866131689528232052e-01
1.069392330162952792e-01 1.287978885631114179e-01 1.625755574638524104e-01 6.016873209567408232e-01
9.153062629055153110e-02 1.216370169609032326e-01 2.057245359809490026e-01 5.811078207675961504e-01
7.275353694230878021e-02 5.705462219905811649e-02 2.232146103486256083e-01 6.469772305100075505e-01
1.108092678813589055e-01 1.109613076438786400e-01 2.039940964013743918e-01 5.742353280733880627e-01
6.957848371017151534e-02 9.478522401167686906e-02 2.207020529735578551e-01 6.149342393045937882e-01
7.976098245560055144e-02 8.081266273243817300e-02 2.147520495280489106e-01 6.246743052839124344e-01
7.837870526235847513e-02 8.288019043363442639e-02 2.338730791306701806e-01 6.048680251733369317e-01
1.040172821053135105e-01 9.007001315693338728e-02 1.635219605518452302e-01 6.423907441859078027e-01
9.032866084466560641e-02 1.002225069058254731e-01 2.211464999180506319e-01 5.883023323314582331e-01
9.786962544384236740e-02 8.035670098274115547e-02 2.256892232389920150e-01 5.960844503344244760e-01
8.010837853050088719e-02 8.848943267103094590e-02 2.290129886376506829e-01 6.023892001608175395e-01
8.952748436441305968e-02 8.826372478828874157e-02 2.137244388993816691e-01 6.084843519479165019e-01
4.967067203170678902e-02 8.670827703822536758e-02 2.223814712732414267e-01 6.412395796568265416e-01
1.026452642901139189e-01 1.202774458568406646e-01 1.965513499993760682e-01 5.805259398536691817e-01
1.132136471462463351e-01 1.153464677593148274e-01 1.786037128524423367e-01 5.928361722419964730e-01
9.512987698131050718e-02 7.616927265127632074e-02 2.354873617052111456e-01 5.932134886622020264e-01
8.741866348350812999e-02 1.099143987582318488e-01 1.967958534453683739e-01 6.058710843128917167e-01
8.025674441858242358e-02 9.743289528354510953e-02 2.198542575818870637e-01 6.024561027159853754e-01
1.120093793615332262e-01 1.055675661392482256e-01 2.048527082109909137e-01 5.775703462882276762e-01
9.225670003798153163e-02 1.044961661379931184e-01 2.020266718186424504e-01 6.012204620053829274e-01
6.303654925754451077e-02 1.250027324671425799e-01 2.576806045979724291e-01 5.542801136773405357e-01
1.044384966204221499e-01 9.066064590140070212e-02 1.711202165139963927e-01 6.337806409641807415e-01
8.656790901497671276e-02 8.739686871726227990e-02 2.394339306227762365e-01 5.866012916449848680e-01
8.720762508203977470e-02 1.077475295001379257e-01 1.953715232190950668e-01 6.096733221987273854e-01
8.964036970002857430e-02 9.307461705002148533e-02 2.799194279851652811e-01 5.373655852647847286e-01
6.593903467608298874e-02 9.608846867438634864e-02 2.602992093932469109e-01 5.776732872562836407e-01
8.475932461426162468e-02 6.822487424897662189e-02 2.624307997077309218e-01 5.845850014290309149e-01
1.006468945226988848e-01 7.327260546660362139e-02 2.375543108461885267e-01 5.885261891645090504e-01
6.986055124408593886e-02 7.974702790292113874e-02 2.348979621869357604e-01 6.154944586660571204e-01
8.286312407262393098e-02 9.992613521308189861e-02 2.181424867395559408e-01 5.990682539747382851e-01
1.378597163786452473e-01 9.663135347522648633e-02 2.042531745136008658e-01 5.612557556325273866e-01
1.124761067621217192e-01 7.141048255915984078e-02 2.536890533497689337e-01 5.624243573289494647e-01
9.720727563423563200e-02 1.164772719640657372e-01 2.014191984385949041e-01 5.848962539631037405e-01
8.988386390164221362e-02 1.251986684380591019e-01 2.383556474888829935e-01 5.465618201714156354e-01
7.512727373844058087e-02 1.469797754101871412e-01 2.046159976126013247e-01 5.732769532387710365e-01
8.634089790382211416e-02 1.004304885002730852e-01 2.030566499670402592e-01 6.101719636288644999e-01
1.017127782770624600e-01 8.914343580974874726e-02 2.141580167167516091e-01 5.949857691964371975e-01
7.436652567513514500e-02 9.143182036890902531e-02 1.884666106795223339e-01 6.457350432764333847e-01
5.654852704977250677e-02 1.142829608942863284e-01 2.361560212410266923e-01 5.930124908149145835e-01
7.087811452433726012e-02 7.021302080546525104e-02 3.124160542800339946e-01 5.464928103901636192e-01
6.979689197033088488e-02 1.000107338866879914e-01 1.791981985412323675e-01 6.509941756017487702e-01
7.859351812040266116e-02 1.188474813289232129e-01 2.164726912533606051e-01 5.860863092973135346e-01
6.894119064233078520e-02 1.316301991450857245e-01 2.374149834304279116e-01 5.620136267821556064e-01
9.907369046548410163e-02 1.135656843900635510e-01 1.936686061994213059e-01 5.936920189450308749e-01
4.948333470638709153e-02 8.346510354740938054e-02 2.265634537379389024e-01 6.404881080082647227e-01
8.480861783588772296e-02 7.270685965600919010e-02 2.441437769668619306e-01 5.983407455412411702e-01
7.441745311595732160e-02 9.851651261340343968e-02 2.282070201943013910e-01 5.988590140763379033e-01
8.101301171932782930e-02 8.373535631619567765e-02 2.387563913499074486e-01 5.964952406145691555e-01
5.952221121764298545e-02 8.748875502160216588e-02 2.430623960263188221e-01 6.099266377344360057e-01
6.267276457353471164e-02 1.035642350858875516e-01 2.125127639195421581e-01 6.212502364210357175e-01
8.482093420001310391e-02 1.054370927218558351e-01 2.367815530972809390e-01 5.729604199808500109e-01
7.838432870148871745e-02 1.270526390097173330e-01 1.717301409384664190e-01 6.228328913503274888e-01
7.384871269755551026e-02 1.129689839713666627e-01 2.012695453201603923e-01 6.119127580109174902e-01
1.118962239676629528e-01 6.711734756124665413e-02 2.077864816812908244e-01 6.131999467897996103e-01
1.028749157333694042e-01 1.489690433232262468e-01 1.948134528462810711e-01 5.533425880971232225e-01
8.801341647342539320e-02 8.146136699299628969e-02 2.269212037658426551e-01 6.036040127677356759e-01
6.247751927472593170e-02 7.944978304510337541e-02 2.482944603361808833e-01 6.097782373439899484e-01
7.597943577598298415e-02 7.217226417244726466e-02 2.351771788512968808e-01 6.166711212002728981e-01
8.869901759631959592e-02 9.766274157551955992e-02 2.706307093738481440e-01 5.430075314543126863e-01
7.769151151893040341e-02 1.233158673295695340e-01 1.861576605919584293e-01 6.128349605595415639e-01
7.549907322180433866e-02 9.600435918547890746e-02 2.282691628399776129e-01 6.002274047527390577e-01
8.369220860049858546e-02 1.054549043920096213e-01 1.928276147803171803e-01 6.180252722271745158e-01
5.399241945999901787e-02 1.158945183039960525e-01 1.766856384319489270e-01 6.534274238040561622e-01
7.018192397142346273e-02 1.165868879209111669e-01 2.113353859341782770e-01 6.018958021734871489e-01
9.014840584544103752e-02 1.177416682809207110e-01 2.721634032467741826e-01 5.199465226268639162e-01
7.870826913341280595e-02 1.132900283793371321e-01 2.323038035669075241e-01 5.756978989203426211e-01
1.056599468052751428e-01 1.055167436104142431e-01 2.576587711571127759e-01 5.311645384271977965e-01
9.551557797123921834e-02 1.200383111858920604e-01 1.994949473864114364e-01 5.849511634564573681e-01
7.458493005083809135e-02 1.116686150645243569e-01 2.077705022136509816e-01 6.059759526709866950e-01
7.126236302922864252e-02 1.197485950265754912e-01 2.232003256308674466e-01 5.857887163133282948e-01
5.903971225972887843e-02 9.447997419813550235e-02 2.520062723574556518e-01 5.944740411846799466e-01
5.266241644173929454e-02 1.232896211218527938e-01 2.184581175322080626e-01 6.055898449041998699e-01
1.005081806665315269e-01 7.014888861297750855e-02 2.497442907932795886e-01 5.795986399272113898e-01
8.232679465606598801e-02 1.218874461350292204e-01 1.918657063642126015e-01 6.039200528446921901e-01
1.049922751953370342e-01 1.017232727612085302e-01 2.223818829093322236e-01 5.709025691341222952e-01
9.824387463245420893e-02 7.660319637676768489e-02 2.340642175303458139e-01 5.910887114604322923e-01
7.748831075821514813e-02 1.405712227151368343e-01 2.344825148849879748e-01 5.474579516416598901e-01
9.800601331630907909e-02 7.124423543285725302e-02 2.257116143247610007e-01 6.050381369260726672e-01
5.998559784613006346e-02 1.092521401557698529e-01 2.351167611944324498e-01 5.956455008036677379e-01
6.253666774130521577e-02 9.894254746262561018e-02 2.082752824664435010e-01 6.302455023296256176e-01
6.880641456351012375e-02 1.350083529340802557e-01 2.271846024667111275e-01 5.690006300356984514e-01
5.732987713388544571e-02 8.791548975773134933e-02 2.431780105054370811e-01 6.115766226029460961e-01
8.378084201436471201e-02 1.370636522878827812e-01 2.103771535359112987e-01 5.687783521618411386e-01
8.718702376775254448e-02 1.193211526226324870e-01 1.802654818342658560e-01 6.132263417753490709e-01
6.603249233274245678e-02 1.426406730456304117e-01 2.404769787058227970e-01 5.508498559158043761e-01
8.097845146173840436e-02 1.010971981499420025e-01 1.935042735158572225e-01 6.244200768724623707e-01
7.227776323966861316e-02 1.385668781055223731e-01 2.210839190532450926e-01 5.680714396015639212e-01
7.451965141616108401e-02 1.089927345123464231e-01 1.863652619316719106e-01 6.301223521398205962e-01
5.457079623661648810e-02 1.023632265153575638e-01 1.902391891366709831e-01 6.528267881113549720e-01
6.819339615627359463e-02 1.355913780572161331e-01 2.421735395790627909e-01 5.540416862074475368e-01
7.964577274802440987e-02 8.403066343753307077e-02 1.754867884716921345e-01 6.608367753427504265e-01
8.282266984807765131e-02 8.379585575642875539e-02 2.451681218124040218e-01 5.882133525830895993e-01
7.732170734690188563e-02 1.040851581166208212e-01 2.368842315757808403e-01 5.817089029606964390e-01
8.423789532890529896e-02 8.957519897655558117e-02 1.913736245751120058e-01 6.348132811194271419e-01
7.041369457549150057e-02 1.095144179784825617e-01 2.376105948610769125e-01 5.824612925849489420e-01
7.874117366366899240e-02 1.112666048896030629e-01 2.338209342322475903e-01 5.761712872144802988e-01
8.167363549408498957e-02 1.003893045851038113e-01 2.185800682034315656e-01 5.993569917173796613e-01
8.946612508453499757e-02 1.166749923327636829e-01 2.016248926179469159e-01 5.922339899647545147e-01
9.407189888584809034e-02 1.009982205585552573e-01 2.220975161249891250e-01 5.828323644306073748e-01
7.482930087753021653e-02 1.008935451149525486e-01 2.317034588947241014e-01 5.925736951127930086e-01
8.456226981985216773e-02 1.186136914578381635e-01 2.544802654470333936e-01 5.423437732752763862e-01
9.569517123997661745e-02 1.428350072505650270e-01 1.556680163409393525e-01 6.058018051685191141e-01
6.134903682928605911e-02 1.049530504209740256e-01 2.061182619973227492e-01 6.275796507524170620e-01
7.920022231637287302e-02 9.815185082526564631e-02 1.860816902444695775e-01 6.365662366138918893e-01
7.581831760408849763e-02 9.692960722484607328e-02 2.729044522681260965e-01 5.543476229029393743e-01
8.717614763142765566e-02 8.542463108765505075e-02 2.648645145131167666e-01 5.625347067678004853e-01
6.318188362199604613e-02 1.058326586668952157e-01 2.123959669858435095e-01 6.185894907252651453e-01
8.402913171822161409e-02 8.003800590419853089e-02 2.356943360030357149e-01 6.002385263745441124e-01
1.028980984472520621e-01 8.268982394479820752e-02 2.089068720021163839e-01 6.055052056058334298e-01
6.690907351239674949e-02 7.979724406007834836e-02 2.071828707144946491e-01 6.461108117130301975e-01
9.968337353912865018e-02 7.942795126522640692e-02 1.644359337234362894e-01 6.564527414722085563e-01
7.249746806543187760e-02 8.937471164080464103e-02 2.226104168234895875e-01 6.155174034702740604e-01
8.585876414236916221e-02 8.729582369714045109e-02 2.186597516327391244e-01 6.081856605277512484e-01
7.223712403713533625e-02 9.807952946491808877e-02 2.058774274245311620e-01 6.238059190734155379e-01
8.928639868355010834e-02 1.054811465389090958e-01 2.095814873552225288e-01 5.956509674223182671e-01
1.008413164098525133e-01 8.330843522033612447e-02 2.166389296969231659e-01 5.992113186728882379e-01
8.358597549217311462e-02 7.487246959012890113e-02 2.783196586376660009e-01 5.632218962800319417e-01
9.115258501140190150e-02 1.240129374693026837e-01 2.230686980579320855e-01 5.617657794613631905e-01
6.373159514380251356e-02 8.513155171541968158e-02 2.530170176546682193e-01 5.981198354861094746e-01
8.693839386851631712e-02 1.046757196422374164e-01 2.521884592046240714e-01 5.561974272846222922e-01
5.556881378196885241e-02 1.044912638407334560e-01 2.757132808575639138e-01 5.642266415197338958e-01
9.817450502311508842e-02 1.591615469461879484e-01 2.182196255090972092e-01 5.244443225215996707e-01
9.142410343067840228e-02 8.632322495696670428e-02 1.830224035946973471e-01 6.392302680176574770e-01
8.461192975085071732e-02 8.701103580992083919e-02 2.395705263325725587e-01 5.888065081066558015e-01
5.714733673417493609e-02 1.053218651190101912e-01 2.404046702577292693e-01 5.971261278890857005e-01
7.162186002273600305e-02 1.363782895375329207e-01 1.625675435814158687e-01 6.294323068583151937e-01
8.902508401083893130e-02 1.079131887141147189e-01 2.165966472103896812e-01 5.864650800646564743e-01
9.385839781204180499e-02 1.046594470359490103e-01 2.650609344574048065e-01 5.364212206946042949e-01
1.015123265439630412e-01 9.220770705846048632e-02 2.029993460722793186e-01 6.032806203252970567e-01
9.587967962748504547e-02 9.148273064431620971e-02 2.128638810268174419e-01 5.997737087013812474e-01
8.270410377024900450e-02 8.978670971401689349e-02 2.611351172756395944e-01 5.663740692400945909e-01
7.635939610921219090e-02 1.153071624755744040e-01 2.101515690798159697e-01 5.981818723353975464e-01
5.765903253570194009e-02 7.643187542223915665e-02 1.891526737261516600e-01 6.767564183159072710e-01
9.187181017108358994e-02 1.171385543238642746e-01 2.173042780299197785e-01 5.736853574751323848e-01
1.003662461025657954e-01 9.206080798245855346e-02 1.961535654987534016e-01 6.114193804162223467e-01
8.398519405040018315e-02 1.100607368916989431e-01 2.208422587662285108e-01 5.851118102916723629e-01
6.950524211647075845e-02 1.183521677293419283e-01 2.392973137851214516e-01 5.728452763690659033e-01
8.888473802469813723e-02 7.767977211333919330e-02 2.345925883835907610e-01 5.988429014783718252e-01
6.945760510683290923e-02 8.983369188710946251e-02 1.883310814743893169e-01 6.523776215316683391e-01
8.234446465364690659e-02 9.289239035755524065e-02 1.946979184847814903e-01 6.300652265040165290e-01
6.934502290435327898e-02 1.052561046623193275e-01 1.694116401186816501e-01 6.559872323146457296e-01
6.005840120126346854e-02 8.904582292868859494e-02 2.065041589854806348e-01 6.443916168845672532e-01
8.334000968437009493e-02 9.403868607804331814e-02 2.343084938876848766e-01 5.883128103499016825e-01
8.085274032943226552e-02 1.164522101409105476e-01 2.007237689807076231e-01 6.019712805489496610e-01
8.261689301167990385e-02 7.423980959600171015e-02 2.129828832216236201e-01 6.301604141706946827e-01
8.042324322136627790e-02 1.226531774773078620e-01 2.153643269648800873e-01 5.815592523364456756e-01
1.093377244203861953e-01 9.395820603248701552e-02 1.834646721211767861e-01 6.132393974259501279e-01
8.253411145045276565e-02 1.221932994037454728e-01 2.161387885191963509e-01 5.791338006266053551e-01
9.498032827061243799e-02 1.218372815266280940e-01 1.974858266287123909e-01 5.856965635740470910e-01
7.436027478049675454e-02 1.062327665608198829e-01 2.868490998203374054e-01 5.325578588383458323e-01
7.601461672829022687e-02 1.313216633689396617e-01 2.302931002692824858e-01 5.623706196334876672e-01
1.084189089684131219e-01 9.838564258843972288e-02 2.094124693230072776e-01 5.837829791201398777e-01
7.362700681571969497e-02 5.570985107438365669e-02 2.522726927358188154e-01 6.183904493740777220e-01
6.958050166022394789e-02 1.031165775843943255e-01 2.166047613493367330e-01 6.106981594060449936e-01
6.405326228765757801e-02 1.066807651486771508e-01 2.196704751854726134e-01 6.095954973781927411e-01
6.403935655345548150e-02 8.394885258749681944e-02 2.385797998697046507e-01 6.134319909893430900e-01
7.102163879112206868e-02 1.031828156933874141e-01 2.195023168994519047e-01 6.062932286160386264e-01
8.864072062145461617e-02 9.206833529332761334e-02 2.041691986993977859e-01 6.151217453858198736e-01
9.675530332781984155e-02 1.315178862992184283e-01 1.993694987641570215e-01 5.723573116088046531e-01
8.232861363568763635e-02 1.057191654562047028e-01 2.068177363599465191e-01 6.051344845481613222e-01
8.010145869324535040e-02 8.592989998267602791e-02 2.154248805342055262e-01 6.185437607898730539e-01
6.214493194743406917e-02 1.042474056840378416e-01 2.233927538278838165e-01 6.102149085406443074e-01
6.013440247807074618e-02 1.319601819728452585e-01 2.525504290065744284e-01 5.553549865425095877e-01
1.066318196226717224e-01 1.319490093912749629e-01 2.054149097471781593e-01 5.560042612388752525e-01
7.906580376448998915e-02 9.237316515639153180e-02 2.388831974979526707e-01 5.896778335811658778e-01
8.437810497717872227e-02 1.084432018125377067e-01 2.609134284285531402e-01 5.462652647817303198e-01
8.230869477299677939e-02 1.101474682750092082e-01 2.037824831225341915e-01 6.037613538294597237e-01
8.659187211572130782e-02 1.238255474865700978e-01 2.229170253850112915e-01 5.666655550126974417e-01
7.350931638470772911e-02 1.069987590850614706e-01 2.343013771526349653e-01 5.851905473775957933e-01
6.773764557165987132e-02 7.562593383198958075e-02 2.304142625991368876e-01 6.262221579972137020e-01
9.199499872725308558e-02 7.395538539319519711e-02 2.138013961922137218e-01 6.202482196873380094e-01
5.571208607098145776e-02 9.757113353546924273e-02 1.833210411610348700e-01 6.633957392325142699e-01
6.180211281421905262e-02 1.068656762270421834e-01 2.029489477031801714e-01 6.283832632555587105e-01
8.415267973273382607e-02 7.445114457910620431e-02 2.388296746944719717e-01 6.025665009936880256e-01
8.323213663463070733e-02 1.160900797347347718e-01 2.706461798663414853e-01 5.300316037642930356e-01
7.684899539854196659e-02 1.088327107909665276e-01 2.129452628550145554e-01 6.013730309554771170e-01
7.445586648514984640e-02 9.411463389145488523e-02 2.098554982883820141e-01 6.215740013350132820e-01
9.968836764786478954e-02 9.901917124888916233e-02 2.075718360354940895e-01 5.937206250677521391e-01
7.713581869187081941e-02 1.068782610857238330e-01 2.143185997182197322e-01 6.016673205041855876e-01
8.805754983393475344e-02 1.149049236868789625e-01 2.330712650626017290e-01 5.639662614165846799e-01
8.325558014883194247e-02 9.271523453546781646e-02 2.385055723351615087e-01 5.855236129805387879e-01
7.505530302541736642e-02 9.424266985669685348e-02 2.161607416453938113e-01 6.145412854724919827e-01
6.048269443020140579e-02 4.725668130327623229e-02 2.133912305041065771e-01 6.788693937624157293e-01
6.544882751860893466e-02 1.027522324367891454e-01 2.107514095496937356e-01 6.210475304949081288e-01
8.641528506014563293e-02 7.206940491851872299e-02 2.311438546313741849e-01 6.103714553899615147e-01
8.348294736271075211e-02 8.397575072490219561e-02 2.549220319779861299e-01 5.776192699344010473e-01
6.274704189620569639e-02 7.073110133704320346e-02 2.103673872868279671e-01 6.561544694799230637e-01
9.549832868863895874e-02 1.031116956302664811e-01 1.997037261263899244e-01 6.016862495547047329e-01
5.652365744926537983e-02 1.027741894085758834e-01 1.915368850186058847e-01 6.491652681235529077e-01
7.414768220573177138e-02 7.007970606427890714e-02 2.164374181144634035e-01 6.393351936155260429e-01
9.431966688562262724e-02 1.085374383372803980e-01 2.053755156453802577e-01 5.917673791317166199e-01
7.481213428528250831e-02 1.043257263489610898e-01 2.101819746565042335e-01 6.106801647092521268e-01
6.405965003659837287e-02 8.809883176371065272e-02 2.402519899495271227e-01 6.075895282501637684e-01
7.178583618277850631e-02 1.112409424012311410e-01 2.036211941870824382e-01 6.133520272289079145e-01
4.665093947781955713e-02 9.917215473224315347e-02 2.213209086096356859e-01 6.328559971803016104e-01
7.009849263912343309e-02 7.094547314624877199e-02 2.658033060113962343e-01 5.931527282032313941e-01
1.119787406864044682e-01 7.678774687972543533e-02 2.011350669700223137e-01 6.100984454638478383e-01
7.644636432493139011e-02 8.181346523162943973e-02 2.374066486630813932e-01 6.043335217803578185e-01
9.592298885121176844e-02 7.413230829951097944e-02 2.323719894432806632e-01 5.975727134059967138e-01
6.608825344722410455e-02 1.031150988410845515e-01 2.336985943422291157e-01 5.970980533694623116e-01
9.164815067236470325e-02 7.833578373937566397e-02 2.551990481914187536e-01 5.748170173968409902e-01
6.792233155247584531e-02 7.975136360397981627e-02 1.783528395037838332e-01 6.739734653397605468e-01
8.809306336710864827e-02 8.479635593456735787e-02 2.720715024229279910e-01 5.550390782753960028e-01
7.444891718675213099e-02 7.826050825627160756e-02 2.545118017087516504e-01 5.927787728482245555e-01
9.216377794084436303e-02 7.629278041037745872e-02 1.919197327238955919e-01 6.396237089248826280e-01
6.169444651009693692e-02 1.148654830205184940e-01 2.336473803302950569e-01 5.897926901390895260e-01
1.029471606991838317e-01 8.190297284052215632e-02 2.164396556989712783e-01 5.987102107613226920e-01
7.990957564501151300e-02 7.592435822085664976e-02 2.529774927241868476e-01 5.911885734099450174e-01
1.076937316385608856e-01 8.074981467258324219e-02 2.076867023211376728e-01 6.038697513677182549e-01
8.812380504074066034e-02 9.277522324614906335e-02 1.996372393389532762e-01 6.194637323741569723e-01
7.665890795996121998e-02 1.102403684864253774e-01 1.720101150506683496e-01 6.410906085029449697e-01
4.464641074005536170e-02 1.008423084261543812e-01 1.905057343929703051e-01 6.640055464408198826e-01
6.180484187747416203e-02 1.171306252884181387e-01 2.450604843744143835e-01 5.760040484596934407e-01
8.545544607704166906e-02 7.428588397381487296e-02 2.190363195610654512e-01 6.212223503880781594e-01
1.262418258331831633e-01 1.180095812524101645e-01 2.216843749485514770e-01 5.340642179658552369e-01
7.645941407665238221e-02 1.275989811511048233e-01 1.920381741139331466e-01 6.039034306583095368e-01
9.813519784622372344e-02 1.027859253241106274e-01 2.173111968522274950e-01 5.817676799774380569e-01
8.465553058217585580e-02 8.544816050429285270e-02 2.348296424097063573e-01 5.950666665038251146e-01
9.048570770799699292e-02 1.230145999618592056e-01 2.607808035687467774e-01 5.257188887613970518e-01
6.610243058976691954e-02 1.087459718895171235e-01 2.166296427532827251e-01 6.085219547674333151e-01
8.844663871985099235e-02 7.298920364519648207e-02 2.444227125296789260e-01 5.941414451052736689e-01
5.160514518481645885e-02 9.450987389748052858e-02 2.375951276546793833e-01 6.162898532630237680e-01
9.430937387422821949e-02 1.053552926779853516e-01 1.629404523079267253e-01 6.373948811398598702e-01
9.766152033720663928e-02 9.370061591639369802e-02 2.373860131231042558e-01 5.712518506232953097e-01
7.845962737513734186e-02 1.116643063256199803e-01 2.078030723167153260e-01 6.020729939825273380e-01
8.850252325845886503e-02 1.219951228018694295e-01 2.184493092577099727e-01 5.710530446819618300e-01
9.422472605526391320e-02 9.881956165437526252e-02 2.486785571692374519e-01 5.582771551211235250e-01
9.169512384751818401e-02 9.805415897489734578e-02 1.750587954074246944e-01 6.351919217701597065e-01
8.998537897826654197e-02 9.720674051197249199e-02 2.493506800281814206e-01 5.634572004815795454e-01
9.758634587287273732e-02 8.494234826668230209e-02 2.079221911871828588e-01 6.095491146732618937e-01
1.027294838781885322e-01 8.237622162354038546e-02 2.118477100398004631e-01 6.030465844584704804e-01
6.293513194366336105e-02 7.926949606859194641e-02 2.157461313161572192e-01 6.420492406715874179e-01
9.479497096659504629e-02 1.112033921147884546e-01 2.152835857648503215e-01 5.787180511537660665e-01
1.113917270659169484e-01 8.668238460774545240e-02 2.186635608038839662e-01 5.832623275224536608e-01
6.964061556457550040e-02 1.130398159739550989e-01 1.762083311540979524e-01 6.411112373073714066e-01
7.763632207003090535e-02 9.394072123322562418e-02 2.327436384379863998e-01 5.956793182587568625e-01
1.036496169192556299e-01 8.420627243064882084e-02 1.932713960877149306e-01 6.188727145623805770e-01
7.054676037247147036e-02 6.809947190564485942e-02 2.600840857198712941e-01 6.012696820020123623e-01
7.537312395665173026e-02 1.115229665525225150e-01 2.121120193696665046e-01 6.009918901211590558e-01
5.991017265981812140e-02 1.175168736162798544e-01 2.316658873696549881e-01 5.909070663542469459e-01
6.160496674364489972e-02 9.101875708755316485e-02 2.189226483887016794e-01 6.284536277801002768e-01
1.122563897037920366e-01 1.173776877590738399e-01 1.903316089799399757e-01 5.800343135571941477e-01
8.845445122901406110e-02 1.008335094814688110e-01 2.114521730391330234e-01 5.992598662503840767e-01
6.838674095154921584e-02 1.186251954818586668e-01 2.167625942084539237e-01 5.962254693581381382e-01
5.486265412220348026e-02 6.822198869718619496e-02 2.491445323670729850e-01 6.277708248135374092e-01
5.757415237660681862e-02 1.116959793377100274e-01 1.894204954843269617e-01 6.413093728013562478e-01
6.961473846492302608e-02 1.146709367263524931e-01 2.083476081452496353e-01 6.073667166634747483e-01
9.488083385557849470e-02 7.210965122946516592e-02 2.209874390856156889e-01 6.120220758293405394e-01
7.728879279277184322e-02 6.745884354404110828e-02 2.300086298843392052e-01 6.252437337788480098e-01
8.692560011712445467e-02 9.113270019316871418e-02 2.114703995535046066e-01 6.104713001362022107e-01
6.473914258857194071e-02 8.903716175372770880e-02 2.243617904957878606e-01 6.218619051619126425e-01
7.583305599854360535e-02 1.134670385644835910e-01 2.034169613292731993e-01 6.072829441076995627e-01
7.903983367925929149e-02 1.549679083940379842e-01 2.084061112440173946e-01 5.575861466826852464e-01
5.529521625152640507e-02 8.600045818594714842e-02 1.994675593063501839e-01 6.592367662561763320e-01
7.733989830301414570e-02 9.331821658293493194e-02 2.494718030249932772e-01 5.798700820890575480e-01
1.023566559768578216e-01 9.271614770949589135e-02 1.780113276446249893e-01 6.269158686690212701e-01
7.446051737336208121e-02 1.165006496173527084e-01 2.286446189555431940e-01 5.803942140537421412e-01
9.545117123258116398e-02 9.089568851344509426e-02 2.303111500400346345e-01 5.833419902139391766e-01
7.986617493726380634e-02 8.464027374064990450e-02 2.306147423394026008e-01 6.048788089826835357e-01
7.508192017879170010e-02 8.122536491021381533e-02 2.305248485207760101e-01 6.131678663902184745e-01
7.365519199449595267e-02 1.015667387110402164e-01 2.166289788924148085e-01 6.081490904020488975e-01
1.018422781566076796e-01 1.378033683836718537e-01 1.980874115821247561e-01 5.622669418775957384e-01
8.139612436863112588e-02 1.393093998968447933e-01 1.747011836610458391e-01 6.045932920734783389e-01
5.925786814211535941e-02 1.296505354310191482e-01 2.086768458518831748e-01 6.024147505749823939e-01
8.552108796507408572e-02 1.283474533530338801e-01 2.365759019300407162e-01 5.495555567518511930e-01
9.434195970095321515e-02 1.238729373342125073e-01 2.115781164812051418e-01 5.702069864836291080e-01
8.934733145013763755e-02 1.201069013228688032e-01 1.899936040043893049e-01 6.005521632226042961e-01
3.574547563270147332e-02 1.039581904991952049e-01 1.999337306551018656e-01 6.603626032130014423e-01
9.541358367024710407e-02 1.514991763163406890e-01 2.048886249753054389e-01 5.481986150381066292e-01
4.299432599381324688e-02 1.347395282214698398e-01 2.386561582799828773e-01 5.836099875047338070e-01
6.485426862662414804e-02 1.175022759779142667e-01 2.199793335222163804e-01 5.976641218732452465e-01
9.295418923708910486e-02 7.202802907821470590e-02 2.518282817394777995e-01 5.831894999452184036e-01
5.905969239432286300e-02 8.762089199825225105e-02 2.514413788858252952e-01 6.018780367215996741e-01
6.082386921877256519e-02 9.510486891698220757e-02 2.239804002331587385e-01 6.200908616310865096e-01
9.395994986138134220e-02 9.856314898150068948e-02 2.079396543010339771e-01 5.995372468560841162e-01
6.667428250778076326e-02 1.093469366547309696e-01 2.538976521461045466e-01 5.700811286913837206e-01
6.349911059682085412e-02 9.400798276652798380e-02 2.162391988840270118e-01 6.262537077526240115e-01
1.255574052041787125e-01 7.744447575923778249e-02 2.288210746709795906e-01 5.681770443656040115e-01
5.950434551568607733e-02 7.462398833173891632e-02 2.283155494834254173e-01 6.375561166691495751e-01
7.608103603384382130e-02 1.214885810072511146e-01 2.174755716066527900e-01 5.849548113522522463e-01
7.912749914839467547e-02 9.728668287942847381e-02 2.249015136285505145e-01 5.986843043436261835e-01
9.879874257127799209e-02 7.466651337405717792e-02 2.259560835246177124e-01 6.005786605300471592e-01
8.772030928250429405e-02 8.713485082710212271e-02 2.226803605269358222e-01 6.024644793634578166e-01
6.025188240306565690e-02 9.083564927037775238e-02 2.524253622682787190e-01 5.964871060582779272e-01
7.922799440509963043e-02 1.003615655643895072e-01 1.992716154710831578e-01 6.211388245594275936e-01
7.575005210952674706e-02 7.844504605433347266e-02 2.028084470832536290e-01 6.429964547528862484e-01
8.570612496673547798e-02 9.581907741279281632e-02 2.477882879218943624e-01 5.706865096985771491e-01
7.042407077537715665e-02 1.129279753518855622e-01 2.085895184378495359e-01 6.080584354348878007e-01
7.485453833514923994e-02 1.206137501010499519e-01 2.084079017112515919e-01 5.961238098525493134e-01
7.257332280909911670e-02 1.009141438146551190e-01 2.166169374571701722e-01 6.098955959190756060e-01
1.054228237637760413e-01 1.001033246194590054e-01 2.027292304148379520e-01 5.917446212019269458e-01
1.039469731647184730e-01 9.063898600970567154e-02 2.623043036309053444e-01 5.431097371946705943e-01
8.989359927494998403e-02 1.008363108162200622e-01 2.710830326284168756e-01 5.381870572804131614e-01
1.027884109154005438e-01 7.721082219105537825e-02 2.136089645839553963e-01 6.063918023095885568e-01
8.043997955957912782e-02 8.168722725765518999e-02 1.983475722259230578e-01 6.395252209568426105e-01
7.172871165937738658e-02 1.169593131322574087e-01 1.863960263338930445e-01 6.249159488744721047e-01
6.487989193503025664e-02 7.703192288890321759e-02 1.820368482468483762e-01 6.760513369292181496e-01
6.334570902831593298e-02 1.237331070075064349e-01 2.151086008051530385e-01 5.978125831590245243e-01
9.854568438081783011e-02 1.320626939852418968e-01 2.053402287990603314e-01 5.640513928348799277e-01
9.962918021674302405e-02 8.361500500759411203e-02 2.134518760631982648e-01 6.033039387124644604e-01
7.332434552461099264e-02 9.461173665843509994e-02 2.183900292930887332e-01 6.136738885238650631e-01
9.510311477829581916e-02 7.268527827580528733e-02 2.321538978949673759e-01 6.000577090509314759e-01
5.317789089989274909e-02 1.315290393906817512e-01 2.752094923170755880e-01 5.400835773923500227e-01
8.210405710686728697e-02 9.730690233590412463e-02 2.445024291654406268e-01 5.760866113917880726e-01
7.669247033178362705e-02 1.021614325296765352e-01 2.631219074388651546e-01 5.580241896996747109e-01
8.905538079223362935e-02 7.931426365600637018e-02 1.801977312408878651e-01 6.514326243108720105e-01
7.523964712200957583e-02 1.291057432636121827e-01 1.983482330561845974e-01 5.973063765581936302e-01
6.794171165285389780e-02 1.098793858655951194e-01 2.076981772953530037e-01 6.144807251861981179e-01
7.256497525002011950e-02 8.753816452293304573e-02 2.150326733833202997e-01 6.248641868437264657e-01
7.320712221609990134e-02 1.262803412886249477e-01 2.409821045245996440e-01 5.595304319706755347e-01
6.274110020433047719e-02 1.153717235480430786e-01 2.379333146989548731e-01 5.839538615486715711e-01
1.053763126719611670e-01 1.016272013661193990e-01 2.339336947357403274e-01 5.590627912261790788e-01
7.563310575438382533e-02 1.140793175183032887e-01 2.607006990238399657e-01 5.495868777034729202e-01
7.762261071950661562e-02 9.651907164722123289e-02 2.282099970179291559e-01 5.976483206153430094e-01
9.122639293727069498e-02 7.644313184058972033e-02 1.808053243112101305e-01 6.515251509109293293e-01
1.030615804792603951e-01 8.860962511018266596e-02 2.559579758426892004e-01 5.523708185678676275e-01
6.902901155537963240e-02 1.129310497068125724e-01 2.144725418181434584e-01 6.035673969196644340e-01
9.574978833336113271e-02 9.481148012216891741e-02 2.264477495770972071e-01 5.829909819673727567e-01
6.574743589582258962e-02 7.699499808966575598e-02 2.043321811112413788e-01 6.529253849032703449e-01
1.073645836504416584e-01 1.050824610293668443e-01 2.116579937732765149e-01 5.758949615469148853e-01
7.359812547719751796e-02 1.010199304901679973e-01 2.271226432494520553e-01 5.982593007831825682e-01
7.052493760081680885e-02 9.705911397123516415e-02 1.879071270001157201e-01 6.445088214278321681e-01
7.823692030339443604e-02 7.657901749446510697e-02 2.311163364841058165e-01 6.140677257180348070e-01
6.346512642077555000e-02 1.052500537337155984e-01 2.211408071134116360e-01 6.101440127320971740e-01
8.927338281619741356e-02 8.286073915669671386e-02 1.875954299039633844e-01 6.402704481231423772e-01
9.480672306977537545e-02 9.627397592823587480e-02 2.677467216546447482e-01 5.411725793473439738e-01
5.594351792597058309e-02 1.004451287875978566e-01 2.554161513226426150e-01 5.881952019637889384e-01
8.347602849173067774e-02 7.395720987769910382e-02 2.037822090143077414e-01 6.387845526162624354e-01
5.607204210515334686e-02 1.081948602962660849e-01 2.122227188121045272e-01 6.235103787864760827e-01
4.389226722156449462e-02 6.905624415493670509e-02 2.674481899197926893e-01 6.196032987037061179e-01
6.472174543713643535e-02 7.041000648318007649e-02 2.333935662042029846e-01 6.314746818754805036e-01
5.461492135646589530e-02 1.327639393995123651e-01 2.452670912130064662e-01 5.673540480310154122e-01
6.941129261525250116e-02 1.026395538253097178e-01 1.996194238554136746e-01 6.283297297040241203e-01
3.967496142189475689e-02 9.445642977109354466e-02 2.220111542085774492e-01 6.438574545984343533e-01
9.475136034313755284e-02 7.821793361944630318e-02 2.091394494189833808e-01 6.178912566184326938e-01
9.735469043690918312e-02 1.103399835593256995e-01 2.082953254525062858e-01 5.840100005512588455e-01
8.472525557935774165e-02 1.083048724191206513e-01 2.136401095625283242e-01 5.933297624389932690e-01
7.082370355577097265e-02 1.105571879911896593e-01 2.071420590334567824e-01 6.114770494195824746e-01
7.836142578717962548e-02 1.146840062667295601e-01 1.679602187529987134e-01 6.389943491930919484e-01
6.907659945638235099e-02 9.490044237098398117e-02 2.872623434215912930e-01 5.487606147510424304e-01
9.178624403405266641e-02 8.870662514203729587e-02 2.088275054407300046e-01 6.106796253831799914e-01
7.527415541564695667e-02 1.056331560172928952e-01 2.214670140459102654e-01 5.976256745211498966e-01
8.845334518207098595e-02 1.178136152797334968e-01 2.197025362897813416e-01 5.740305032484143144e-01
7.198237214093321235e-02 7.778922575653982041e-02 2.205416758545405975e-01 6.296867262479863836e-01
7.721768162985519213e-02 1.191060137142611747e-01 2.153859296670374290e-01 5.882903749888460654e-01
7.509117464097084249e-02 1.264243430841469340e-01 2.225020601865534409e-01 5.759824220883287271e-01
6.313348388767518748e-02 1.039294910684345208e-01 2.043544501687515891e-01 6.285825748751385778e-01
7.647190436652484546e-02 1.066888047785882754e-01 2.634370537239169030e-01 5.534022371309698096e-01
7.947575186443572859e-02 1.115536731074092264e-01 2.299222244886953703e-01 5.790483505394596886e-01
6.807069996129307132e-02 1.085482653430440148e-01 2.301040950678278074e-01 5.932769396278350094e-01
6.777466148611477337e-02 9.814311744003106908e-02 2.171174282927898769e-01 6.169647927810641974e-01
1.066469769390012423e-01 9.288976953596866926e-02 2.096025274931838100e-01 5.908607260318461396e-01
8.804915717159807198e-02 9.827486543651317574e-02 1.644593574441607642e-01 6.492166199477280575e-01
7.515035038743803075e-02 7.562838868097243594e-02 2.355460371069065806e-01 6.136752238246828695e-01
7.228572163483694413e-02 9.447261185259341054e-02 2.349397941164202419e-01 5.983018723961492924e-01
7.535983346680828754e-02 1.413224188409044069e-01 2.193437939949127446e-01 5.639739536973745748e-01
5.550731654959085298e-02 9.203804290245266861e-02 2.121825696801853123e-01 6.402720708677711592e-01
6.733297125736338595e-02 1.009246707051749403e-01 1.726944266577722376e-01 6.590479313796894223e-01
8.704544650481306489e-02 6.965243488579241082e-02 2.388420660525354955e-01 6.044600525568589733e-01
8.046393206965958556e-02 1.073109847450907511e-01 2.264369690289978476e-01 5.857881141562517602e-01
6.504237552126514166e-02 1.193246155960873550e-01 2.261295784496273609e-01 5.895034304330202257e-01
6.496521886171913174e-02 1.075762601418664977e-01 1.764772765881631456e-01 6.509812444082512251e-01
7.387437452306631902e-02 1.006916174693401750e-01 2.059858538251418680e-01 6.194481541824515825e-01
1.269705409610519253e-01 1.103152729231188650e-01 2.423308607519363833e-01 5.203833253638926459e-01
6.262604038850616561e-02 9.154098167014192156e-02 2.167524368088291908e-01 6.290805411325226526e-01
6.043069235198141043e-02 8.008136626006548409e-02 2.301095211541559216e-01 6.293784202337973088e-01
7.641998095958039972e-02 8.549415036123042544e-02 2.296129746637603497e-01 6.084728940154288113e-01
7.892164103764197358e-02 1.012103551376061505e-01 2.015401466029131672e-01 6.183278572218388058e-01
7.119463451108273833e-02 1.145201842233268819e-01 2.556272899540780186e-01 5.586578913115123335e-01
8.171542580628292363e-02 1.112010669281690706e-01 2.309616675581789291e-01 5.761218397073689657e-01
9.680485796873448956e-02 9.163411454294478897e-02 2.008262943633114805e-01 6.107347331250092548e-01
5.365495668000962171e-02 8.539938019463888530e-02 1.879601054744057531e-01 6.729855576509456982e-01
9.257271168382211202e-02 8.499993301015444647e-02 2.093406585971766543e-01 6.130866967088468567e-01
8.310404151878791890e-02 1.079434723523031575e-01 1.912517719078112022e-01 6.177007142210976243e-01
9.227519571913571361e-02 1.073136994695089858e-01 2.074392567480743133e-01 5.929718480632808486e-01
9.014646153780318805e-02 9.605013619816621384e-02 2.087582823057916315e-01 6.050451199582390638e-01
7.733443259181155272e-02 1.216904128553760039e-01 2.125167118161127022e-01 5.884584427366995607e-01
8.900584529860064431e-02 7.209185908086242212e-02 2.325216232917221848e-01 6.063806723288147627e-01
8.079826457215479041e-02 9.588248387003807383e-02 2.143973837090988044e-01 6.089218678487082759e-01
6.813209197012595753e-02 8.586461490825045284e-02 2.185518482054888412e-01 6.274514449161348040e-01
8.664630009699877955e-02 8.542174181758714624e-02 2.292417483435865433e-01 5.986902097418274060e-01
8.301372582939745004e-02 7.684165309219366524e-02 2.016855482778771025e-01 6.384590728005318239e-01
7.493581867926385476e-02 9.440877649059761789e-02 2.251979208382569875e-01 6.054574839918814844e-01
5.508329321796508193e-02 8.608377644555220698e-02 2.315633130206009305e-01 6.272696173158818223e-01
1.094027606243513084e-01 9.231485773363397318e-02 2.153542935871554376e-01 5.829280880548592947e-01
