1.229830298820098755e-01 1.533275078927767536e-02 5.743111375079645864e-01 2.873730818207477222e-01
6.797866232173933876e-02 2.453339114963539597e-02 5.783679746661967158e-01 3.291199718624283621e-01
9.924475879549711499e-02 3.313338974600598535e-02 6.435573632773733399e-01 2.240644881811237055e-01
7.395180238061066502e-02 1.580315149628474733e-02 6.350892568055943599e-01 2.751557893175102243e-01
9.667079413509442609e-02 2.236222482940977002e-02 5.980628808349996994e-01 2.829041002004960559e-01
1.040792120622181238e-01 1.906735946403127768e-02 6.286929306356960900e-01 2.481604978380544391e-01
8.267021142604472073e-02 2.512386776384964784e-02 5.680501656600869254e-01 3.241557551500187095e-01
7.034011578098003925e-02 1.666229209046845086e-02 6.502655794896444741e-01 2.627320126389068866e-01
9.468448154760195079e-02 3.669239182508322872e-02 6.059812869647204225e-01 2.626418396625944118e-01
9.375754882507190968e-02 2.020918058326204650e-02 6.002494098130340960e-01 2.857838607786321039e-01
6.980667378314035776e-02 2.809257793887840263e-02 6.157199975983903562e-01 2.863807506795910673e-01
8.635421503961858425e-02 2.793342391469580410e-02 6.054507814625664786e-01 2.802615795831189804e-01
1.423062897367812774e-01 2.678677322643862116e-02 4.815843289023609142e-01 3.493226081344191769e-01
9.393238013882516946e-02 2.737302210686841722e-02 6.398279335222780695e-01 2.388666642320283195e-01
1.171632250634369321e-01 4.951788351646877612e-02 5.369538071314419181e-01 2.963650842886524361e-01
6.247473316521259812e-02 2.606267163244716661e-02 6.427381899316546576e-01 2.687244052706855846e-01
1.368716939862966997e-01 2.976990879710269405e-02 5.774797176920077879e-01 2.558786795245927004e-01
9.420506930555946901e-02 2.104840185715447370e-02 5.732626170614039118e-01 3.114839117758821385e-01
1.077941852889488517e-01 1.592773424068405497e-02 5.926976466663248511e-01 2.835804338040422978e-01
1.007495505337588915e-01 4.404818001206875500e-02 5.433294444369599629e-01 3.118728250172123628e-01
1.075774124997379150e-01 3.010494534867672045e-02 5.298345901987435713e-01 3.324830519528418349e-01
9.080154192739843533e-02 3.402751667289540677e-02 6.246085395666698403e-01 2.505624018330363523e-01
9.028260031757263937e-02 3.221033227824412343e-02 5.690186081583193944e-01 3.084884592458638775e-01
1.105318298026946727e-01 2.418545715987471811e-02 5.886347019139658299e-01 2.766480111234647099e-01
7.811775641332543985e-02 2.217760365490745872e-02 6.311302140694371454e-01 2.685744258623301572e-01
1.139489549247855865e-01 2.735340691724965842e-02 5.441267797267798079e-01 3.145708584311850409e-01
1.221754762575684577e-01 1.071523468273340683e-02 6.006834809066119441e-01 2.664258081530861411e-01
8.078844633469597913e-02 5.436416635590257673e-02 6.061694195135940433e-01 2.586779677958074841e-01
8.029693654613929976e-02 1.983639834124827084e-02 6.435188080250343612e-01 2.563478570875779572e-01
1.271068754783503951e-01 1.141968970564272677e-02 6.149946282302258815e-01 2.464788065857808352e-01
1.044459767796811350e-01 2.413897563421842085e-02 6.053699837638826242e-01 2.660450638222179309e-01
9.301640256660716199e-02 1.451077168705284214e-02 6.362002574492751084e-01 2.562725682970648511e-01
1.141269828723277119e-01 2.047598224668806602e-02 5.938222895572752291e-01 2.715747453237088993e-01
1.114796379667418041e-01 3.454333504940756971e-02 6.003527200551693754e-01 2.536243069286812091e-01
1.053949101760049134e-01 3.208941534950405378e-02 6.104535677908964342e-01 2.520621066835945223e-01
1.287012787718370410e-01 2.662768928976045127e-02 6.174216692192978639e-01 2.272493627191045917e-01
1.095618295417682270e-01 2.109047971329689602e-02 5.382758478078986109e-01 3.310718429370365090e-01
6.808535920373946781e-02 2.724931835174759440e-02 5.935277991458588476e-01 3.111375232986541839e-01
8.921438301195884490e-02 1.913572017592819752e-02 5.938691858726820039e-01 2.977807109394308704e-01
1.554592881453597530e-01 2.365279454571009993e-02 5.276490080956970363e-01 2.932389092132330899e-01
1.228984362545793990e-01 3.001464032273852556e-02 5.995364244375885887e-01 2.475504989850933757e-01
9.061073356081693342e-02 2.101046538534345753e-02 5.851280938382573682e-01 3.032507072155822270e-01
1.208426925669879998e-01 2.197384022898237615e-02 5.675139932022100764e-01 2.896694740018194159e-01
1.633650116099471528e-01 4.382808558005076016e-02 5.340586842036056936e-01 2.587482186063964629e-01
9.113725468136001095e-02 2.949451993290267207e-02 5.437077734309024857e-01 3.356604519548349042e-01
9.090135137121672926e-02 6.692932932768486110e-02 5.749020526517784058e-01 2.672672666493199900e-01
6.942737226214475144e-02 3.267619855861157718e-02 6.130833252976042314e-01 2.848131038816393845e-01
1.500409277797293273e-01 2.144724661153202955e-02 5.629443480646900699e-01 2.655674775440486357e-01
1.083456633432861166e-01 2.393097935198445006e-02 5.871922607008696060e-01 2.805310966038597753e-01
9.366759832933038710e-02 1.781639351687376582e-02 5.876665707979938924e-01 3.008494373558018853e-01
9.962146018822824745e-02 3.693373208180839029e-02 5.585884753595635743e-01 3.048563323703997741e-01
1.076930301486551805e-01 1.433764989122687100e-02 5.682509330222899058e-01 3.097183869378280496e-01
1.445051492756959655e-01 2.456775259432507005e-02 5.540778533055820132e-01 2.768492448243969895e-01
9.368083009431726893e-02 2.829769507189696873e-02 6.010444244884174392e-01 2.769770503453683475e-01
1.265412212586145835e-01 9.581945778517952927e-03 6.133035867145412157e-01 2.505732462483262757e-01
1.197858762415499045e-01 2.087220357284158903e-02 5.690100697195021873e-01 2.903318504661063226e-01
8.999604471610186951e-02 3.493853347638280898e-02 5.480404027317182791e-01 3.270250190757971187e-01
1.131153122669957128e-01 4.763810615250445475e-03 5.725232545468627032e-01 3.095976225708912399e-01
8.380927625589984498e-02 2.757841498608063283e-02 5.537263526019732263e-01 3.348859561560462161e-01
8.452276683759062104e-02 2.984578744349836166e-02 6.055070583545074658e-01 2.801243873644035376e-01
9.155965140987848416e-02 2.599626138492062283e-02 6.246606561679283187e-01 2.577834310372725812e-01
6.637330686558463866e-02 4.423799140457809753e-02 6.015724997588627332e-01 2.878162019709745167e-01
8.254801648061708963e-02 2.601526799075067065e-02 5.621569252820118878e-01 3.292797902466204074e-01
8.054188552118483890e-02 2.967192057942176497e-02 5.765686252657423738e-01 3.132175686336510778e-01
1.210543078844002335e-01 2.350967426307534747e-02 5.593494698059539028e-01 2.960865480465704747e-01
1.276243604586268510e-01 2.548979501334845341e-02 5.240693283226560695e-01 3.228165162053687198e-01
7.701590044236948651e-02 3.964646359226878941e-02 5.815638048246086766e-01 3.017738311407531238e-01
1.554926928840558165e-01 1.933014345031896716e-02 5.885796497795525717e-01 2.365975138860727245e-01
1.067990251530928220e-01 4.729386033252579863e-02 5.618567962497923451e-01 2.840503182645889857e-01
1.427368133795166028e-01 3.223889801435055047e-02 4.980583624900625228e-01 3.269659261160702823e-01
1.004062152736775460e-01 1.665934404818393208e-02 6.534690616885252545e-01 2.294653789896133333e-01
1.123340293673624896e-01 2.390200933101235478e-02 5.663740684796482183e-01 2.973898928219770310e-01
9.937827622451783638e-02 2.374287974196081369e-02 5.743716809871780571e-01 3.025071630463432304e-01
1.344325650918561099e-01 2.918628467274227839e-02 5.544141175973441582e-01 2.819670326380573910e-01
1.003623516580437885e-01 2.606614772879788100e-02 6.366305810052076408e-01 2.369409196079507451e-01
8.963489757891698884e-02 3.734959921852646497e-02 5.691401291615187930e-01 3.038753740410378157e-01
1.381824632745220216e-01 1.670929541723102305e-02 5.980607841495400034e-01 2.470474571587070456e-01
1.276401781391706680e-01 2.913981327495090284e-02 5.447645180705383838e-01 2.984554905153399829e-01
1.429876484141090198e-01 2.641244509486456379e-02 5.453294557812482513e-01 2.852704507097780229e-01
1.508272675459788326e-01 7.904895667029180478e-03 5.717472685781320729e-01 2.695205682088598897e-01
1.161013416518993785e-01 2.932982424513879208e-02 5.801849960591354272e-01 2.743838380438264335e-01
1.051955875664580264e-01 2.689054689749931226e-02 5.782031736838936231e-01 2.897106918521490937e-01
9.456539625852304620e-02 1.629757460309038536e-02 5.654418475874515293e-01 3.236951815509350183e-01
1.091888558537469495e-01 3.112243328779809928e-02 6.430597080446647240e-01 2.166290028137901613e-01
9.832066356731446188e-02 2.076660588293650911e-02 6.206247960964109689e-01 2.602879344533380879e-01
9.167816048745223989e-02 2.102810258793584228e-02 6.296119444411999444e-01 2.576817924834119977e-01
8.912323510716207986e-02 2.712670236216296188e-02 6.147916935357725654e-01 2.689583689949023859e-01
8.689756408589534298e-02 1.888471836745368032e-02 5.082497117806487053e-01 3.859680057660023200e-01
1.351544110145330435e-01 2.618513717886186351e-02 5.961064139260455752e-01 2.425540378805595143e-01
9.513278842583143546e-02 2.071952640314407915e-02 5.475791279171342563e-01 3.365685572538900661e-01
1.213494981009368423e-01 2.595938079908489612e-02 5.245652780682158456e-01 3.281258430317624541e-01
1.101208067251940731e-01 3.824318596056825587e-02 5.263933180849988958e-01 3.252426892292385463e-01
6.359654421925484136e-02 1.704018756922687575e-02 6.111672974209939602e-01 3.081959707905242429e-01
1.012687688311789402e-01 3.621251536248117076e-02 5.392845126091485586e-01 3.232342031971913721e-01
1.559840166663596095e-01 6.288043778811829021e-02 5.033177799622833293e-01 2.778177655832387294e-01
1.062619550119052736e-01 3.204981335165380668e-02 5.821835364589991180e-01 2.795046951774418642e-01
1.148400640802687556e-01 2.618233659598027951e-02 5.342828152773814177e-01 3.246947840463696444e-01
9.503250741402893831e-02 1.694149387057733436e-02 6.050286155664974519e-01 2.829973831488963865e-01
1.079442661393311131e-01 1.105185317213758928e-02 6.052525169885761835e-01 2.757513636999550100e-01
1.166532112340682437e-01 1.790249320638705524e-02 5.554693900869492884e-01 3.099749054725952635e-01
1.208164609336617040e-01 3.009440256916143946e-02 5.899154535748305506e-01 2.591736829223463823e-01
1.222688151142284074e-01 3.676705266327184862e-02 5.620504045163774443e-01 2.789137277061222164e-01
8.883225448605533425e-02 2.924413704103103612e-02 5.833186375942990276e-01 2.986049708786145951e-01
1.524701833586874500e-01 2.103464079632440947e-02 5.370690108218355574e-01 2.894261650231525485e-01
1.355201535390144763e-01 1.254944750468712893e-02 5.599867527313885374e-01 2.919436462249098696e-01
1.035961033354102639e-01 1.963185530435918036e-02 5.794458257052899075e-01 2.973262156549406621e-01
1.175251978623522153e-01 2.672813155833423521e-02 5.548035001537539035e-01 3.009431704255596807e-01
1.052809423506160247e-01 4.719720547842910091e-02 5.231756697587137683e-01 3.243461824122412240e-01
1.122020370707923348e-01 8.068223795673009485e-03 6.422545332283920994e-01 2.374752059051425390e-01
8.544896780277000392e-02 3.441373941466018688e-02 5.642307239410995212e-01 3.159065688414702811e-01
1.151416953898345835e-01 1.443960237226922863e-02 5.202368619826920337e-01 3.501818402552042131e-01
9.673695670310712702e-02 5.147110398723947489e-02 6.035754433045729117e-01 2.482164960050804725e-01
7.455816067729362229e-02 4.071191517918489738e-02 6.612703447431369508e-01 2.234595794003844671e-01
9.775664183878213231e-02 1.756244823973515667e-02 5.792397391965171671e-01 3.054411707249655716e-01
9.821333282167561685e-02 9.237560937758074880e-03 6.083123126034598593e-01 2.842367936371064663e-01
1.137570575379094756e-01 8.957275304798220303e-03 6.028294321730803818e-01 2.744562349842118998e-01
1.174314102466314652e-01 5.295166912069856208e-02 5.968656814714607961e-01 2.327512391612091835e-01
1.355691160984491828e-01 9.317528983661683625e-03 6.054658846002846095e-01 2.496474703176045917e-01
1.178975864750074487e-01 2.149174920914604520e-02 6.189928550503882576e-01 2.416178092654583387e-01
9.351135279395512978e-02 1.961376786563445371e-02 5.694333088521125186e-01 3.174415704882979083e-01
1.235747328881871276e-01 2.245565294649577714e-02 5.752364180582250075e-01 2.787331961070921849e-01
9.451598578662807892e-02 2.672120510719185049e-02 5.858950416764026059e-01 2.928677674297774369e-01
1.062879217359941481e-01 2.508260188645831945e-02 5.671841125031753528e-01 3.014453638743720409e-01
1.234988102133747628e-01 2.357857986683619886e-02 5.830910303573293429e-01 2.698315795624596225e-01
8.137083566809248658e-02 2.407422558957071981e-02 5.925149987143469854e-01 3.020399400279897839e-01
1.044218126240536448e-01 2.019148984049131540e-02 5.621634584519058508e-01 3.132232390835490987e-01
1.041127462664810793e-01 2.896801786364253811e-02 5.524689260551927106e-01 3.144503098146835818e-01
1.114759249124436108e-01 3.563055416025876637e-02 5.850424692746873934e-01 2.678510516526102503e-01
1.250051552370655961e-01 8.415043695257357417e-03 5.715926914465456754e-01 2.949871096211314492e-01
6.548139489977053418e-02 1.571183561898330250e-02 5.838865071047683042e-01 3.349202623764778175e-01
1.168690010709639709e-01 1.587825781278479759e-02 6.004843220496003386e-01 2.667684190666506638e-01
1.020264988617773788e-01 4.160672794683718811e-02 6.313347370894183408e-01 2.250320361019671200e-01
1.017847089951469663e-01 1.300759525617979986e-02 5.775443747945951944e-01 3.076633209540780012e-01
1.142526307038411598e-01 2.145849170717405510e-02 5.774956543671330156e-01 2.867932232218517452e-01
1.237869730746743446e-01 1.529950369646608521e-02 5.877948998853542717e-01 2.731186233435053956e-01
8.522895440165012548e-02 2.350455112177326361e-02 5.791726932303463693e-01 3.120938012462301514e-01
1.042523646859982583e-01 4.267913434127999089e-02 6.215097733571247618e-01 2.315587276155969820e-01
9.598483459933228323e-02 3.686127751049307621e-02 5.223441667525539067e-01 3.448097211376207061e-01
9.232968991548333448e-02 2.401593721521455560e-02 5.572231770704740850e-01 3.264311957988280111e-01
1.250225842570122925e-01 2.447803083285306214e-02 5.812187914212908479e-01 2.692805934888438668e-01
9.637764918940432135e-02 1.074634229887182386e-02 6.085645417924765432e-01 2.843114667192472855e-01
1.511639806670425079e-01 2.874332940575697465e-02 5.484714507672172612e-01 2.716212391599833187e-01
7.927320976303654787e-02 1.298950600233972352e-02 6.262683812509723946e-01 2.814689029836513479e-01
7.972800380761482786e-02 2.054787052383792029e-02 5.900541116841544476e-01 3.096700139843928112e-01
1.192161676800831960e-01 2.938646186768325078e-02 5.535521826196583284e-01 2.978451878325752422e-01
1.002268195941989348e-01 2.375507603094531225e-02 5.748056430029806485e-01 3.012124613718749622e-01
1.063997523482339697e-01 4.111948905960018108e-02 5.837400671610626368e-01 2.687406914311032402e-01
8.487765878245955020e-02 3.945097242710250696e-02 5.464347795175317213e-01 3.292365892729064436e-01
1.131022739605144767e-01 2.485841678847177175e-02 5.731234016505789564e-01 2.889159076004346738e-01
1.230535225941254418e-01 3.136043026764995939e-02 5.797379353896352505e-01 2.658481117485892997e-01
9.715519156531318701e-02 1.954044505929752526e-02 5.195157700196809669e-01 3.637885933557085116e-01
8.461307420873027951e-02 1.914639667615930865e-02 6.132236889224056409e-01 2.830168401927048993e-01
8.797079710270561126e-02 2.324940925962770341e-02 5.687433984057859160e-01 3.200363952318808769e-01
8.886249607931251404e-02 4.690568511389763690e-02 5.630589539757981932e-01 3.011728648309914269e-01
1.144096684306366851e-01 2.225133999789008499e-02 5.707046970138354158e-01 2.926342945576376198e-01
1.088713628957534985e-01 1.950843238920193720e-02 5.916639333415347757e-01 2.799562713735098685e-01
7.790563674512944459e-02 1.043664886671298586e-02 5.902892986705284839e-01 3.213684157176290856e-01
9.826374451200819982e-02 1.531990830072526948e-02 5.645709367036296777e-01 3.218454104836369623e-01
1.209273456597016044e-01 3.181158138557031029e-02 5.601123368865467134e-01 2.871487360681814205e-01
1.331239890731742981e-01 1.919634428749875804e-02 5.200316446136208359e-01 3.276480220257060316e-01
1.011212162336835446e-01 2.818234453466827300e-02 6.209744777585929354e-01 2.497219614730551152e-01
1.131197419325850329e-01 2.521274776712845514e-02 5.997755046461716866e-01 2.618920056541147456e-01
1.087308832346511323e-01 5.139904617997508723e-02 5.536274323778972439e-01 2.862426382074764741e-01
1.024593119325384327e-01 2.256191941158617806e-02 5.823680849863117626e-01 2.926106836695636093e-01
1.394155895163579906e-01 3.935939474840954161e-02 5.375409401126565179e-01 2.836840756225759708e-01
1.270543908449111303e-01 2.809218647712432432e-02 5.419377826795479525e-01 3.029156399984166970e-01
1.259393837382457026e-01 1.804209632322584592e-02 6.034416296934314028e-01 2.525768902450969411e-01
9.990332755436251433e-02 2.913512907236431165e-02 5.850859979971372304e-01 2.858755453761359644e-01
1.109526658813130839e-01 2.354424571151382886e-02 5.834788529100461973e-01 2.820242354971270182e-01
1.059109732275308052e-01 2.287499692642340834e-02 5.214131135186467203e-01 3.498009163273990141e-01
9.554118390260658844e-02 1.679554339665732116e-02 5.941307565899939247e-01 2.935325161107422698e-01
9.630373976961821569e-02 1.915443188078626291e-02 5.742507972163209962e-01 3.102910311332746085e-01
8.119287973577318795e-02 1.263950652811859920e-02 5.708201626128758255e-01 3.353474511232324429e-01
1.233596650215286056e-01 1.967706833517497006e-02 6.190745478335978325e-01 2.378887188096985850e-01
8.059237361171532610e-02 2.010055417420649262e-02 6.103489615111061806e-01 2.889581107029720597e-01
8.614441414478431203e-02 9.436841600871433838e-03 6.339440149425294990e-01 2.704747293118146545e-01
9.535775690681476402e-02 1.534513594725982720e-02 6.218964917715893437e-01 2.674006153743360703e-01
1.447439283918899589e-01 2.382569843308720431e-02 5.809514765242312917e-01 2.504788966507917047e-01
1.025574186399619975e-01 2.051509010764449373e-02 5.481361737741251572e-01 3.287913174782683412e-01
1.311161944525204848e-01 1.601067090252485808e-02 5.827931112078063025e-01 2.700800234371482089e-01
8.881538909451500152e-02 3.017418156534718010e-02 5.652705976714155200e-01 3.157398316687223261e-01
1.241107510909961187e-01 2.678608925823146303e-02 5.969590835488731706e-01 2.521440761018992616e-01
1.174990993251203014e-01 1.725354314017985002e-02 5.820844124845672152e-01 2.831629450501326750e-01
9.208238747125591095e-02 1.647878088588994663e-02 6.186822415673705056e-01 2.727565900754835848e-01
7.114035200350132815e-02 1.164671461346481612e-02 6.393186016154768225e-01 2.778943317675569014e-01
8.478182382833543418e-02 3.493295997650153889e-02 5.951646535919926650e-01 2.851205626031704243e-01
1.325104275271811183e-01 2.751423983116723510e-02 5.731921532026998944e-01 2.667831794389517452e-01
1.093000292354420477e-01 1.852358383048843121e-02 6.154276750707859955e-01 2.567487118632835741e-01
1.207185076972486087e-01 2.700098114957920348e-02 5.766575255256523036e-01 2.756229856275197454e-01
1.216451900601046299e-01 2.591263249390550125e-02 5.795274239949949058e-01 2.729147534509950845e-01
8.337887449995473599e-02 2.171397093211013124e-02 5.638198766456319344e-01 3.310872779223031914e-01
1.310048610825496618e-01 2.756368671330436393e-02 5.321564283838973175e-01 3.092750238202485180e-01
1.510526976094009877e-01 2.337387227680184573e-02 5.182604398240976407e-01 3.073129902896996057e-01
1.522307900466331188e-01 1.275607069770968993e-02 5.630170189302812211e-01 2.719961203253758453e-01
9.441237191578776000e-02 2.283760900724322515e-02 5.886276993432211224e-01 2.941223197337478612e-01
1.328150491359787189e-01 1.454080526443711843e-02 5.495535277312287858e-01 3.030906178683553942e-01
8.181533450298852927e-02 2.847700610762758655e-02 5.328410059225012763e-01 3.568666534668825663e-01
1.271329013139569641e-01 2.714386326798967630e-02 5.472360160117236694e-01 2.984872194063295514e-01
8.823326340130757672e-02 2.718849297639709672e-02 6.076640999279571131e-01 2.769141436943381995e-01
1.413708518039102635e-01 3.730345666721750914e-02 5.599894488029535378e-01 2.613362427259188214e-01
8.120597714845877169e-02 5.604871601505725942e-02 5.929294872660486604e-01 2.698158195704354334e-01
7.684030266729847958e-02 1.763177836227926634e-02 6.256431120347515362e-01 2.798848069356707491e-01
7.513342899712457945e-02 1.486324782880208209e-02 6.528243784618967815e-01 2.571789447121765604e-01
1.138881543275895719e-01 3.271355273514821305e-02 5.214666932890763551e-01 3.319315996481858044e-01
1.268757367652184609e-01 3.031552810474361440e-02 5.691540586158947423e-01 2.736546765141430471e-01
1.099865104747669992e-01 2.819658488619084663e-02 6.109095613162397465e-01 2.509073433228025118e-01
7.809913476080573846e-02 3.948773905963100239e-02 5.982316436556728290e-01 2.841814825238904163e-01
1.052440555374644371e-01 3.484366576619222361e-02 5.842601216413761955e-01 2.756521570549670397e-01
1.241715583659420558e-01 1.146889084716069818e-02 5.732322572730043087e-01 2.911272935138929929e-01
1.058602524281442858e-01 3.937979864538502378e-02 5.744665219160076663e-01 2.802934270104628922e-01
1.001276194702624134e-01 1.896526373480328376e-02 5.748270130836509173e-01 3.060801037112835243e-01
1.143500153293981747e-01 2.010126401688561507e-02 6.289379579015845767e-01 2.366107627521315537e-01
9.852689917538144659e-02 2.620305921949159580e-02 5.906147337631243444e-01 2.846553078420027694e-01
1.000612316094630500e-01 1.713196024440606993e-02 6.177856880515621985e-01 2.650211200945685186e-01
1.009596191569890333e-01 2.629366286752824605e-02 5.673173483249869253e-01 3.054293696504957745e-01
1.005651311476344900e-01 3.867507293809517577e-02 6.018261910762833233e-01 2.589336048379869415e-01
1.460952245632590463e-01 2.842204563091498340e-02 5.110802467987473063e-01 3.144024830070786258e-01
6.374939119849952485e-02 1.773247803050960122e-02 6.276349322890876214e-01 2.908831984819031935e-01
1.185737376502633694e-01 3.680591170204119272e-02 5.205276422830897864e-01 3.240927083646056861e-01
1.200605944103213807e-01 2.890696216936690377e-02 6.609548074351530023e-01 1.900776359851586161e-01
1.188099061511715127e-01 1.498621295283847875e-02 5.993251869993938552e-01 2.668786938965961864e-01
8.999119092131740993e-02 4.633165110466196807e-02 5.932295892876859877e-01 2.704475686863345718e-01
8.677322806751253115e-02 1.727084543912230097e-02 5.866464601374666854e-01 3.093094663558985102e-01
9.635046062507099385e-02 1.093608700653215735e-02 5.221065541411610278e-01 3.706068982272357482e-01
1.163535147858644064e-01 2.039835854923517655e-02 5.815130759726279130e-01 2.817350506922726150e-01
1.043014896860366414e-01 1.243215146303000042e-02 5.188750355214956089e-01 3.643913233294377441e-01
1.048423966799355844e-01 2.771440657694907231e-02 5.711705174544672303e-01 2.962726792886480331e-01
1.183669785484596365e-01 1.987329704838549510e-02 5.908218726325211723e-01 2.709378517706336753e-01
1.063029109974622799e-01 3.149884790339068513e-02 5.438746215136713857e-01 3.183236195854757256e-01
1.057809377543501017e-01 2.458553057895140892e-02 5.781903196830703306e-01 2.914432119836280477e-01
1.280593403130251551e-01 1.293200459853905727e-02 5.574340583175990682e-01 3.015745967708368114e-01
1.505639269525394508e-01 1.758100001152057557e-02 5.509342794330880366e-01 2.809207936028520480e-01
1.149320921012282476e-01 1.700227497555448566e-02 5.802640844939931375e-01 2.878015484292240633e-01
9.416179737244784187e-02 1.954980851406382808e-02 6.050429797236568374e-01 2.812454143898315273e-01
1.020196671337297439e-01 2.595570713912394994e-02 5.578145961599980662e-01 3.142100295671482746e-01
1.172325062747850422e-01 2.431381674899446219e-02 6.135232852088189359e-01 2.449303917674015285e-01
9.630851862440796551e-02 3.300786282460580617e-02 5.874323408109897171e-01 2.832512777399965320e-01
1.114672134159737787e-01 2.003738397462415458e-02 5.640916515199445591e-01 3.044037510894575527e-01
1.203618150052455787e-01 2.825068280593035636e-02 4.694779107187918021e-01 3.819095914700323391e-01
1.088588440697175336e-01 2.670113852698676252e-02 5.860531897787053524e-01 2.783868276245902718e-01
8.945306153532786575e-02 3.616836014119561432e-02 5.891881147736420798e-01 2.851904635498344054e-01
1.288097822022488126e-01 2.802178004327873437e-02 5.481322817770896139e-01 2.950361559773826969e-01
8.498416907252920316e-02 2.797221340738026418e-02 5.965703918574276621e-01 2.904732256626628151e-01
9.273553865274683505e-02 2.515017904406550986e-02 6.095158022642366280e-01 2.725984800389509854e-01
1.016067337603710624e-01 3.134957537209593498e-02 5.903161159527356983e-01 2.767275749147972697e-01
1.504565065314488193e-01 2.219693062127671077e-02 5.666016122192566451e-01 2.607449506280178908e-01
9.316576549563786169e-02 2.661439095255500875e-02 5.707943694999618733e-01 3.094254740518454505e-01
1.181362541000288979e-01 2.810271898814224387e-02 5.653361442969714323e-01 2.884248826148573808e-01
1.146306045915758548e-01 3.422320272358524845e-02 5.579027486497276644e-01 2.932434440351112670e-01
1.186586671068384918e-01 1.920513745317034213e-02 5.701055227818577764e-01 2.920306726581334278e-01
1.096899569275095604e-01 4.841098686234077825e-02 5.778000244898968685e-01 2.640990317202526194e-01
1.002481406242525103e-01 2.216201911555018556e-02 6.191282156851269924e-01 2.584616245750704366e-01
1.064332818399426478e-01 2.302851454129312483e-02 5.706620328931315544e-01 2.998761707256327180e-01
1.035386956377483819e-01 3.232733373803175353e-02 5.899569283632422056e-01 2.741770422609777214e-01
1.294500610173618116e-01 2.805518304963935602e-02 5.632721857632261298e-01 2.792225701697728657e-01
1.199513010984865069e-01 2.175032626656837192e-02 5.542781488298973436e-01 3.040202238050476180e-01
1.102630850393175321e-01 3.031893377199599074e-02 6.162571519162491906e-01 2.431608292724374565e-01
1.699836829922306558e-01 3.970008714644104181e-02 5.415537152430447421e-01 2.487625146182835534e-01
9.078862149049912733e-02 3.315839074473182074e-02 5.699202398214803234e-01 3.061327479432885967e-01
8.941107391257244186e-02 2.384597658447374507e-02 5.889596686962061955e-01 2.977832808067475967e-01
9.779400624531220387e-02 3.112567562683718828e-02 5.596891697886180461e-01 3.113911483392326485e-01
1.235421426925263078e-01 3.464489271283069383e-02 5.506628464884926188e-01 2.911501181061504351e-01
1.088021168580887710e-01 4.230321626633617299e-02 5.490748248907146856e-01 2.998198419848603358e-01
1.042289574415868336e-01 2.572929867366687690e-02 5.428608492018514031e-01 3.271808946828950182e-01
1.008828569163603556e-01 3.705547492449251523e-02 5.873069903160345051e-01 2.747546778431126380e-01
1.126016475354651436e-01 3.076052839563980096e-02 5.762942018411023604e-01 2.803436222277925771e-01
8.899514662106439156e-02 2.376743648735540893e-02 6.013819736858130316e-01 2.858554432057672234e-01
1.170652552724278928e-01 1.376334870612668480e-02 5.922994122454612320e-01 2.768719837759840985e-01
1.162751729203897744e-01 3.337214538712118816e-02 5.469759122161405029e-01 3.033767694763485068e-01
1.342048279426442114e-01 4.129971337366088180e-02 5.504579580684146878e-01 2.740375006152802051e-01
1.307061899883268929e-01 3.817525642339903574e-02 5.334380154337661217e-01 2.976805381545078455e-01
9.760146293169721932e-02 3.237608661269567728e-02 6.002887900438554913e-01 2.697336604117516190e-01
8.948653696339199659e-02 1.711394581953799496e-02 5.691789028215613611e-01 3.242206143955088660e-01
1.492007095326562671e-01 3.940144047653976189e-02 5.427095466354057152e-01 2.686883033553982281e-01
9.969339446706138030e-02 2.219589395068203783e-02 5.161669974585004761e-01 3.619437141237561439e-01
7.479791334295579630e-02 3.218563541299665487e-02 6.070114652360236729e-01 2.860049860080240425e-01
1.014505559992039674e-01 1.536795881716886483e-02 6.034207444740690152e-01 2.797607407095581422e-01
1.095631191702529789e-01 1.136499054849264556e-02 5.548170913361908374e-01 3.242547989450637047e-01
9.828918378573765768e-02 1.466461646723048878e-02 5.933655456371885739e-01 2.936806541098431200e-01
9.003018321844628857e-02 2.365120682363990381e-02 5.897186314432575349e-01 2.965999785146563594e-01
9.948746012852870135e-02 3.171102170419044103e-02 5.619411660868912639e-01 3.068603520803895868e-01
1.471239088289707508e-01 1.833643945154801724e-02 5.692359679514488180e-01 2.653036837680324278e-01
1.198439345977019427e-01 3.012992188111694031e-02 5.702807087433012789e-01 2.797454347778798311e-01
1.228869769357555652e-01 1.742096743604065051e-02 5.322626296102457299e-01 3.274294260179579918e-01
9.735785272461389139e-02 1.046243644271680449e-02 5.921903000585191368e-01 2.999894107741502558e-01
1.096760441555699600e-01 2.316496652794442293e-02 5.395217746269318493e-01 3.276372146895538129e-01
9.618086112180447567e-02 2.303449205931946617e-02 5.705109023673602398e-01 3.102737444515157872e-01
1.147367968185982051e-01 2.544299201236623759e-02 5.395789951629198500e-01 3.202412160061156587e-01
9.658455412174596355e-02 1.934134623589449375e-02 5.647998986352491535e-01 3.192742010071103476e-01
7.849412679749524779e-02 3.467876100318079829e-02 5.994941862485430040e-01 2.873329259507808597e-01
9.495649454476576268e-02 2.820027895476096697e-02 5.449415117263348707e-01 3.319017147741382678e-01
1.329208439355901716e-01 2.513784911547168460e-02 5.732827233968927905e-01 2.686585835520454713e-01
1.138822615420947149e-01 2.754843930015436759e-02 6.053982891135446520e-01 2.531710100442063904e-01
1.092704299840039223e-01 3.196191694037094078e-02 5.732331179963633394e-01 2.855345350792619086e-01
1.326163657582887512e-01 2.855620250559317078e-02 5.913955999986592049e-01 2.474318317374588905e-01
1.305876665023518457e-01 1.347792765616868255e-02 5.759366799208063270e-01 2.799977259206732350e-01
9.897672897969331252e-02 2.308233913709248353e-02 5.862847555476552452e-01 2.916561763355589032e-01
1.124399906098777213e-01 3.467304167165375511e-02 5.755507685757857983e-01 2.773361991426827045e-01
9.166502183363747780e-02 3.381127742020370586e-02 5.580847579071319675e-01 3.164389428390268488e-01
1.391043865540621816e-01 2.916213144295836182e-02 5.531556278459213161e-01 2.785778541570583244e-01
1.434677983029891135e-01 1.376845658117363536e-02 5.613029423647972749e-01 2.814608027510400734e-01
1.072339980541601456e-01 1.813833429873372080e-02 5.682992693189172773e-01 3.063283983281887557e-01
1.210714330716431558e-01 2.967168095218519069e-02 5.542920465626183235e-01 2.949648394135532814e-01
8.897473842808722999e-02 2.573918213565257185e-02 6.019197223297676480e-01 2.833663571064926057e-01
8.820523278138434065e-02 1.859100799724492520e-02 5.911313563691054096e-01 3.020724028522652205e-01
6.305532461736999827e-02 2.092567102350719604e-02 6.463751839506054475e-01 2.696438204085174761e-01
9.287472181731191989e-02 2.922156765206079809e-02 5.972916922386091176e-01 2.806120182920181505e-01
7.870075077155536114e-02 1.536795798572265434e-02 5.482768560180445450e-01 3.576544352246776581e-01
1.052947720539900295e-01 1.760669202756290699e-02 6.019717486930569184e-01 2.751267872253901903e-01
7.823828550581096719e-02 2.003007553544257704e-02 5.863724005199630884e-01 3.153592384387832737e-01
9.342942506576622230e-02 1.366654587111308834e-02 6.049743724848664073e-01 2.879296565782542561e-01
1.216914193001398525e-01 2.656052204523568980e-02 5.532543903801350194e-01 2.984936682744892544e-01
1.154207402123930137e-01 5.011547949923680217e-02 5.855715203547560144e-01 2.488922599336141350e-01
1.124908644436149463e-01 2.563442610529302612e-02 5.543322141253733681e-01 3.075424953257185900e-01
1.423166243368848838e-01 2.042260294933687798e-02 5.652334586440150854e-01 2.720273140697632153e-01
9.761026824745019925e-02 1.162940489046603888e-02 6.627688685738132301e-01 2.279914582882705543e-01
8.388799236441517315e-02 3.394788132586581270e-02 5.796882270074653620e-01 3.024758993022537146e-01
1.470944663022206722e-01 3.775613713320077891e-02 5.698062123894943598e-01 2.453431841750839948e-01
1.066504335602752596e-01 3.053785491284609355e-02 5.887002531706930775e-01 2.741114583561855000e-01
1.394125895601402709e-01 2.833949683317174909e-02 5.619133412952445061e-01 2.703345723114433663e-01
1.566363221353946622e-01 3.259150956146494166e-02 5.477029795466000772e-01 2.630691887565403952e-01
1.108899831517262402e-01 1.658829721873969834e-02 6.189028705860424306e-01 2.536188490434917453e-01
1.116040632207810218e-01 1.753447704951638028e-02 6.116197432433045922e-01 2.592417164863980439e-01
1.265748147841841698e-01 1.915602186630936329e-02 5.553828456514851020e-01 2.988863176980214309e-01
1.015642362015907046e-01 2.432331098641126593e-02 5.534904712018935413e-01 3.206219816101045228e-01
7.309343087594806498e-02 2.984869956025778398e-02 5.767757170248524190e-01 3.202821525389418222e-01
1.382636733479619684e-01 1.660513250362059129e-02 5.841536891548793076e-01 2.609775049935380564e-01
9.190756098443299271e-02 2.335586874105125693e-02 5.587421627420572356e-01 3.259944075324584523e-01
9.837112786177810986e-02 3.299825920394466872e-02 5.526731958180414184e-01 3.159574171162359280e-01
1.126685761581126960e-01 2.857860856972591415e-02 5.791087105750590824e-01 2.796441046971022137e-01
1.190446959157367146e-01 3.030852964728230486e-02 5.704093889404824314e-01 2.802373854964984590e-01
1.123984223773824564e-01 3.175909800311495224e-02 5.487553977787856807e-01 3.070870818407168690e-01
1.056272733847450768e-01 9.846458833516182063e-03 6.024446500979699914e-01 2.820816176837687705e-01
1.100015087172829947e-01 3.544219448447863408e-02 5.697993689372787829e-01 2.847569278609593524e-01
9.952025718860869896e-02 1.936374646336478864e-02 5.825191294272846765e-01 2.985968669207418325e-01
9.103327170846688132e-02 3.673233955087527175e-02 5.858912952720232159e-01 2.863430934686347351e-01
9.430792205856029786e-02 2.984497571620153833e-02 6.182804920342709343e-01 2.575666101909672712e-01
1.019952866818185366e-01 2.540526859089236103e-02 5.550669054082837395e-01 3.175325393190052692e-01
6.895165854389552484e-02 2.798037217936462373e-02 5.991272200285069349e-01 3.039407492482328887e-01
1.064851787803914873e-01 3.374575565569717939e-02 5.975411256173187580e-01 2.622279399465927141e-01
9.218410618209679774e-02 3.327110340188303705e-02 6.034433020318026308e-01 2.711014883842174927e-01
6.300908716069382465e-02 2.268028724902812487e-02 6.015474244045696528e-01 3.127632011857083283e-01
1.254592319584628968e-01 1.315194145751021233e-02 6.064573355314687442e-01 2.549314910525581346e-01
9.709599382752114038e-02 3.030922706110751597e-02 5.872557124501461834e-01 2.853390666612251603e-01
1.064393816910322033e-01 3.608626625091306689e-02 5.531277294071366146e-01 3.043466226509181083e-01
1.085012139665805647e-01 1.557110424607454843e-02 5.881607980094618604e-01 2.877668837778831756e-01
1.029679613311036135e-01 3.553267106625522531e-02 6.068073779954666902e-01 2.546919896071744294e-01
1.016404023724108291e-01 1.397502648399691350e-02 6.014424095654407054e-01 2.829421615781515520e-01
7.662411293494750253e-02 2.022973201338676419e-02 5.951119124905550617e-01 3.080342425611107271e-01
9.420164005108290495e-02 3.692692059378295533e-02 6.058365589849102895e-01 2.630348803702238225e-01
1.089665450961636445e-01 4.638434487430698888e-02 5.831192602421543247e-01 2.615298497873749239e-01
9.846846012228506473e-02 1.991500706586270264e-02 6.015307372492646465e-01 2.800857955625875584e-01
1.231735410270826253e-01 2.175908406308278351e-02 5.565266226963742069e-01 2.985407522134603808e-01
1.372254374284447853e-01 1.999562249054592095e-02 5.512292923854986704e-01 2.915496476955106719e-01
9.159165394357808576e-02 1.952394829432512954e-02 6.231524476906399324e-01 2.657319500714568350e-01
1.120934352249877003e-01 2.556430261536484297e-02 5.431250576770147998e-01 3.192172044826326882e-01
7.158301429058402943e-02 1.868026826940728455e-02 6.318638821967845765e-01 2.778728352432240367e-01
9.372726319759341895e-02 2.386333684374845193e-02 5.966611964660325507e-01 2.857482034926255854e-01
1.042466031463134962e-01 3.009775503132552238e-02 5.680292525581448482e-01 2.976263892642163622e-01
1.164230413811939563e-01 2.682920223031271673e-02 5.558791902809576690e-01 3.008685661075354845e-01
9.480284946240377653e-02 3.834701851594884275e-02 5.843295503027053917e-01 2.825205817189420099e-01
1.057566092000021551e-01 2.627111095694493331e-02 5.986732635619056442e-01 2.692990162811473853e-01
9.481657216614575168e-02 2.350890026505245145e-02 6.335370003722896604e-01 2.481375271965121365e-01
1.217745367146348678e-01 3.047345862158097607e-02 5.525701981209781843e-01 2.951818065428060134e-01
1.280414402279236308e-01 2.484189434286400086e-02 5.887834820017522341e-01 2.583331834274602001e-01
1.175904098553757909e-01 1.610289331173913457e-02 5.784254234645442860e-01 2.878812733683407399e-01
6.833077750689456331e-02 2.660809005613714098e-02 6.031753620061275356e-01 3.018857704308408052e-01
9.367397660601466114e-02 3.119033797464912730e-02 5.521000352308461645e-01 3.230356501884900644e-01
1.050875970547645588e-01 2.686665424153869552e-02 5.729741437577333674e-01 2.950716049459632950e-01
9.560526185825368728e-02 2.395782427430525469e-02 6.136046369967058656e-01 2.668322768707351300e-01
1.047999078904943010e-01 3.021837386555605368e-02 5.666043565864524734e-01 2.983773616574972309e-01
1.012955288469375298e-01 2.944397447526132805e-02 5.839764853340944084e-01 2.852840113437066227e-01
1.040057959762765716e-01 1.811598504177982724e-02 5.999488468511285921e-01 2.779293721308149223e-01
1.238194897690621660e-01 3.119631078369476673e-02 5.486274446197995092e-01 2.963567548274436136e-01
9.060188146801258224e-02 2.651729010676364892e-02 6.352874559850092417e-01 2.475933724402144820e-01
1.219275451449049058e-01 1.858942388398183987e-02 5.820017435986343246e-01 2.774812873724787909e-01
1.297704936477149795e-01 1.789846630822542264e-02 5.528576119650501219e-01 2.994734280790094516e-01
9.392480428017772887e-02 1.882126863415715598e-02 6.489424169449365953e-01 2.383115101407285441e-01
1.061878054373128072e-01 6.877662107746409549e-03 5.667850013764127448e-01 3.201495310785280601e-01
8.579855453603393856e-02 2.936745046745544568e-02 5.729996197056264062e-01 3.118343752908840916e-01
9.493151426425348871e-02 3.469414992794997432e-02 5.329862764334463154e-01 3.373880593743502354e-01
1.372080240501058757e-01 2.558065793093481852e-02 5.264297343032623422e-01 3.107815837156969740e-01
1.120652790556668083e-01 2.369953149835420103e-02 5.819388967821839120e-01 2.822962926637950787e-01
1.477005833485786623e-01 2.466920480143288893e-02 5.359423684413660016e-01 2.916878434086224714e-01
1.126046951392330742e-01 2.446894596250419676e-02 5.877513147086245171e-01 2.751750441896381183e-01
8.823519414582596532e-02 1.681517681606158748e-02 6.004385617857227464e-01 2.945110672523896800e-01
1.179335236290741801e-01 2.175489805325375378e-02 5.540138963730433241e-01 3.062976819446288634e-01
7.968937452718119485e-02 2.618365441044599382e-02 5.694250157883570251e-01 3.247019552740156856e-01
1.013805404254178449e-01 3.255075757195667607e-02 5.699905224096567524e-01 2.960781795929686711e-01
7.398097556939975394e-02 1.655094052473758681e-02 6.169986922362750148e-01 2.924693916695876306e-01
1.153430558062574079e-01 2.013396667506058349e-02 5.906589542062740117e-01 2.738640233124081114e-01
1.026772733263001669e-01 2.525124586431811910e-02 5.460669244644151821e-01 3.260045563449665007e-01
7.628091716599619265e-02 2.480176855645740627e-02 6.669012532250251368e-01 2.320160610525212608e-01
1.048304144985411357e-01 2.319033862537790702e-02 5.728140975647593169e-01 2.991651493113215432e-01
9.428624600173046710e-02 1.843235974172118680e-02 5.704918330957663430e-01 3.167895611607820516e-01
9.623673212793926179e-02 2.551668597690691376e-02 5.778540211696686635e-01 3.003925607254852026e-01
1.454304102987576119e-01 1.926471483977879734e-02 5.442605144493499747e-01 2.910443604121136230e-01
1.242487788398499576e-01 3.437681216854491378e-02 6.126488115746648866e-01 2.287255974169403461e-01
1.053405227565223368e-01 3.205588936246764331e-02 6.081836828267218609e-01 2.544199050542881313e-01
1.076954321229072337e-01 3.647843801513037804e-02 5.618227305788033865e-01 2.940033992831588283e-01
