2.619408870476427204e-02 1.884818630699872932e-01 5.417662067805457671e-01 2.435578414447025497e-01
4.983714881244261791e-02 2.535011595692127084e-01 4.916875870658208858e-01 2.049741045525237948e-01
3.567787839239495995e-02 1.849745157264612583e-01 5.682183390746274876e-01 2.111292668065163636e-01
2.467701919139043618e-02 2.035398237828203172e-01 5.421367379830677180e-01 2.296464190427216223e-01
2.898721979877459665e-02 2.520436541516153373e-01 5.306170751941031716e-01 1.883520508555067419e-01
1.506118921836373248e-02 2.337208953554454349e-01 4.796943124728724195e-01 2.715236029533184547e-01
3.663330116261787062e-02 2.102840615750525000e-01 5.011510158200732645e-01 2.519316214422563371e-01
3.240500639255021464e-02 1.419766712702159039e-01 5.691700870292795145e-01 2.564482353079544641e-01
2.986254045088987744e-02 2.869711157763990550e-01 5.041114633629578679e-01 1.790548804097532587e-01
5.195549981528933825e-02 1.756879693575753298e-01 4.776066318595453830e-01 2.947498989675899628e-01
2.417889101329287471e-02 1.814889648651229204e-01 5.534280402258321407e-01 2.409041038957519809e-01
1.690255537946958042e-02 2.277892498540854127e-01 5.421979337732277804e-01 2.131102609932171432e-01
3.233148125523225419e-02 2.803443517699237830e-01 4.528074385258574197e-01 2.345167284489865500e-01
3.303663409135466217e-02 2.105376185244531018e-01 5.239496342701199794e-01 2.324761131140722081e-01
6.151476502004386837e-02 2.006500279060972336e-01 4.263432362730807945e-01 3.114919708007780619e-01
2.301582070842876984e-02 1.996531799409415886e-01 5.209909246136776861e-01 2.563400747369519173e-01
2.020468007788969733e-02 2.336807246568698981e-01 5.311950030749520435e-01 2.149195921902883055e-01
5.305214419787954855e-02 1.680826546979523883e-01 5.142520967269558207e-01 2.646131043772123048e-01
2.131289986380108248e-02 2.199242398109387264e-01 5.347136103355043524e-01 2.240492499897558665e-01
2.012456175316847812e-02 2.236375277765722813e-01 4.576952753364642579e-01 2.985426351337950313e-01
2.177236330503174930e-02 3.085351699753550170e-01 4.535088767983872504e-01 2.161835899212259937e-01
2.619424353987048759e-02 2.594566728735001604e-01 4.964194510334731247e-01 2.179296325531561163e-01
3.982105727949789009e-02 2.216790221742847566e-01 5.391738768518532510e-01 1.993260436943642966e-01
3.896348705609010976e-02 2.339874605597304924e-01 4.819464959013692873e-01 2.451025564828100967e-01
4.590736722980407608e-02 1.620201196156957346e-01 5.500285401525171203e-01 2.420439730019831592e-01
2.452496169446821694e-02 1.909602963667297593e-01 5.503345848464956669e-01 2.341801570923064679e-01
2.050089418085401793e-02 2.403991531595562614e-01 5.254866768737852523e-01 2.136132757858044129e-01
2.770756664456094573e-02 2.400079483654309342e-01 4.952635110735529311e-01 2.370209739164551299e-01
2.773667224313369761e-02 1.911278348055153731e-01 5.507165039634858150e-01 2.304189889878652531e-01
2.865086682178093203e-02 2.144367961733095185e-01 5.564782998655098956e-01 2.004340371393995290e-01
3.879749499468072849e-02 1.465271504375708356e-01 5.537126319499920957e-01 2.609627226177563819e-01
2.694981074946434935e-02 2.610035447967565814e-01 5.192718760349334106e-01 1.927747684188457766e-01
2.455504432917597624e-02 2.390786110316481528e-01 4.562990962925777549e-01 2.800672483465981299e-01
7.067479453682162793e-02 2.838243633220443041e-01 4.362083742638869222e-01 2.092924678772469516e-01
3.469117534649936857e-02 2.172444554482543255e-01 5.099485795558240664e-01 2.381157896494222881e-01
2.355842223184754017e-02 2.028842775186536218e-01 5.454622603303328487e-01 2.280950399191660205e-01
3.064164885642492800e-02 2.171264264471773897e-01 5.178703875473591456e-01 2.343615371490385957e-01
2.914692141475901110e-02 2.498350689459766516e-01 4.948265983179270244e-01 2.261914113213374100e-01
8.351110436325068220e-03 1.851539988968217421e-01 5.640197065077567906e-01 2.424751841590964407e-01
2.528496410546926532e-02 2.533124842634139617e-01 4.815228984333505546e-01 2.398796531977661628e-01
5.284416812007129011e-02 2.286747781172777660e-01 4.486789261317142841e-01 2.698021276309366390e-01
3.966559140283041490e-02 2.021729905901283320e-01 5.020966142573884960e-01 2.560648037496529583e-01
2.289635281806165837e-02 2.415960754405259703e-01 5.255863941937830575e-01 2.099211775476293174e-01
1.736445701761047539e-02 2.411055496009608390e-01 4.354688555150589835e-01 3.060611378663696813e-01
2.558166751133966049e-02 2.021636517990421100e-01 5.389824103076168438e-01 2.332722703820012400e-01
1.375870521879075242e-02 2.295409667137310872e-01 5.471090771969983058e-01 2.095912508704798893e-01
2.339793466475650896e-02 1.818432164111492277e-01 4.972501905752081397e-01 2.975086583488860681e-01
2.709171383184913115e-02 2.283143194983791591e-01 4.629197137348563529e-01 2.816742529349153257e-01
5.025928505335992141e-02 2.084685069354073883e-01 5.181419260990145492e-01 2.231302819122181202e-01
2.274020797295529459e-02 1.748551025530689917e-01 5.450237694683218725e-01 2.573809200056538793e-01
4.144146137985590950e-02 2.178855538689658811e-01 5.117527301892849101e-01 2.289202545618935214e-01
2.036511227111171760e-02 2.707950115884971143e-01 5.035507191622685674e-01 2.052891569781225278e-01
2.839159699726536909e-02 2.075367064546597418e-01 5.585920943935777094e-01 2.054796021544972318e-01
1.526816076379243492e-02 2.329870881938728433e-01 5.125602396227814106e-01 2.391845114195531863e-01
1.335090704022688993e-02 1.938131984364079852e-01 4.724878845007381978e-01 3.203480100226269722e-01
4.114934440043421099e-02 1.749610485322844744e-01 5.674936001834115507e-01 2.163960068838697570e-01
1.200132288716549388e-02 2.046743606773714086e-01 5.005784155498375076e-01 2.827459008856255118e-01
2.344448823666532220e-02 2.243079760819600976e-01 5.189205719134936112e-01 2.333269637678810349e-01
3.976358592004833326e-02 2.472908728310360127e-01 4.676252454270302672e-01 2.453202958218853869e-01
2.059828555228943037e-02 2.053975154485695176e-01 5.668658333038749664e-01 2.071383656952660579e-01
5.026536544834647735e-02 1.988990260399324805e-01 5.557488957583984757e-01 1.950867127533225942e-01
2.127862721385063993e-02 1.939923021346010579e-01 5.087365046672827074e-01 2.759925659842654144e-01
4.415289587087667389e-02 1.735987612524992896e-01 5.436846832085866499e-01 2.385636596680373589e-01
1.730544651572476014e-02 2.095948090294211807e-01 5.009888119992466082e-01 2.721109324556073572e-01
2.759145166210294139e-02 2.538490990856649976e-01 5.182266692236955352e-01 2.003327800285365501e-01
1.518511123759842991e-02 1.935686683668981500e-01 5.709690631461923349e-01 2.202771572493111008e-01
2.602454263702103782e-02 2.419385331235483771e-01 4.735005461167482443e-01 2.585363781226823754e-01
2.718350125298579778e-02 2.373855822067615085e-01 5.018198006521054078e-01 2.336111158881472305e-01
1.113518617290641492e-02 2.010333165172939196e-01 5.510348444032089343e-01 2.367966529065906878e-01
2.070494663157942949e-02 2.379297195793294573e-01 5.152483496093783755e-01 2.261169841797126268e-01
2.780784598184481843e-02 2.397631417477996407e-01 4.557017613182892668e-01 2.767272509520662949e-01
1.417782108197384282e-02 2.504621894440599572e-01 4.851205620342277092e-01 2.502394274397384266e-01
3.320713838171634319e-02 2.546080017370964677e-01 4.901073283183395302e-01 2.220775315628476243e-01
1.743884076586635357e-02 1.686788306052098563e-01 5.358735555432766473e-01 2.780087730856471429e-01
3.703060386577941565e-02 2.617569674293172555e-01 5.095410573236245355e-01 1.916713713812785713e-01
3.773149366571505736e-02 2.657522813472567580e-01 4.300239395747673110e-01 2.664922854122607765e-01
3.338034407550984767e-02 1.997340534657890965e-01 5.326914069684749453e-01 2.341941954902260203e-01
2.247315419154501462e-02 2.454858565917677204e-01 5.134433944735179445e-01 2.185975947431694488e-01
2.782790888700955104e-02 2.235510109516861688e-01 4.977225061157343200e-01 2.508985740455699220e-01
1.510284101987566935e-02 1.993152318171147463e-01 5.600659986416964831e-01 2.255159285213130527e-01
4.924752265381537181e-02 2.024617836963090167e-01 5.125371285384152653e-01 2.357535651114604502e-01
2.950101497103048073e-02 2.521580383598583941e-01 4.835724238801862307e-01 2.347685227889249604e-01
1.758147072355007237e-02 2.156178031384925198e-01 5.461776472425481366e-01 2.206230788954091915e-01
2.782942003889357641e-02 1.910503622771801691e-01 5.076631288259262353e-01 2.734570888580000192e-01
1.887461630648782848e-02 2.313955505283759873e-01 4.694899402625993812e-01 2.802398929025368690e-01
1.945478883224316391e-02 2.372219872023666187e-01 5.576289730226047237e-01 1.856942509427855770e-01
5.071765174107373264e-02 1.525511871482398973e-01 5.558796008832477265e-01 2.408515602274384770e-01
2.249225184973705285e-02 2.483345423795618734e-01 4.610971891925553234e-01 2.680760165781455595e-01
2.416752964603340048e-02 2.213733532691492534e-01 5.302232879592172488e-01 2.242358291256000558e-01
2.724096032536941700e-02 2.123812237212737153e-01 5.272651143640945115e-01 2.331127015892624499e-01
3.804321264853384454e-02 2.345670139158045342e-01 4.820778807855968240e-01 2.453118926500649222e-01
1.961578339158662546e-02 2.257666236565183393e-01 5.010475790809254537e-01 2.535700138709696128e-01
1.246137691619875025e-02 2.436165196216572848e-01 5.347195499081673908e-01 2.092025535539766001e-01
1.619863306935661468e-02 2.506312207496653732e-01 4.765191663438329006e-01 2.566509798371450213e-01
4.470247997136431173e-02 2.012328417687077597e-01 4.920575642560282015e-01 2.620071140038996993e-01
3.043070318997601401e-02 2.011715577762466234e-01 5.071056163750373713e-01 2.612921226587399115e-01
2.811730426219627432e-02 2.096731451926895917e-01 5.144091074296071042e-01 2.478004431155071408e-01
2.396572274434039668e-02 2.353282252181690681e-01 4.821242860905056715e-01 2.585817659469848429e-01
2.218998752549277212e-02 2.274747032719827144e-01 4.836365244905260208e-01 2.666987847119984822e-01
1.387851082588691803e-02 2.312235012424645464e-01 5.441473312776455851e-01 2.107506566540029158e-01
1.665553632103041609e-02 2.271098830499497789e-01 5.485692740918596266e-01 2.076653065371601714e-01
8.307461394717514935e-02 2.285797123376734907e-01 4.465644672645320279e-01 2.417812064506193737e-01
1.264617773075424854e-02 1.885863495704368786e-01 5.476098698281693933e-01 2.511576028706394847e-01
1.446122424312309973e-02 1.884387230057321116e-01 5.561309779654513008e-01 2.409690747856935711e-01
4.127375841856400357e-02 2.401092159187422637e-01 4.807711830561448574e-01 2.378458426065487574e-01
3.675135498348682667e-02 2.375803871960258107e-01 4.737492474095145734e-01 2.519190104109726991e-01
4.240858172941663201e-02 2.326905679174248176e-01 4.970264753229501897e-01 2.278743750302084925e-01
1.985828641793891541e-02 2.256683562071939986e-01 5.067682039520274850e-01 2.477051534228396357e-01
2.567613166649834744e-02 1.873154600306286000e-01 5.546272449837347240e-01 2.323811633191383286e-01
3.117321111064703595e-02 2.528322994195005835e-01 5.068899917285015766e-01 2.091044977413507588e-01
1.708689870900112484e-02 2.000816503144181857e-01 4.858775259436819427e-01 2.969539250328988578e-01
5.058381892772441379e-02 2.411053437963681101e-01 5.145631720929881858e-01 1.937476651829193597e-01
3.979793446900901227e-02 2.867177197499042873e-01 4.860856381039025953e-01 1.873987076771840010e-01
3.145017113297963324e-02 1.968166928997359955e-01 5.012387337065979942e-01 2.704944022606864396e-01
1.825079501664882489e-02 2.140904169385495492e-01 4.793393625450420026e-01 2.883194254997595296e-01
1.965808979286893729e-02 2.074014317941776653e-01 5.435797423243959869e-01 2.293607360885573099e-01
3.081010021536191926e-02 2.169907135565288525e-01 5.340929407325777367e-01 2.181062454955313978e-01
3.629969842462777568e-02 2.043700235587465053e-01 5.267850178067433609e-01 2.325452602098823374e-01
4.154257038887279596e-02 2.150351419368759232e-01 4.767041396714157275e-01 2.667181480028355534e-01
3.762084214916382174e-02 2.353300274628884192e-01 4.487508234329506962e-01 2.782983069549971322e-01
2.563098357814214828e-02 2.134528432292299438e-01 5.283006455936098966e-01 2.326155275990179905e-01
4.259122509606053791e-02 2.179999237208692098e-01 4.853854187144609478e-01 2.540234324686091449e-01
3.223078270346836638e-02 1.557842121612423580e-01 5.936214257055023591e-01 2.183635794297870414e-01
2.408215878004297747e-02 1.943930564234994385e-01 5.361570878645830485e-01 2.453676969318746015e-01
1.810028369948056548e-02 2.172008342522938895e-01 5.394587763826085292e-01 2.252401056656171130e-01
2.949448799678510563e-02 2.596084891775926606e-01 4.896276822688809260e-01 2.212693405567414118e-01
3.382847622007133931e-02 2.185047640081166920e-01 4.840476731427822421e-01 2.636190866290297197e-01
2.440885647664348124e-02 2.095034756652659758e-01 5.239013894891200174e-01 2.421862783689704701e-01
1.559129331256088775e-02 2.464586716282698431e-01 4.949635874182787831e-01 2.429864476408904461e-01
5.615628303540901728e-02 2.463808510925856177e-01 4.589232164337185838e-01 2.385396494382867327e-01
1.554998199394374593e-02 1.849433939527375670e-01 5.280352128023553249e-01 2.714714112509635791e-01
3.009825433665334546e-02 2.272306806196652540e-01 4.361125842820690046e-01 3.065584807616122953e-01
1.343457497176529444e-02 2.198402302477721337e-01 5.040565776992966818e-01 2.626686170811658450e-01
4.396315200887115221e-02 2.426203996620742986e-01 4.770186923934691126e-01 2.363977559355855407e-01
2.033978827873340889e-02 2.444833561273794531e-01 4.762446060948258286e-01 2.589322494990612400e-01
1.442666825248722570e-02 2.241799219944232424e-01 5.160950555944473495e-01 2.452983541586421512e-01
1.395214908217238398e-02 2.115221549529902323e-01 5.408140416602129630e-01 2.337116543046244554e-01
3.785751230691437180e-02 2.237508656866535606e-01 4.954592209539858128e-01 2.429324010524461508e-01
3.768995906924206551e-02 1.930766002234309553e-01 5.153985295166115810e-01 2.538349111907153843e-01
2.695559122323763421e-02 2.365299740968627717e-01 5.420440448070174000e-01 1.944703898728821767e-01
3.249547433741530739e-02 1.970717762421955732e-01 5.255840554013719856e-01 2.448486940190171823e-01
1.657324192075744149e-02 2.352064919490072514e-01 5.004498250397886316e-01 2.477704410904467136e-01
5.024022732604160879e-02 2.466491754480941156e-01 4.737296394555602919e-01 2.293809577703038727e-01
2.768748042405628704e-02 2.036470451759101741e-01 5.546227846794059557e-01 2.140426897206276491e-01
2.249289312644663433e-02 2.337057636045459241e-01 4.846200164041302161e-01 2.591813268648771040e-01
3.122376892761360989e-02 1.830995736545923680e-01 5.169668236423876628e-01 2.687098337754063593e-01
3.843074283487926679e-02 1.896571881652283909e-01 5.067259038196353371e-01 2.651861651802569497e-01
3.093645013085959128e-02 2.822651180388957570e-01 4.586764785993862614e-01 2.281219532308585152e-01
2.397273659980637267e-02 2.178243857896317859e-01 4.813324889101468496e-01 2.768703887004150266e-01
4.063857213028627263e-02 2.717343990530984299e-01 4.873172194975568527e-01 2.003098093190585072e-01
2.207825289938530888e-02 2.391882039910021573e-01 4.789184916559250382e-01 2.598150514536874955e-01
4.139276297229772805e-02 1.594063363475789752e-01 5.863537312061914974e-01 2.128471694739317854e-01
1.589812932286420802e-02 2.884130903948809999e-01 5.212286874660148062e-01 1.744600928162400311e-01
2.801194799202681024e-02 2.303984521399959906e-01 5.192722336074521161e-01 2.223173662605251732e-01
3.894305841173444083e-02 2.360117530688413678e-01 5.215675378862566491e-01 2.034776506331674450e-01
2.977104039489075760e-02 2.269808472696960289e-01 5.344291806907086606e-01 2.088189316447048027e-01
2.809256382254592815e-02 2.466225146876829255e-01 4.750583526713478277e-01 2.502265688184233672e-01
1.816509423906033718e-02 2.009173988095117047e-01 5.356411087267451965e-01 2.452763982246828900e-01
2.668525467312411054e-02 2.495367494976265255e-01 4.957764239721885735e-01 2.280015718570607419e-01
3.807978478382079146e-02 1.923282450322953141e-01 5.217188052179166924e-01 2.478731649659672021e-01
2.130029873690213182e-02 2.305809694467380322e-01 5.002487939127759908e-01 2.478699379035836925e-01
3.574382812931285736e-02 1.834025977430846499e-01 5.899082630003046335e-01 1.909453111272978731e-01
3.207760863772216725e-02 2.017831811127530350e-01 5.385891684109302968e-01 2.275500418385944801e-01
3.746004463000297130e-02 2.603780825942922372e-01 4.833277797761835748e-01 2.188340929995211404e-01
3.944013346183494056e-02 1.630786236517398624e-01 5.960873035873486270e-01 2.013939392990766464e-01
3.521737562203670208e-02 2.060077261149079464e-01 5.125786813472217318e-01 2.461962169158336267e-01
9.731513736608219528e-03 2.012267067855595115e-01 5.318361672145984764e-01 2.572056122632339070e-01
4.467409214366321185e-02 2.507640926360931166e-01 4.437666527893335822e-01 2.607951624309101657e-01
3.501446422229077121e-02 2.209370117011558721e-01 4.789004320773844192e-01 2.651480919991688889e-01
2.501365059115494976e-02 2.092227201661889802e-01 5.023577658260768297e-01 2.634058634165790669e-01
2.868564336426274522e-02 2.393609583061080681e-01 4.785222096538029324e-01 2.534311886758263133e-01
1.845587365175395400e-02 2.056822514716568073e-01 5.405546576245907620e-01 2.353072172519985739e-01
1.684278174114097262e-02 2.044801345501920109e-01 5.023838656084339549e-01 2.762932181002331067e-01
2.614640252597312184e-02 2.649162405414298704e-01 5.046513856465688619e-01 2.042859712860279897e-01
3.571613233830148171e-02 2.239317814220430636e-01 5.429734653356036445e-01 1.973786209040517825e-01
2.070576157120159258e-02 1.867469134991808499e-01 5.280334912538581227e-01 2.645138336757593134e-01
1.398188729308896643e-02 2.415056528807368597e-01 5.446808995782641549e-01 1.998315602479100728e-01
2.801738834567805980e-02 2.241904330271550227e-01 4.932790822348395721e-01 2.545130963923272760e-01
1.651169231868342135e-02 2.132691918549061427e-01 4.996330363333557067e-01 2.705860794930548541e-01
2.258205868509090969e-02 2.081899061443908128e-01 5.457582664316830146e-01 2.234697687388353116e-01
3.559267333486057505e-02 2.602531228229852944e-01 4.888273735514093721e-01 2.153268302907447307e-01
3.148742083864593255e-02 2.214520707566310642e-01 5.389942143386469153e-01 2.080662940660760463e-01
3.532256785978474950e-02 1.827154367590721473e-01 6.040635092430710618e-01 1.778984861380721871e-01
3.292770201881140002e-02 1.996573562097778698e-01 5.894255221185598081e-01 1.779894196528508665e-01
3.599191714894604127e-02 2.236737970780255103e-01 4.980002493985036249e-01 2.423340363745247195e-01
4.424895247373022977e-02 1.781982383230515110e-01 5.515451255345885651e-01 2.260076836686296387e-01
2.754109169658784662e-02 2.572318298969827888e-01 4.596223140851316558e-01 2.556047643212976950e-01
2.857411507802553111e-02 1.697909589823572984e-01 5.249608854811913528e-01 2.766740404584257518e-01
1.117960641395132626e-02 2.086822455035439172e-01 5.318511208776104393e-01 2.482870272048943727e-01
2.303877763762173653e-02 2.095570126982838621e-01 5.105420288527711126e-01 2.568621808113232818e-01
2.571608777957330033e-02 1.749765560584189972e-01 4.756407899610532453e-01 3.236665662009544642e-01
2.529875493808672604e-02 2.265461156266826981e-01 5.210650367966979113e-01 2.270900926385326091e-01
1.722939204308110428e-02 2.461659420393884357e-01 5.057566180938329881e-01 2.308480478236973887e-01
3.996588916720222179e-02 2.153904011433718235e-01 5.370928611874780101e-01 2.075508485019480487e-01
4.854826724227983420e-02 2.234883361727756368e-01 5.091976545353901207e-01 2.187657420495544569e-01
3.006122407943920966e-02 2.514662652195567838e-01 4.661508371729701783e-01 2.523216735280339185e-01
9.765150290713659961e-03 2.096263543139330332e-01 5.098486438687509503e-01 2.707598515266024242e-01
4.080280518787329780e-02 2.277129864299060336e-01 5.245126159481928729e-01 2.069715924340279067e-01
2.201634444724966805e-02 2.601874371597858171e-01 5.078816661680192190e-01 2.099145522249452611e-01
2.335019612532111127e-02 2.138810710070706000e-01 4.626996497015291587e-01 3.000690831660791646e-01
1.426998416792642568e-02 2.208255022057826478e-01 5.226110417841005606e-01 2.422934718421903277e-01
1.496399245814052439e-02 2.110548528923921752e-01 5.247377729606623742e-01 2.492433816888049158e-01
6.495458565189407563e-02 2.578185610602374833e-01 4.701630116163089679e-01 2.070638416715593899e-01
2.887811194855784483e-02 2.312927324460465339e-01 5.348285889916351010e-01 2.050005666137605931e-01
1.611243006787915419e-02 2.143246327096097470e-01 5.288547972258593743e-01 2.407081399966517488e-01
1.442408392974726776e-02 2.516249675765100391e-01 5.885085782425157896e-01 1.454423702512269712e-01
2.853412783452542387e-02 2.288727034462265941e-01 4.648393943609672729e-01 2.777537743582805807e-01
2.223162283134329231e-02 2.636045907404664934e-01 4.796657579137091898e-01 2.344980285144809273e-01
3.326575582773556167e-02 1.937824613045872058e-01 5.712524787865740361e-01 2.016993040811032312e-01
4.162802144440841401e-02 2.429307183702612005e-01 5.106790531688653045e-01 2.047622070164649977e-01
2.660322584447379068e-02 2.009571551890644292e-01 5.613075831890512735e-01 2.111320357774104095e-01
1.538904972030015472e-02 2.686861290218982012e-01 4.708930328550297584e-01 2.450317884027719550e-01
2.523168894358125691e-02 2.257854676942119276e-01 4.951028933794441866e-01 2.538799499827625872e-01
1.823280764482604344e-02 2.364508980799539251e-01 5.505703798173040564e-01 1.947459144579158363e-01
3.454947662517564300e-02 2.310372159124247649e-01 5.183762569076301174e-01 2.160370505547695441e-01
2.936496207589092688e-02 2.514552895843238378e-01 4.728473258105575505e-01 2.463324225292276293e-01
1.847958473203305599e-02 1.839013085024133465e-01 5.515353173719643731e-01 2.460837893935891862e-01
1.378948519930600289e-02 2.410375139841681724e-01 5.349556917269172596e-01 2.102173090896085061e-01
2.649347796167764862e-02 2.598309726932561681e-01 4.744955992745712448e-01 2.391799500704948345e-01
2.794939227629265888e-02 2.327860034469901862e-01 5.170055748023473230e-01 2.222590294743698458e-01
1.350432032017676032e-02 2.202109229962828651e-01 5.138797884519319403e-01 2.524049682316084620e-01
1.539223845205223325e-02 2.035152326423184388e-01 5.502491726434229902e-01 2.308433562622062285e-01
2.294365051042037210e-02 2.452205434611704760e-01 5.173622655740410803e-01 2.144735404543680612e-01
1.684698035502961780e-02 2.446272006595535953e-01 4.740505825013868746e-01 2.644752364840298742e-01
1.282661963143906167e-02 2.513613612236254014e-01 5.006254582091327343e-01 2.351865609358029241e-01
2.056574519509327820e-02 1.935282725438825790e-01 5.313099747908873738e-01 2.545960074701368869e-01
1.938061686470676087e-02 2.266029224670043085e-01 4.741871603727724760e-01 2.798293002955163922e-01
1.007981302636312866e-02 2.129307605948148885e-01 5.030722276793651027e-01 2.739171986994569097e-01
1.938159304158243099e-02 1.787855744348083031e-01 5.647588507742966613e-01 2.370739817493126289e-01
2.256013354093916803e-02 2.336934944344745135e-01 4.556492033789862339e-01 2.880971686456002545e-01
1.845644185651845737e-02 2.109982496091916959e-01 5.650050914444404437e-01 2.055402170898494862e-01
2.557590567510913127e-02 2.201884227347336020e-01 5.227609748448367455e-01 2.314746967453204518e-01
3.104178031771843982e-02 1.738749923424571797e-01 5.487625408393818072e-01 2.463206865004424762e-01
9.743950691158249910e-03 2.014466862431754934e-01 5.495941598823113061e-01 2.392152031833550130e-01
3.804251746350881952e-02 2.121130116685989442e-01 5.024712308254712934e-01 2.473732400424209221e-01
4.155828337956300744e-02 2.190953153715038682e-01 4.883614683989705441e-01 2.509849328499625387e-01
3.161555930243526574e-02 2.090654551414399542e-01 5.360339529599456032e-01 2.232850325961792948e-01
3.180247265066264706e-02 1.877134195289485163e-01 5.382297402841184075e-01 2.422543675362704430e-01
2.307371946182794342e-02 2.219522389413602081e-01 5.070082087791618619e-01 2.479658328176499726e-01
1.493404476122174411e-02 2.204255254628183502e-01 5.059134745088278429e-01 2.587269552671322415e-01
3.328679657707511730e-02 2.050708379555624405e-01 4.886768683794824875e-01 2.729654970878799269e-01
1.642565324373743141e-02 2.230170298182612421e-01 4.799204325860305098e-01 2.806368843519708722e-01
3.288117500414981798e-02 2.416205230488171485e-01 5.112380563634270070e-01 2.142602455836060682e-01
1.914279237526475899e-02 2.222521726350850935e-01 4.889457398639816543e-01 2.696592951256683857e-01
1.710099914474122115e-02 2.783448519864745174e-01 4.671350300688552615e-01 2.374191187999289965e-01
1.925003924325857999e-02 2.180546834471348561e-01 5.071488204023233415e-01 2.555464569072831704e-01
2.582434422592492021e-02 2.486800055669786125e-01 5.076647604632608113e-01 2.178308897438355485e-01
2.567553982261967446e-02 2.317821816453450035e-01 4.826461616894839879e-01 2.598961168425513724e-01
3.929221904000858995e-02 1.898353165125461761e-01 5.177242356560123326e-01 2.531482287914328944e-01
1.598774767362859395e-02 2.470777985531331933e-01 4.759273592900700733e-01 2.610070944831682782e-01
2.256806549675862555e-02 2.027060085332762218e-01 5.585445911521983442e-01 2.161813348177666905e-01
1.975201364971305995e-02 2.534535405919103312e-01 4.932530797330086925e-01 2.335413660253678469e-01
8.747830706395813213e-03 1.975507739607018642e-01 5.378968525024748759e-01 2.558045428304273616e-01
2.600574505292409244e-02 1.873180684732081158e-01 5.336770485999042801e-01 2.529991378739634977e-01
2.337230595672530956e-02 2.239507237451915378e-01 4.825527189469169809e-01 2.701242513511660226e-01
3.473009217624740963e-02 2.234803485292554126e-01 5.437834323330498210e-01 1.980061269614473429e-01
2.131315198517320236e-02 2.336958212936643409e-01 4.988247824019918508e-01 2.461662443191706129e-01
2.533509088225771935e-02 2.578966958802931253e-01 4.784623282152574708e-01 2.383058850221917713e-01
5.547553296252545618e-02 2.585971957233467178e-01 4.516998206676410832e-01 2.342274506464867290e-01
1.629674191435002278e-02 2.260408584869121884e-01 4.940596757905804659e-01 2.636027238081572466e-01
5.259633635753326736e-02 2.352740216288037867e-01 5.050734559602444440e-01 2.070561860534184673e-01
3.434991570995035715e-02 1.863654241700470615e-01 5.493321573956153614e-01 2.299525027243871922e-01
2.222905116244645179e-02 2.300611168864529488e-01 5.349858979929196234e-01 2.127239339581808997e-01
2.812030359887724568e-02 1.956607284608876118e-01 5.420839457160530062e-01 2.341350222241820322e-01
1.592714026341951125e-02 2.017366574167733517e-01 4.948559622510859124e-01 2.874802400687213599e-01
2.142229778320312375e-02 2.473464958327140639e-01 4.868846497222066860e-01 2.443465566618761575e-01
3.090045073884871776e-02 2.021668085078115740e-01 4.840798336277585268e-01 2.828529071255811433e-01
2.726264017193243475e-02 2.047961678865362900e-01 4.754355635886625131e-01 2.925056283528688073e-01
1.273975545405326044e-02 2.230458954592990373e-01 5.206185938277240188e-01 2.435957552589235187e-01
4.289516060141743831e-02 2.167058155851281365e-01 4.959132619558389021e-01 2.444857618576155300e-01
2.280570155527861242e-02 1.831762779747142245e-01 5.934517741575917604e-01 2.005662463124152639e-01
2.089819649813579733e-02 2.327526902932119113e-01 4.853806724021831331e-01 2.609684408064691374e-01
3.502439444684975201e-02 2.032140857565914172e-01 5.223441470976538659e-01 2.394173726989049789e-01
2.125424402548770075e-02 2.323666737308945907e-01 4.960824798742104469e-01 2.502966023694072617e-01
1.350277514036562349e-02 2.101713460278320511e-01 5.311256747545105572e-01 2.452002040772915947e-01
4.060597995038064262e-02 2.530866975159971055e-01 4.761604415262342127e-01 2.301468810073880600e-01
1.701503616884445652e-02 2.419740361094481207e-01 4.708547697138163457e-01 2.701561580078910563e-01
2.238957613049499459e-02 2.438557846739897450e-01 4.911573252392562039e-01 2.425973139562590530e-01
2.155741162114133830e-02 2.074536386214476669e-01 5.260730097827032159e-01 2.449159399747076749e-01
1.677116474483588207e-02 2.196913194963572014e-01 5.417580155339202230e-01 2.217795002248867109e-01
2.751225990197597726e-02 2.113614593598066305e-01 5.063244345753760145e-01 2.548018461628413500e-01
3.296539541182935684e-02 2.200053367344707578e-01 4.845639153105598118e-01 2.624653525431401291e-01
1.919893649270891511e-02 2.443041133898844752e-01 5.061610483913363545e-01 2.303359017260702968e-01
3.297950273078571748e-02 2.241811827114413846e-01 5.182300193016926571e-01 2.246092952560803657e-01
3.498834046214088778e-02 2.154986942145683260e-01 4.933027660233961220e-01 2.562101992998945810e-01
2.420645192508773247e-02 2.162230674385662854e-01 5.250764002896836091e-01 2.344940803466623314e-01
2.755612277676081426e-02 2.587741331596292160e-01 4.479671462189402931e-01 2.657025978446697079e-01
2.573654604851222799e-02 1.876190547526289387e-01 5.382817834307214167e-01 2.483626157681373681e-01
1.912047234639811799e-02 2.466666904929962489e-01 5.147515894019187854e-01 2.194612477586870003e-01
2.757494814970488928e-02 2.433047906126755144e-01 4.321564737753896268e-01 2.969637874622301221e-01
2.299186784116791921e-02 2.709001949247518137e-01 4.544817150284175544e-01 2.516262222056627751e-01
2.631343442265814819e-02 2.048939070241091176e-01 5.022802030594063494e-01 2.665124554938264057e-01
1.633475269029553700e-02 2.269826469311529704e-01 4.704387062053593804e-01 2.862438941731921260e-01
3.000695044291439711e-02 2.534362408392630828e-01 4.834773202830490169e-01 2.330794884347735518e-01
3.120526578192272388e-02 2.678112761391324703e-01 5.121298297308637393e-01 1.888536283480811706e-01
2.245472178991929010e-02 2.332241680371228698e-01 5.063822696366639953e-01 2.379388405362939385e-01
4.898309087645388166e-02 2.046676603115689663e-01 5.759210224020108182e-01 1.704282264099663269e-01
3.005459349569450031e-02 2.356793213575583135e-01 5.134337468527659931e-01 2.208323382939811619e-01
1.688869780506189675e-02 2.058057445255946916e-01 4.869167572077884310e-01 2.903888004615549079e-01
2.389269476677523610e-02 2.078751933020805409e-01 5.507481674276422101e-01 2.174839445035019747e-01
2.446012921498761858e-02 1.918813945780533381e-01 5.054297833687324548e-01 2.782286928382265989e-01
3.254876671757814949e-02 2.090414001384839904e-01 5.320713278655433420e-01 2.263385052783945806e-01
2.555516794204511916e-02 1.996575527486344204e-01 5.414747704486626567e-01 2.333125088606578523e-01
3.876835726604171972e-02 2.523019966709225126e-01 4.922686295224746877e-01 2.166610165405611632e-01
2.805734570790411123e-02 2.194044700482005728e-01 5.570833678597868488e-01 1.954548163841084429e-01
1.578500416832697567e-02 1.898626434862955847e-01 5.113519810181718084e-01 2.830003713272055688e-01
2.212824564043905373e-02 2.044824270650372755e-01 5.253760872860483433e-01 2.480132400084752442e-01
3.360364061748851577e-02 2.067480890778470581e-01 5.008586764081259801e-01 2.587895938965384390e-01
3.749941244482565134e-02 1.750237273103667224e-01 5.533744608925923458e-01 2.341023993522152180e-01
2.936492441771646270e-02 2.390509937725985024e-01 5.158585304947757022e-01 2.157255513149091974e-01
1.549793118581773051e-02 2.396964378875335588e-01 5.056348694995956849e-01 2.391707614270528748e-01
2.947036073481115390e-02 2.290840809068181161e-01 4.711126946189944653e-01 2.703328637393762057e-01
3.131176889906226585e-02 1.715428038637780428e-01 5.515823459512546600e-01 2.455630812859050938e-01
4.159864716119052175e-02 1.883324650065682226e-01 4.877985822458311693e-01 2.822703055864100863e-01
3.497169904154397851e-02 2.454791550674467748e-01 4.856030349445562555e-01 2.339461109464529842e-01
5.206408615889845243e-02 2.029412714552750463e-01 5.431559082415168271e-01 2.018387341443097227e-01
2.189259040463636952e-02 2.082864489412561138e-01 5.066319991634293807e-01 2.631889614906781083e-01
2.912572350045651223e-02 2.314069161748965875e-01 4.772828287293193750e-01 2.621845315953275635e-01
1.991585788635804807e-02 2.032525354901748293e-01 5.393029728514857624e-01 2.375286337719814400e-01
4.659643599694475447e-02 2.082392034218727705e-01 4.793945884599665197e-01 2.657697721212158859e-01
2.422529419360618802e-02 1.741423721845815897e-01 5.330612494486144382e-01 2.685710841731977494e-01
2.676815176727749199e-02 2.400664482562780699e-01 4.656414789915182539e-01 2.675239209849261113e-01
1.026454776829869436e-02 2.736292999321706665e-01 4.543473085729463623e-01 2.617588437265841450e-01
2.935831427433399296e-02 2.328189749807545450e-01 5.457330465735452663e-01 1.920896641713662201e-01
3.103446994551555677e-02 2.415632089613153621e-01 4.935781886871755120e-01 2.338241324059935899e-01
2.681044801254461873e-02 2.615269815350974580e-01 4.562247159040186406e-01 2.554378545483392826e-01
2.234377298607119824e-02 2.221184666618633563e-01 5.335516537364328737e-01 2.219861066156326723e-01
2.256668142671595934e-02 2.519262661923862834e-01 4.329495773749915122e-01 2.925574750059062312e-01
2.063830561213710404e-02 2.419327692158764476e-01 5.004817055436577844e-01 2.369472196283287091e-01
3.673969527036822363e-02 2.724970667126781487e-01 4.629652630468311658e-01 2.277979749701225243e-01
3.680703282202291149e-02 1.988552795432926290e-01 4.765216221490163884e-01 2.878160654856681822e-01
2.398120824659978959e-02 2.258939295947080816e-01 4.570936209019204055e-01 2.930312412567716573e-01
2.050407963642241274e-02 2.188314952481495435e-01 5.430963129373899134e-01 2.175681121780380922e-01
1.626187034884146038e-02 2.206234408129742197e-01 5.476710140107189373e-01 2.154436748274654312e-01
2.262254380791457048e-02 2.322524696595864302e-01 5.004746089111959950e-01 2.446503776213030112e-01
3.482956019901489036e-02 1.878937632986573958e-01 5.670676284045688131e-01 2.102090480977588105e-01
5.395228375680610755e-02 2.420378989729214669e-01 4.673926233088571691e-01 2.366171939614152286e-01
3.847073776157056146e-02 2.424299514628870111e-01 4.975182565503786791e-01 2.215810542251637760e-01
2.638349644654805481e-02 2.055752682180916613e-01 5.614653567930966149e-01 2.065758785422636967e-01
2.350651184715174882e-02 2.068126660643498371e-01 5.328063872216218799e-01 2.368744348668765376e-01
1.664456628051345574e-02 2.429657526860465877e-01 4.716291563895627093e-01 2.687605246438772300e-01
1.682103691494747297e-02 2.136136346930758712e-01 4.966091343106829870e-01 2.729561940812937348e-01
1.082858759942731917e-02 2.182440850907742813e-01 5.426878819101741414e-01 2.282394453996240968e-01
9.670778505676170742e-03 2.410945750931647868e-01 4.642662708836295948e-01 2.849683755175294042e-01
3.035876723288397083e-02 2.319302035043728227e-01 5.198501438983693657e-01 2.178608853643738685e-01
3.190272217223088375e-02 2.038106257234637564e-01 4.770968874700788342e-01 2.871897646342265187e-01
3.155877936838245162e-02 1.986544542971388494e-01 5.208311935694140971e-01 2.489555727650646366e-01
3.817853962711315052e-02 2.178920400740352592e-01 5.069797270905308517e-01 2.369496932083207941e-01
2.448252903957737897e-02 2.117518832054015865e-01 5.337198535847400560e-01 2.300457341702808745e-01
2.061642979217592417e-02 2.163049310375981527e-01 5.408232590033154041e-01 2.222553801669106266e-01
1.821535303707425349e-02 2.422213340019206684e-01 5.430246318912737014e-01 1.965386810697314079e-01
2.572467791949181390e-02 2.533996274284492922e-01 4.535505171017817916e-01 2.673251775502770711e-01
2.968042236471415615e-02 2.310464942143588274e-01 4.943022875463203292e-01 2.449707958746066838e-01
3.162185348840369087e-02 1.860336765271906057e-01 5.450084565944645076e-01 2.373360133899413416e-01
1.742153043026604259e-02 2.188608904076027317e-01 5.003315645511524634e-01 2.633860146109786582e-01
2.730510070518519378e-02 2.154996376638486366e-01 5.146982246340424672e-01 2.424970369969236261e-01
1.822053818104151651e-02 2.284116084295804150e-01 5.672773909315209639e-01 1.860904624578570421e-01
2.334444886222041340e-02 1.841137171235539272e-01 5.148705849384488387e-01 2.776712490757767826e-01
2.763560042886419391e-02 2.285775814421764918e-01 4.981091123710707502e-01 2.456777057578885259e-01
2.097876872012473595e-02 2.162144882727818351e-01 5.404841796776098661e-01 2.223225633294835246e-01
1.464525644406129354e-02 2.331669278011221369e-01 5.040893240255345242e-01 2.480984917292821113e-01
2.890977456472278509e-02 2.417735089601466825e-01 4.918120254202725805e-01 2.375046910548578305e-01
3.134599648802235961e-02 2.115736652335472312e-01 5.002677729061444367e-01 2.568125653722860280e-01
2.017563651795698659e-02 2.073099644170603995e-01 4.929058278967606288e-01 2.796085711682220198e-01
2.037661972171153635e-02 2.362670181753117327e-01 4.845695620862267017e-01 2.587868000167501403e-01
2.472799260769735150e-02 2.182421611662769545e-01 4.977540927203591981e-01 2.592757535056663953e-01
1.787936521667815581e-02 2.529137683353795407e-01 4.914829516959691724e-01 2.377239147519730478e-01
1.680482183113119615e-02 1.715598112896839222e-01 5.696175075989309278e-01 2.420178592802540440e-01
2.457172491015928092e-02 2.217274992425458391e-01 4.993328225083578098e-01 2.543679533389371361e-01
1.195223189537303332e-02 2.317485600497475318e-01 5.209033709834459680e-01 2.353958370714334669e-01
2.975478591933145012e-02 2.101362163852906750e-01 5.340070409339716662e-01 2.261019567614061532e-01
1.524462844774732671e-02 2.569967528641132759e-01 4.810898656211881064e-01 2.466687530669513517e-01
3.963007179229999233e-02 2.183244153070203752e-01 5.275355625466783271e-01 2.145099503540013053e-01
2.988481846710394282e-02 1.720541301360712649e-01 5.674046016072882281e-01 2.306564497895365329e-01
1.291028724231775733e-02 2.292061200209276339e-01 4.781039369289240559e-01 2.797796558078305962e-01
1.377267346355393572e-02 2.258685777554042817e-01 5.450789478510127406e-01 2.152798009300289916e-01
1.920041162850361083e-02 2.191350731199943891e-01 5.119916284245096261e-01 2.496728868269922352e-01
2.298232991648983120e-02 2.429145877182020963e-01 5.116249262328688152e-01 2.224781561324392920e-01
3.086320021352266518e-02 2.376257320188014943e-01 5.158904398788353163e-01 2.156206278888404826e-01
3.294873929283288760e-02 2.407272562430840812e-01 4.613184159985082022e-01 2.650055884655749261e-01
3.863160615477172904e-02 2.019623649658588149e-01 5.184083262694332284e-01 2.409977026099362485e-01
1.090179256472739375e-02 2.227972472224397094e-01 5.088618974610134016e-01 2.574390627518194363e-01
2.394692485251947306e-02 2.169993756844802446e-01 5.217038736996225667e-01 2.373498257633776531e-01
2.990624347197713348e-02 2.569294557737136220e-01 4.747923581360302125e-01 2.383719426182791534e-01
2.089130797104767762e-02 2.575192466176755013e-01 4.779382468754976854e-01 2.436511985357791288e-01
3.548494545029236974e-02 2.200334028237226347e-01 4.798809111598539290e-01 2.646007405661311429e-01
1.896054976693123048e-02 2.719298304856818116e-01 4.687456543654635044e-01 2.403639653819233113e-01
3.067313591180013954e-02 1.908814882297382165e-01 5.525835126093644467e-01 2.258618632490972389e-01
1.646199254962998904e-02 2.710370456676211015e-01 4.687743216076698527e-01 2.437266401750790568e-01
2.325136506056813684e-02 2.155867592312065706e-01 5.203821428844557229e-01 2.407797328237694656e-01
1.265824335269380777e-02 1.783569181540919091e-01 5.427739817218026896e-01 2.662108567714117080e-01
3.021247131612544295e-02 1.833058872475461787e-01 5.340669659017071025e-01 2.524146755346211024e-01
3.028285962443425655e-02 2.472824730205115673e-01 5.045911299041953013e-01 2.178435374508588540e-01
2.141930933488000663e-02 2.104720265629388409e-01 5.358688198108271239e-01 2.322398442913541083e-01
2.249928193734938853e-02 2.106454667212128706e-01 5.390494757465400522e-01 2.278057755948976748e-01
2.537855644545335479e-02 2.701520902348852338e-01 4.415397661286830089e-01 2.629295871909782534e-01
2.642525271926801991e-02 2.228699046307525411e-01 4.628058604494516559e-01 2.878989822005277310e-01
2.383111537296915897e-02 2.232338840908702216e-01 4.989585992228872668e-01 2.539764013132733700e-01
1.927379866782843662e-02 2.476474016989520521e-01 4.694948191821376460e-01 2.635839804510818341e-01
2.115046452675118857e-02 2.351049213336641741e-01 4.944249673700283343e-01 2.493196467695563967e-01
