1.376835666298535099e-01 4.516386899062485583e-02 1.889501905730494036e-01 6.282023738064721474e-01
9.099610908882639626e-02 9.331748742377966865e-02 1.550282329281888472e-01 6.606581705592050602e-01
8.070862735271630561e-02 4.517308277074266049e-02 2.075014266232133031e-01 6.666168632533278071e-01
9.907720646076371984e-02 2.006420590174292154e-02 1.796083024616528245e-01 7.012502851758405376e-01
1.404406164330802287e-01 3.536758036840380315e-02 1.441819442803127238e-01 6.800098589182033137e-01
1.145553332898062854e-01 2.011736641675505519e-02 2.016284465729122344e-01 6.636988537205263938e-01
1.010029687953343386e-01 5.719719568667090692e-02 2.099387543664413824e-01 6.318610811515534831e-01
1.122522318755271031e-01 6.570680355026889408e-02 1.780719038080548766e-01 6.439690607661491262e-01
1.203775492715205703e-01 3.030634429406542721e-02 1.658723113140550542e-01 6.834437951203590211e-01
1.434107266657552171e-01 3.691560543845542885e-02 1.923319986874939547e-01 6.273416692082954826e-01
1.365376291414563958e-01 3.733096723697963693e-02 1.894104317727892395e-01 6.367209718487746306e-01
1.250833130436992402e-01 3.497205629592607667e-02 1.762796328550375324e-01 6.636649978053370535e-01
1.144591337710138129e-01 4.143856951467728145e-02 1.569843601495866936e-01 6.871179365647223092e-01
1.422959687867445255e-01 1.907914947553603427e-02 2.043978548632893744e-01 6.342270268744301109e-01
9.776811159440179644e-02 3.415413131815663028e-02 1.945706469463220345e-01 6.735071101411195249e-01
7.779940179996575056e-02 5.719772025724755016e-02 1.812241911863010646e-01 6.837786867564855653e-01
1.099792676631316524e-01 5.770923604853950978e-02 1.607926753451875967e-01 6.715188209431413036e-01
1.117189731887495985e-01 2.615510544645405222e-02 1.883041781564233907e-01 6.738217432083729586e-01
1.396403545897930143e-01 3.641622077741767799e-02 1.847080450750752945e-01 6.392353795577140341e-01
1.055884478013635747e-01 6.309867514744275929e-02 1.699225802779371353e-01 6.613902967732565585e-01
9.960707424535775178e-02 4.177723943711006416e-02 1.814390050385221442e-01 6.771766812790099843e-01
9.492400411771428903e-02 3.740635840686613173e-02 1.746143306646971149e-01 6.930553068107225823e-01
1.274698278468235635e-01 4.484921931269999357e-02 2.063700119936314470e-01 6.213109408468449057e-01
1.062470112899273067e-01 2.446389842412825116e-02 2.030700348383037146e-01 6.662190554476408177e-01
1.101788717248913391e-01 2.280882712930968129e-02 1.872983100922673005e-01 6.797139910535315854e-01
1.189021631415588115e-01 2.296806590154003985e-02 1.716709909414262936e-01 6.864587800154747788e-01
1.143765202597047392e-01 3.881273201251458915e-02 2.072298917588635825e-01 6.395808559689171169e-01
9.082315697692727730e-02 6.326792541420681038e-02 1.562535791616194714e-01 6.896553384472464687e-01
1.321281208304393717e-01 3.497701759704976987e-02 1.853979909481699440e-01 6.474968706243409144e-01
1.349268827153023431e-01 6.988631970880980482e-02 1.647364253093566988e-01 6.304503722665311116e-01
1.101549663821540931e-01 3.489051297477915869e-02 1.818028547872344303e-01 6.731516658558321931e-01
1.090179699018834769e-01 1.604651255493548881e-02 1.623396629681582159e-01 7.125958545750228357e-01
1.760273476724010522e-01 5.174173945206117509e-02 1.457121741227800082e-01 6.265187387527577645e-01
9.812199629391217537e-02 6.218870189134639848e-02 1.978920990649999934e-01 6.417972027497413912e-01
1.102000604525844307e-01 4.476416113767116289e-02 1.705393132595774686e-01 6.744964651501668129e-01
1.374885030292075649e-01 3.197349617250640902e-02 1.894406551644096381e-01 6.410973456338764365e-01
8.990203933735448072e-02 4.595932248492243938e-02 2.001166578494452952e-01 6.640219803282779720e-01
1.028887206814364519e-01 5.753087902562788875e-02 1.716015400747803454e-01 6.679788602181553347e-01
1.315996386727032730e-01 3.609771624737927176e-02 1.642139190428678897e-01 6.680887260370493852e-01
1.403674030990202104e-01 5.641119196670148911e-02 1.435018589347143436e-01 6.597195459995640610e-01
1.035211089491936409e-01 4.503527290666208688e-02 1.702426595020041511e-01 6.812009586421401419e-01
1.209483142241768033e-01 5.418797912041175419e-02 1.550980679416101293e-01 6.697656387138012368e-01
9.581356359535991851e-02 3.916013883202598689e-02 1.594021363381978307e-01 7.056241612344161807e-01
1.307190089754538820e-01 3.794352070972641794e-02 1.697905530753141545e-01 6.615469172395055386e-01
1.471310145831678795e-01 5.614787341974394191e-02 1.786574039126443136e-01 6.180637080844438858e-01
1.423121198174412405e-01 2.445968475314594381e-02 1.597066955439178926e-01 6.735214998854948121e-01
1.300856725730623609e-01 9.088484140824151791e-02 1.560402367228826970e-01 6.229892492958134520e-01
1.318001475429032288e-01 5.127075415677391501e-02 1.485301559327019960e-01 6.683989423676208741e-01
1.334868549750793942e-01 4.221174771392310898e-02 1.943244956698122472e-01 6.299769016411853606e-01
1.291904803033871174e-01 3.628020418084407922e-02 1.514631180854132675e-01 6.830661974303555706e-01
1.340908552179560786e-01 1.920407657438106402e-02 1.769647506737869747e-01 6.697403175338759729e-01
1.437059087572499227e-01 5.350355225711595636e-02 1.619289213038351272e-01 6.408616176817990562e-01
1.330343250913156861e-01 1.635919430719274745e-02 1.723800368319718668e-01 6.782264437695196824e-01
1.578955840024125756e-01 4.704622567037710507e-02 1.460105308327504792e-01 6.490476594944597499e-01
1.146456117910699957e-01 3.256037755278583939e-02 1.839943557632735815e-01 6.687996548928705209e-01
9.875932536272773177e-02 4.061602524842187339e-02 1.828042932744678717e-01 6.778203561143825162e-01
1.363446987680726197e-01 3.196513643773055136e-02 1.274222900157117866e-01 7.042678747784851812e-01
8.045045453447187411e-02 4.246553241775068849e-02 2.091675173243768282e-01 6.679164957234006161e-01
8.720208234075862985e-02 5.423741952509424785e-02 2.211211306606645499e-01 6.374393674734826210e-01
1.295134121025728335e-01 5.340755891673132361e-02 1.429855314332735550e-01 6.740934975474222046e-01
1.400072919509909863e-01 3.571301722602247819e-02 1.741544335175495284e-01 6.501252573054369099e-01
1.366208455325609028e-01 3.334147832843958881e-02 2.005665095426516220e-01 6.294711665963478309e-01
1.423410401360767907e-01 3.233526800401301249e-02 1.697999820869747212e-01 6.555237097729356144e-01
1.066046338291208873e-01 2.689006111489237322e-02 1.427086758661283428e-01 7.237966291898584315e-01
1.382169319470961111e-01 3.461472183820644283e-02 1.747614304604553082e-01 6.524069157542422559e-01
1.242419695267180518e-01 3.211906690475254539e-02 2.010912459315530032e-01 6.425477176369762677e-01
9.187836209527838749e-02 3.413404941749851457e-02 2.024068648695335204e-01 6.715807236176897232e-01
1.074835024305255543e-01 5.839073786270795874e-02 1.763923400401156971e-01 6.577334196666508870e-01
1.502743097894054247e-01 3.104204754503264371e-02 1.926319642332769144e-01 6.260516784322850414e-01
7.678372223145923936e-02 2.292397081304931028e-02 2.494984775701425683e-01 6.507938293853489098e-01
9.662290169598604372e-02 3.415916241011922316e-02 1.841419936021889137e-01 6.850759422917058750e-01
1.442015960285715770e-01 4.329979716147736718e-02 1.445621596459359393e-01 6.679364471640150125e-01
1.126204558430536767e-01 4.944864681854999749e-02 1.845992985638955364e-01 6.533315987745007547e-01
1.478609319714202230e-01 5.206071907189880471e-02 1.666953132043287600e-01 6.333830357523522192e-01
9.865301589160579976e-02 4.555990705876869495e-02 1.890383663139966752e-01 6.667487107356289133e-01
9.786848055606155172e-02 3.039580907791263054e-02 1.559867551680768349e-01 7.157489551979490106e-01
1.022493086678663982e-01 6.545098262920713561e-02 1.957113083126118536e-01 6.365884003903146127e-01
1.005241416710287994e-01 3.591576927079492138e-02 1.601605846139916300e-01 7.033995044441846423e-01
9.002893801260801465e-02 2.939890918539790968e-02 1.837144452463382593e-01 6.968577075556559031e-01
1.279931975380087239e-01 2.204541220000341001e-02 2.031109308467358987e-01 6.468504594152520992e-01
1.021810108321720700e-01 4.740206785659482197e-02 1.516271693744871696e-01 6.987897519367458621e-01
1.345609885077959089e-01 3.940743271317624641e-02 1.708137177609456714e-01 6.552178610180822149e-01
1.423150729575187734e-01 2.826772199073099984e-02 2.128123415462830625e-01 6.166048635054670601e-01
1.127184509200932910e-01 4.382536894863681143e-02 1.939471472975194954e-01 6.495090328337504992e-01
1.426460468601487008e-01 3.932683293354413689e-02 2.066432888563801973e-01 6.113838313499270205e-01
1.389643326875774909e-01 3.402948259613144261e-02 2.410258032785340121e-01 5.859803814377569919e-01
1.237741455920477740e-01 3.062105407481404556e-02 1.742717078267289610e-01 6.713330925064091570e-01
1.082697224216491033e-01 5.079393091893538714e-02 1.810613177268486917e-01 6.598750289325668872e-01
1.023087982293708759e-01 4.123332836124091877e-02 2.196842855235889291e-01 6.367735878857991860e-01
1.476165667860220854e-01 3.749855186618365060e-02 1.770784354394984439e-01 6.378064459082959381e-01
9.284135090435442772e-02 4.797663985820133786e-02 1.666596678138501653e-01 6.925223414235941455e-01
1.437694873490236724e-01 4.614062196070879002e-02 1.636360148917468671e-01 6.464538757985207607e-01
9.035570920812180384e-02 4.383597018866276090e-02 1.962783381559385920e-01 6.695299824472769057e-01
1.726294762370334246e-01 3.444018250097568429e-02 1.822711341189096890e-01 6.106592071430811952e-01
1.306236028234810109e-01 3.284998988682478333e-02 1.308480143264536544e-01 7.056783929632405306e-01
1.522437504402787967e-01 5.588735171427971354e-02 1.527296568842875790e-01 6.391392409611540426e-01
1.288575990348341804e-01 3.016748314166212488e-02 1.894114369555102428e-01 6.515634808679933165e-01
1.338946169976850675e-01 5.621031778191722117e-02 1.955250244330241360e-01 6.143700407873735614e-01
1.471839484990886127e-01 4.616753041867896479e-02 1.801058869848710942e-01 6.265426340973614394e-01
1.108384151154461483e-01 2.623484972710581065e-02 2.481368967062943243e-01 6.147898384511537584e-01
1.539950834378106814e-01 4.078072143549062861e-02 1.523196296166164088e-01 6.529045655100822465e-01
1.334865904528783898e-01 4.972329929465595100e-02 1.641605958338851201e-01 6.526295144185805253e-01
9.958805511316944081e-02 5.255444283698534197e-02 2.454034977259610117e-01 6.024540043238841847e-01
9.033941995168731642e-02 5.107015494464758193e-02 1.826144776434302508e-01 6.759759474602348162e-01
1.003885815392101255e-01 2.585663881465020270e-02 2.229300670963614839e-01 6.508247125497781393e-01
1.264883532835762991e-01 3.609076555214715126e-02 2.223546855797276511e-01 6.150661955845488915e-01
1.498219312853586171e-01 2.045102570413105669e-02 2.024919924753673384e-01 6.272350505351428351e-01
1.058123047762746655e-01 4.897240053548732042e-02 1.866239283947226935e-01 6.585913662935153345e-01
1.314057394667574041e-01 3.133412698940354207e-02 1.849795298700331880e-01 6.522806036738059143e-01
1.322247270501933081e-01 2.545533873000584146e-02 2.095548980114568249e-01 6.327650362083440116e-01
1.179729634937342064e-01 3.329151761909780738e-02 1.559556235871282226e-01 6.927798953000396942e-01
8.344289123415037090e-02 3.803394784023159808e-02 1.716677510637056314e-01 7.068554098619124204e-01
1.379481350141770479e-01 2.508467617632764018e-02 1.829362258497463090e-01 6.540309629597489405e-01
1.235327603412917780e-01 2.823311676557508504e-02 1.511667728166082580e-01 6.970673500765249830e-01
1.209715257344925604e-01 2.847925043187591113e-02 1.982253062457303983e-01 6.523239175879009810e-01
9.627246198049294046e-02 4.878041831737707501e-02 1.671188051551285303e-01 6.878283145470014404e-01
1.472679259554658671e-01 4.402121999570641347e-02 1.362174855455802747e-01 6.724933685032473685e-01
9.245329152832035269e-02 5.367679991709505688e-02 1.939085458393809414e-01 6.599613627152035589e-01
1.064396043593058561e-01 5.783935192420776306e-02 1.851362301833943402e-01 6.505848135330919435e-01
1.225157889170239989e-01 5.743843339421074445e-02 1.690050714403630305e-01 6.510407062484022678e-01
1.209077150134438977e-01 2.556514358432214126e-02 1.954416742512050664e-01 6.580854671510287801e-01
8.714856605925538902e-02 3.490872439464740018e-02 1.714591260962990971e-01 7.064835834497981137e-01
1.232792259868298462e-01 5.486293427061204875e-02 1.695685934046141097e-01 6.522892463379440509e-01
1.304414738729799128e-01 3.610547285440299237e-02 1.520518728737969283e-01 6.814011803988202498e-01
1.369326427955971370e-01 4.352766307469192741e-02 1.952805320313702742e-01 6.242591620983407585e-01
1.568839047433451261e-01 3.978152907272436423e-02 1.351263970999364294e-01 6.682081690839941635e-01
1.527062360323568624e-01 1.806676191979279117e-02 1.885227940811380898e-01 6.407042079667123469e-01
1.165372699036140020e-01 3.309391934234038463e-02 1.876452979876381266e-01 6.627235127664075076e-01
1.019354397647273397e-01 4.717788845510239443e-02 1.988416263058277456e-01 6.520450454743426105e-01
9.607128802901435116e-02 4.296504539899618363e-02 1.889266532023278766e-01 6.720370133696617065e-01
1.608726809711824024e-01 8.388630301327738847e-02 1.515253987705738881e-01 6.037156172449664737e-01
1.807271694345828350e-01 4.311668888453994847e-02 2.063867968082423177e-01 5.697693448726348642e-01
1.123220421924110007e-01 6.244306587775340367e-02 1.837178060025576043e-01 6.415170859272778525e-01
1.274168383536049276e-01 4.148667749057819570e-02 1.863895663084664533e-01 6.447069178473505691e-01
1.218038597821818614e-01 2.265079916988858161e-02 2.372208335441589877e-01 6.183245075037706595e-01
1.394593609640735199e-01 3.570637741954228728e-02 1.467731710168632131e-01 6.780610905995211324e-01
1.170010833744224016e-01 5.470232020275087037e-02 1.494530265454508400e-01 6.788435698773759297e-01
1.294704413221605954e-01 3.405797291556887652e-02 1.543398173495357517e-01 6.821317684127347070e-01
1.264922455064968199e-01 5.298729157873736939e-02 1.879380570866868161e-01 6.325824058280790085e-01
1.167628446368859790e-01 4.609548841516421247e-02 1.511452313055249019e-01 6.859964356424249621e-01
1.102270998036940786e-01 3.139445595412699436e-02 1.836021061868258475e-01 6.747763380553531976e-01
1.240846978391327848e-01 2.982648319804115378e-02 1.617614392017641123e-01 6.843273797610619491e-01
1.347485520547613558e-01 4.870587719142018684e-02 1.863333207399196501e-01 6.302122500138989114e-01
1.459077269463852911e-01 4.209714026826627542e-02 1.961553166144129612e-01 6.158398161709353058e-01
1.265558776945532038e-01 7.823617767819303348e-02 1.595635661242832959e-01 6.356443785029705085e-01
1.102797121626807736e-01 5.818847935274434890e-02 1.508627576547612870e-01 6.806690508298136599e-01
1.265309818697221145e-01 6.116026275664712686e-02 1.447066103999397058e-01 6.676021449736910807e-01
1.770337138779310704e-01 3.689369762423107268e-02 1.336016380897592781e-01 6.524709504080784539e-01
1.432745250116724545e-01 2.439308767411010534e-02 1.408895253138652270e-01 6.914428620003523207e-01
9.948313187420164405e-02 3.265930815250777525e-02 1.563744140552340567e-01 7.114831459180565032e-01
1.036906050322262129e-01 4.251128871003560100e-02 2.207072911384020675e-01 6.330908151193360700e-01
9.427700235331226697e-02 4.303565519688174607e-02 2.023356878236743095e-01 6.603516546261316567e-01
9.315412967704120306e-02 3.986331821089415806e-02 1.449454319100208222e-01 7.220371202020438028e-01
1.409156400966085909e-01 5.995778421334459901e-02 1.686015628903699826e-01 6.305250127996768761e-01
1.404311342886851444e-01 6.779865394800113632e-02 1.380654409369307944e-01 6.537047708263830081e-01
1.332071077684328364e-01 3.023175212646291021e-02 2.305288688045727952e-01 6.060322713005314998e-01
1.181185047772480012e-01 2.657763104320550948e-02 1.691361703842958475e-01 6.861676937952506661e-01
1.454698849024013418e-01 3.196111758487373694e-02 1.691863476413419665e-01 6.533826498713828368e-01
8.545929964123440137e-02 5.142197715199891411e-02 1.553618085344491417e-01 7.077569146723174942e-01
1.321136135701966585e-01 4.368579146731454976e-02 1.539773810593253189e-01 6.702232139031634173e-01
9.682084351426130386e-02 3.360399739945435504e-02 1.476348019557599534e-01 7.219403571305242906e-01
1.009143197348448123e-01 2.150043213653375293e-02 1.348826560130051422e-01 7.427025921156162891e-01
1.201088488741357679e-01 5.535550622133636467e-02 1.381344509411536470e-01 6.864011939633741788e-01
9.096289286000362739e-02 3.989742378408880907e-02 1.831339364817070881e-01 6.860057468742005726e-01
1.796055616494337537e-01 5.053677691588811388e-02 1.422580823039311659e-01 6.275995791307470428e-01
1.249731902354501156e-01 4.869909946229055570e-02 1.618368106532037387e-01 6.644908996490556108e-01
8.798371747755698302e-02 5.544874390398593644e-02 1.677474762480916093e-01 6.888200623703655268e-01
1.334995846262423680e-01 5.840095353641568121e-02 1.841042236313199243e-01 6.239952382060219849e-01
1.125649165324341255e-01 4.021747138319506365e-02 1.590582324916623991e-01 6.881593795927084534e-01
1.080636686855382667e-01 3.180198023839586607e-02 1.977432301194163577e-01 6.623911209566495373e-01
1.366645269492377246e-01 4.302558005579174005e-02 1.850132094360101842e-01 6.352966835589602956e-01
9.218419648109973941e-02 4.204127507795523550e-02 1.617613449463439212e-01 7.040131834946011802e-01
1.272317859442030075e-01 7.022907442169297465e-02 1.608308578038589731e-01 6.417082818302450864e-01
1.309446537887227202e-01 6.311335582805682742e-02 2.018349901809090019e-01 6.041070002023114505e-01
1.065937357122619111e-01 3.957220278703865030e-02 1.722664819102960876e-01 6.815675795904033718e-01
1.013353086361154926e-01 5.445590563747751411e-02 1.717754783574386157e-01 6.724333073689683360e-01
8.994835894477180849e-02 2.568890719339779818e-02 1.648589053655710457e-01 7.195038284962593789e-01
1.387479549337949369e-01 4.645414999310694404e-02 1.368780326313658313e-01 6.779198624417323016e-01
1.577502285596822651e-01 4.022830409356314973e-02 2.373489635298641209e-01 5.646725038168903810e-01
1.024582129403455999e-01 5.951518686396559815e-02 2.214003050453759169e-01 6.166262951503129752e-01
1.149509593212679204e-01 4.301612102538574650e-02 2.043124429395787034e-01 6.377204767137676367e-01
1.355001270133545099e-01 4.320699879390714482e-02 1.821920734548000964e-01 6.391008007379382905e-01
9.870982215561788231e-02 3.421546675013706351e-02 1.789955191886615782e-01 6.880791919055835315e-01
1.001177317891968899e-01 2.421189489191059516e-02 1.916023731121687390e-01 6.840680002067237586e-01
1.174574928493262865e-01 3.339847841271807033e-02 1.752762102835189739e-01 6.738678184544366623e-01
1.161724923176677832e-01 4.983635694299711622e-02 1.992811715573709619e-01 6.347099791819642567e-01
1.129008731090737072e-01 2.212921594565229327e-02 1.747335129694057299e-01 6.902363979758683321e-01
1.031778122261856473e-01 4.975803694469050492e-02 1.686971781233758683e-01 6.783669727057479726e-01
1.010150739547752141e-01 4.937106586396518282e-02 1.663087887167716827e-01 6.833050714644879342e-01
9.413286612674541531e-02 3.336139037337743779e-02 1.539384225420160623e-01 7.185673209578612441e-01
1.035423670024699372e-01 2.987449226721736878e-02 1.971142816638324080e-01 6.694688590664803485e-01
1.199534651143625147e-01 4.229995348823503004e-02 1.899818994707022368e-01 6.477646819267002254e-01
1.315414394366104245e-01 3.331764747849965541e-02 2.194012694233349603e-01 6.157396436615550916e-01
8.810637284509299783e-02 4.058423368755748745e-02 2.027387954607623999e-01 6.685705980065870246e-01
1.359843113687459470e-01 2.129619508841035930e-02 1.538563164880446810e-01 6.888631770547990474e-01
1.048699782080644988e-01 3.138653853057466608e-02 2.077761196631891516e-01 6.559673635981716489e-01
1.191109105600550722e-01 5.536384246052152014e-02 1.434484703818352525e-01 6.820767765975881414e-01
1.287723493016071918e-01 3.770585174221591229e-02 1.764889462505907780e-01 6.570328527055862011e-01
9.843866805844740664e-02 4.987917495060974898e-02 1.836441385111018398e-01 6.680380184798410115e-01
1.265323403212906539e-01 5.542016955455749544e-02 1.606485097342282009e-01 6.573989803899236151e-01
1.093728358377969723e-01 6.177571381104025178e-02 1.726411396711355350e-01 6.562103106800273311e-01
9.467069738947117563e-02 3.398790448351255572e-02 1.599574921989923570e-01 7.113839059280238075e-01
1.369623614669413514e-01 6.514137498749672517e-02 1.778627658590199445e-01 6.200334976865421455e-01
1.226028853606319774e-01 3.680097103716006152e-02 1.767071448212267915e-01 6.638889987809811766e-01
1.155870391183838886e-01 4.863942979042052556e-02 1.462920944321134398e-01 6.894814366590820143e-01
1.116361201310827889e-01 3.550396145403564990e-02 1.706197601787944051e-01 6.822401582360873018e-01
1.218193683642548458e-01 4.398558716074085773e-02 1.584799536784999574e-01 6.757150907965043807e-01
9.721461325587497926e-02 6.259353444354527618e-02 1.623051823981988551e-01 6.778866699023808895e-01
1.294465222565361062e-01 3.676082130085263355e-02 1.735902598076801417e-01 6.602023966349310768e-01
1.019248391987096491e-01 3.631528373067487159e-02 1.434622895971921497e-01 7.182975874734232047e-01
1.004625996279097794e-01 4.889250594114300658e-02 1.474519182271791240e-01 7.031929762037679721e-01
1.289185837140038593e-01 2.447195062932472007e-02 1.704554236834203984e-01 6.761540419732509077e-01
1.479042459923637642e-01 3.658900314122646297e-02 1.631152815817269730e-01 6.523914692846827235e-01
1.694889893855114349e-01 3.076234166649590915e-02 1.765346724742108686e-01 6.232139964737818394e-01
9.892400842120034621e-02 3.777632394897168649e-02 1.736696463253496747e-01 6.896300213044782579e-01
1.186335558872544799e-01 3.512392732013632640e-02 1.338486388884261857e-01 7.123938779041829594e-01
1.256616048003666719e-01 4.915344129725449790e-02 1.213617801980590299e-01 7.038231737043197933e-01
1.435376865362681664e-01 3.906478495775247972e-02 1.930221777195898492e-01 6.243753507863893937e-01
1.007719697638332634e-01 6.165394514954406630e-02 1.771046546522997700e-01 6.604694304343230460e-01
1.379309645724582090e-01 5.567303940040861654e-02 1.632026351848342993e-01 6.431933608422988335e-01
1.268705535948920216e-01 3.389215670474209074e-02 1.840332861664560893e-01 6.552040035339097290e-01
1.209245210107507684e-01 4.768033897344921973e-02 1.922708493607266644e-01 6.391242906550734793e-01
1.168880273377668200e-01 4.592953409157816969e-02 1.703847312179261608e-01 6.667977073527288079e-01
8.475176744299955933e-02 3.918804737651210290e-02 1.862207551590862875e-01 6.898394300214020225e-01
1.407088813930069404e-01 4.013997939894904665e-02 1.566381935321231600e-01 6.625129456759210056e-01
1.086634361018347511e-01 2.837535110796566770e-02 1.741850922709835270e-01 6.887761205192159952e-01
8.417156022950407490e-02 2.588753098203975048e-02 1.678516140308915217e-01 7.220892947575644483e-01
1.481146805333117822e-01 5.634251887128053499e-02 1.729173601255396542e-01 6.226254404698681189e-01
1.231919188719184516e-01 3.755442797032070013e-02 1.978666807770827485e-01 6.413869723806782108e-01
1.127353565090652293e-01 4.278465721708535341e-02 1.907962181307196192e-01 6.536837681431297842e-01
1.086947111239333075e-01 5.167325281623069005e-02 2.287025297117915856e-01 6.109295063480443266e-01
1.295293058897536986e-01 7.717566194417535552e-02 1.606103428394747845e-01 6.326846893265962724e-01
1.239353826020711397e-01 2.269797632677855725e-02 1.692216002020505983e-01 6.841450408690996632e-01
1.071970747779737304e-01 2.246542885551258001e-02 1.862244422507017827e-01 6.841130541158119138e-01
1.461769902293456047e-01 3.897319798829175508e-02 1.936011021843888902e-01 6.212487095979738472e-01
1.052988490936878352e-01 3.623926237896988450e-02 1.817496774189762965e-01 6.767122111083659908e-01
1.000412213274401163e-01 6.040033414479467622e-02 1.480034105706416470e-01 6.915550339571234773e-01
1.075916839245360940e-01 1.844297602734721112e-02 2.190511434878665842e-01 6.549141965602500726e-01
1.171291113571910347e-01 3.256809688226908889e-02 1.889692544289400256e-01 6.613335373315998300e-01
8.794595281795626607e-02 4.227277130789677123e-02 1.659257485851226843e-01 7.038555272890243408e-01
1.396067794212192681e-01 4.022175303034668248e-02 1.661427598870977573e-01 6.540287076613363615e-01
1.222804305393955376e-01 2.394130101875626207e-02 1.707614013754329974e-01 6.830168670664150676e-01
1.085943420783773983e-01 5.480976832946476279e-02 1.773326571773805593e-01 6.592632324147772449e-01
1.108943280377187729e-01 3.988980800882264977e-02 1.408388654924764838e-01 7.083769984609821213e-01
1.105738353298325038e-01 3.355044025022356491e-02 1.658441792749465737e-01 6.900315451449973159e-01
1.140982222007740077e-01 3.651519389509250840e-02 2.180978477377701341e-01 6.312887361663633845e-01
1.338394133949303844e-01 3.940105846200150919e-02 1.706627176659879230e-01 6.560968104770802389e-01
1.800078637668537651e-01 3.859669423049547771e-02 1.447200328524228530e-01 6.366754091502280222e-01
9.520651593522674871e-02 3.847625534335984143e-02 1.776357506766148842e-01 6.886814780447986228e-01
1.034529954203454866e-01 5.259115601246251021e-02 1.460979095908871428e-01 6.978579389763048813e-01
1.057037381764526496e-01 4.639040159475116970e-02 1.549171505460705811e-01 6.929887096827256343e-01
1.370078168960352505e-01 5.987918403869899042e-02 2.140999426000524675e-01 5.890130564652132916e-01
1.051040082355432781e-01 5.908214143760131404e-02 1.494457705628226274e-01 6.863680797640326903e-01
1.095923221641353501e-01 2.975395239678748499e-02 2.290826034346572504e-01 6.315711220044198937e-01
1.289673217692452745e-01 4.012170182664176465e-02 1.896358288164099182e-01 6.412751475877030982e-01
1.397563270240276823e-01 4.199807623945938512e-02 1.716299000855258106e-01 6.466156966509871706e-01
1.250821059844567096e-01 3.551266049585494883e-02 1.251783808142316046e-01 7.142268527054567162e-01
1.485072424433372118e-01 4.478966944554536866e-02 1.378540401935521020e-01 6.688490479175652759e-01
1.112224611677566505e-01 3.400860982615663830e-02 1.703910189560542132e-01 6.843779100500324564e-01
1.150345079783798991e-01 2.278334507922978591e-02 1.613389811228417847e-01 7.008431658195485303e-01
8.405866529289908462e-02 2.283047260480781243e-02 1.987625864038427004e-01 6.943482756984502569e-01
1.531696292229627054e-01 5.363281716781423403e-02 1.611019144807452341e-01 6.320956391284779929e-01
1.448028667995384933e-01 3.659547421111135346e-02 1.860463235005186955e-01 6.325553354888313606e-01
1.235959154832955986e-01 3.522576091403536308e-02 1.622160959415804848e-01 6.789622276610884910e-01
1.198902667954638152e-01 4.379252246915073948e-02 1.489822939026712312e-01 6.873349168327141934e-01
1.348809245451060013e-01 5.201813510543069896e-02 1.668555907424082996e-01 6.462453496070549308e-01
1.049644808198984119e-01 3.560670554007298871e-02 1.551073583209419682e-01 7.043214553190866312e-01
1.299931903463169280e-01 2.906122248390483054e-02 1.857846376109959508e-01 6.551609495587822352e-01
1.374157775104661583e-01 4.501954520308241309e-02 1.562023417374990009e-01 6.613623355489524069e-01
1.014968464042361601e-01 5.114535778431827245e-02 1.624652094504828170e-01 6.848925863609628406e-01
1.085420873457979690e-01 4.804611434526178532e-02 1.908779317154223887e-01 6.525338665935178639e-01
1.252911427431687430e-01 5.313962424483194280e-02 1.273106163905586008e-01 6.942586166214407273e-01
1.350985706369350892e-01 5.326036611409996901e-02 1.718683365421343201e-01 6.397727267068306078e-01
9.529280497316203191e-02 4.996482959704694193e-02 1.883507074158039807e-01 6.663916580139871426e-01
1.057998747786256938e-01 6.032884961978492860e-02 1.450921155391523831e-01 6.887791600624368904e-01
1.252972353422095453e-01 4.439389675115839456e-02 1.877097634377563884e-01 6.425991044688755816e-01
1.035882390265467773e-01 5.467608007089044819e-02 2.191427018154265272e-01 6.225929790871364000e-01
1.149349611794226733e-01 5.724650854592798488e-02 1.610902640543788455e-01 6.667282662202704824e-01
1.326972216949066641e-01 4.894432312988040989e-02 1.607587931652213475e-01 6.575996620099916479e-01
1.491442891600001652e-01 3.724106297290565026e-02 1.425592562990468382e-01 6.710553915680473880e-01
1.083391143424711073e-01 4.475235321503073099e-02 1.640962064903640771e-01 6.828123259521341470e-01
9.251183334079143838e-02 9.782759986544094233e-02 1.534418098377795248e-01 6.562187569559881917e-01
1.135602557446453720e-01 4.949035440534824137e-02 1.736985227756546180e-01 6.632508670743516577e-01
1.496398775461856845e-01 8.180536883392661163e-02 1.670293455564172136e-01 6.015254080634705458e-01
9.496908865785813614e-02 2.411965173952768798e-02 1.514626145670464885e-01 7.294486450355677221e-01
1.175285566913360918e-01 3.866347355805764552e-02 1.999948437922560718e-01 6.438131259583502741e-01
1.521273968985648040e-01 3.552995764935185791e-02 1.635197023293792074e-01 6.488229431227040545e-01
1.049239216466463370e-01 4.868421993166332368e-02 1.752084469172218162e-01 6.711834115044684745e-01
1.235326093573752004e-01 2.835756347277048825e-02 1.388001002774178483e-01 7.093097268924364318e-01
1.105678633450756509e-01 5.170706339892371106e-02 1.837813956133527160e-01 6.539436776426479359e-01
1.103607381899541356e-01 2.643219783624506034e-02 1.732531987246719862e-01 6.899538652491287172e-01
9.439142317172607988e-02 4.956145972418223022e-02 2.084754845651922428e-01 6.475716325388993777e-01
1.175681125283389444e-01 3.986725862702052842e-02 2.080903180898795446e-01 6.344743107547610173e-01
1.260578006596836942e-01 5.213399172940685194e-02 1.443950810134996265e-01 6.774131265974098204e-01
1.431899505761511648e-01 3.829701813490962031e-02 1.383349435898591218e-01 6.801780876990800584e-01
1.362407777961581745e-01 3.573117270042783927e-02 2.282180025166208326e-01 5.998100469867931883e-01
9.392547533900279244e-02 4.099517376225176452e-02 2.347656971307384988e-01 6.303136537680070761e-01
8.938950243875590229e-02 4.731645491526728642e-02 2.097007091120051403e-01 6.535933335339716432e-01
1.258276252137679185e-01 3.584470237128882519e-02 1.766544445698063071e-01 6.616732278451369353e-01
1.292478121213346265e-01 7.200118153842344215e-02 1.709304124806686753e-01 6.278205938595733393e-01
8.645638784929049470e-02 5.723686161998881028e-02 1.735495368237919556e-01 6.827572137069286562e-01
1.515801611102225166e-01 4.053362367765256380e-02 1.720785355205060041e-01 6.358076796916188878e-01
1.312736571998948387e-01 3.021346205246289163e-02 1.961429956493018489e-01 6.423698850983405872e-01
1.367480301497827622e-01 3.708534291482227380e-02 1.661918700569222085e-01 6.599747568784727347e-01
8.589337094721175014e-02 2.484351359787876842e-02 2.090169725197654482e-01 6.802461429351440714e-01
8.123354127190650364e-02 3.339989264779693462e-02 1.643520972309376049e-01 7.210144688493591580e-01
9.296511656618353103e-02 3.297878527314337949e-02 1.988860890152205629e-01 6.751700091454523323e-01
1.475471793259404141e-01 5.706610119839244238e-02 1.512221060663635486e-01 6.441646134093035325e-01
1.078559814093842523e-01 2.722974511670717135e-02 1.818389418670404711e-01 6.830753316068681746e-01
7.756846380013381059e-02 4.065609071903843880e-02 2.062985618023524259e-01 6.754768836784754704e-01
1.336984757167849203e-01 3.814331201423695750e-02 2.079836910058304178e-01 6.201745212631475379e-01
1.022823766259404327e-01 3.113062962544541762e-02 1.696781976970956618e-01 6.969087960515185642e-01
9.128303956879864345e-02 5.178642645845621395e-02 2.171487736321392747e-01 6.397817603406058540e-01
1.179179964066278397e-01 5.447102475496972546e-02 1.747498704798945424e-01 6.528611083585079689e-01
1.376963470017599500e-01 4.023966720694279603e-02 1.641996793905747265e-01 6.578643064007224650e-01
1.076945668250454125e-01 4.081132114333797800e-02 1.961056807733402574e-01 6.553884312582762828e-01
1.449687783818295050e-01 3.616413655203283561e-02 1.336796089310395008e-01 6.851874761350983389e-01
1.323574989554688885e-01 3.540670087781032371e-02 1.826507859129953004e-01 6.495850142537256122e-01
1.020589029111915180e-01 2.471789966130717719e-02 1.808302341892243370e-01 6.923929632382770372e-01
1.158629528613046578e-01 4.333182001950040135e-02 1.743447452556675104e-01 6.664604818635273542e-01
1.268176891463282385e-01 3.394610098844087764e-02 1.735544374252538935e-01 6.656817724399770597e-01
1.015244392575699317e-01 3.429394223392256275e-02 1.632162678478008833e-01 7.009653506607065321e-01
1.083625364973426347e-01 4.435268507914180702e-02 1.473351749696884261e-01 6.999496034538271738e-01
1.400012802997781525e-01 2.969213981542438707e-02 1.678906137912170859e-01 6.624159660935804439e-01
1.121763809766954667e-01 4.416916862291053042e-02 2.135005708005170977e-01 6.301538795998770093e-01
1.521161580334181584e-01 5.516435573841147605e-02 1.794370921919410944e-01 6.132823940362291948e-01
1.479689903043373833e-01 3.114425136988051290e-02 1.972166542867705985e-01 6.236701040390113526e-01
1.545475174053428102e-01 2.625189663089954814e-02 1.719353420031961566e-01 6.472652439605615093e-01
9.231408526968795658e-02 2.069221769359761570e-02 1.669644882408768960e-01 7.200292087958376497e-01
1.052216182131581329e-01 2.697295895005123040e-02 1.701730900967552695e-01 6.976323327400353325e-01
9.071523587936138056e-02 6.616399360978320043e-02 1.851867041449811457e-01 6.579340663658742594e-01
1.108279215946842144e-01 3.608917518323800228e-02 1.815269991383487436e-01 6.715559040837290050e-01
9.851669968292645074e-02 2.725299377269234380e-02 1.861712740177644820e-01 6.880590325266167095e-01
1.643825142579431464e-01 4.096052889807619973e-02 1.481460059261064388e-01 6.465109509178742497e-01
1.475854033663700215e-01 2.385437047536548977e-02 1.758755792868263168e-01 6.526846468714382343e-01
1.068739575999572422e-01 3.921872715317378105e-02 1.807330904630330137e-01 6.731742247838360393e-01
1.125676253790273557e-01 4.198234891820561837e-02 1.726927747437992100e-01 6.727572509589677674e-01
1.220953310820547394e-01 4.972698556810303122e-02 1.953531987579691653e-01 6.328244845918731265e-01
1.217521551651648271e-01 4.072976555582360353e-02 1.369209315783193881e-01 7.005971477006921466e-01
8.754974274732224560e-02 4.561370314600025899e-02 2.118559630062005483e-01 6.549805911004767944e-01
1.276217630404460623e-01 3.707845296676774011e-02 1.830631265439055799e-01 6.522366574488805968e-01
9.662880154066984251e-02 7.232520946412630825e-02 2.131320353377083865e-01 6.179139536574953517e-01
1.131927483378926541e-01 4.749922238088843951e-02 1.662637255608208908e-01 6.730443037203979184e-01
1.033020340491825756e-01 6.194716314020463910e-02 1.650342032523605951e-01 6.697165995582522457e-01
1.272223352983421485e-01 4.181975048392590905e-02 1.505897981733518298e-01 6.803681160443800779e-01
1.077484375721053655e-01 4.109693144447681273e-02 1.341957284674069051e-01 7.169589025160109097e-01
1.233901655594166619e-01 3.145333659446928470e-02 1.811572413903182188e-01 6.639992564557958277e-01
1.153340025956458986e-01 2.866286980634278128e-02 2.201323515835437172e-01 6.358707760144677312e-01
1.196862102939199035e-01 4.277463003080904380e-02 1.605728663169192216e-01 6.769662933583517894e-01
1.169625422865037956e-01 5.230746694612965070e-02 1.616786534573022016e-01 6.690513373100642758e-01
1.136776949642773760e-01 5.476178495093373538e-02 1.628145169271422166e-01 6.687460031576466513e-01
1.227056602214716408e-01 3.157617442015257098e-02 1.854520921287816371e-01 6.602660732295941859e-01
1.214841853545325923e-01 4.453885507430625085e-02 1.720510473853794631e-01 6.619259121857816730e-01
1.197786115554765052e-01 4.380526434633611604e-02 1.466558902935983788e-01 6.897602338045889514e-01
1.157222433060991068e-01 4.692888953117948375e-02 1.546143688910157354e-01 6.827344982717056254e-01
1.184501975335485180e-01 5.120073070786164415e-02 1.683583037111049951e-01 6.619907680474849121e-01
1.222511212209347192e-01 3.959781915119881673e-02 1.756832029431588393e-01 6.624678566847075345e-01
1.175567288198352128e-01 5.291723412265777332e-02 2.116851672288050656e-01 6.178408698287017886e-01
1.445325091115818861e-01 5.449567448114635282e-02 1.820488446731725607e-01 6.189229717340991588e-01
1.006903886097678252e-01 3.846975073837646808e-02 1.823718815905297219e-01 6.784679790613260542e-01
1.204606871638807669e-01 5.552417173649971255e-02 1.965209025688995637e-01 6.274942385307199499e-01
1.193460312110497246e-01 2.985024919135246396e-02 1.416863942050070047e-01 7.091173253925908693e-01
1.156940334630624095e-01 5.646596736204684275e-02 1.591598347456970874e-01 6.686801644291936464e-01
1.111152916048678968e-01 4.296797030206166157e-02 1.537098846003951136e-01 6.922068534926751893e-01
1.226617122217155131e-01 4.190234169908768624e-02 1.605578614424753858e-01 6.748780846367212760e-01
1.147366236017886704e-01 4.985145643706811319e-02 2.059281930932330140e-01 6.294837268679102094e-01
9.055840006504088657e-02 8.709585438406544644e-02 1.227941868659555708e-01 6.995515586849382350e-01
1.292743949235368728e-01 4.483655995669618560e-02 1.466326969564389349e-01 6.792563481633280276e-01
1.250378394492928924e-01 6.999582657519214102e-02 1.856746125523979496e-01 6.192917214231169476e-01
1.121064703432530785e-01 5.519454744109722477e-02 1.706807402661458806e-01 6.620182419495037607e-01
1.278092737696802372e-01 4.705844131702851402e-02 1.641733862057814519e-01 6.609588987075099009e-01
1.228156327711254076e-01 3.567346586993720703e-02 1.812874153348263129e-01 6.602234860241109615e-01
1.243329598187029594e-01 3.965561957783469288e-02 1.808365002682493228e-01 6.551749203352131845e-01
1.660593474588503982e-01 4.670222642639022814e-02 1.424517525511381499e-01 6.447866735636210711e-01
1.305471439843835235e-01 3.457648585544611380e-02 1.655285697731767591e-01 6.693478003869935966e-01
1.364046801421991972e-01 5.072282239474366905e-02 1.658923834500038441e-01 6.469801140130534423e-01
9.192797010786805945e-02 4.502043520665308107e-02 1.741831720376168791e-01 6.888684226478619665e-01
1.263255454953450541e-01 2.859840098189382618e-02 1.678754131663946492e-01 6.772006403563662902e-01
1.237827537711390785e-01 3.637766938254261700e-02 1.944746518525903578e-01 6.453649249937278842e-01
1.084736560426118601e-01 5.493477958330496985e-02 1.747210422365410853e-01 6.618705221375421610e-01
1.001636939070354726e-01 6.103233848953518864e-02 1.260604514053321468e-01 7.127435161980971712e-01
1.078127251796140579e-01 5.069379011999575885e-02 1.744953468780901240e-01 6.669981378223001078e-01
1.184565895106280964e-01 4.564725181066788678e-02 1.586177773403663616e-01 6.772783813383375096e-01
1.150625585106604953e-01 3.972903485064622348e-02 1.635632795499141479e-01 6.816451270887791125e-01
1.195064330070257780e-01 7.225318660328329534e-02 1.514006792097316034e-01 6.568397011799593788e-01
1.341928976981047184e-01 4.011321377122396836e-02 1.560613874235732557e-01 6.696325011070981548e-01
1.203721354787466308e-01 3.867719477106724979e-02 1.767263088222365552e-01 6.642243609279494532e-01
1.410760962880676095e-01 3.609960788084017047e-02 1.539659698149937750e-01 6.688583260160984034e-01
1.139222998511146140e-01 2.789487133258000684e-02 1.934251751671558772e-01 6.647576536491494048e-01
1.490892224924413589e-01 2.583645175241955014e-02 1.789814713769788956e-01 6.460928543781602196e-01
1.261260397968123337e-01 4.257307570766195176e-02 2.176412874879094517e-01 6.136595970076161866e-01
1.095410329857432891e-01 3.466110837110148585e-02 1.877287846407896810e-01 6.680690740023654817e-01
1.309998489991582582e-01 3.167373965771813626e-02 1.615145037406996442e-01 6.758119076024239336e-01
1.157495755523738207e-01 6.799733509999598968e-02 1.897633964424336461e-01 6.264896929051965158e-01
1.149929589374319022e-01 4.266886132844013163e-02 1.990250096140241676e-01 6.433131701201039165e-01
1.093732411432177254e-01 4.418050654362722790e-02 1.533565149644930958e-01 6.930897373486619717e-01
1.123440813268563737e-01 4.183545854158533112e-02 1.570285077185905320e-01 6.887919524129676452e-01
1.330974126808052438e-01 4.916501586367823945e-02 1.835924356812166369e-01 6.341451357742998729e-01
1.027635067226233545e-01 4.793468614135177469e-02 1.807836127328683040e-01 6.685181944031565182e-01
1.261658782430377379e-01 5.244036191484892362e-02 1.737598054161229033e-01 6.476339544259904768e-01
