2.355075808773884893e-01 1.686459367927931746e-02 6.492805419298230962e-02 6.826997712503499738e-01
2.327967862634754137e-01 3.577976092358474414e-02 1.315689271215834677e-01 5.998545256913564439e-01
2.006802116267277225e-01 5.539635042019703387e-02 1.260469185549709104e-01 6.178765193981041737e-01
2.330969284726190083e-01 4.625723286060184208e-02 1.127043405893292105e-01 6.079414980774499044e-01
2.225159215047365080e-01 5.789932393079286199e-02 6.239231342175983325e-02 6.571924411427106927e-01
2.182174140293500486e-01 9.098127342564607534e-02 1.072857672037540455e-01 5.835155453412499416e-01
2.463777996471979703e-01 5.732138514205502994e-02 1.009016673518434298e-01 5.953991478589036879e-01
2.438681993327461439e-01 3.222959512450199876e-02 8.602472365258223563e-02 6.378774818901696841e-01
2.550108125140307380e-01 1.645278287319874161e-02 1.157455974331155768e-01 6.127908071796548395e-01
2.531866022414657746e-01 4.738403735113484727e-02 7.605262748281566010e-02 6.233767329245836208e-01
2.568205233253780806e-01 6.638529338314982930e-02 7.153103277263124504e-02 6.052631505188410532e-01
2.425791377475792765e-01 5.193239818460292784e-02 8.454458921928229009e-02 6.209438748485354154e-01
2.592015435473357110e-01 7.855730518287196151e-02 8.461533463028945989e-02 5.776258166395029647e-01
2.293294122941261226e-01 6.223738205305479748e-02 8.715188572731791261e-02 6.212813199255012853e-01
2.706402564339267514e-01 4.257082254549660050e-02 1.106388257465954622e-01 5.761500952739810888e-01
2.204880449419958643e-01 5.944108395584837140e-02 1.221844542280421803e-01 5.978864168741135909e-01
2.903430492980737521e-01 3.823254583983845545e-02 8.047114747035792603e-02 5.909532573917299914e-01
2.476885434039192702e-01 6.011048259227450008e-02 1.040265113077282200e-01 5.881744626960782041e-01
2.559143556504448469e-01 5.793640014355848356e-02 7.636585360619925489e-02 6.097833905997973591e-01
2.151780329824823923e-01 2.605277484389938170e-02 1.127360556266204794e-01 6.460331365469976772e-01
2.890428385912353626e-01 4.048044896181000885e-02 7.381123988116511381e-02 5.966654725657895009e-01
2.114729734155427199e-01 5.609943996071170558e-02 6.148081731745035083e-02 6.709467693062952653e-01
2.632304502126795454e-01 6.983417407027445178e-02 1.294358548657663366e-01 5.374995208512796108e-01
2.587253655459316737e-01 7.448659964955753332e-02 5.838907242394584390e-02 6.083989623805650115e-01
3.115565510378324743e-01 6.233706718426779148e-02 7.837873548958285141e-02 5.477276462883169383e-01
2.155809850711979392e-01 5.177382847930799697e-02 6.368450270695319437e-02 6.689606837425409180e-01
2.764905813138218149e-01 5.895884573373359749e-02 6.817379498585340869e-02 5.963767779665910540e-01
2.803746963044789764e-01 3.776663667286520032e-02 9.534598472664591873e-02 5.865126822960098352e-01
2.600728475186752653e-01 5.384797199876632801e-02 9.646126000620182384e-02 5.896179204763566384e-01
2.897608745528492680e-01 2.833321129137612859e-02 1.123084420570135411e-01 5.695974720987609929e-01
2.141119309857620057e-01 4.742739865174031011e-02 9.250244735684645669e-02 6.459582230056510888e-01
2.190049087561461993e-01 4.954143367112351370e-02 4.636907476924819610e-02 6.850845828034820562e-01
2.613159210999040916e-01 3.240445835010831444e-02 8.861759336300609191e-02 6.176620271869813772e-01
2.434329578721938780e-01 2.363538736698807263e-02 6.223847028753093369e-02 6.706931844732871850e-01
2.847188009539262099e-01 2.656119933151768545e-02 5.788301529512912547e-02 6.308369844194270382e-01
2.776462388634481360e-01 4.475637728546028732e-02 1.151116680947256582e-01 5.624857157563659671e-01
2.176679673123891878e-01 7.494443693718409738e-02 8.446487206149333460e-02 6.229227236889335328e-01
2.541409500527680443e-01 3.721011501891284545e-02 6.718167516517416227e-02 6.414672597631450035e-01
2.870763051212449346e-01 3.309369020605727740e-02 6.495173948489441074e-02 6.148782651878035299e-01
2.155730339143101526e-01 6.757750059580504287e-02 1.011627970910103091e-01 6.156866683988745370e-01
2.435665688062239598e-01 3.810074269821496495e-02 1.032893909785678882e-01 6.150432975169931593e-01
2.299667065200896587e-01 7.117478103255922561e-02 1.022400065589879892e-01 5.966185058883630710e-01
2.308914066870345061e-01 5.959547378280682234e-02 1.183841756453356681e-01 5.911289438848229549e-01
2.920267531463737742e-01 2.979711992614612198e-02 9.926595687872204199e-02 5.789101700487582214e-01
2.838637491493651854e-01 4.378605815843068100e-02 1.082235384356891456e-01 5.641266542565150921e-01
2.223981164808266908e-01 6.218531351077825203e-02 6.576842551216742494e-02 6.496481444962276530e-01
2.461618142307477330e-01 5.827635234508422163e-02 1.079261824246605661e-01 5.876356509995074306e-01
2.757926456977748408e-01 3.321446995144130415e-02 6.928883627273292600e-02 6.217040480780507972e-01
2.440530588180278293e-01 5.908312207101071994e-02 9.380470132121178362e-02 6.030591177897496324e-01
2.424880819261324705e-01 4.763755742430540036e-02 9.816700026247010546e-02 6.117073603870919474e-01
2.296156503264373261e-01 3.971367017932497800e-02 8.241710957546662109e-02 6.482535699187710332e-01
2.347992937139457281e-01 4.698728409442214093e-02 8.657986085446538194e-02 6.316335613371666380e-01
2.507072492156969812e-01 4.926125926646804376e-02 1.058177072450178502e-01 5.942137842728171249e-01
2.837307672141782255e-01 6.694503038209489998e-02 1.008163186735057948e-01 5.485078837302210797e-01
2.406404860327945316e-01 5.928077254318500633e-02 9.634217488865004508e-02 6.037365665353704447e-01
3.064944720035545078e-01 3.766236370363376662e-02 1.133038253184360938e-01 5.425393389743756734e-01
2.797346457448321999e-01 4.371095654636611427e-02 9.631302125251152424e-02 5.802413764562901477e-01
2.645256715818441462e-01 3.170571243716052007e-02 4.545998018924540113e-02 6.583086357917499187e-01
2.552081895700428760e-01 3.147536788068822089e-02 7.612807274796261348e-02 6.371883698013063313e-01
2.611584493988476363e-01 3.491570633988731742e-02 1.209197475091730728e-01 5.830060967520921400e-01
2.650700502716170637e-01 4.651344085120024535e-02 6.461029328936301885e-02 6.238062155878196791e-01
2.639874463264756388e-01 3.464249494412365016e-02 1.555867306393805272e-01 5.457833280900202810e-01
2.879284637322059304e-01 4.185829640046380418e-02 5.864572220585458767e-02 6.115675176614756570e-01
2.244177901002712694e-01 4.323963222014494401e-02 8.367570314143615851e-02 6.486668745381476420e-01
2.013914686969593415e-01 4.278960003333738549e-02 8.914256752433490083e-02 6.666763637453683167e-01
2.681864762003196012e-01 5.143140389442078797e-02 6.828599038608053340e-02 6.120961295191789109e-01
3.112451810888564041e-01 3.208147633740331128e-02 4.516165409581442830e-02 6.115116884779258077e-01
2.627011605042912090e-01 2.673508375330954645e-02 7.021181626661621156e-02 6.403519394757831718e-01
2.626732476210325018e-01 5.088856592699951553e-02 6.601985250114617010e-02 6.204183339508217987e-01
2.585964804855733767e-01 5.783606144391214426e-02 7.499995580486479296e-02 6.085675022656495958e-01
2.226771042890413888e-01 4.988840467701149278e-02 1.130429548709625809e-01 6.143915361629845862e-01
2.714067622120334144e-01 3.130371507874380593e-02 8.919808967098021013e-02 6.080914330382426458e-01
2.907323662537295572e-01 5.193969945645814101e-02 8.532038383874077092e-02 5.720075504510715447e-01
2.099423103064143314e-01 5.432874216053167754e-02 9.690821965208401556e-02 6.388207278809699963e-01
2.687510815969700873e-01 3.046381717406407980e-02 7.218433741587317043e-02 6.286007638130926001e-01
2.779453917873180857e-01 4.583567593668558260e-02 6.880298489203721946e-02 6.074159473839590984e-01
2.422080222011890049e-01 3.578898303326303459e-02 6.928227955437003815e-02 6.527207152111779154e-01
2.541129883895587582e-01 5.729238603280279590e-02 6.681182953967042260e-02 6.217827960379678220e-01
3.045058944709872484e-01 3.787291368235880251e-02 1.096725085776716624e-01 5.479486832689823839e-01
2.224212296552447732e-01 8.831532072155152957e-02 6.233964018876329838e-02 6.269238094344405932e-01
3.009201394913262329e-01 2.598878767697356332e-02 4.785980764206654303e-02 6.252312651896334561e-01
2.532508797004902612e-01 4.381821508618476135e-02 1.041890084789101889e-01 5.987418967344148024e-01
2.965098538620843938e-01 4.694842391279521743e-02 5.200917856282556706e-02 6.045325436622948079e-01
2.441897728976836213e-01 2.698292700675503780e-02 7.621853028903174954e-02 6.526087698065295983e-01
2.247085852745136225e-01 4.217799444916468105e-02 6.493141030749090270e-02 6.681820099688309256e-01
2.780259637767656389e-01 3.563424081038541608e-02 9.913219352921689986e-02 5.872076018836321909e-01
3.296830148856034759e-01 6.260093681924841502e-02 1.030197549597244994e-01 5.046962933354236513e-01
2.719652464453657936e-01 3.535392263404793511e-02 5.477096396935223627e-02 6.379098669512339725e-01
2.932228162797666515e-01 7.019007535762392114e-02 8.627727981682056790e-02 5.503098285457889149e-01
2.946306655884896042e-01 2.913053750497317240e-02 5.420726942717077335e-02 6.220315274793664084e-01
2.622879407308590372e-01 5.628591830888553249e-02 6.685727851851107351e-02 6.145688624417443569e-01
2.455550102735025164e-01 3.412993698902740125e-02 7.547539015149659636e-02 6.448396625859734721e-01
2.908576160522561294e-01 3.350482816898018440e-02 5.854832092290009754e-02 6.170892348558636442e-01
2.574057324189732432e-01 9.013882331980928309e-02 6.424142877628109816e-02 5.882140154849363478e-01
2.388419318799140378e-01 5.309852259019366694e-02 7.882506654654868050e-02 6.292344789833435037e-01
2.003632762032379888e-01 6.119143152132190677e-02 8.741901066245331975e-02 6.510262816129868124e-01
2.398120774500275554e-01 6.615771656817971691e-02 8.887168025669288374e-02 6.051585257250997607e-01
2.130252594453243831e-01 6.498020075463725731e-02 8.530957696178709249e-02 6.366849628382512671e-01
2.736393963189739376e-01 4.806853771641646234e-02 1.017298972047624983e-01 5.765621687598470047e-01
2.130058635427960201e-01 6.869188177657765959e-02 8.882771099373638901e-02 6.294745436868897093e-01
2.454026443043633432e-01 3.114395680289489682e-02 7.530978545614108732e-02 6.481436134366007629e-01
2.570510289481710009e-01 5.619748582953295463e-02 4.834862928643576113e-02 6.384028559358603250e-01
2.324198350468070773e-01 4.108373824763851545e-02 7.167336857949130335e-02 6.548230581260631178e-01
2.631283089893184934e-01 5.385187695428951538e-02 6.311194340099211819e-02 6.199078706553998730e-01
2.511988041395212257e-01 3.525245206993772584e-02 1.068196298202397226e-01 6.067291139703013814e-01
2.506661568713922095e-01 5.039910007624395089e-02 7.988002553099388114e-02 6.190547175213699793e-01
2.602144240406097930e-01 4.742595395270210457e-02 8.784992022544940715e-02 6.045097017812386397e-01
2.109460970199474317e-01 4.849969541897613395e-02 8.194423621572288763e-02 6.586099713453535953e-01
2.355471439207000584e-01 4.301870523062571727e-02 7.389871350605738132e-02 6.475354373426169818e-01
2.640186041985252974e-01 8.265360674782866457e-02 7.537781832801074278e-02 5.779499707256352536e-01
2.962535917951910625e-01 3.904404214822548153e-02 7.981333866629149176e-02 5.848890273902920267e-01
2.644349958049232452e-01 5.389130306805391818e-02 8.429737414091169334e-02 5.973763269861109837e-01
2.569589756346358222e-01 6.016562239966694731e-02 8.977658880546361686e-02 5.930988131602334956e-01
2.786121067709693699e-01 4.541421703634183904e-02 7.454026311128889026e-02 6.014334130813998591e-01
2.641604816746705997e-01 7.799251060419445936e-02 7.070345664912583428e-02 5.871435510720089956e-01
2.566395261763807500e-01 5.330452086568954889e-02 5.806470945880158607e-02 6.319912434991280525e-01
2.554133410917218683e-01 2.908787585614715926e-02 1.065693949845767791e-01 6.089293880675542558e-01
2.109141778529403377e-01 3.474786634963013959e-02 8.103152308949765348e-02 6.733064327079318900e-01
2.574831948747133281e-01 5.091724567321952166e-02 1.006953664376028929e-01 5.909041930144641741e-01
2.470924520169432981e-01 3.221420750309992448e-02 9.321149198424298621e-02 6.274818484957138676e-01
2.691972154436791387e-01 2.392334154174942037e-02 6.194072919122479981e-02 6.449387138233466654e-01
3.036289371576622598e-01 3.946064328863933129e-02 5.632385903807706623e-02 6.005865605156213149e-01
2.866255242753646959e-01 3.697459725446985979e-02 1.076448894095277387e-01 5.687549890606375946e-01
2.419861058031761436e-01 5.352078116627988214e-02 1.068490779800985585e-01 5.976440350504452770e-01
2.138149028502716043e-01 2.794645502107635446e-02 1.080580972796656852e-01 6.501805448489863526e-01
2.621333995771700787e-01 2.765652249658622289e-02 6.689531581952488926e-02 6.433147621067188959e-01
2.432962392483581371e-01 5.714116367886951792e-02 1.045171851606708641e-01 5.950454119121015850e-01
2.885531950030990611e-01 3.767438416445296340e-02 1.017171323968861785e-01 5.720552884355617485e-01
2.681552651538638421e-01 6.981663719921282762e-02 7.333498408108564404e-02 5.886931135658376446e-01
2.371910721770901231e-01 4.982835518583618450e-02 7.754170155599235392e-02 6.354388710810814356e-01
2.712361162452840979e-01 9.881096291169653989e-02 7.423342101645846736e-02 5.557194998265607699e-01
2.759879852287684399e-01 4.347993793028837040e-02 6.873109865346854752e-02 6.118009781874745867e-01
2.304538160698547389e-01 3.329832527448957358e-02 6.698672862539511996e-02 6.692611300302606647e-01
2.634526000094590814e-01 7.916150863173211649e-02 8.338591712439021031e-02 5.739999742344185085e-01
1.769841529745380670e-01 6.000096426529705207e-02 5.931813253162648153e-02 7.036967502285386145e-01
2.279058608193797741e-01 5.215238832440920874e-02 6.643317660955762316e-02 6.535085742466533176e-01
2.769679083400704012e-01 6.403640843057958887e-02 1.022437553510705671e-01 5.567519278782793180e-01
2.318557761121023686e-01 4.664346548509824136e-02 1.096207142534756929e-01 6.118800441493236209e-01
3.012300959294201830e-01 3.547224753735794822e-02 7.290186045298900630e-02 5.903957960802329596e-01
2.765293557395963608e-01 4.077827350042730753e-02 1.039732626452738867e-01 5.787191081147023963e-01
2.872640053326818155e-01 4.913687653769965857e-02 6.576096836320895200e-02 5.978381497664096988e-01
2.522877767452912923e-01 4.946279938848258811e-02 7.219299970750585327e-02 6.260564241587203149e-01
2.417387440060041193e-01 3.701356794794163213e-02 1.279445843067266997e-01 5.933031037393275975e-01
2.673957900437510249e-01 2.805044064773716192e-02 7.348445837638810374e-02 6.310693109321237060e-01
2.574022718070002602e-01 3.086587993614508044e-02 5.939244802358151915e-02 6.523394002332730812e-01
2.403545637145573510e-01 4.060556069816280422e-02 1.327177358691342679e-01 5.863221397181456185e-01
2.568247636822690860e-01 4.699527437395807639e-02 8.541081721796077442e-02 6.107691447258122297e-01
2.534588869611430484e-01 8.494460771531116283e-02 5.406288691490795939e-02 6.075336184086379543e-01
2.585925678821273110e-01 2.745972369589032985e-02 8.387713626099903286e-02 6.300705721609833887e-01
2.359158967322380618e-01 4.336630881630958168e-02 8.833731505014258412e-02 6.323804794013098141e-01
2.897411353944584489e-01 5.583194793380406862e-02 9.766532428173517466e-02 5.567615923900024466e-01
2.850077252829044672e-01 4.335368279359602672e-02 1.020993275716445964e-01 5.695392643518547571e-01
2.240428945730298105e-01 3.428860548461283575e-02 8.432128860201304477e-02 6.573472113403442396e-01
2.773316674793949166e-01 3.217254708820120601e-02 7.919116676463401616e-02 6.113046186677697502e-01
2.835569134653708745e-01 2.238859892207450963e-02 1.111031969283620552e-01 5.829512906841927133e-01
2.015341885241320186e-01 5.810839586005221019e-02 1.019886409727498722e-01 6.383687746430659615e-01
2.820836326819425866e-01 5.881691496237108352e-02 7.156145043534702099e-02 5.875380019203392257e-01
2.415613884862039262e-01 6.319762561562053405e-02 1.194840307561641779e-01 5.757569551420113063e-01
2.421501973899172488e-01 4.867641268877174326e-02 8.465865991901398713e-02 6.245147300022969583e-01
2.516897677731428917e-01 5.476145285446759603e-02 7.833793958217168119e-02 6.152108397902178449e-01
2.664771229064596958e-01 3.674579461440588557e-02 8.295014613270446091e-02 6.138269363464299300e-01
2.638373936150273380e-01 3.967083985290587728e-02 1.037082283437221197e-01 5.927835381883446164e-01
2.737528712457850677e-01 4.795777843298700688e-02 9.131074423665279383e-02 5.869786060845751940e-01
1.918073969734010176e-01 4.718537444285995225e-02 1.181836023938465097e-01 6.428236261898926385e-01
2.166628752079872988e-01 6.565585097899673261e-02 6.956997419939721372e-02 6.481112996136187965e-01
3.106166289843782513e-01 2.966399033855533773e-02 1.064381313838551751e-01 5.532812492932112081e-01
2.385656887591207920e-01 3.991990221213723850e-02 6.425822691169166823e-02 6.572561821170503915e-01
2.554776258308468218e-01 6.126257107763055654e-02 6.649838402040431085e-02 6.167614190711182554e-01
2.870297303385498933e-01 5.737460825603822590e-02 4.480649520439797945e-02 6.107891662010139777e-01
2.652276644838618136e-01 5.173582013453272704e-02 8.921673668501498011e-02 5.938197786965904168e-01
2.570946125068061527e-01 4.918426838363847836e-02 9.056049693454616689e-02 6.031606221750092089e-01
1.935034895551134837e-01 5.563148009879217287e-02 9.062079728520749944e-02 6.602442330608868648e-01
2.940231148980965159e-01 2.405541460089279798e-02 1.107533226487457390e-01 5.711681478522647737e-01
2.639410576203167214e-01 2.618112131348942009e-02 7.982125692077417234e-02 6.300565641454197729e-01
2.492127161406214320e-01 6.801922596860443537e-02 8.909371863900727995e-02 5.936743392517668250e-01
2.433568576150413054e-01 7.316643880926616827e-02 1.147636562681574879e-01 5.687130473075351356e-01
2.216257842827590863e-01 4.473674467467787103e-02 5.815171117759600911e-02 6.754857598649670614e-01
2.186008835136472872e-01 6.188944871017233035e-02 1.350516011352905776e-01 5.844580666408897285e-01
2.520233997988862717e-01 4.259114866079669742e-02 8.645800149251234301e-02 6.189274500478045837e-01
2.666829271421554126e-01 3.817883858391793450e-02 1.108720618731453555e-01 5.842661724007813806e-01
2.484972298524330270e-01 3.080776781463949801e-02 1.023923876290449564e-01 6.183026147038824805e-01
2.528919529457285820e-01 3.897243799854162999e-02 1.685559037074634003e-01 5.395797053482663808e-01
2.660017407921709820e-01 5.159568214334848968e-02 7.450117981277029622e-02 6.079013972517102182e-01
2.190877256721020239e-01 4.106499650579861771e-02 8.313682825959559097e-02 6.567104495625037952e-01
2.663993219557292957e-01 5.032134972847109727e-02 7.076357936339230936e-02 6.125157489524073462e-01
2.578667397940369033e-01 3.361404664639071338e-02 1.105621318594043195e-01 5.979570817001681471e-01
2.884887365583531649e-01 4.736493529044126516e-02 6.998732219011982725e-02 5.941590059610856178e-01
2.500976904257667943e-01 3.795453202410087323e-02 7.968149458656691164e-02 6.322662829635654624e-01
2.326750343856504033e-01 5.562268428008378118e-02 7.594240436247447212e-02 6.357598769717913711e-01
2.940567857092155624e-01 6.166267990692862744e-02 7.853080980963654534e-02 5.657497245742192371e-01
2.470002171123737156e-01 3.201960273974845117e-02 8.387812503201352854e-02 6.371020551158641521e-01
2.049649125800177552e-01 3.726340376730380433e-02 8.134856722583536093e-02 6.764231164268431629e-01
2.664985457235114485e-01 5.709396943066044616e-02 5.407123097295213343e-02 6.223362538728759441e-01
3.003120328708832609e-01 4.689253737291858293e-02 8.474643632454989528e-02 5.680489934316482747e-01
2.723654544662391652e-01 5.938375882723994498e-02 9.398038764831780079e-02 5.742703990582030960e-01
2.472461445261813218e-01 4.173595592011198480e-02 8.711258935162406736e-02 6.239053102020827302e-01
2.800954543035541477e-01 3.888568615926409067e-02 7.606036208614203042e-02 6.049584974510396895e-01
2.429313695359508474e-01 6.309719678684945487e-02 1.021396827641449512e-01 5.918317509130548437e-01
2.998142259439217638e-01 5.826427347266550927e-02 8.849336539465907370e-02 5.534281351887536671e-01
2.718490008120378887e-01 5.954644507312312901e-02 1.041139475701574474e-01 5.644906065446815280e-01
2.354719019144038972e-01 4.015876269811220756e-02 8.880473739818997569e-02 6.355645979892939890e-01
2.474079266910705621e-01 3.059068488700055974e-02 1.008707111379306548e-01 6.211306772839984003e-01
2.895753159354244044e-01 1.983426481408511952e-02 9.497901380802337146e-02 5.956114054424670456e-01
2.380373200296247715e-01 5.181212305688260439e-02 1.096807029866092437e-01 6.004698539268833457e-01
2.662579620099956856e-01 2.997192044955298770e-02 7.811603505007075343e-02 6.256540824903804587e-01
2.810315692963472056e-01 4.234690074018001432e-02 8.516733587096377012e-02 5.914541940925088781e-01
2.381805505063694650e-01 3.638600129275721545e-02 8.173942753972585074e-02 6.436940206611474480e-01
2.645670844944002509e-01 4.198764364001154881e-02 9.411828438237294925e-02 5.993269874832152233e-01
2.426369198386507664e-01 7.462235828399955972e-02 9.831584075478258522e-02 5.844248811225671858e-01
1.993703848814123436e-01 4.578949501033952041e-02 7.306914533245197074e-02 6.817709747757961791e-01
2.708007088333997392e-01 4.065799017756943634e-02 7.289661675777814320e-02 6.156446842312526258e-01
2.701619840589964960e-01 5.316153585518085256e-02 8.310931428723283831e-02 5.935671657985898131e-01
3.071862953496513060e-01 3.193214697929725593e-02 9.295600588088553939e-02 5.679255517901660166e-01
2.322696439215526376e-01 6.604133183665279738e-02 8.450126761915090212e-02 6.171877566226436906e-01
2.555074388121843509e-01 4.844782897118538045e-02 8.526020081733674816e-02 6.107845313992933400e-01
2.694273264154182779e-01 5.850608261135122057e-02 1.147150397470703687e-01 5.573515512261600913e-01
2.205621411732875403e-01 5.399564455902973459e-02 8.340632024857126681e-02 6.420358940191115416e-01
2.728369715523586980e-01 2.858573846778463684e-02 8.407718242682983567e-02 6.145001075530267531e-01
2.545272528510737486e-01 5.738962280189694593e-02 7.843586068907179576e-02 6.096472636579576276e-01
1.930896352491143220e-01 5.774298911719114719e-02 1.456387109134700542e-01 6.035286647202245947e-01
2.831352129623942449e-01 2.227714280199774577e-02 7.234976161509894255e-02 6.222378826205090530e-01
2.530136339607355622e-01 3.540638351029589542e-02 7.741766809610865774e-02 6.341623144328599748e-01
2.725249171056326469e-01 2.344498211080370959e-02 7.101137803379288516e-02 6.330187227497708902e-01
2.604498888616876284e-01 2.810329309903218664e-02 8.449622809621910868e-02 6.269505899430609652e-01
2.040600661941963656e-01 3.713795332192162957e-02 1.125561041875533380e-01 6.462458762963287917e-01
2.803260865216357645e-01 5.704086114512288419e-02 1.267096975342281995e-01 5.359233547990132074e-01
2.723487188030619954e-01 8.834385755632873094e-02 9.533588659663122522e-02 5.439715370439780484e-01
2.471148052972232112e-01 6.036440624601243504e-02 7.647839261676826761e-02 6.160423958399958710e-01
2.741436674369334137e-01 3.843583781431313823e-02 9.554422849572040410e-02 5.918762662530330232e-01
2.194863063358031552e-01 4.535057386275418573e-02 8.526548067187009194e-02 6.498976391295725463e-01
2.647805394175184457e-01 3.340306234397009272e-02 1.130738574331504320e-01 5.887425408053610365e-01
2.487644362110453533e-01 7.678886092156683718e-02 1.002134614100654852e-01 5.742332414573223520e-01
2.649114724582649627e-01 3.794004137130131682e-02 9.849614057072876572e-02 5.986523455997049270e-01
2.678160640756440114e-01 6.063424344641171748e-02 6.521611080717341913e-02 6.063335816707707826e-01
2.553220461537932806e-01 2.790011193164856212e-02 6.914208802987047153e-02 6.476357538846876372e-01
2.489251814709552424e-01 4.636622074735451821e-02 6.454517375064472429e-02 6.401634240310455359e-01
2.374041446709331260e-01 5.708582713441049533e-02 9.076645268772043362e-02 6.147435755069359242e-01
2.577506230611419369e-01 5.935045654077395622e-02 8.186599706451294645e-02 6.010329233335712784e-01
2.621116244556459529e-01 6.331737993226511929e-02 6.748507361730771148e-02 6.070859219947812857e-01
2.776251569947436049e-01 4.742532009904655566e-02 5.090448248547480015e-02 6.240450404207350532e-01
2.597128548259445835e-01 3.028831224607422129e-02 8.322481817623163247e-02 6.267740147517495419e-01
2.702853453598668687e-01 4.784474656010719029e-02 8.732152674787455049e-02 5.945483813321513766e-01
2.451357291063515631e-01 3.736926965039683718e-02 7.204463541684019701e-02 6.454503658264113541e-01
2.554188266681969299e-01 4.829132502445783459e-02 7.707251254114176608e-02 6.192173357662036359e-01
2.660345181181485441e-01 4.031676180478577232e-02 6.519055938949443185e-02 6.284581606875713211e-01
2.528637384817892242e-01 4.083986285257074772e-02 9.802713077832526933e-02 6.082692678873147241e-01
2.051914279354458415e-01 5.034632233425401920e-02 7.590552042910463093e-02 6.685567293011954737e-01
2.722654307517107242e-01 6.145452862266781446e-02 7.540079053968577749e-02 5.908792500859357810e-01
2.424318287919976223e-01 4.795317788193429603e-02 9.883949892361780509e-02 6.107754944024501587e-01
2.512232964292185344e-01 4.663584141483148593e-02 9.365768757259801403e-02 6.084831745833517713e-01
2.688555382029763630e-01 5.281090680783259717e-02 7.960997867487348834e-02 5.987235763143174960e-01
2.156342682326546079e-01 2.278499133381779035e-02 1.134379310804355528e-01 6.481428093530920975e-01
2.548659893409174204e-01 6.570356331189407262e-02 4.191036980496513215e-02 6.375200775422232846e-01
2.486982540956309828e-01 5.279062791758473705e-02 9.996415676337144784e-02 5.985469612234128878e-01
2.649569647793343918e-01 3.038714515184806272e-02 9.922149869706295422e-02 6.054343913717545878e-01
2.303878106683024118e-01 3.797907143541447844e-02 1.318072908850135005e-01 5.998258270112696300e-01
2.545627896477394292e-01 3.185050204136168073e-02 1.223121675200984221e-01 5.912745407908005513e-01
2.020335327630959632e-01 6.100670359097863649e-02 5.933898207139373659e-02 6.776207815745317609e-01
2.130084820484442476e-01 6.371668521454962320e-02 1.063758348060615949e-01 6.168989979309444927e-01
2.566778549914424112e-01 7.954830770318609134e-02 1.112862114993674600e-01 5.524876258060040790e-01
2.466106937991298098e-01 2.853812557004109171e-02 6.288583736482405984e-02 6.619653432660050907e-01
2.550059889686459580e-01 4.095851363336499434e-02 6.339077698837172758e-02 6.406447204096173964e-01
2.123196342080046761e-01 4.843113852949649384e-02 9.184509232354075292e-02 6.474041349389580979e-01
2.641316137939618836e-01 7.788817104326886676e-02 8.149873513359749688e-02 5.764814800291717667e-01
2.345778853096733840e-01 6.953992242511090882e-02 9.232249080365845240e-02 6.035597014615572409e-01
3.377070936983565530e-01 4.331564007616704043e-02 9.381803213312149559e-02 5.251592340923549873e-01
2.937211787791407236e-01 5.266018466162492029e-02 3.668687135603600213e-02 6.169317652031982568e-01
2.890353943620473931e-01 2.849485408566277203e-02 8.283592067698027084e-02 5.996338308753094148e-01
2.426437762673858134e-01 3.555364624576851790e-02 9.783253815818004906e-02 6.239700393286656821e-01
2.345625474578020841e-01 4.789671264141340257e-02 9.045592041662270377e-02 6.270848194841618373e-01
2.595752537291289297e-01 5.347309167608513963e-02 6.330824490193479037e-02 6.236434096928511472e-01
2.746690881706830845e-01 4.081465806262836449e-02 9.454986160216531654e-02 5.899663921645230680e-01
2.041489852602294541e-01 5.511174218087050436e-02 8.950655910807153726e-02 6.512327134508285598e-01
2.744555443047170251e-01 4.582432755263020352e-02 8.279159255938942086e-02 5.969285355832631979e-01
2.569767194691378598e-01 3.080641473449243634e-02 9.435354516833462102e-02 6.178633206280350620e-01
2.472448983954636526e-01 5.494020401413819699e-02 7.450600773551142864e-02 6.233088898548867496e-01
2.016935225062209125e-01 3.803278465756246979e-02 7.040971785951380402e-02 6.898639749767028206e-01
2.603156480340526602e-01 6.432931718441661784e-02 6.911461306298952167e-02 6.062404217185412003e-01
2.684763623760814677e-01 5.453012799291807877e-02 6.133063266784535839e-02 6.156628769631552478e-01
2.854805992020814087e-01 4.924009090791717225e-02 6.372411140037827215e-02 6.015551984896232440e-01
2.613414276025352034e-01 5.830365542949946661e-02 4.380738152131020968e-02 6.365475354466552105e-01
2.791838760385512708e-01 2.627753003417090949e-02 6.806148127946942683e-02 6.264771126478084762e-01
2.363619869518988059e-01 4.943777437625073573e-02 8.654219777281857429e-02 6.276580408990319881e-01
1.953557453050125126e-01 4.772751532673980696e-02 8.475740898730248218e-02 6.721593303809451081e-01
2.982315097098898748e-01 5.584796957587523369e-02 8.547028676007667469e-02 5.604502339541581613e-01
2.151623607026681984e-01 5.084773942290791993e-02 7.370694185069276427e-02 6.602829580237311591e-01
2.812184563519001257e-01 4.047722304228783263e-02 7.988799831878079516e-02 5.984163222870311216e-01
2.494569860151582830e-01 4.784678264158981342e-02 9.949736087208996271e-02 6.031988704711618299e-01
2.472578892293516295e-01 3.938850932666988075e-02 9.792443953459868677e-02 6.154291619093799071e-01
2.382563462422982448e-01 3.236292275954916198e-02 7.965412295397700237e-02 6.497266080441755909e-01
3.215774003843102080e-01 4.356463651515170288e-02 8.228536212439982456e-02 5.525726009761381397e-01
2.784929232854980730e-01 4.947896335681369745e-02 5.588606677083281238e-02 6.161420465868553409e-01
2.697188536535728431e-01 5.566915350721197281e-02 6.086579071056729545e-02 6.137462021286478331e-01
2.331902820024971401e-01 7.003175559004454209e-02 6.247512578593102106e-02 6.343028366215273106e-01
2.405786591882042580e-01 3.305129020276293544e-02 6.568904715112512671e-02 6.606810034579075896e-01
2.315238975324774295e-01 2.729817928473843996e-02 8.737745048828333971e-02 6.538004726945008116e-01
2.323928732119378560e-01 4.912190647353306683e-02 7.491662054240105784e-02 6.435685997721278806e-01
2.878112128658437685e-01 2.574128559119992152e-02 7.118425865036095979e-02 6.152632428925952635e-01
2.576430131192671835e-01 2.966829988269491236e-02 5.593196155524587931e-02 6.567567254427919554e-01
2.602873219258382553e-01 5.763452797943616202e-02 7.670716696267987356e-02 6.053709831320456258e-01
2.824236038946209559e-01 3.961281449863512244e-02 9.724884777333882291e-02 5.807147338334051057e-01
2.607192213120186897e-01 6.038632141837332185e-02 5.750822891082690153e-02 6.213862283587809898e-01
2.368847066027139903e-01 5.156858953933556727e-02 9.841695740533887293e-02 6.131297464526114238e-01
3.129991069419171268e-01 2.908538442309423211e-02 6.390133002087468317e-02 5.940141786141140967e-01
2.329470044965134268e-01 5.998744292752521134e-02 9.043522994740262055e-02 6.166303226285587691e-01
2.499665554362033859e-01 2.992565232283982482e-02 8.745560848289624101e-02 6.326521837580605379e-01
2.785065830329156444e-01 5.307906220906466466e-02 7.218405860207686986e-02 5.962302961559429182e-01
2.187092245071025065e-01 3.026861066840629694e-02 8.658288066603452016e-02 6.644392841584567666e-01
2.428080375409805147e-01 3.631764876539968212e-02 1.006764768030446316e-01 6.201978368905751715e-01
2.277883903605338600e-01 4.765058696209679284e-02 7.867771303125532800e-02 6.458833096461139567e-01
2.631720267548305348e-01 3.929273043777338492e-02 8.124968876538406215e-02 6.162855540420121292e-01
2.341893049154031015e-01 3.964959054100265778e-02 8.195412678815987284e-02 6.442069777554342291e-01
2.354873214373154888e-01 3.422813376803871682e-02 8.811997785817420048e-02 6.421645669364715037e-01
2.836102145887458015e-01 3.532854411560978902e-02 7.469726573310443707e-02 6.063639755625398475e-01
2.669422804891278811e-01 2.745016452269153848e-02 7.544889350075316414e-02 6.301586614874274961e-01
2.607696709358789389e-01 3.687598188618968625e-02 5.460834545900279668e-02 6.477460017189284880e-01
2.387656508288213686e-01 4.540525076282019706e-02 9.725807321946582096e-02 6.185710251888926203e-01
3.139457273706887652e-01 4.817853114370656414e-02 6.613553963738628971e-02 5.717402018482183879e-01
2.512231940571447719e-01 5.467212068917824686e-02 8.313237223471142689e-02 6.109723130189653739e-01
2.648418896720194371e-01 3.817099626123068856e-02 7.107935902318282539e-02 6.259077550435671045e-01
2.749257338538150242e-01 7.047841805816641714e-02 9.293552618297273860e-02 5.616603219050456675e-01
2.277080680116409517e-01 4.682769424844465678e-02 9.348874008501455168e-02 6.319754976548997982e-01
2.057194018298011684e-01 5.110692149888644564e-02 1.063565033535520260e-01 6.368171733177604432e-01
2.202939323724609211e-01 4.499177008928970101e-02 9.051765220685537017e-02 6.441966453313939800e-01
2.118525529814965780e-01 5.722804868788600868e-02 6.949198064311196132e-02 6.614274176875054589e-01
2.317746820536060737e-01 6.336364366478441923e-02 1.000040796706612167e-01 6.048575946109482349e-01
2.481272301914390355e-01 4.028321084690222875e-02 6.508389624498399362e-02 6.465056627166746450e-01
2.738902623174395146e-01 4.609991214497723144e-02 7.128178352831608666e-02 6.087280420092673339e-01
2.855496149866798561e-01 2.343015583358028925e-02 9.405247325762956800e-02 5.969677559221102658e-01
2.357627909683935874e-01 4.509622153281690055e-02 1.167295048980292321e-01 6.024114826007603840e-01
2.269794926390920065e-01 4.763671145385255101e-02 8.100064415852922806e-02 6.443831517485263394e-01
2.468911672532413393e-01 4.990968718211049454e-02 9.020437130617676991e-02 6.129947742584715975e-01
2.698600540522477775e-01 3.985205826361761655e-02 8.301955582905078124e-02 6.072683318550837761e-01
2.703842158772982174e-01 2.056111701323820595e-02 8.501161323869028952e-02 6.240430538707734121e-01
2.368651813848096643e-01 3.365010731096258756e-02 1.062040918893033536e-01 6.232806194149242973e-01
2.669433991184025912e-01 4.495346106166721312e-02 1.004811011335919047e-01 5.876220386863383327e-01
2.574819162041909748e-01 5.424591547107052852e-02 1.032035850353169165e-01 5.850685832894216842e-01
2.224363501186017444e-01 5.071154367786079309e-02 7.923840881600623109e-02 6.476136973875312730e-01
2.574161146375754661e-01 3.268212186603299679e-02 1.157917645393981565e-01 5.941099989569935680e-01
2.950939653837366117e-01 5.588267580410828661e-02 8.147587698793112843e-02 5.675474818242238761e-01
2.360058662628115589e-01 2.629907553609375434e-02 8.446171404054671206e-02 6.532333441605480129e-01
2.600624423704198662e-01 4.170521626389264713e-02 7.148582823624798077e-02 6.267465131294394087e-01
2.744025622039751311e-01 4.650287779705324087e-02 7.304190808263576196e-02 6.060526519163359493e-01
3.090496844335829385e-01 2.708233967702278547e-02 5.972174547178737275e-02 6.041462304176068443e-01
2.397413015219129750e-01 4.532011606924291058e-02 6.455122471654983762e-02 6.503873576922942767e-01
2.209390328296730321e-01 6.527899133518191843e-02 1.202324296806865922e-01 5.935495461544584295e-01
2.890287919597271937e-01 5.301346500866790934e-02 5.118068889039638358e-02 6.067770541412083052e-01
3.133138929621838153e-01 4.576492417992627376e-02 9.195353687920405916e-02 5.489676459786859697e-01
2.317564045487382485e-01 6.440394160102369536e-02 6.644755196408252962e-02 6.373921018861554710e-01
2.544288178326438166e-01 5.186632336457613901e-02 1.003416687962670889e-01 5.933631900065129416e-01
2.576575569144991529e-01 5.055839801636650976e-02 9.850137406046918787e-02 5.932826710086651634e-01
1.997288838913047482e-01 4.426390702483808809e-02 6.677561930410727542e-02 6.892315897797499646e-01
2.453776035951565071e-01 5.528224529629051365e-02 9.912390425123962512e-02 6.002162468573132292e-01
2.480519539536971962e-01 4.201723307177432365e-02 1.278393144731363729e-01 5.820914985013921905e-01
2.720427993013043166e-01 4.412192312932802091e-02 6.816302501172451234e-02 6.156722525576431293e-01
2.544291939434421557e-01 3.873580283178108125e-02 1.011644570143659105e-01 6.056705462104107207e-01
2.232863533159211433e-01 3.942141569597773509e-02 1.008147979195142818e-01 6.364774330685868398e-01
2.634831273265724194e-01 4.253499276079303337e-02 7.405837655093583383e-02 6.199235033616987689e-01
2.572209235777314640e-01 4.422588659344070527e-02 6.558403417102044719e-02 6.329691556578073142e-01
2.201605569016625852e-01 5.619366316094839137e-02 6.687814394988152167e-02 6.567676359875073144e-01
2.606199251132966244e-01 4.853450924212161788e-02 7.253704470297922535e-02 6.183085209416024908e-01
2.372150968495744805e-01 4.111023359939768723e-02 7.609204541287206691e-02 6.455826241381558139e-01
2.556217988271342056e-01 4.260590045235780610e-02 6.318820435807591396e-02 6.385840963624320743e-01
2.746686437353628163e-01 4.807371838336449432e-02 7.456469441999701020e-02 6.026929434612757763e-01
2.564406811484011839e-01 4.938375620000758776e-02 9.173563821885752367e-02 6.024399244327336422e-01
2.104682270927076548e-01 4.869952620056849230e-02 6.162373008519515805e-02 6.792085166215285907e-01
2.368473685769458548e-01 2.762979053441744909e-02 9.890820989455964551e-02 6.366146309940771131e-01
2.575907115221368615e-01 2.936040003930107112e-02 7.980282493394440235e-02 6.332460635046177622e-01
2.820999496117866379e-01 3.807653705413300421e-02 7.421902133063920659e-02 6.056044920034410195e-01
2.641599568797435293e-01 4.367510150233666621e-02 1.114808706322390069e-01 5.806840709856808669e-01
2.296147117817520789e-01 6.874379504222749571e-02 8.980270101861688448e-02 6.118387921574035548e-01
2.417684068809441422e-01 3.573530434631206482e-02 8.247804837137442946e-02 6.400182404013693427e-01
2.539197668316972023e-01 5.913115307544378890e-02 6.029813471716496259e-02 6.266509453756938797e-01
2.032537739727881265e-01 5.577554205231591983e-02 9.468316981694174794e-02 6.462875141579541571e-01
2.641027624423317177e-01 4.215667473980317520e-02 8.847733038500840697e-02 6.052632324328566238e-01
2.299855106723703857e-01 3.373660387723989573e-02 7.031046406004740068e-02 6.659674213903422624e-01
2.472044819506909741e-01 4.272160526347127535e-02 1.048046009544731094e-01 6.052693118313647869e-01
2.781232501208567576e-01 3.315034558536868875e-02 8.485225609750066122e-02 6.038741481962739410e-01
2.752443320279375216e-01 3.791245232134330539e-02 6.655807172786926129e-02 6.202851439228499464e-01
2.564085869135180329e-01 4.095346484142597249e-02 7.034912227651320127e-02 6.322888259685427448e-01
2.586716987559135594e-01 3.526851595395345124e-02 4.739491136046832670e-02 6.586648739296646626e-01
2.219911906261999024e-01 6.022895745622199037e-02 8.739400006764734552e-02 6.303858518499306784e-01
2.730309245738206103e-01 4.979942629080839900e-02 1.015194069537161820e-01 5.756502421816546144e-01
2.331894125087049519e-01 3.438271250680156876e-02 7.628986699731829524e-02 6.561380079871751425e-01
2.107513166656321268e-01 3.598767916808029432e-02 1.021678586538270345e-01 6.510931455124605582e-01
2.757532287823804551e-01 3.001301255621376465e-02 7.834649957221702377e-02 6.158872590891887322e-01
2.732227586677476450e-01 4.022803896697301623e-02 1.006350584092262357e-01 5.859141439560530129e-01
2.633897469665094637e-01 4.647892447938542504e-02 8.283998107989946902e-02 6.072913474742056561e-01
2.953619242741197248e-01 3.780207692584063722e-02 8.138088526752672303e-02 5.854551135325128941e-01
2.328280952228185263e-01 4.780394962482808346e-02 8.546565667396095745e-02 6.339022984783925230e-01
2.552036454540351218e-01 3.125637093464306987e-02 9.340797862915296845e-02 6.201320049821689162e-01
2.848153889364348768e-01 3.769346182539995427e-02 6.736244645204622628e-02 6.101287027861188594e-01
2.074235886521423600e-01 6.761531160208444913e-02 8.309682105383973949e-02 6.418642786919334098e-01
2.382399402746709638e-01 2.911913783901093691e-02 8.141485153397060026e-02 6.512260703523474747e-01
2.500773522737807508e-01 5.028769444721307297e-02 8.475623094604443908e-02 6.148787223329617024e-01
2.779883627187249573e-01 6.150519686300916916e-02 5.722493742384642673e-02 6.032815029944195162e-01
2.377007746216365236e-01 3.940040354433996250e-02 7.777483155381237356e-02 6.451239902802111681e-01
2.570925869766516603e-01 1.961885065776814915e-02 7.002497243318231424e-02 6.532635899323979700e-01
2.518461765636479388e-01 2.705349186442072146e-02 9.783859852424103831e-02 6.232617330476902806e-01
2.426826836023800726e-01 4.121419256960483224e-02 9.793730261124956871e-02 6.181658212167655542e-01
