2.607530206837685993e-01 1.017780455517311028e-01 7.404490842403542439e-02 5.634240253404648735e-01
3.120134513311970115e-01 1.348392929069863744e-01 5.618172560915118963e-02 4.969655301526654245e-01
2.712607667610768547e-01 1.294380154890889256e-01 6.866638031790453511e-02 5.306348374319297401e-01
2.633280920776329692e-01 1.530342417594452997e-01 6.066832683957187888e-02 5.229693393233497689e-01
2.637806887178689164e-01 1.199767986472894954e-01 8.647716310065046985e-02 5.297653495341910768e-01
2.825368729706161930e-01 1.694789526294746274e-01 5.424784923302956169e-02 4.937363251668795971e-01
2.252618624691010429e-01 1.668742611351205496e-01 8.790458343102770800e-02 5.199592929647507411e-01
2.609382177780875667e-01 1.647746680150639353e-01 8.835848798153952965e-02 4.859286262253090793e-01
3.003679004537818664e-01 1.565406991461816832e-01 7.699875327691384219e-02 4.660926471231226498e-01
3.109142410877012153e-01 1.266653288843538061e-01 8.689794710760337382e-02 4.755224829203416048e-01
2.781058039585594388e-01 1.520800711501540392e-01 8.375852452850489349e-02 4.860556003627816701e-01
2.611573061926288908e-01 1.507542435172977424e-01 4.775059831648104103e-02 5.403378519735921870e-01
2.615599568211813275e-01 1.655935762306447734e-01 4.777279308263443491e-02 5.250736738655393809e-01
2.934018886954082306e-01 1.282900576327576647e-01 5.893923993877579065e-02 5.193688137330584320e-01
2.466718494809531370e-01 1.679585210437581078e-01 5.138322246918418379e-02 5.339864070061045576e-01
2.536589709738577558e-01 1.679659813070232266e-01 5.784188377819724641e-02 5.205331639409217503e-01
3.023150543078670927e-01 1.551547104218715389e-01 6.148471559084644350e-02 4.810455196794147792e-01
2.414767661322689551e-01 1.341027379283125931e-01 8.198094164805187767e-02 5.424395542913665880e-01
2.587307564636157076e-01 1.679240557535600642e-01 8.039607130594603190e-02 4.929491164768781686e-01
2.668446063783667666e-01 1.692064818686443151e-01 4.856057934975061691e-02 5.153883324032383362e-01
2.565994013392025597e-01 1.584066640565571782e-01 4.825722699215365813e-02 5.367367076120866942e-01
2.708024785780518973e-01 2.211740465184181270e-01 5.949038770945878907e-02 4.485330871940712560e-01
2.834287444480410034e-01 1.277366323061367992e-01 5.361390247132204884e-02 5.352207207745002249e-01
2.568336064312399247e-01 1.253735908381063135e-01 5.990683237893779794e-02 5.578859703517159430e-01
2.565600963634970810e-01 1.403579324664306627e-01 5.179783690933192908e-02 5.512841342607402995e-01
2.393247912026628677e-01 1.218512460433612554e-01 7.193525733981091796e-02 5.668887054141650284e-01
2.324352090928442083e-01 1.106944259541638165e-01 8.196800430778901358e-02 5.749023606452029478e-01
2.939353857556896710e-01 1.673765292653747461e-01 4.968375739971071792e-02 4.890043275792249622e-01
3.088621014199148251e-01 1.384734836243446121e-01 6.702717490581915072e-02 4.856372400499214814e-01
3.196595072604047627e-01 1.039012399614352572e-01 7.456386073536963588e-02 5.018753920427904136e-01
2.716916589035119345e-01 1.504396694810994639e-01 5.843504286747051857e-02 5.194336287479180969e-01
2.321597136284519469e-01 1.803964016086853916e-01 3.696896395645759420e-02 5.504749208064051436e-01
2.370664950375508395e-01 1.130646709775158104e-01 6.590471863749297610e-02 5.839641153474404156e-01
2.994886095713187313e-01 1.452264216104071359e-01 3.383064418821333380e-02 5.214543246300606949e-01
2.811706744538802760e-01 1.643244527905852737e-01 5.725316163457895569e-02 4.972517111209553420e-01
2.463201840402011733e-01 1.620966435745633538e-01 5.421373452525479059e-02 5.373694378599807031e-01
2.952804278087063361e-01 1.221603165183343942e-01 5.673829802574388570e-02 5.258209576472153701e-01
2.809714344626031424e-01 1.540953668759230122e-01 6.827237465372296144e-02 4.966608240077508007e-01
2.509199772363527314e-01 1.470838191505930426e-01 6.948196761799138588e-02 5.325142359950628679e-01
2.586790985729615078e-01 1.524625525457045661e-01 5.930327272361365920e-02 5.295550761577201282e-01
2.189403997462591456e-01 1.617740188013612745e-01 5.543950461123681173e-02 5.638460768411427404e-01
3.063521098194428305e-01 1.505268141828671746e-01 4.736365483891934874e-02 4.957574211587705837e-01
2.953840682952461050e-01 9.535367773365828470e-02 6.336025245289833574e-02 5.459020015181973440e-01
2.357711458130440640e-01 1.235366232598302111e-01 6.520560571688568952e-02 5.754866252102399660e-01
2.984159869261227005e-01 1.538515256356123295e-01 4.537806556015477194e-02 5.023544218781101911e-01
2.278076399916197647e-01 1.706269786204364369e-01 3.454283789688136763e-02 5.670225434910625140e-01
2.767347690362104151e-01 1.501701046604170531e-01 7.903815031266199498e-02 4.940569759907105230e-01
2.894677362812350663e-01 9.247722969461491527e-02 5.076791464846458490e-02 5.672871193756855446e-01
3.212616631959375746e-01 1.095043284964883623e-01 5.987253734379652942e-02 5.093614709637774851e-01
2.496993502279387656e-01 1.107368180456528434e-01 8.827252112773976978e-02 5.512913105986686491e-01
2.429384342475230107e-01 1.901986834221559841e-01 4.407592068560017146e-02 5.227869616447208267e-01
2.660357241288183738e-01 1.163234316286472642e-01 6.080001240527727058e-02 5.568408318372570776e-01
2.464819517836662754e-01 1.378901817889424120e-01 5.594939955230451845e-02 5.596784668750867109e-01
2.975218042674944163e-01 1.112995830385302282e-01 7.746239634868712365e-02 5.137162163452880792e-01
2.333351577925114884e-01 1.367372103745613798e-01 7.863920719807404591e-02 5.512884246348531692e-01
3.275834989004922648e-01 1.482669205205043028e-01 5.635762326584348170e-02 4.677919573131599229e-01
2.224268440383076473e-01 1.397372428866580363e-01 5.004010408781326552e-02 5.877958089872209468e-01
2.687994503614565267e-01 1.548310986534452705e-01 6.884678475100917960e-02 5.075226662340889261e-01
2.389104467908014784e-01 1.363358534076197504e-01 7.785366274658474250e-02 5.469000370549939039e-01
2.483687235822293338e-01 1.731275149319668749e-01 6.847068119989711821e-02 5.100330802859066592e-01
2.694292352837945326e-01 1.499628629132324642e-01 5.820959307877487943e-02 5.223983087241981238e-01
2.525175088806565493e-01 1.553374620151126151e-01 6.684153743790667568e-02 5.253034916663241738e-01
2.618615259668207185e-01 1.055080780046543099e-01 8.161483807214117703e-02 5.510155579563836836e-01
2.161630388601895048e-01 1.758105169162432757e-01 5.948053120188907805e-02 5.485459130216782109e-01
2.976231789013512596e-01 1.300399845376737362e-01 5.597768925340691065e-02 5.163591473075681559e-01
2.289074798439298675e-01 1.487680090279945577e-01 4.631169836208692825e-02 5.760128127659887021e-01
3.312758177324724440e-01 1.228499754597098259e-01 4.673781753040720521e-02 4.991363892774104971e-01
2.325838258190492391e-01 1.545753386783256245e-01 7.080895346997743978e-02 5.420318820326477383e-01
2.806204093388444676e-01 1.501425745239708121e-01 5.587644752173174384e-02 5.133605686154528724e-01
2.782092224589826079e-01 1.381792882606710515e-01 6.107131722500182963e-02 5.225401720553444207e-01
3.083163275100334055e-01 1.882497385266533596e-01 5.123377921724989181e-02 4.522001547460632320e-01
2.580144740243079937e-01 1.381740948848478312e-01 5.135421609197101528e-02 5.524572149988731251e-01
2.502081169960974072e-01 1.854904989394232095e-01 5.694508465524791146e-02 5.073562994092314371e-01
2.853002581977958640e-01 1.289263740591805874e-01 4.760992173461001120e-02 5.381634460084134819e-01
2.543943715017083496e-01 1.922327935551449707e-01 3.951434191907105681e-02 5.138584930240756021e-01
2.215800796693828123e-01 1.912802064360639154e-01 6.126629652265818543e-02 5.258734173718950800e-01
3.360121681008083061e-01 1.498387772192964207e-01 3.582030646984615124e-02 4.783287482100491150e-01
2.843999494973888376e-01 1.266786262363232551e-01 7.443028331825074506e-02 5.144911409480371622e-01
3.027586531493351441e-01 1.246775224009509103e-01 7.112501766817390381e-02 5.014388067815400696e-01
3.135457217246887529e-01 1.571796274308101538e-01 6.063987560283320977e-02 4.686347752416680223e-01
2.847717140703286409e-01 1.440328053417521958e-01 7.199874292335027570e-02 4.991967376645689014e-01
2.468916388520521754e-01 1.743277385216317477e-01 5.358316900967893120e-02 5.251974536166372776e-01
3.046397885817431206e-01 1.451428858116184661e-01 7.914133864433395282e-02 4.710759869623045160e-01
3.062481328487188792e-01 1.240856093695557050e-01 8.320613408397235788e-02 4.864601236977532106e-01
2.478160170974466614e-01 1.460434728475634991e-01 3.879755368476289074e-02 5.673429563702269141e-01
3.418621549118160408e-01 1.025995518248677824e-01 5.663456380645232047e-02 4.989037294568638425e-01
2.783259920613671556e-01 1.734549326170468087e-01 6.099884867136031591e-02 4.872202266502256296e-01
2.791048842303446298e-01 1.448776884800773990e-01 6.938902444876100806e-02 5.066284028408170048e-01
2.053620403630383451e-01 1.447228776440790121e-01 8.309204810582067335e-02 5.668230338870619001e-01
2.498556850163214382e-01 1.135379804799164921e-01 5.277907567779847181e-02 5.838272588259635354e-01
3.075055422799041205e-01 1.082671654528793576e-01 4.266371529274867042e-02 5.415635769744677752e-01
2.876265309552320515e-01 1.214086272018538026e-01 6.737229215913780045e-02 5.235925496837762205e-01
2.814057338881374437e-01 1.115110713665692921e-01 5.825968480637019192e-02 5.488235099389230376e-01
2.862155785138754127e-01 1.529466889598785351e-01 4.136617792811664307e-02 5.194715545981294369e-01
2.531834323142584942e-01 1.547763472951178554e-01 5.865518075076672777e-02 5.333850396398569504e-01
3.212152641853836532e-01 1.231084414776634356e-01 9.067781983688968928e-02 4.649984745000632635e-01
2.769190509630725661e-01 1.234157793143878384e-01 7.838251274360953647e-02 5.212826569789300590e-01
2.617436588384279839e-01 1.451030195655290955e-01 5.039173908002746172e-02 5.427615825160154728e-01
2.816872641230621088e-01 1.240067709897747922e-01 6.434695432308927543e-02 5.299590105640737958e-01
2.938489742376213520e-01 1.580380408415993920e-01 5.864180159694706851e-02 4.894711833238322152e-01
2.645769717535511600e-01 1.443171386514730814e-01 7.358660316478991825e-02 5.175192864301858542e-01
2.680278754688825149e-01 1.487024141298750879e-01 5.166310680442840614e-02 5.316066035968139980e-01
2.649360746669270905e-01 1.198211263129742160e-01 7.802524290825131603e-02 5.372175561118472942e-01
2.386464111620393014e-01 1.587005256131450714e-01 7.395613295018758915e-02 5.286969302746280519e-01
2.485186228235140016e-01 1.379361796184980504e-01 7.006888709834215023e-02 5.434763104596459504e-01
2.931323513751171173e-01 1.422275454642168702e-01 6.284313184869676217e-02 5.017969713119692088e-01
2.644919841709050812e-01 1.808931851566658033e-01 4.341040695633533592e-02 5.112044237160938698e-01
3.230743688735421837e-01 1.124326331951465835e-01 7.952180506470038490e-02 4.849711928666109451e-01
2.151026357569181813e-01 1.536470527138614206e-01 2.551172032484889246e-02 6.057385912043715681e-01
2.856113769514074252e-01 1.862601149657804878e-01 5.746703017385688256e-02 4.706614779089551281e-01
2.264617571770148885e-01 1.481333670287306170e-01 8.214923163749340840e-02 5.432556441567609751e-01
3.114007265102121669e-01 1.437231222383865137e-01 7.587762182404798883e-02 4.689985294273534278e-01
3.228321869730537697e-01 1.563424646359321268e-01 7.086870236241935017e-02 4.499566460285947533e-01
2.859441264225803803e-01 1.207299123116050282e-01 6.026601104246803037e-02 5.330599502233465126e-01
2.957290097859868183e-01 1.400887568608872868e-01 5.824099022334148362e-02 5.059412431297842794e-01
2.999831334788719550e-01 9.387776805241603018e-02 9.199552286474416141e-02 5.141435756039679505e-01
2.746201020422555650e-01 1.453020666288359353e-01 6.127903317867407218e-02 5.187987981502344415e-01
2.838831323600071177e-01 1.848059850950204419e-01 6.046522603748152869e-02 4.708456565074909395e-01
1.935862959883428991e-01 1.337781876464393394e-01 7.477572018987108105e-02 5.978597961753467915e-01
3.370330284172485813e-01 8.817685594847406161e-02 7.920125949245145069e-02 4.955888561418259619e-01
2.944046364147813732e-01 1.243144605228355265e-01 6.962350711837739237e-02 5.116573959440058328e-01
2.676839394819210960e-01 1.111421488002024421e-01 6.414094630262640040e-02 5.570329654152500476e-01
2.760823688026917688e-01 1.135150350410291109e-01 3.022999927545413912e-02 5.801725968808250089e-01
2.643601802203637274e-01 1.171062417981250658e-01 5.989663395620773573e-02 5.586369440253036167e-01
2.775679410031335337e-01 1.579348030898735100e-01 4.071774788280012325e-02 5.237795080241929302e-01
3.319936566681431223e-01 1.382311813491720331e-01 4.352507120086913234e-02 4.862500907818156914e-01
2.723827754512097576e-01 1.630225400667643376e-01 4.048309021701461397e-02 5.241115942650113046e-01
2.504078800514030201e-01 1.289480763039575761e-01 4.656740049920046753e-02 5.740766431454388252e-01
2.662973742884398587e-01 1.524343744129133815e-01 5.868880521141813661e-02 5.225794460872287273e-01
2.566323926367796160e-01 1.329520225077094331e-01 5.923298225251560217e-02 5.511826026029953418e-01
2.338942938310218100e-01 1.630818581989220140e-01 7.232490204044540738e-02 5.306989459296108658e-01
2.430607427421433431e-01 1.577902087167402378e-01 5.305901224348027329e-02 5.460900362976363054e-01
2.693710814862141367e-01 1.145680736770228747e-01 3.770096469632248232e-02 5.783598801404404854e-01
2.846030482205178513e-01 1.690505811626239474e-01 3.748026373014786555e-02 5.088661068867103010e-01
2.767938167258087168e-01 1.343218140326329357e-01 7.407302484094771544e-02 5.148113444006107153e-01
2.764724652742898692e-01 1.428351682563847314e-01 5.762088812635906415e-02 5.230714783429663006e-01
2.437894614510400793e-01 1.449840900089588991e-01 3.020714920531555880e-02 5.810192993346854351e-01
2.809768284029952601e-01 1.285206419761510954e-01 1.066541940196348154e-01 4.838483356012188707e-01
2.453527811709412532e-01 1.263779968955792976e-01 6.471899057782136422e-02 5.635502313556578491e-01
3.080975218813715166e-01 1.341891976710698486e-01 6.251251773155017122e-02 4.952007627160083802e-01
2.693631361247016964e-01 1.353551592547415638e-01 7.548091038301531219e-02 5.198007942375415524e-01
2.949660132218685504e-01 1.742504048687798512e-01 4.758305383763659913e-02 4.832005280717148743e-01
2.652303256933173370e-01 1.311454735994298793e-01 4.942381623791754913e-02 5.542003844693350612e-01
2.827477280892026212e-01 1.193879710196323191e-01 8.890380279825414733e-02 5.089604980929108846e-01
2.992897206285439760e-01 1.558484842047500596e-01 4.270051019655678182e-02 5.021612849701492243e-01
3.095759667008122218e-01 1.280540514970396615e-01 4.660162554226297826e-02 5.157683562598851523e-01
2.436232108403959540e-01 1.718929103330762154e-01 3.496913025980137590e-02 5.495147485667265519e-01
2.793586292332733145e-01 1.321714560810975103e-01 5.470124061720403608e-02 5.337686740684250974e-01
2.663474770865513208e-01 1.464442675166305885e-01 4.486026376900258128e-02 5.423479916278153290e-01
2.952895801736339365e-01 1.218846036448512499e-01 6.954043330927800470e-02 5.132853828722367950e-01
2.579125242001188423e-01 1.204334737246390702e-01 6.977910604071149714e-02 5.518748960345305488e-01
2.805628244612077271e-01 1.300378983124427790e-01 8.302845041675302462e-02 5.063708268095963305e-01
2.726802791321223385e-01 1.275519802527411983e-01 7.334343380113460265e-02 5.264243068140018744e-01
2.832838485093556180e-01 1.741387810322775342e-01 5.780831877704113719e-02 4.847690516813256689e-01
3.112926734518207672e-01 1.182571494661134592e-01 7.858669048243704935e-02 4.918634865996287520e-01
2.652726722352435895e-01 1.443834411829565956e-01 7.068577211614004985e-02 5.196581144656596818e-01
2.665751699161875155e-01 1.409599965318866777e-01 7.431139689910702673e-02 5.181534366528187663e-01
2.311441871902940592e-01 1.571556516402617953e-01 5.072035762330503322e-02 5.609798035461391885e-01
2.341825944433017503e-01 1.763888611286772712e-01 4.130865779647346914e-02 5.481198866315476481e-01
2.351259673105862424e-01 1.539377533400205500e-01 6.257298462707559794e-02 5.483632947223175957e-01
2.661992553549224483e-01 1.310680147379872651e-01 5.220185851060953758e-02 5.505308713964807144e-01
2.686187621656932478e-01 1.189560304304291410e-01 6.398909004071853812e-02 5.484361173631590036e-01
2.049344407199262807e-01 1.455966759201114680e-01 4.885152458449024127e-02 6.006173587754719545e-01
2.972165179720080430e-01 1.014781162412616011e-01 3.683340190083148058e-02 5.644719638858988198e-01
2.903528947141975070e-01 1.377162386842453456e-01 9.385553029358706389e-02 4.780753363079701668e-01
2.806260922696340310e-01 1.775632824810501331e-01 5.500372848573647361e-02 4.868068967635792998e-01
2.620061940892170482e-01 1.733561990827713062e-01 4.449712965172999968e-02 5.201404771762816459e-01
2.708396398606771616e-01 1.241269719381637160e-01 4.770059572258724540e-02 5.573327924785719256e-01
2.379260955336803540e-01 1.696439151149179425e-01 9.385307842603776707e-02 4.985769109253639364e-01
2.729983650715195886e-01 1.369990017776875069e-01 5.603429107965253453e-02 5.339683420711404116e-01
2.603733494887263133e-01 1.635822768012568651e-01 8.584026695499873127e-02 4.902041067550180764e-01
2.548609158665619545e-01 1.678913062645629173e-01 7.583232027383962626e-02 5.014154575950354742e-01
2.605965267487287962e-01 2.083124317692634786e-01 2.421988518564916967e-02 5.068711562963587047e-01
2.741890931972871259e-01 1.486419588357459076e-01 5.102554024191052751e-02 5.261434077250564112e-01
2.766008310155343985e-01 1.451135654048842927e-01 6.827634423317723023e-02 5.100092593464040647e-01
2.824605577545819535e-01 1.769075046964017905e-01 5.529817919688024414e-02 4.853337583521361021e-01
2.509764826355119771e-01 1.337889315373263499e-01 6.297565704658525387e-02 5.522589287805763636e-01
2.499863816070169165e-01 1.916990103552515257e-01 7.583038224796069537e-02 4.824842257897707931e-01
2.581723028533470243e-01 1.638886090329270684e-01 4.111848725240869334e-02 5.368206008613172209e-01
3.378509351935342075e-01 8.562184978674020064e-02 9.052752474106411096e-02 4.859996902786615225e-01
2.658691444959636052e-01 1.345789135189705832e-01 8.290429230155330065e-02 5.166476496835125110e-01
2.222181110168922891e-01 1.740329816810479435e-01 6.799287616686289226e-02 5.357560311351967641e-01
2.618940617381632641e-01 1.322827488693949782e-01 8.121520339779519926e-02 5.246079859946465307e-01
2.579242506930602419e-01 1.506491151154663588e-01 5.382892957334422385e-02 5.375977046181291685e-01
2.530724400661209517e-01 1.531262098635817748e-01 6.916903431077982278e-02 5.246323157595175202e-01
2.104840045874897814e-01 1.209709322532512565e-01 8.473643854085896598e-02 5.838086246184001071e-01
2.594554182291790023e-01 1.515405898725702694e-01 8.657195396161626588e-02 5.024320379366344902e-01
3.351401646171349724e-01 1.443438916432341623e-01 4.647926152208399497e-02 4.740366822175467454e-01
2.926043682917262023e-01 1.514505132244270968e-01 5.262604128395947933e-02 5.033190771998873325e-01
2.353989865363149414e-01 1.437836759556971322e-01 5.377454460951304471e-02 5.670427928984749233e-01
2.130141663510009831e-01 1.357515386862856721e-01 5.540343788485731918e-02 5.958308570778561020e-01
2.920529618291835550e-01 1.427915564590936381e-01 5.147812706559275198e-02 5.136773546461299578e-01
2.860066550751882430e-01 1.421002920745940423e-01 7.043762548485098252e-02 5.014554273653666350e-01
2.350596208412945864e-01 1.832361640357011712e-01 6.425496085093627963e-02 5.174492542720678934e-01
2.486899136535365706e-01 1.729543693417088801e-01 7.748575802246279731e-02 5.008699589822916964e-01
2.828107587304985460e-01 1.151276969365346431e-01 6.269027793175294128e-02 5.393712664012139113e-01
2.724041759875349689e-01 1.300781494834769014e-01 4.561042687975139925e-02 5.519072476492367096e-01
2.711795136397889272e-01 1.352293908617804574e-01 7.097016266841153775e-02 5.226209328300189805e-01
3.269325272475065991e-01 1.281975902218010777e-01 6.523212241343817608e-02 4.796377601172539529e-01
2.972669735007419378e-01 1.039371264108617660e-01 5.411781847176053845e-02 5.446780816166357786e-01
2.195783400512776595e-01 1.484528606132030637e-01 5.817091248549981913e-02 5.737978868500194229e-01
2.363495060211440180e-01 1.600336109386646111e-01 9.215993598661208208e-02 5.114569470535793583e-01
2.826000625394322618e-01 1.618716471883468733e-01 5.330726535175504821e-02 5.022210249204657195e-01
2.332384306126807638e-01 1.785225544788856533e-01 6.152645758204786791e-02 5.267125573263857774e-01
2.606308406490200347e-01 1.534863525480796298e-01 6.558077878355415835e-02 5.203020280193461078e-01
2.599440781251907140e-01 1.615246463813390931e-01 3.753982608827530210e-02 5.409914494051948353e-01
2.839920228898133447e-01 1.254182531533295231e-01 6.707543933560779215e-02 5.235142846212493817e-01
2.908907293410227246e-01 1.380751552559554840e-01 6.334490712152900105e-02 5.076892082814927765e-01
2.846591607415789316e-01 1.105588014476171360e-01 7.077886823999909871e-02 5.340031695708048476e-01
3.222891228818798859e-01 1.436991922455052861e-01 5.302465361713144809e-02 4.809870312554834215e-01
2.772664420636700711e-01 1.477857252439490343e-01 4.574293905354206297e-02 5.292048936388388247e-01
2.886193750960916460e-01 1.143799533138889907e-01 6.020538805564720763e-02 5.367952835343721141e-01
2.364322511415411776e-01 1.413525926006240219e-01 4.517636859851099224e-02 5.770387876593238152e-01
2.749211085315346192e-01 1.730182753385270111e-01 4.541763745156915388e-02 5.066429786783691602e-01
2.451850251825385962e-01 1.511869548959323128e-01 6.981942170121235858e-02 5.338085982203166768e-01
3.004106133624225294e-01 1.345841476486448474e-01 5.159036293121669475e-02 5.134148760577158521e-01
3.042995935088231851e-01 1.519371303252566585e-01 5.977088896141523333e-02 4.839923872045051034e-01
3.078502392968946455e-01 1.393240326991843359e-01 4.107014884648298864e-02 5.117555791574378565e-01
2.492335695427473907e-01 1.206636971752709786e-01 7.000799232347913736e-02 5.600947409585024239e-01
2.608920406243007695e-01 1.045480238484408492e-01 6.289335057826536679e-02 5.716665849489929174e-01
3.050746406541809952e-01 1.606537316869663390e-01 7.178822652845402719e-02 4.624834011303987080e-01
2.941308757609519264e-01 1.400990997556971485e-01 4.403004440054935492e-02 5.217399800828015355e-01
2.452792834727924864e-01 1.315636533102949313e-01 5.167307436706364276e-02 5.714839888498488563e-01
2.742795107172134039e-01 1.310714460233292356e-01 6.284674185839730920e-02 5.318023014010599958e-01
2.940033491292470824e-01 1.633752462884885126e-01 5.591181761214061158e-02 4.867095869701236754e-01
2.571896606269158947e-01 1.475797748282463850e-01 3.796690321214224451e-02 5.572636613326955590e-01
2.996095100077814100e-01 1.733736068376876827e-01 9.630234335351099684e-02 4.307145398010200354e-01
2.446103325010435259e-01 1.193979132182940023e-01 8.048097538483434121e-02 5.555107788958282278e-01
2.872618337069309802e-01 1.592403239324837738e-01 3.638228280798729009e-02 5.171155595525980253e-01
2.514108425399952385e-01 1.362537485796673220e-01 5.723249718041941575e-02 5.551029116999179891e-01
2.535495279211609221e-01 1.487349168244774533e-01 6.934835796267921348e-02 5.283671972916825776e-01
2.962481524082395401e-01 1.492755394728227103e-01 7.610180442791182609e-02 4.783745036910260207e-01
2.978110569746288960e-01 1.362212048187679547e-01 5.046695185735169953e-02 5.155007863492514497e-01
2.931458170055151746e-01 1.360435717674499112e-01 5.483368426408379709e-02 5.159769269629511657e-01
2.858771223058236832e-01 1.193180998473867410e-01 4.449043131763776721e-02 5.503143465291516767e-01
2.426124329019453962e-01 1.465984851043497794e-01 8.017153313258949809e-02 5.306175488611152291e-01
2.232412552366471459e-01 1.748898973375216104e-01 5.969157257131335603e-02 5.421772748545178322e-01
2.667502955519095997e-01 1.499212742922008679e-01 6.096836499698212591e-02 5.223600651589075383e-01
2.640831159595421473e-01 1.381916213490772816e-01 1.083571639266400211e-01 4.893680987647404668e-01
3.002173891345102930e-01 1.377770482176672862e-01 6.126145309031564429e-02 5.007441095575067003e-01
2.454879454163739205e-01 1.528665985821817119e-01 6.009909978322344748e-02 5.415463562182208923e-01
2.862481294697122314e-01 1.144924475702403383e-01 5.061792340867345141e-02 5.486414995513739790e-01
2.257309673368664837e-01 1.776432420856073058e-01 6.314988457208517425e-02 5.334759060054409252e-01
2.801678184049243292e-01 1.745203463742492078e-01 5.883183467459073002e-02 4.864800005462356358e-01
2.628580625960397210e-01 1.477086399261884342e-01 7.686967564224447824e-02 5.125636218355273943e-01
2.617252218796147778e-01 1.589904614635012370e-01 7.218327460288777309e-02 5.071010420539963093e-01
2.361097820311537643e-01 1.405737961087933086e-01 5.058179389124321801e-02 5.727346279688096953e-01
2.523325411378106176e-01 1.295701620493384110e-01 5.614074497550637644e-02 5.619565518373447199e-01
2.610191313164544336e-01 1.518636480180990955e-01 4.518689723330039654e-02 5.419303234321459772e-01
2.516916653789262326e-01 1.323906965341790365e-01 7.559906945528213629e-02 5.403185686316126501e-01
2.893665234688513332e-01 1.632822958091766918e-01 5.278585606181254719e-02 4.945653246601595110e-01
2.190857170838204915e-01 1.571365295557026198e-01 6.971477412379031846e-02 5.540629792366865702e-01
2.838446648163070463e-01 1.818474253507311456e-01 5.271856267127515011e-02 4.815893471616866650e-01
2.742434389255117844e-01 1.318286455285845038e-01 5.391964150334655620e-02 5.400082740425571348e-01
2.474183577597937611e-01 1.372159986624228445e-01 5.163157689149774215e-02 5.637340666862857841e-01
2.395738573973743013e-01 1.331606525829884535e-01 6.476481081423525465e-02 5.625006792054018101e-01
2.476984789941792664e-01 1.857459656407306481e-01 5.352263419209037087e-02 5.130329211729999228e-01
2.701978593548852725e-01 1.535728788905246778e-01 6.524218487298198699e-02 5.109870768816080489e-01
2.252896198972499930e-01 1.854915332983668452e-01 7.258756699794789713e-02 5.166312798064351952e-01
2.865620108249797293e-01 1.498700311086746395e-01 5.610122693566961527e-02 5.074667311306758632e-01
2.479905812102222162e-01 1.605156824395884141e-01 4.733634820930665565e-02 5.441573881408825475e-01
3.083933314009665860e-01 1.281407021691602643e-01 5.773330947350908265e-02 5.057326569563640462e-01
2.360640405503433570e-01 1.683511992603772267e-01 5.628745671649002663e-02 5.392973034727893689e-01
2.578965244993128847e-01 1.616296201091937390e-01 3.412485052684847281e-02 5.463490048646448827e-01
2.609297869702280059e-01 1.476101223383613215e-01 6.722818233747671068e-02 5.242319083539341840e-01
2.646889876249597373e-01 1.418609911602069507e-01 6.152376493314551387e-02 5.319262562816879925e-01
3.035148167426702237e-01 1.445945515348039945e-01 9.598891574004558835e-02 4.559017159824801380e-01
2.715837896346718905e-01 1.458806372864351053e-01 8.163337363366494903e-02 5.009021994452280691e-01
2.568853988205462846e-01 9.735552022302638997e-02 6.600259822025450474e-02 5.797564827361728623e-01
2.866773556204255669e-01 1.775751077901148722e-01 6.306493219548353624e-02 4.726826043939759137e-01
2.912718527562172532e-01 1.415241092470026218e-01 4.444618747858278957e-02 5.227578505181972313e-01
2.449758895572889117e-01 1.748541347897434040e-01 4.509764720826422296e-02 5.350723284447036487e-01
2.967646098477960681e-01 1.473755087327056346e-01 5.859514997582752210e-02 4.972647314436707267e-01
2.372936818149378457e-01 1.608669108374035928e-01 5.616133997714319731e-02 5.456780673705154960e-01
2.822556899884187120e-01 1.608051478254475808e-01 6.313716213876613415e-02 4.938020000473675175e-01
2.485404931422786623e-01 1.457733581526996225e-01 7.600453330372575200e-02 5.296816154012961020e-01
2.789934226412962848e-01 1.347074836473929060e-01 5.176734396404036181e-02 5.345317497472703572e-01
2.797472303146062433e-01 1.218983977173432598e-01 6.008305190779790472e-02 5.382713200602525783e-01
2.439791871994031192e-01 1.446775681025423421e-01 8.266818737715916909e-02 5.286750573208953696e-01
2.748139573349691056e-01 1.894834162833951008e-01 5.093754868850717404e-02 4.847650776931287653e-01
3.040217665004444347e-01 1.081653649752237489e-01 2.524312060910794200e-02 5.625697479152237390e-01
2.648747267858721499e-01 1.600363058104478375e-01 4.285180406213237592e-02 5.322371633415476921e-01
2.401852238417599428e-01 1.273117031670221722e-01 8.790512668287220333e-02 5.445979463083456817e-01
2.964086849475574548e-01 1.609999062381082813e-01 4.727830927769035435e-02 4.953130995366440414e-01
2.685330964298379697e-01 1.942090917319589105e-01 5.562995961251878535e-02 4.816278522256843275e-01
2.589514139160522532e-01 1.343465103856129050e-01 5.763836005759378350e-02 5.490637156407410790e-01
2.704638727280692101e-01 1.514339359776225302e-01 6.777556011802465807e-02 5.103266311762836294e-01
2.876678369703477567e-01 1.475854702006776931e-01 5.094140188943342695e-02 5.138052909395409706e-01
2.794395771868520839e-01 1.154053154100595502e-01 7.207540390701798472e-02 5.330797034960704783e-01
2.812509251824283352e-01 1.605516117033684298e-01 7.410042135627005477e-02 4.840970417579333329e-01
2.558302078632362364e-01 1.267469429320726704e-01 7.931778210930173767e-02 5.381050670953893000e-01
2.697670142628073586e-01 1.425883065940537209e-01 6.249397858256812432e-02 5.251507005605707823e-01
2.466194722189914423e-01 1.437817470423928268e-01 5.844808738264960224e-02 5.511506933559661148e-01
2.726381825177923157e-01 1.466527839738990535e-01 4.581598816397405155e-02 5.348930453443345723e-01
2.725317270733978448e-01 1.614326038145363351e-01 5.910927165120908461e-02 5.069263974608566592e-01
2.333384688319068423e-01 1.428354763119564497e-01 6.902015954958092003e-02 5.548058953065558851e-01
2.113756957488009403e-01 1.514398964176722207e-01 7.663354892694838882e-02 5.605508589065784086e-01
2.501518360692857046e-01 1.397641404561226486e-01 8.494125115555513361e-02 5.251427723190364993e-01
2.883420130143420357e-01 1.231209233859682367e-01 6.711678381229908841e-02 5.214202797873905837e-01
2.427730510919776097e-01 1.691627603283656078e-01 4.600996547210994825e-02 5.420542231075468065e-01
2.647234184660604561e-01 1.634126398325546348e-01 4.361454649363680908e-02 5.282493952077479404e-01
2.636061117181744407e-01 1.579944691174840210e-01 5.420290329875836199e-02 5.241965158655832457e-01
3.143177474060012688e-01 1.184728287857443746e-01 3.586854858134079505e-02 5.313408752269136448e-01
3.086550345296266151e-01 1.191456772721349866e-01 3.535532923966202418e-02 5.368439589585762839e-01
2.671107140126453006e-01 1.436040732196623981e-01 7.608660834795664962e-02 5.131986044197355268e-01
2.449780001625783965e-01 1.513866058214052568e-01 5.603836945922221341e-02 5.475970245567941541e-01
2.423962111417609089e-01 1.196945620640620656e-01 6.278874921991749181e-02 5.751204775742595476e-01
2.478790290561824206e-01 1.609080892816865949e-01 6.200053524150034301e-02 5.292123464206305306e-01
2.287436603622562403e-01 1.328482346399134650e-01 5.773720481016021699e-02 5.806709001876702025e-01
2.956937230197513311e-01 1.895558423811910531e-01 5.468528421128357464e-02 4.600651503877739024e-01
2.659217250097886120e-01 2.022494802757677790e-01 4.969578176390553048e-02 4.821330129505380646e-01
2.534777106583083195e-01 1.274936590962426064e-01 3.442256632948571815e-02 5.846060639159633698e-01
3.136653461244665042e-01 1.678639855238087675e-01 5.486699552550703546e-02 4.636036728262177831e-01
3.342878634246423397e-01 1.375556835021910507e-01 6.538815999535582679e-02 4.627682930778108661e-01
2.646349517418175590e-01 1.634073288260057821e-01 5.665280168192631666e-02 5.153049177502502243e-01
2.627613122167525295e-01 1.378998297122670524e-01 6.068319841939723985e-02 5.386556596515832407e-01
2.924524491870474363e-01 1.693841042368988692e-01 6.692678545061987727e-02 4.712366611254338866e-01
2.637079979583826783e-01 1.433049745770847982e-01 5.362191009549425319e-02 5.393651173690383605e-01
2.771274922962332354e-01 1.779025822483705221e-01 3.919372091287526977e-02 5.057762045425210351e-01
2.668406936824240239e-01 1.858886247424976768e-01 4.566756766479851404e-02 5.016031139102798964e-01
2.729606903579192001e-01 1.343634577269550157e-01 8.367767260449790467e-02 5.089981793106279628e-01
2.674531804320963713e-01 1.256873063098201959e-01 8.246821434205579837e-02 5.243912989160275373e-01
2.700230198422299277e-01 1.111573711162583411e-01 5.737079239680965143e-02 5.614488166447020312e-01
3.121004714589152296e-01 1.221743841941062281e-01 2.599900683737460527e-02 5.397261375096039648e-01
2.523219399501067661e-01 1.271971254315083788e-01 6.466267544247013277e-02 5.558182591759146529e-01
2.625141797428754420e-01 1.438200047722539843e-01 8.762202244047655186e-02 5.060437930443940635e-01
2.622450331421238845e-01 1.684555996104254716e-01 4.231873368009829439e-02 5.269806335673524744e-01
2.778254755737202819e-01 1.321719079558256182e-01 4.883652906844657832e-02 5.411660874020075562e-01
2.638891082606167893e-01 1.531682257798948621e-01 6.084494840962979129e-02 5.220977175498587863e-01
2.777607873761993029e-01 1.438765339609942018e-01 4.676629978091931955e-02 5.315963788818872660e-01
2.625112706303456278e-01 1.349538663252962956e-01 5.259968091289566466e-02 5.499351821314624189e-01
2.449335239948498277e-01 1.544886818211992363e-01 4.891123839991116939e-02 5.516665557840397804e-01
2.660807525965508402e-01 1.519881755660248135e-01 7.268714216306570997e-02 5.092439296743586086e-01
2.913347820698635737e-01 1.457708462645020964e-01 5.839884406396668448e-02 5.044955276016676038e-01
2.518860834148247130e-01 1.561027697683224635e-01 5.299226087922730144e-02 5.390188859376255914e-01
2.584191072328416161e-01 1.275498989367699065e-01 4.196117291682154027e-02 5.720698209135669510e-01
2.893599738520734599e-01 1.475798777779670778e-01 6.820688759062484841e-02 4.948532607793345584e-01
2.500999434344956529e-01 1.437223847802589216e-01 5.891028512622475261e-02 5.472673866590207492e-01
2.589786965194692536e-01 1.857947483676941625e-01 3.490146580429789175e-02 5.203250893085388240e-01
2.712524477028641634e-01 1.580250809733033113e-01 3.598465515269847620e-02 5.347378161711342504e-01
2.697605634313816614e-01 1.306789716711417026e-01 6.863476628405283664e-02 5.309256986134237577e-01
2.113217663445638994e-01 1.658273182564114212e-01 5.210066145059205622e-02 5.707502539484324844e-01
3.110246181766541107e-01 1.401649437073299032e-01 7.463921022657254989e-02 4.741712278894436028e-01
2.526126606698696486e-01 1.671661279862654836e-01 5.606304232999526072e-02 5.241581690138695793e-01
2.399051007862712526e-01 1.401537829506679933e-01 9.045823252717305474e-02 5.294828837358876994e-01
3.085947600389019607e-01 1.625195354550062754e-01 5.198238170513106576e-02 4.769033228009605385e-01
3.234269356150725749e-01 1.563245742807779226e-01 5.862623265379530990e-02 4.616222574503543452e-01
2.650095516820522579e-01 1.143609168035478324e-01 5.568076390514768020e-02 5.649487676092522781e-01
2.973063445708437613e-01 1.122129414605230191e-01 5.420442491911602739e-02 5.362762890495171852e-01
2.736836289446927806e-01 1.181212540062031857e-01 6.827954421076480596e-02 5.399155728383391306e-01
2.902610743337319943e-01 1.297870509750552737e-01 6.635389384703620219e-02 5.135979808441766270e-01
3.203888901280974588e-01 1.446203097818774819e-01 7.127241255935483355e-02 4.637183875306702951e-01
2.646324245014639032e-01 1.367291681238448908e-01 6.360461290972023451e-02 5.350337944649710131e-01
2.943586077663232214e-01 1.445995429979516633e-01 7.830000504604944789e-02 4.827418441896756396e-01
2.543967564475519971e-01 1.867305704087323659e-01 6.537110533618303854e-02 4.935015678075325707e-01
2.752791974733884706e-01 1.749035177129079077e-01 6.021583441534471282e-02 4.896014503983588950e-01
3.182627766816116810e-01 1.428977153208317308e-01 3.275004475711011664e-02 5.060894632404463467e-01
2.732881019158043268e-01 1.682895819874702659e-01 5.751576233376045483e-02 5.009065537629650011e-01
2.732813424402552038e-01 1.368892765159216984e-01 4.421040105412737953e-02 5.456189799896958847e-01
2.847709731971636571e-01 1.346273991747599375e-01 6.322093289239870406e-02 5.173806947356778263e-01
2.580254144063133248e-01 1.212421241403916633e-01 6.194833715929540241e-02 5.587841242939995956e-01
2.525627386953332998e-01 1.434373699554690185e-01 7.700098280209108359e-02 5.269989085471065149e-01
2.755340026943891019e-01 1.421474693039208592e-01 7.619513951633616333e-02 5.061233884853539866e-01
2.385963541689169187e-01 1.490246602726522096e-01 3.923846151525035159e-02 5.731405240431803882e-01
2.721118819181511106e-01 1.675036332228375946e-01 4.145966028730990738e-02 5.189248245717015262e-01
2.401842958102679837e-01 1.669677912750882620e-01 4.624425398954864347e-02 5.466036589250949929e-01
2.569936882038863502e-01 1.564077867588972437e-01 5.109330762012925797e-02 5.355052174170871204e-01
2.398795566218406006e-01 1.281052327878255959e-01 5.219617983792504412e-02 5.798190307524087039e-01
2.545301060997204878e-01 1.166620476701300257e-01 5.749751764825841716e-02 5.713103285818910138e-01
2.649900260490730686e-01 1.764217282371389195e-01 5.054342339402653761e-02 5.080448223197614466e-01
3.416825680918454400e-01 1.211882185632110198e-01 5.698820453193915309e-02 4.801410088130043663e-01
2.369106348515990779e-01 1.266110076400078499e-01 4.295774104594794751e-02 5.935206164624450276e-01
2.630582048596527001e-01 1.495490240131168436e-01 6.507465400168570280e-02 5.223181171255447675e-01
2.621965933093111101e-01 1.285714719744459333e-01 5.538834995999553090e-02 5.538435847562475089e-01
2.774749705850346748e-01 1.378279039246248228e-01 7.325920400438143409e-02 5.114379214859590128e-01
2.309039081360796941e-01 1.673853564590159493e-01 6.914678652921214808e-02 5.325639488756922502e-01
2.993691209444000467e-01 1.537452982883513453e-01 4.135457343684149217e-02 5.055310073304071228e-01
2.860691511904590589e-01 1.387302463058200652e-01 7.467675826794770155e-02 5.005238442357732298e-01
2.300464672084933104e-01 1.751517880723306164e-01 6.376193664964133201e-02 5.310398080695346579e-01
2.161583969736182997e-01 1.229545075270381677e-01 6.778033513324167869e-02 5.931067603661017706e-01
2.499436512770258911e-01 1.752920727833930103e-01 4.890794801238338568e-02 5.258563279271976088e-01
3.057784095344681097e-01 1.479011185890600211e-01 6.865848225529784521e-02 4.776619896211739547e-01
3.351514239437317078e-01 1.364615994792247877e-01 3.636855749164043944e-02 4.920184190854030026e-01
2.687624667888639518e-01 1.701904889588228553e-01 6.005402817776939878e-02 5.009930160745438288e-01
2.598719282012807996e-01 1.388864346620618251e-01 7.189043093848375421e-02 5.293512061981736627e-01
2.716774701735962250e-01 1.418375609013033667e-01 5.965014661353670172e-02 5.268348223115636442e-01
3.080189366957059027e-01 1.234659340556384377e-01 7.596704304063670032e-02 4.925480862080190425e-01
3.306418057806164157e-01 1.245059817975011363e-01 4.141607760239252728e-02 5.034361348194897889e-01
2.723742765014907086e-01 1.801580873186365284e-01 4.314764188601170197e-02 5.043199942938612068e-01
2.711538799134922684e-01 1.552742799223469639e-01 5.500325837073494206e-02 5.185685817934256869e-01
2.613954960281736906e-01 1.375964634169634937e-01 7.270430405079579550e-02 5.283037365040670341e-01
2.361676393612411051e-01 1.462456856940308469e-01 8.738549637850753782e-02 5.302011785662203991e-01
2.424756584189856068e-01 1.505516353358151704e-01 5.191516644739745806e-02 5.550575397978019243e-01
2.724176164083251805e-01 1.515064313650394401e-01 6.803334045053630041e-02 5.080426117760991067e-01
2.474070979029470430e-01 1.793123296669789646e-01 5.255682437708695393e-02 5.207237480529869345e-01
2.634253778496497000e-01 1.445987930635651009e-01 7.153189805347701102e-02 5.204439310333081048e-01
2.984034411535476106e-01 1.163322740198575594e-01 3.689474745051979365e-02 5.483695373760749670e-01
2.904145135463783722e-01 1.530754239955349205e-01 6.927177102571251133e-02 4.872382914323740710e-01
2.801847650949719770e-01 1.432232338943237593e-01 4.740903895960375813e-02 5.291829620511004917e-01
2.450202420061229347e-01 1.516286312212812848e-01 5.937275575386723181e-02 5.439783710187285903e-01
