8.903507502380754446e-02 1.087769808765573845e-02 6.118216519719155144e-01 2.882655749166211367e-01
1.117221353168722509e-01 4.913261639789227170e-02 5.313870205020714277e-01 3.077582277831639734e-01
9.674447620647352863e-02 4.441280786601028985e-02 6.003597562059237447e-01 2.584829597215926311e-01
8.578850030619830647e-02 3.242468840039751388e-02 6.069816909199639010e-01 2.748051203734401260e-01
1.242324450956281967e-01 3.831923742246568648e-02 6.033108634500784495e-01 2.341374540318275355e-01
8.853038789180738000e-02 3.184339393331803852e-02 5.863058206878312140e-01 2.933203974870433606e-01
9.043101045841793473e-02 2.715553123998024412e-02 6.112582819270576673e-01 2.711551763745441712e-01
7.400873090743538552e-02 5.224617522284458887e-02 5.737943974998744867e-01 2.999506963698457263e-01
8.236869007906848228e-02 2.702511596169384842e-02 6.482836034832387684e-01 2.423225904759986893e-01
1.108505797177352231e-01 3.314210423006222483e-02 5.791460793587387412e-01 2.768612366934639635e-01
9.845266580533654222e-02 3.017983345564740488e-02 5.800374487113814093e-01 2.913300520276346228e-01
6.457319660178412191e-02 4.161740885187194955e-02 6.210117752905194299e-01 2.727976192558244084e-01
8.429245087320989815e-02 3.805516011519540637e-02 6.500233387131576501e-01 2.276290502984368580e-01
1.206932266660724618e-01 2.297480530501905954e-02 5.424248521509935639e-01 3.139071158779149773e-01
1.056956185925065211e-01 2.909400715036833743e-02 6.088610761937065519e-01 2.563492980634185514e-01
1.120926088449746977e-01 2.623793880560605987e-02 6.094951758329454350e-01 2.521742765164738942e-01
9.748165706525419028e-02 3.520417095924042311e-02 6.308289589396788299e-01 2.364852130358265636e-01
7.623974364860244823e-02 4.447263370186272519e-02 5.510825337695882675e-01 3.282050888799466493e-01
1.254790613785859155e-01 2.790723670692868419e-02 5.738634005525578008e-01 2.727503013619276828e-01
1.013291060735444088e-01 2.900851455613191743e-02 6.424120114688215422e-01 2.272503679015020206e-01
1.039128047867925592e-01 1.747628242625387518e-02 5.710153835415731072e-01 3.075955292453804168e-01
9.679684795661695762e-02 8.898361326015594153e-02 5.637358548926326707e-01 2.504836838905943330e-01
1.076512907351529907e-01 3.536951520814459599e-02 6.535559824670021944e-01 2.034232115897000870e-01
1.034798475034617582e-01 3.347737083814923686e-02 5.843133441216160628e-01 2.787294375367731503e-01
7.905123025216616306e-02 2.700840342214973905e-02 6.425519195070024114e-01 2.513884468186816101e-01
1.365392661103792815e-01 2.605581246356599573e-02 5.699385177059305141e-01 2.674664037201241462e-01
7.784907705409374601e-02 2.472941805313635596e-02 6.747586128514888593e-01 2.226628920412810630e-01
1.030829023440810732e-01 2.421872956694453086e-02 6.261530602751212982e-01 2.465453078138530874e-01
8.718478125619322228e-02 3.769606989868749120e-02 5.908674034442510381e-01 2.842517454008680611e-01
7.274231006257714238e-02 3.133634951795411655e-02 6.487257259515953889e-01 2.471956144678734424e-01
1.308594565646200858e-01 1.843967791616600918e-02 5.859038566076565369e-01 2.647970089115572190e-01
1.257438638399294983e-01 5.667242514712945989e-02 5.664451877621394793e-01 2.511385232508014931e-01
1.107569285961810257e-01 3.212888879588703117e-02 6.133827324826158778e-01 2.437314501253162180e-01
8.545864089899946059e-02 3.281173552785026509e-02 5.810355145811685329e-01 3.006941089919817345e-01
8.050428294182458699e-02 4.720435010494809097e-02 6.220860547055135914e-01 2.502053122477138625e-01
8.425101156219814980e-02 3.530004080039925163e-02 6.038647856544367976e-01 2.765841619829656484e-01
8.646855162702057895e-02 4.551279314834576206e-02 6.285040150575567086e-01 2.395146401670770198e-01
1.330958939515823058e-01 3.026294385093720660e-02 4.883216200992253619e-01 3.483195420982551083e-01
1.158587586413698939e-01 1.278569474028652501e-02 5.478538240659718284e-01 3.235017225523718065e-01
1.111524801515555022e-01 4.890980474701041303e-02 5.868975031957504029e-01 2.530402119056837651e-01
1.109070268964789802e-01 5.835556100168165505e-02 6.174686964153174307e-01 2.132687156865218925e-01
9.494228700314670533e-02 1.283090571177476595e-02 6.427806833346130233e-01 2.494461239504656425e-01
1.187238165503689685e-01 2.734821335658789432e-02 5.968976659086658865e-01 2.570303041843771674e-01
1.221583412906082217e-01 1.624754772395829716e-02 5.574093406621802860e-01 3.041847703232531397e-01
1.159280662647119015e-01 1.978560254350791511e-02 5.816486978936464824e-01 2.826376332981337947e-01
1.281358773325109168e-01 3.870572815676916190e-02 5.606700941470715849e-01 2.724883003636481837e-01
9.827012121133750500e-02 3.142678837333889863e-02 5.684332764596341514e-01 3.018698139556895699e-01
1.019140333470615473e-01 1.762894018967646470e-02 6.466983315380238073e-01 2.337586949252380142e-01
1.080303500514467330e-01 3.173162222939211047e-02 6.675316459332009122e-01 1.927063817859601680e-01
1.335801786971896332e-01 2.661651752312902547e-02 6.052736241441852849e-01 2.345296796354960911e-01
9.313971011919749965e-02 2.700710191512689651e-02 5.889474061648534153e-01 2.909057818008222718e-01
1.202326651505960520e-01 3.503021952399627131e-02 5.484114764161901467e-01 2.963256389092175369e-01
9.891485649953812853e-02 2.712851159345449834e-02 6.234355313533669340e-01 2.505211005536405744e-01
1.104484342891506321e-01 6.123837025026153055e-03 5.676949380817708501e-01 3.157327906040524601e-01
1.010777109177036365e-01 1.610488189162843226e-02 5.219215794283563747e-01 3.608958277623115496e-01
9.016458530587694031e-02 4.992145931058920849e-02 5.652641282356745123e-01 2.946498271478592557e-01
1.152254030997321849e-01 5.523884446743266424e-02 5.681596547519128793e-01 2.613760976809222369e-01
1.083956474217038640e-01 3.227629871071989454e-02 6.184141508648017815e-01 2.409139030027744044e-01
8.628405043669644392e-02 3.376714104948948247e-02 5.638189639630692973e-01 3.161298445507447763e-01
1.160203195418864075e-01 1.759627959259345287e-02 6.018888742103972733e-01 2.644945266551229079e-01
8.363612832887537540e-02 5.094299119026987621e-02 6.094047227674150857e-01 2.560161577134395516e-01
1.061166245476762027e-01 2.874514109186363658e-02 5.648334338205925897e-01 3.003048005398674114e-01
1.023018158565135866e-01 4.738599867715276998e-02 6.230857845800226169e-01 2.272264008863111306e-01
1.260092857953318546e-01 4.075560140620023558e-02 5.686561182611813425e-01 2.645789945372865604e-01
7.708525072152287716e-02 4.936767477940725429e-02 6.036255006638731047e-01 2.699215738351967153e-01
1.266419654092024449e-01 3.051400023620576274e-02 5.927779810967858110e-01 2.500660532578058426e-01
1.279050518437093997e-01 5.362157593592632027e-02 5.534155589315052914e-01 2.650578132888589677e-01
1.271991357432588898e-01 4.483441569099737983e-02 5.466382547567332217e-01 2.813281938090105294e-01
1.051457738463484060e-01 2.269285709741199544e-02 6.298865573955645392e-01 2.422748116606751323e-01
9.477529895193773091e-02 3.660111091398161876e-02 6.020144083254866940e-01 2.666091818085940535e-01
9.488191662475654875e-02 3.236483194199323010e-02 6.363173155676573600e-01 2.364359358655928056e-01
8.372619520426809181e-02 5.163121100045599959e-02 5.652355662255051927e-01 2.994070275697707229e-01
1.124124114761608229e-01 3.639834587880465266e-02 5.900365251017798407e-01 2.611527175432548087e-01
1.388858638090529618e-01 3.435136142060832287e-02 5.461539081757393888e-01 2.806088665945993266e-01
9.783666743480390338e-02 2.694249425537008011e-02 5.613347768350327449e-01 3.138860614747933098e-01
1.038456330210566353e-01 1.914788009542047267e-02 6.091016537112912133e-01 2.679048331722316822e-01
1.370293512368651045e-01 7.133777903964165501e-02 5.015187573893731265e-01 2.901141123341201000e-01
8.585848368342961778e-02 4.595678488265923789e-02 6.068428969759558367e-01 2.613418344579551689e-01
1.150809556746081458e-01 5.852962348361946676e-02 5.591815093907981371e-01 2.672079114509742781e-01
9.298397790206547331e-02 4.476459109381273477e-02 6.520507360704910216e-01 2.102006949336307495e-01
9.053993546396310599e-02 4.361716721996139468e-02 5.727740204844847804e-01 2.930688768315906634e-01
8.428310180926665285e-02 2.415409473591076731e-02 5.976196095321905100e-01 2.939431939226320734e-01
9.866268542959545640e-02 3.584048338178728171e-02 6.188190749245275901e-01 2.466777562640896926e-01
1.216559469988474085e-01 2.836551019568665441e-02 6.035127173027926561e-01 2.464658255026733746e-01
1.156266379864286098e-01 2.969847868355596221e-02 6.028303571894397805e-01 2.518445261405755087e-01
7.228221538886191178e-02 2.895486755752454608e-02 5.878183541439744308e-01 3.109445629096389552e-01
1.097927981966754507e-01 3.446935586537950430e-02 6.290842511765086797e-01 2.266535947614363444e-01
9.778686667538508126e-02 3.556997111237728687e-02 5.769122398024982834e-01 2.897309224097392444e-01
1.007295452797114382e-01 2.836930347314005688e-02 5.795391708914146012e-01 2.913619803557337962e-01
7.864292442629820801e-02 2.057402728171821640e-02 6.451854826071909965e-01 2.555975656847925825e-01
9.691102310250915286e-02 2.518492876436149649e-02 6.335540749803746374e-01 2.443499731527547514e-01
1.089470178139584772e-01 5.685697086756818369e-02 5.463236256228580778e-01 2.878723856956152405e-01
8.120614027447754790e-02 3.991267575261350786e-02 5.847944255142311087e-01 2.940867584586778771e-01
9.514930829362740206e-02 4.265172777915383212e-02 5.719158075434914723e-01 2.902831563837273698e-01
9.186982129431468802e-02 4.502543087840559649e-02 6.466241652461570677e-01 2.164805825811225437e-01
9.665782161531796812e-02 3.843722925091412612e-02 6.255423591320133925e-01 2.393625900017544994e-01
1.048449312469517253e-01 3.016376628065521592e-02 6.142491478692886364e-01 2.507421546031043946e-01
1.196500528967308907e-01 3.332380404154399595e-02 5.814714149236215324e-01 2.655547281381036018e-01
8.966388152924710531e-02 3.446479670744120871e-02 6.261399258648376875e-01 2.497313958984739291e-01
1.012821051199521150e-01 2.774510027639434662e-02 5.973014704489875148e-01 2.736713241546660513e-01
8.570220633867317583e-02 2.621814381124824844e-02 5.869817051789613105e-01 3.010979446711173901e-01
1.182197060756199625e-01 2.774227993823272578e-02 6.285997646760396185e-01 2.254382493101077245e-01
7.666524046482547927e-02 2.538216243795361413e-02 6.405384949703344377e-01 2.574141021268864793e-01
1.045778105071168279e-01 1.628826190552789405e-02 5.784448991088678715e-01 3.006890284784874967e-01
9.642372646958873028e-02 3.396089331286131219e-02 5.859138941886590235e-01 2.837014860288908924e-01
9.896830286670087184e-02 3.097716617026967378e-02 6.214312520056138878e-01 2.486232789574155111e-01
1.348849695038485119e-01 2.425393905791828342e-02 6.204399179005398723e-01 2.204211735376933601e-01
9.278291483203603141e-02 4.200589971091021196e-02 5.819121883693543218e-01 2.832989970876994557e-01
8.518602676549111297e-02 2.327966820427276873e-02 6.065739331587158834e-01 2.849603718715202905e-01
9.471391839418455416e-02 6.460730891931888709e-02 5.645746235493143139e-01 2.761041491371821199e-01
1.095431377826903280e-01 1.060547253391392469e-02 5.991520160981765875e-01 2.806993735852192362e-01
9.182469710134520680e-02 3.202044949572630667e-02 6.293507639805304699e-01 2.468040894223981208e-01
1.148081874676680630e-01 5.304895627016702891e-02 5.901578811090003596e-01 2.419849751531645554e-01
1.256128586914276868e-01 3.392099899295747401e-02 6.284829275964982642e-01 2.119832147191165750e-01
6.516544810171279178e-02 1.632447458069987214e-02 6.359259942733769266e-01 2.825840830442105100e-01
1.266062909246090107e-01 2.725711949670784479e-02 5.708233053378164445e-01 2.753132842408665959e-01
1.148440864390324473e-01 4.656986128641178030e-02 5.903754954524390586e-01 2.482105568221167069e-01
1.404374084711206838e-01 2.850302035950339624e-02 5.387156215279030880e-01 2.923439496414728112e-01
1.155250269302404431e-01 4.763663945687202084e-02 5.617772199377244480e-01 2.750611136751630603e-01
9.880214070194795473e-02 2.230158419178312687e-02 6.225059408254615123e-01 2.563903342808073749e-01
1.163893506701475788e-01 2.637282547099254609e-02 5.754323597017764191e-01 2.818054641570835184e-01
1.042510183888036568e-01 3.611895289635205092e-02 5.905530091798244507e-01 2.690770195350199456e-01
7.732301905392052754e-02 5.157012347115484674e-02 5.823155252799171455e-01 2.887913321950074108e-01
1.290981928498222686e-01 3.561343820448295561e-02 5.839805051320950957e-01 2.513078638135996523e-01
1.037393099949703995e-01 4.476185281479788669e-02 5.587058468039157733e-01 2.927929903863159544e-01
9.154268114103637777e-02 3.522668170214491440e-02 5.845678489463854710e-01 2.886627882104333409e-01
1.114371921695603423e-01 3.220609850916322098e-02 6.127115634442806824e-01 2.436451458769957612e-01
8.788521084009870421e-02 3.200042200337159526e-02 6.214636315053349014e-01 2.586507356511947853e-01
1.044462356681535725e-01 2.401973559978694966e-02 6.048226103259550790e-01 2.667114184061044613e-01
1.083545612527947732e-01 4.504425166834100797e-02 5.828807618446462113e-01 2.637204252342180699e-01
1.291578452984332437e-01 4.815031805610298088e-02 5.281923467559890284e-01 2.944994898894747193e-01
1.309471559530316076e-01 2.099313262071105662e-02 5.771330077033683947e-01 2.709267037228889063e-01
1.162116076473993787e-01 1.223818262044882796e-02 6.263097977672217320e-01 2.452404119649300163e-01
8.829641419253063395e-02 4.722787310751432738e-02 5.374155897788837066e-01 3.270601229210715055e-01
9.168859290697645159e-02 2.809121567871944100e-02 5.969706312928112490e-01 2.832495601214928826e-01
8.827923841333143451e-02 3.807657678319804895e-02 6.054882746485157341e-01 2.681559101549548241e-01
9.709429726576283837e-02 1.663347749772083745e-02 6.226353484265298999e-01 2.636368768099865423e-01
7.469276150514859991e-02 2.121869697862389242e-02 6.095934527624233823e-01 2.944950887538039241e-01
1.115705634145631592e-01 2.329118828775314509e-02 6.072095211003828430e-01 2.579287271973008111e-01
1.393259228159329510e-01 2.097468023536485857e-02 5.773383844070083537e-01 2.623610125416936389e-01
1.154692052001866642e-01 2.573896593380670464e-02 5.656613497474102248e-01 2.931304791185964653e-01
8.776492542778181749e-02 2.117732324490516349e-02 6.294485180996173268e-01 2.616092332276955812e-01
9.056140603622794827e-02 2.264605293804297648e-02 6.260500519768233962e-01 2.607424890489057345e-01
1.115125693305932530e-01 1.253452213101165919e-02 6.194398006610024598e-01 2.565131078773926765e-01
9.991263258461979824e-02 3.932260227124243640e-02 6.585459005814284783e-01 2.022188645627092107e-01
1.136349515406903793e-01 4.857994159113810523e-02 5.901318000657916896e-01 2.476533068023798467e-01
9.584000814749850383e-02 1.603184305381027269e-02 6.591910674446384011e-01 2.289370813540527461e-01
1.224782667839909023e-01 2.605259431526422628e-02 6.350131339749220949e-01 2.164560049258228147e-01
1.004338003997985729e-01 4.127795216558089592e-02 5.722668519249516361e-01 2.860213955096689298e-01
9.231940731116995702e-02 4.383711523680500904e-02 5.639516301359455142e-01 2.998918473160795406e-01
1.000475394454948402e-01 3.438473998120532282e-02 5.930527962751765969e-01 2.725149242981235176e-01
1.185539033887445248e-01 2.035377544877144465e-02 6.018434697906424047e-01 2.592488513718415044e-01
8.369923459257849752e-02 4.110822214237287026e-02 6.102681101136153696e-01 2.649244331514332695e-01
1.197767053338240628e-01 3.176821977096318250e-02 5.957043757009268248e-01 2.527506991942858883e-01
7.460284032741047733e-02 3.493103647978110238e-02 6.377275235102859430e-01 2.527385996825224912e-01
6.856665342170356614e-02 2.764982414494396995e-02 6.230343607231846326e-01 2.807491617101677828e-01
1.054954326014022337e-01 1.632080539539925573e-02 6.011164613598429796e-01 2.770673006433553853e-01
1.175028049677743353e-01 2.085459324378615212e-02 6.057376665871720967e-01 2.559049352012675027e-01
7.030435727153816483e-02 3.137170520690467368e-02 6.440495898990044044e-01 2.542743476225528543e-01
7.231268794651253551e-02 6.493593988035332998e-02 6.511211855943355165e-01 2.116301865787986736e-01
9.002998949691576325e-02 2.006310144678981333e-02 5.934129703888612051e-01 2.964939386674332877e-01
1.109244260585391662e-01 1.793673066953808612e-02 5.839447614337116566e-01 2.871940818382109351e-01
1.021298709522196757e-01 3.551573962485594232e-02 5.699091615990493631e-01 2.924452278238751091e-01
9.136594270045302058e-02 3.299132738455549940e-02 5.880874533955494643e-01 2.875552765194419602e-01
9.281904996191053803e-02 3.458568122813356072e-02 5.846055434646946214e-01 2.879897253452612382e-01
1.271655372643050730e-01 3.945921413489746066e-02 6.256785602034485860e-01 2.076966883973490330e-01
1.101546776676593647e-01 2.839345576564637069e-02 6.236349593574700423e-01 2.378169072092242986e-01
9.059323726589266212e-02 4.386136657843230091e-02 6.066912068174530326e-01 2.588541893382220738e-01
1.018475606389133981e-01 6.333647639269991692e-02 5.829227733332690287e-01 2.518931896351178645e-01
1.341212914718721838e-01 1.592471596653320665e-02 6.005485023251828647e-01 2.494054902364117310e-01
7.621519768116251370e-02 3.242364387602547637e-02 5.723785940585883747e-01 3.189825643842236769e-01
1.045664224905187567e-01 6.122832968849705598e-02 5.608856905369615786e-01 2.733195572840225740e-01
6.023490440941592361e-02 3.932387406157234616e-02 6.357667256202561568e-01 2.646744959087555804e-01
1.151753790141080702e-01 3.327135954372901355e-02 5.430252837526527987e-01 3.085279776895099579e-01
7.667672886438797741e-02 3.276774067777359079e-02 6.218455057496889982e-01 2.687100247081494198e-01
9.727150617996678517e-02 2.516249713389072384e-02 6.336649742671501828e-01 2.439010224189923914e-01
8.980344010163958390e-02 2.039744910195716646e-02 5.779131241236779015e-01 3.118859866727254349e-01
9.877028975396302812e-02 2.561937821060314771e-02 5.668012633046729531e-01 3.088090687307608051e-01
1.000561187893475867e-01 4.621141966219901448e-02 6.116900185641814813e-01 2.420424429842719105e-01
1.093635067513667042e-01 4.619778995626227375e-02 5.815986709140713584e-01 2.628400323782996151e-01
9.799622935317106598e-02 2.419131291229064881e-02 6.036334612032032698e-01 2.741789965313351507e-01
9.479309971913156552e-02 2.307710195255156457e-02 6.083284157035457884e-01 2.738013826247711058e-01
9.420770877196009419e-02 5.745690855532769453e-02 6.041975051504473448e-01 2.441378775222648456e-01
1.038145749553751468e-01 9.279367676583084867e-03 5.996513590355334600e-01 2.872546983325081627e-01
1.394300175914753304e-01 2.410974784194447676e-02 5.308067215330545263e-01 3.056535130335257811e-01
1.197935400072707435e-01 2.421779746486651605e-02 5.827682543484272726e-01 2.732204081794353812e-01
9.992999625260670649e-02 3.994108700162424253e-02 5.822367904034269070e-01 2.778921263423420052e-01
1.332892836424086347e-01 3.198117795253816592e-02 5.685465279452693865e-01 2.661830104597838198e-01
8.020179619424896988e-02 4.117137104921750335e-02 5.930838593333271902e-01 2.855429734232063366e-01
8.202469153451862061e-02 3.240149438832142653e-02 5.949298543932907135e-01 2.906439596838693018e-01
9.643528566429629412e-02 4.487903866851115919e-02 5.956406633654343086e-01 2.630450123017581410e-01
9.314942203725996850e-02 3.258785816769679128e-02 6.143832929441918056e-01 2.598794268508515803e-01
1.048839394280013382e-01 3.110440753164150224e-02 5.381511370877171130e-01 3.258605159526399841e-01
6.211599466011531040e-02 3.802413232022192058e-02 5.783209854143497308e-01 3.215388876053129064e-01
7.556615768720324755e-02 2.588500640807772646e-02 5.789828954547109330e-01 3.195659404500081346e-01
1.116811467362107124e-01 2.612873750001580911e-02 5.710362150827777983e-01 2.911539006809955588e-01
7.972146121275276720e-02 4.591795931788717616e-02 5.757244139309153352e-01 2.986361655384445757e-01
1.048611490182341233e-01 3.071520152063295095e-02 6.055106978568303155e-01 2.589129516043024992e-01
1.199482355516108129e-01 3.540035042167176405e-02 6.067149942099132609e-01 2.379364198168041344e-01
8.953139118187079804e-02 4.506429787906349183e-02 6.001509745622159997e-01 2.652533363768497243e-01
1.011648544070603839e-01 2.708540767584061842e-02 6.011765719024037002e-01 2.705731660146952766e-01
9.520728385507504221e-02 2.997905711186583597e-02 5.857368361844080829e-01 2.890768228486508828e-01
8.936816766544740387e-02 3.023618249484090817e-02 5.976510383118616154e-01 2.827446115278500760e-01
1.196562263494518746e-01 2.778758883048388501e-02 6.077788963305529313e-01 2.447772884895113021e-01
1.108255257546704453e-01 2.480493889397326554e-02 5.857473699880931806e-01 2.786221653632631745e-01
8.504997556349776222e-02 3.370711015950440120e-02 6.183041456357591947e-01 2.629387686412386627e-01
1.003837467669590755e-01 2.796728387105872071e-02 6.371208170179738506e-01 2.345281523440082561e-01
9.040062973051608830e-02 2.968417769604951920e-02 6.040880786179209094e-01 2.758271139555134033e-01
1.010685752453944347e-01 3.745007598847815977e-02 6.015957240907489068e-01 2.598856246753785681e-01
1.061807637263244286e-01 4.857190900321523008e-02 5.749404367622278356e-01 2.703068905082326445e-01
1.138174225067339618e-01 3.976536994178513779e-02 5.735382395415309364e-01 2.728789680099500403e-01
1.079286949702338294e-01 1.687207488363298355e-02 6.236069031490285575e-01 2.515923269971046539e-01
8.710692155476679188e-02 3.169511265100653091e-02 5.929200785028794218e-01 2.882778872913474011e-01
1.262211685568318809e-01 3.413157737428932498e-02 5.638860788937802848e-01 2.757611751750985163e-01
1.138116023834262747e-01 1.827908771055288678e-02 5.803980320502698520e-01 2.875112778557510906e-01
1.253386994929626685e-01 2.035383901654753622e-02 6.001011989430272697e-01 2.542062625474625914e-01
1.499392821845131063e-01 2.129949557414864691e-02 5.784846061098092296e-01 2.502766161315289062e-01
1.354946689965834394e-01 2.662512085005584381e-02 5.451245270988069880e-01 2.927556830545538502e-01
1.076052630744504524e-01 2.710383121629517111e-02 5.949823208179366718e-01 2.703085848913177602e-01
1.055607934843303675e-01 1.275340367132326430e-02 6.041205536450440228e-01 2.775652491993024218e-01
1.343122174705104477e-01 2.159356962406963620e-02 5.987654060405668277e-01 2.453288068648531717e-01
1.031411565608099240e-01 3.449634271736062852e-02 6.318872825015116046e-01 2.304752182203178845e-01
1.079681817096909136e-01 3.240761759197066660e-02 6.036388586317774640e-01 2.559853420665609836e-01
1.323982351104585342e-01 2.237568900827117263e-02 6.377836026900729482e-01 2.074424731911974351e-01
1.063095870329612141e-01 2.493208712560170126e-02 5.648650571520248409e-01 3.038932686894122992e-01
1.209044774803766931e-01 1.924672710452511593e-02 6.117855666302122186e-01 2.480632287848860695e-01
1.318938619624493436e-01 2.527467843669058481e-02 5.445125236275519809e-01 2.983189359733080526e-01
8.080630138838415522e-02 3.008058580573085006e-02 6.340746008963279445e-01 2.550385119095570641e-01
9.269281708931448316e-02 4.304597477333628464e-02 6.282864841050660454e-01 2.359747240322830619e-01
9.230402541319290832e-02 4.332585604558347042e-02 5.643748362777760708e-01 2.999952822634474603e-01
1.026844072663138652e-01 2.575317118669675706e-02 5.719943083244000137e-01 2.995681132225893606e-01
7.309077749512941924e-02 1.935606122789973807e-02 6.583988800619731130e-01 2.491542812149977193e-01
1.045686432308190195e-01 4.216277586146593981e-02 5.858959975103987805e-01 2.673725833973163990e-01
8.884980740126098564e-02 2.811669924735932247e-02 6.673059002102782467e-01 2.157275931411014869e-01
8.670721070335191127e-02 2.324220245768066073e-02 5.652521449580789614e-01 3.247984418808885776e-01
9.810619322264743647e-02 3.116539387828182878e-02 6.231074361897764868e-01 2.476209767092941716e-01
1.005644686451530462e-01 3.105709276619863027e-02 5.891071157182387052e-01 2.792713228704095108e-01
1.157182884269896683e-01 4.643509152787005101e-02 5.514266923706387935e-01 2.864199276745014178e-01
1.118385877514528892e-01 2.961589774552372129e-02 5.626339428180739954e-01 2.959115716849494149e-01
1.167569435356950042e-01 4.039451704201113547e-02 5.901211391221081737e-01 2.527274003001855895e-01
1.102569559563469220e-01 2.018377726380691378e-02 5.869285546982015989e-01 2.826307120816446417e-01
7.896157461757316587e-02 2.597108206992173110e-02 6.034434676542683729e-01 2.916238756582366087e-01
9.773488232244219309e-02 3.441132475295748810e-02 5.914530748705992824e-01 2.764007180540010156e-01
9.513087312728404910e-02 4.642405130804721364e-02 5.841220529843351716e-01 2.743230225803334754e-01
1.414925622079985790e-01 4.382149406121615964e-02 5.379599836276830471e-01 2.767259601031020755e-01
9.113752148661691255e-02 3.479342304892012183e-02 6.493519108340805035e-01 2.247171446303825593e-01
9.040764750342582257e-02 5.870086532270546269e-03 6.112553340558821713e-01 2.924669319084214347e-01
8.978039772099713489e-02 4.043936800697982975e-02 5.991266635248484462e-01 2.706535707471744434e-01
8.627041221928782866e-02 5.650679564021473394e-02 6.059384630530517679e-01 2.512843290874456348e-01
1.369990637393825872e-01 4.512672316594186495e-02 5.631110181422990246e-01 2.547631949523765371e-01
8.372967534818802349e-02 4.425020624071507314e-02 6.156026051027181367e-01 2.564175133083789193e-01
9.040241840462888423e-02 4.564320711269159725e-02 5.851448017428712012e-01 2.788095727398084978e-01
1.259593206969403800e-01 3.542645485505346165e-02 5.633229173539776591e-01 2.752913070940284923e-01
1.000468817238109459e-01 2.750768633265811974e-02 6.360368139126049147e-01 2.364086180309259155e-01
6.853564401108133697e-02 4.117551132553482623e-02 6.165856091008734552e-01 2.737032355625102498e-01
1.087991104494967776e-01 6.416048512132022097e-02 5.345428907721017087e-01 2.924975136570813761e-01
8.032800560532345202e-02 3.682888342743993737e-02 5.695945196071666716e-01 3.132485913600699390e-01
1.037283936472370161e-01 2.120235248983791398e-02 5.950700895028008253e-01 2.799991643601241198e-01
8.675177260819885716e-02 2.358266334479824228e-02 6.259126447980399854e-01 2.637529192489631025e-01
7.929456996638860333e-02 2.620695967981485561e-02 5.923246666761686763e-01 3.021738036776279723e-01
1.113297020672884136e-01 3.452607818448997362e-02 6.221892952012425537e-01 2.319549245469790522e-01
1.183965346443795197e-01 3.534144758467555603e-02 6.065704532291228412e-01 2.396915645418219998e-01
1.024676084705677254e-01 1.965979587486678740e-02 6.289793790670077378e-01 2.488932165875577252e-01
1.030321701579941518e-01 2.863700877372807319e-02 6.033804695914822824e-01 2.649503514767956869e-01
8.830658683510958507e-02 4.559124679061215407e-02 5.685576996309441578e-01 2.975444667433341239e-01
9.023373831278221069e-02 5.031468224051902083e-02 6.376238173158738087e-01 2.218277621308248071e-01
1.037478820017643660e-01 4.886776256944837943e-02 5.882080284739518161e-01 2.591763269548353898e-01
1.162540480572097079e-01 3.805646574803697724e-02 5.999513329776838821e-01 2.457381532170694882e-01
1.034100012899418081e-01 2.171247913889773687e-02 5.875725966326421634e-01 2.873049229385182257e-01
9.795584581337353491e-02 3.225224489255363453e-02 6.267534099189515651e-01 2.430384993751212863e-01
8.480445045985281205e-02 2.631354033762612829e-02 6.617859717696418231e-01 2.270960374328793996e-01
9.421741132690006348e-02 3.730726049497987834e-02 6.049915625762041227e-01 2.634837656019158314e-01
8.709577962145383101e-02 3.530189605894244742e-02 5.569779519285946723e-01 3.206243723910091048e-01
8.563791157825623168e-02 2.588986374669994400e-02 6.388746663516307045e-01 2.495975583234132933e-01
1.030612166137103158e-01 2.433135913395314404e-02 6.299902976394252674e-01 2.426171266129114323e-01
1.165521772253717558e-01 1.895487575058637381e-02 6.095266049851227885e-01 2.549663420389191026e-01
8.588255129698306456e-02 3.298638022212110887e-02 6.337050938234475295e-01 2.474259746574482832e-01
1.040522619956298217e-01 3.382530900720348566e-02 6.241747812122373507e-01 2.379476477849293281e-01
9.945392064922210784e-02 3.076673941460033451e-02 5.842677391705007883e-01 2.855116007656767763e-01
1.072937784791500732e-01 3.709044274089050297e-02 6.153113244356270828e-01 2.403044543443322578e-01
1.123582479276037799e-01 4.523141834635514835e-02 5.590060031237451543e-01 2.834043306022959174e-01
1.054197500760808703e-01 2.666221379753174608e-02 5.728330351426594858e-01 2.950850009837279742e-01
1.270489409291988003e-01 3.503942181227450575e-02 5.990580532342489883e-01 2.388535840242778652e-01
7.826540445598373363e-02 2.589249188145893721e-02 6.476193619441490412e-01 2.482227417184081353e-01
8.638831974164107308e-02 4.544349546640485266e-02 5.633918908004695858e-01 3.047762939914843705e-01
9.730758595774542663e-02 3.015814081305297212e-02 5.926610769237832255e-01 2.798731963054183480e-01
1.042879290326489267e-01 3.204626128480407565e-02 6.045871400211336733e-01 2.590786696614134632e-01
1.069248999166995812e-01 2.066634992568954637e-02 6.075483773571890289e-01 2.648603728004219615e-01
8.062351334735587405e-02 1.999285393814295361e-02 6.343877947914778881e-01 2.649958379230232808e-01
1.290856671940310840e-01 1.203884263152226256e-02 5.728316307025489440e-01 2.860438594718976435e-01
1.003601686353538525e-01 3.059647332255356275e-02 5.964930677281264915e-01 2.725502903139662148e-01
1.322664762037872865e-01 3.055156067501010875e-02 6.176782678933299131e-01 2.195036952278726083e-01
1.210807647881662619e-01 2.905124093296785823e-02 5.656980443365184907e-01 2.841699499423475661e-01
9.362523488308359398e-02 2.455543887409163128e-02 6.439757550475527781e-01 2.378435711952719689e-01
1.292277806510222782e-01 3.570080564091447639e-02 5.507436691572803467e-01 2.843277445507828016e-01
1.001906238912017993e-01 4.063151184945746480e-02 5.817909633895890220e-01 2.773869008697516514e-01
7.570733559130114754e-02 1.898242075756423342e-02 6.277358430789873323e-01 2.775744005721472174e-01
1.130886108468539958e-01 2.311990650293355501e-02 6.343785090445379637e-01 2.294129736056745861e-01
8.001515474889633883e-02 1.994557120709389633e-02 6.203541212032250840e-01 2.796851528407847676e-01
1.669075808720291154e-01 4.257640812360679455e-02 5.347552070353364106e-01 2.557608039690277280e-01
1.060610043724120322e-01 3.411473909743793775e-02 6.280076321407946915e-01 2.318166243893553247e-01
1.216303069255863650e-01 2.404724083740262044e-02 5.816879583412141175e-01 2.726344938957970254e-01
6.549147679488508123e-02 2.804950315104529426e-02 6.104467309104220085e-01 2.960122891436477444e-01
1.041223772142314263e-01 5.142846207560043681e-02 5.716572879218152492e-01 2.727918727883528738e-01
1.120308422264141984e-01 2.755504763515369965e-02 6.022965112196418946e-01 2.581175989187899367e-01
9.937221590490581680e-02 2.110297816855323180e-02 6.684291200029419677e-01 2.110956859235989802e-01
9.393387661638726016e-02 2.208340706959218205e-02 6.024844868807569531e-01 2.814982294332635249e-01
1.031607724188812747e-01 2.632786247868551185e-02 6.588858848544577596e-01 2.116254802479755059e-01
1.083167903136081078e-01 3.951999450177455520e-02 6.234703269864989572e-01 2.286928881981184214e-01
6.555993160761426630e-02 2.890155447532667329e-02 6.383206804027914405e-01 2.672178335142675887e-01
1.006657288743357109e-01 4.007211315394939438e-02 6.482126953855188445e-01 2.110494625861961127e-01
1.518517209110406552e-01 2.368822758244120558e-02 6.255359358292091887e-01 1.989241156773089714e-01
1.012468226649760467e-01 4.546887593616211198e-02 6.034642013904412128e-01 2.498201000084205869e-01
1.262056079634263361e-01 2.536373241031030998e-02 5.977932857522327836e-01 2.506373738740305113e-01
9.544602456142615987e-02 2.980370518885686743e-02 6.361589103392398803e-01 2.385913599104772242e-01
1.194203970094988160e-01 3.430195143964581694e-02 5.552911916274271276e-01 2.909864599234283089e-01
8.515873497085751920e-02 3.652595774315375854e-02 6.198118078188366020e-01 2.585034994671520092e-01
1.469164430312366321e-01 1.873429849512930900e-02 5.615375058696319144e-01 2.728117526040019780e-01
7.889360539352804902e-02 2.176422235619132964e-02 6.081167886720052485e-01 2.912253835782753764e-01
7.972983019810299388e-02 3.730949469437495891e-02 5.589013439212190404e-01 3.240593311863029791e-01
8.773491430211634301e-02 3.485757118563255486e-02 6.047691261719448930e-01 2.726383883403062924e-01
1.178628643166129003e-01 2.807548773141339479e-02 5.937064332955195312e-01 2.603552146564542813e-01
1.045493152299825923e-01 2.231301796826670389e-02 6.096119335538483508e-01 2.635257332479023495e-01
1.235391706729042360e-01 2.319880817547531268e-02 6.110778842600803618e-01 2.421841368915401693e-01
9.179999162991599182e-02 2.037783574433589193e-02 6.492244706588253811e-01 2.385977019669228705e-01
1.009418132065652562e-01 2.034545526031747084e-02 5.951044925709273459e-01 2.836082389621899513e-01
8.372727927721582142e-02 4.924220554956749984e-02 6.148626219680217719e-01 2.521678932051948929e-01
1.216843311697525243e-01 3.648400097194067632e-02 5.635734992186385295e-01 2.782581686396681797e-01
1.242683119512755507e-01 2.205931469858465888e-02 6.173567020207840761e-01 2.363156713293555755e-01
7.442617215505431538e-02 2.515178310250807542e-02 6.048316238833196801e-01 2.955904208591179638e-01
9.827581039126126461e-02 2.841042042458532743e-02 6.323249917604764070e-01 2.409887774236769697e-01
1.052848120188809578e-01 1.053662305335306519e-02 5.890794819866944643e-01 2.950990829410715111e-01
9.553814978326750917e-02 4.495058430884042722e-02 6.051549565693278288e-01 2.543563093385642349e-01
1.126994742064300753e-01 1.906391946923577385e-02 6.097382071204154874e-01 2.584983992039186496e-01
1.136805297247463487e-01 1.582221932760095526e-02 6.575885476365467275e-01 2.129087033111059513e-01
1.037216563282280929e-01 2.986012428044292066e-02 5.679053787079884064e-01 2.985128406833404413e-01
1.014324485399722559e-01 2.469366661003995211e-02 6.321903068182037622e-01 2.416835780317839466e-01
9.433695444296046062e-02 2.500688921768619982e-02 5.995685774677822488e-01 2.810875788715710422e-01
9.390126577854895906e-02 3.215283645485068204e-02 6.024542345809874577e-01 2.714916631856129081e-01
1.020662963411252816e-01 2.246303958482474480e-02 6.494938839644766038e-01 2.259767801095733941e-01
1.390485068959982640e-01 3.659299773936278144e-02 6.100496634767940130e-01 2.143088318878449416e-01
9.772248912668056453e-02 2.154827950489842867e-02 6.072804692389044412e-01 2.734487621295165760e-01
1.151883514446708917e-01 3.944753912739691615e-02 6.197208977567252308e-01 2.256432116712070168e-01
1.293267602387807858e-01 2.553288630897821224e-02 5.768044989929262956e-01 2.683358544593147377e-01
1.054637646234771881e-01 6.718465494301205376e-02 6.263129526241406619e-01 2.010386278093700130e-01
1.331197775299857999e-01 3.192505916549768369e-02 5.749641543361109219e-01 2.599910089684056569e-01
7.453750213002754976e-02 3.903312831879962586e-02 6.272779171284239563e-01 2.591514524227487293e-01
1.192949863695568352e-01 4.879602985113551394e-02 6.106015404215696663e-01 2.213074433577380540e-01
6.707038980483628898e-02 2.291532995810993678e-02 6.180486856659704875e-01 2.919655945710832312e-01
1.449052118924869514e-01 4.386284695497012776e-02 5.220275548242868657e-01 2.892043863282560689e-01
9.294555995427097872e-02 4.370880410145182304e-02 6.047773396216700181e-01 2.585682963226070830e-01
8.555389839546585773e-02 3.093427263843183742e-02 6.120792080624383180e-01 2.714326209036638793e-01
8.919167334815962522e-02 1.945102392022428003e-02 6.510327360587992995e-01 2.403245666728166252e-01
9.274440329464775368e-02 5.037216021559928758e-02 5.797589794406341479e-01 2.771244570491188663e-01
1.433630416031889676e-01 4.335205810355705069e-02 5.139431241918002158e-01 2.993417761014536826e-01
1.031984468489790530e-01 3.494199777417104913e-02 5.468858557344616900e-01 3.149736996423882496e-01
1.051286608780551135e-01 2.804546512194117103e-02 5.346792456732875065e-01 3.321466283267163755e-01
9.214766132705720647e-02 1.845549077166809548e-02 6.204046894123705913e-01 2.689921584889041206e-01
1.148167347461162419e-01 2.353642812935974327e-02 5.531010144484085345e-01 3.085458226761154110e-01
9.170142524725211075e-02 2.393131115567530276e-02 6.531035809007583737e-01 2.312636826963142267e-01
9.366765290063665261e-02 3.279387089017495038e-02 5.774780233653482586e-01 2.960604528438401939e-01
9.802998066472130845e-02 2.278169853193639377e-02 6.822511793677589198e-01 1.969371414355833017e-01
1.193769580266459546e-01 4.133822828581795727e-02 5.828356695650681596e-01 2.564491441224678869e-01
1.361392925680841304e-01 4.496926412018550923e-02 5.768819261480958582e-01 2.420095171636345022e-01
9.103090607353764296e-02 4.732505332163576550e-02 5.743904027224010500e-01 2.872536378824255832e-01
8.907885556412005468e-02 2.710822483260953014e-02 5.877318638637899495e-01 2.960810557394803477e-01
1.423328822995459930e-01 2.918049548166652338e-02 5.831870849810384394e-01 2.452995372377491101e-01
7.022202980919221849e-02 2.405810471191571764e-02 6.575175858760340386e-01 2.482022796028580947e-01
9.279281324612129178e-02 1.757688715785203290e-02 6.197277873368782775e-01 2.699025122591484083e-01
6.909504584165916674e-02 4.065206959220729610e-02 5.822690479613398251e-01 3.079838366047937259e-01
1.015825000977477743e-01 1.723992438736101154e-02 6.060018291374059674e-01 2.751757463774853196e-01
9.517217988381675153e-02 2.551168569702020814e-02 5.815880066746482724e-01 2.977281277445148477e-01
1.336071908947863984e-01 1.990701789704342126e-02 5.767053159350593594e-01 2.697804752731106648e-01
9.209630519379460867e-02 5.471355177294855848e-02 6.467365967737737087e-01 2.064535462594832005e-01
1.225998221417137768e-01 4.324353744496028246e-02 5.770437979708484821e-01 2.571128424424773962e-01
1.339190544154919005e-01 2.586940582179782580e-02 5.939912325709233443e-01 2.462203071917868913e-01
9.453387468461778298e-02 2.554042431136996361e-02 5.434642143919152790e-01 3.364614866120971270e-01
1.055367924522679496e-01 1.650187665961221073e-02 5.903819221001660456e-01 2.875794087879537386e-01
1.480935939501423493e-01 3.742649650364613528e-02 5.954983485627366457e-01 2.189815609834749321e-01
1.133693507927119731e-01 2.557251066742725204e-02 5.879471914642528940e-01 2.731109470756077906e-01
8.168458021769560429e-02 3.443185659362410500e-02 6.049264333824324602e-01 2.789571298062478721e-01
1.303220718993272076e-01 1.012822527363191859e-02 5.947085630675824630e-01 2.648411397594582217e-01
1.041572832485216371e-01 4.178120015066099507e-02 5.816497753644971347e-01 2.724117412363203372e-01
7.824085576601817749e-02 4.609444752608073820e-02 6.335834653625086466e-01 2.420812313453923892e-01
9.803680530470626486e-02 3.216542149997237560e-02 5.973630355936478953e-01 2.724347376016734157e-01
1.363958149385432195e-01 3.803719025560105965e-02 5.966796666735745269e-01 2.288873281322810482e-01
1.432552121225600938e-01 5.390514303290099007e-02 4.980557945988791091e-01 3.047838502456596266e-01
1.063991514074747180e-01 2.690604092357604116e-02 5.956150926549806934e-01 2.710797150139685474e-01
8.037456610314985817e-02 2.099137625922494615e-02 6.385345425382145113e-01 2.600995150994105942e-01
1.021090503500386160e-01 3.624068591597035677e-02 6.169694604702103957e-01 2.446808032637807495e-01
9.397360652177977336e-02 3.620125223810838344e-02 6.461664839915717273e-01 2.236586572485400604e-01
9.973520680381879611e-02 4.084834943090547010e-02 5.889944963580693305e-01 2.704219474072062646e-01
1.012099255388191205e-01 4.034153019194821471e-02 5.543376327541432724e-01 3.041109115150893993e-01
1.112452798161713829e-01 3.163964226236237048e-02 5.760214291227553352e-01 2.810936487987108490e-01
1.033686607355673859e-01 2.696861341631955414e-02 6.210033025690786523e-01 2.486594232790345083e-01
9.695302013990096668e-02 1.655931057500959619e-02 5.845118245553054814e-01 3.019758447297840598e-01
1.070457770503891182e-01 3.886026700049569765e-02 6.053583769791607283e-01 2.487355789699544351e-01
1.010624152258924741e-01 2.188255172937845702e-02 6.600911073448513244e-01 2.169639256998777410e-01
1.168762760972048564e-01 1.970423541767893708e-02 6.516454349732041518e-01 2.117740535119120582e-01
1.133896929149729865e-01 2.547316815114551714e-02 5.985296834331443883e-01 2.626074555007372191e-01
