9.206520027687252472e-02 6.041283072717856806e-02 1.527408675068402666e-01 6.947811014891085435e-01
1.048646724945795361e-01 5.496327980096317456e-02 1.321111921551464674e-01 7.080608555493108636e-01
1.057566881485493687e-01 3.714868645204272291e-02 1.533214572254441022e-01 7.037731681739638478e-01
1.115952878725459951e-01 1.124691744159780071e-01 1.649491605849995324e-01 6.109863771264764098e-01
7.928454016145758398e-02 9.893606763937537463e-02 1.708942582847934599e-01 6.508851339143736370e-01
9.715706155104829322e-02 5.163974214016902459e-02 1.668349337213507755e-01 6.843682625874317749e-01
8.875864673337940935e-02 6.967433353140904673e-02 1.297130400163560293e-01 7.118539797188555562e-01
1.085865667725924855e-01 6.309920028198257036e-02 1.904720083812866671e-01 6.378422245641383048e-01
6.440310695617826320e-02 1.154193384749768042e-01 1.814012107017634046e-01 6.387763438670814864e-01
1.038356627378042851e-01 5.451298833874940186e-02 1.934902636998713510e-01 6.481610852235749620e-01
1.070343512729462210e-01 9.032270418854640437e-02 1.608520145011773095e-01 6.417909300373301207e-01
7.913445705718370748e-02 7.922719842817167735e-02 1.448596671715183803e-01 6.967786773431263736e-01
1.047078056055613798e-01 7.890335859273328589e-02 1.676920889190522679e-01 6.486967468826529970e-01
1.175203713740792244e-01 6.833681979464319156e-02 1.473987811902567335e-01 6.667440276410206978e-01
9.697751882428036485e-02 7.038183567305208999e-02 2.024513843187161211e-01 6.301892611839515768e-01
8.854172245347831371e-02 5.737288630962362329e-02 1.584711545357812557e-01 6.956142367011167726e-01
1.126059621113864040e-01 8.466111784093269255e-02 1.650749281016496983e-01 6.376579919460313439e-01
7.456758333108992609e-02 9.225829937943771930e-02 1.167493975903390185e-01 7.164247196991332389e-01
1.101937650252409612e-01 9.175060807322904521e-02 1.211935756977599032e-01 6.768620512037699655e-01
9.994395333579444984e-02 1.306776711290005832e-01 1.041972734096330983e-01 6.651811021255717993e-01
8.839683157048645878e-02 6.530259947125387210e-02 1.398391945992864538e-01 7.064613743589731598e-01
7.849896526838935629e-02 4.285413464655293131e-02 1.270793226555728683e-01 7.515675774294848788e-01
1.114571132632937445e-01 7.759925011521974503e-02 1.189249031635078169e-01 6.920187334579785965e-01
9.343788178730490224e-02 8.373723592426511597e-02 1.373620632063197178e-01 6.854628190821102640e-01
1.098251844092360263e-01 7.834531915850551087e-02 1.874500374873305508e-01 6.243794589449278565e-01
1.171042792251691805e-01 9.338728355184565399e-02 1.035390684918879173e-01 6.859693687310974841e-01
7.991150000793081909e-02 5.958142283992644977e-02 1.468485426419743056e-01 7.136585345101683631e-01
1.334185885005679251e-01 6.554483292172542941e-02 1.867332246921346584e-01 6.143033538855720010e-01
1.103195487493389970e-01 3.332055415425427825e-02 2.011874047104818264e-01 6.551724923859250094e-01
9.094630283966051443e-02 6.449873302764434768e-02 1.651641338181643326e-01 6.793908303145308469e-01
1.128971852925412245e-01 7.422305957149469280e-02 1.314866225558340707e-01 6.813931325801301231e-01
1.189247267728082424e-01 5.923499205362489639e-02 1.377526377338137709e-01 6.840876434397530348e-01
1.243834073669003587e-01 6.321428848367058317e-02 1.610715892007776040e-01 6.513307149486514680e-01
7.118476791535234549e-02 8.028437619833968253e-02 1.958966246797990696e-01 6.526342312065088747e-01
1.031112029215363185e-01 5.901757486039899137e-02 1.478368374248649753e-01 6.900343847931997843e-01
8.548275126137851176e-02 8.275088622897101842e-02 1.577995177417333417e-01 6.739668447679171281e-01
1.366429813424723250e-01 6.480226160151307535e-02 1.675018009836811428e-01 6.310529560723335818e-01
1.120052240717738651e-01 7.200831787706117593e-02 1.844969235700332499e-01 6.314895344811317646e-01
7.808919767153035818e-02 4.899250741983082053e-02 1.470617447420769497e-01 7.258565501665618092e-01
1.022317195980211590e-01 6.723497629743023507e-02 1.406524965236478630e-01 6.898808075809008677e-01
1.184792144958152216e-01 5.502471209397022389e-02 1.544851360893990389e-01 6.720109373208155157e-01
1.053676591847861055e-01 1.020610814473763978e-01 1.533545411562563243e-01 6.392167182115812141e-01
8.899214648531064698e-02 6.159003126145865675e-02 1.799280328215760172e-01 6.694897894316547138e-01
1.070293246899920170e-01 6.965441527530021049e-02 1.557429616049621213e-01 6.675732984297456651e-01
7.800956648681708905e-02 5.460858089790254777e-02 1.333728536687640576e-01 7.340089989465162779e-01
1.246964018685798176e-01 4.376092965839097765e-02 1.755286242278511766e-01 6.560140442451779519e-01
6.960307569327769950e-02 7.693251393008308792e-02 1.413242369251247466e-01 7.121401734515144799e-01
8.170305338556635433e-02 9.819793348108635245e-02 1.307915801016960866e-01 6.893074330316512066e-01
1.072436513737933250e-01 5.115149554929086101e-02 1.734919051951692992e-01 6.681129478817464662e-01
9.546274249631879483e-02 8.507472606191494868e-02 1.977351216366654285e-01 6.217274098051008835e-01
1.013772037189353409e-01 7.918648062173656854e-02 1.846153191933917748e-01 6.348209964659362603e-01
7.813179138241774235e-02 9.787274045907366771e-02 1.573335773728969378e-01 6.666618907856115550e-01
8.494941197066137317e-02 7.773608687426521169e-02 1.816737681290000461e-01 6.556407330260733968e-01
9.072275686435410380e-02 6.691056249568874681e-02 1.518573334670750286e-01 6.905093471728821486e-01
1.000215151969093136e-01 7.985784932621024790e-02 1.093628532260154246e-01 7.107577822508650556e-01
1.096783797868648991e-01 7.900005090704705080e-02 1.838411474919473265e-01 6.274804218141408763e-01
1.108190924405466626e-01 6.274550921071257725e-02 1.647220781059826333e-01 6.617133202427581962e-01
1.128921725431515505e-01 5.602673344581407533e-02 1.796115297894015916e-01 6.514695642216328242e-01
1.152949273015262122e-01 4.543119066644141918e-02 2.036784309998281861e-01 6.355954510322040507e-01
7.067573969480595020e-02 6.263859359692589002e-02 1.544120979611657285e-01 7.122735687471025701e-01
8.842771216512738952e-02 3.383135196300003644e-02 1.535738193493280668e-01 7.241671165225445073e-01
9.453368341309079104e-02 8.684345386984565485e-02 1.274281416089815822e-01 6.911947211080819997e-01
9.225182702469185425e-02 6.138013583725356048e-02 1.660309945630787098e-01 6.803370425749758477e-01
1.010892380919755223e-01 5.303800411726172087e-02 1.330774185543666388e-01 7.127953392363961527e-01
1.365603625371173968e-01 4.881070064344388004e-02 1.716627617612252743e-01 6.429661750582134072e-01
9.314535509159069249e-02 5.803554898372307452e-02 1.386675575909651070e-01 7.101515383337211329e-01
1.007464305104647934e-01 6.924523749233817138e-02 1.592330832427516218e-01 6.707752487544453857e-01
7.226855069309175150e-02 8.413157564527133647e-02 1.542708555712860585e-01 6.893290180903508535e-01
7.534814062383007882e-02 6.701633239534401931e-02 1.867734441578162707e-01 6.708620828230095201e-01
1.106842788427029739e-01 3.765221772255837596e-02 1.215025631501453346e-01 7.301609402845934405e-01
8.030773801966424597e-02 5.211437813070690650e-02 1.450698053318487946e-01 7.225080785177799836e-01
8.645779587172265634e-02 1.091417581839662088e-01 1.460910509984104655e-01 6.583093949459006833e-01
8.010654979414962018e-02 8.193556925318028206e-02 1.187861646476751631e-01 7.191717163049949901e-01
1.118153547956517307e-01 5.931088236173252121e-02 1.539036780126697423e-01 6.749700848299460265e-01
1.219113460122684817e-01 6.306559389137995908e-02 1.226624983398522939e-01 6.923605617564994041e-01
8.877542631233759085e-02 8.415375036566767608e-02 1.213743556992460254e-01 7.056964676227487354e-01
9.458592783829314343e-02 6.566866205477926710e-02 1.424053631415476417e-01 6.973400469653798783e-01
1.292966504189453636e-01 5.364239252989552037e-02 1.690242403810564564e-01 6.480367166701026527e-01
1.377748236791026260e-01 5.151967728771002231e-02 1.489961898791855865e-01 6.617093091540018346e-01
8.681863962659268352e-02 7.401504726373417387e-02 1.568133507542015803e-01 6.823529623554714929e-01
9.413834769614426445e-02 7.568535765629826051e-02 1.446698318086506729e-01 6.855064628389069270e-01
1.248422524372895664e-01 7.878699848309352050e-02 1.013764991783278752e-01 6.949942499012891073e-01
9.957292140750290121e-02 7.004065703211440064e-02 1.514413642266871918e-01 6.789450573336955896e-01
1.179630218614118875e-01 8.598940254806027028e-02 1.088676589291154156e-01 6.871799166614124266e-01
1.079247194938847132e-01 4.980115337602736281e-02 1.446738404384475818e-01 6.976002866916404255e-01
9.049123688152499456e-02 6.473045223579740326e-02 1.466467964272173963e-01 6.981315144554602892e-01
1.116113630667197876e-01 8.921503357154310365e-02 1.453970264503740284e-01 6.537765769113630387e-01
9.574561915331600281e-02 5.587232052778116909e-02 1.740327673217709481e-01 6.743492929971317551e-01
8.541507124353318881e-02 4.741498224956088720e-02 1.726813083200706700e-01 6.944886381868352609e-01
9.804355447707578664e-02 5.317374645813825046e-02 1.379011257857606365e-01 7.108815732790253472e-01
1.192108439035547696e-01 5.433981084327919181e-02 1.697423662776628428e-01 6.567069789755031195e-01
9.456424447919060949e-02 1.178969572539421001e-01 1.454809496760171850e-01 6.420578485908502442e-01
9.530746169992077022e-02 8.118238287452048119e-02 1.500316214003115933e-01 6.734785340252470442e-01
1.321440066303377070e-01 8.260231180403308782e-02 1.437468782222593999e-01 6.415068033433697359e-01
1.281188116509881514e-01 4.478554130338039535e-02 1.614327786565618039e-01 6.656628683890695175e-01
8.333092947081655044e-02 6.615702124941182094e-02 1.361788997923930877e-01 7.143331494873784715e-01
9.942890965680500903e-02 5.825200818723690055e-02 1.867409623703592259e-01 6.555781197855987674e-01
8.878389935525066168e-02 5.004296890361033257e-02 1.710328112830355740e-01 6.901403204581033624e-01
8.811007484816398005e-02 4.148291441046198652e-02 1.226248030938811712e-01 7.477822076474928137e-01
9.655979127597608125e-02 5.169248106881709631e-02 1.629282304398143866e-01 6.888194972153923734e-01
1.102553989494382408e-01 5.804343825321240519e-02 1.666579453744333195e-01 6.650432174229160553e-01
9.669114472436306229e-02 5.747502739628396196e-02 1.604410136409253340e-01 6.853928142384276834e-01
1.242088727054708602e-01 5.897063882273610030e-02 1.180838628328247097e-01 6.987366256389683228e-01
1.246236484929866273e-01 7.586662188699022646e-02 1.722272743238775217e-01 6.272824552961455691e-01
4.759056405716845239e-02 7.718333294815696299e-02 1.493251476603879024e-01 7.259009553342866683e-01
1.013214312301443237e-01 8.977176894264914109e-02 1.570065158635226277e-01 6.519002839636839353e-01
9.019821493579899263e-02 6.016896735520822076e-02 1.921733959917924783e-01 6.574594217172002875e-01
1.031624923434631691e-01 6.736785266658273930e-02 1.456829541872594058e-01 6.837867008026947691e-01
7.677612842744001298e-02 3.964174539031335709e-02 1.800851870078936934e-01 7.034969391743528533e-01
8.454768062035583620e-02 5.693139009929513300e-02 1.271545053612352094e-01 7.313664239191137728e-01
1.502154387155026638e-01 6.881475570321353430e-02 1.161370705982525953e-01 6.648327349830311928e-01
8.761875671475144456e-02 8.123092635818122964e-02 1.155434724697070870e-01 7.156068444573603360e-01
6.602472624319102867e-02 8.994530437209695417e-02 1.225623540151322827e-01 7.214676153695798178e-01
1.392379608007958125e-01 4.736081590126888646e-02 1.525664490577870458e-01 6.608347742401482483e-01
1.076438580727361038e-01 8.560386361591548754e-02 1.182259676579525270e-01 6.885263106533959787e-01
9.571282681305540163e-02 8.154866240176471270e-02 1.669889059130783560e-01 6.557496048721015436e-01
1.143084580988223270e-01 7.733482738984391591e-02 1.515980570083962919e-01 6.567586575029374929e-01
9.270002691029081976e-02 5.914648935358052945e-02 1.501691139211732695e-01 6.979843698149553743e-01
1.151949502070526848e-01 6.832538430313807309e-02 1.425705145434118526e-01 6.739091509463973617e-01
8.571845191691275512e-02 6.665004572640913227e-02 1.833859778177702460e-01 6.642455245389078389e-01
7.460816000192584119e-02 6.092819104785805046e-02 1.724005616266256202e-01 6.920630873235904534e-01
6.995426195904273781e-02 5.465135677828285993e-02 1.606327678360329747e-01 7.147616134266413512e-01
8.276746676086062238e-02 5.433663737945446104e-02 1.067491725749672021e-01 7.561467232847176589e-01
1.342494248350517005e-01 5.518636896359840893e-02 1.573439065871357345e-01 6.532202996142141282e-01
1.058782321228187162e-01 6.205764486409996034e-02 1.395707852279808869e-01 6.924933377851003602e-01
9.091761146512664093e-02 5.372796727378093690e-02 1.636986620523788460e-01 6.916557592087134720e-01
6.901728630555988009e-02 9.566910892921992593e-02 1.327466900388278859e-01 7.025669147263922110e-01
1.074477473067571159e-01 4.580358229982126744e-02 1.647148677459900623e-01 6.820338026474316306e-01
8.292207890868098785e-02 5.595236228339833806e-02 1.626923404015310770e-01 6.984332184063896110e-01
1.065115917541289148e-01 6.629286238876858084e-02 1.253361362780390231e-01 7.018594095790635645e-01
1.027306842707438328e-01 3.811656159103551933e-02 1.442130839031784406e-01 7.149396702350422350e-01
9.719010193128348185e-02 6.351994037082098199e-02 1.698177096454001056e-01 6.694722480524953889e-01
7.307991132620414443e-02 6.289901296810043729e-02 1.521276093942899588e-01 7.118934663114053762e-01
9.700639800814797598e-02 6.187265275943477222e-02 1.254719437223946188e-01 7.156490055100225289e-01
8.857701466477389818e-02 7.593091510578355019e-02 1.294498105827764090e-01 7.060422596466661149e-01
7.506060341586208440e-02 8.688347641462308701e-02 1.502975498827065215e-01 6.877583702868083071e-01
1.465070633893534591e-01 8.297871793535332996e-02 1.261345194077308496e-01 6.443796992675622226e-01
1.159593406300991475e-01 6.637671031120644105e-02 1.491433694458116632e-01 6.685205796128826927e-01
1.124196285366779735e-01 8.646288479971525609e-02 1.833047572161327354e-01 6.178127294474738962e-01
1.053204722097742102e-01 6.247881447207023764e-02 1.739986288059987285e-01 6.582020845121567820e-01
1.041756023679073773e-01 2.794545415737997168e-02 1.391889936370534764e-01 7.286899498376591122e-01
8.819164335492238327e-02 7.997914021079233216e-02 1.515284194226135250e-01 6.803007970116715653e-01
9.362805820246175581e-02 5.528516430413987770e-02 1.757070814310227880e-01 6.753796960623755785e-01
1.188243802309504465e-01 5.422327365364373181e-02 1.498636552429029878e-01 6.770886908725027853e-01
1.374821011772714430e-01 6.635711287249561330e-02 1.620049326835194814e-01 6.341558532667135317e-01
9.161579484020991593e-02 7.224883978131610429e-02 1.418852542171738784e-01 6.942501111613001985e-01
6.809011730046542199e-02 3.967881900954561142e-02 1.765249286549311902e-01 7.157061350350578666e-01
1.265641484646325698e-01 4.429957805794452336e-02 1.380242209375108775e-01 6.911120525399120362e-01
8.347212839747666924e-02 6.595984394004600349e-02 1.428071106133530221e-01 7.077609170491242496e-01
1.013965624229762885e-01 6.460563590299438219e-02 1.463213746107380475e-01 6.876764270632914622e-01
1.081472978459124684e-01 9.155725920627322267e-02 1.699799016184840583e-01 6.303155413293302090e-01
1.345849312336477865e-01 4.900204363828099263e-02 1.794022981069473555e-01 6.370107270211238237e-01
1.154682535556527251e-01 6.184745155108632708e-02 1.675937681105716948e-01 6.550905267826894196e-01
1.334133696182117912e-01 5.179174462654057703e-02 1.267373663841505071e-01 6.880575193710972703e-01
1.217884040274416768e-01 6.588621124629932824e-02 1.655981056263038098e-01 6.467272790999550880e-01
9.478606333708462783e-02 7.842184344507381610e-02 1.415436538324928717e-01 6.852484393853487399e-01
1.121630654783681291e-01 5.630443549340354015e-02 1.362361290444933926e-01 6.952963699837350076e-01
6.876583826767006247e-02 5.758180176626177121e-02 1.695508677711229373e-01 7.041014921949452221e-01
9.989279865798396385e-02 7.620647046635095623e-02 1.396884500023155284e-01 6.842122808733496209e-01
9.965330717493570134e-02 7.704981315044939771e-02 1.267069352335643273e-01 6.965899444410506014e-01
1.338710072745573632e-01 9.330818033642977738e-02 1.384210198880881093e-01 6.343997925009247085e-01
1.153092130153987455e-01 5.443717730210854977e-02 1.579063500722549807e-01 6.723472596102377796e-01
9.914705284825191256e-02 4.930443989905676505e-02 1.661641919922678123e-01 6.853843152604235378e-01
9.739030019491970447e-02 5.973030382954244016e-02 8.496726660154867161e-02 7.579121293739892185e-01
8.188967344640868395e-02 1.010685478447136409e-01 1.443345196466261360e-01 6.727072590622515946e-01
1.105570137410447490e-01 8.172343658691033630e-02 1.460428465719602886e-01 6.616767031000846400e-01
1.025262024207954231e-01 7.247390922787377843e-02 1.688700865238754734e-01 6.561298018274553945e-01
1.370504996265157482e-01 6.893924831033228229e-02 1.389599003043885395e-01 6.550503517587633606e-01
7.179498977157902639e-02 9.896518856843011802e-02 1.504378465567706991e-01 6.788019751032200455e-01
1.147339717715539359e-01 8.813276228849716010e-02 1.482180434329201379e-01 6.489152225070287106e-01
1.441588393849022876e-01 5.369419989992590958e-02 1.762715516896092016e-01 6.258754090255627123e-01
1.218155890530902563e-01 6.207856206520122322e-02 1.055009802257840107e-01 7.106048686559245375e-01
7.245032862288833253e-02 8.412170663138750226e-02 1.565304547930591872e-01 6.868975099526648531e-01
1.371844915034571011e-01 7.234071526471290425e-02 1.459765967068529513e-01 6.444981965249770850e-01
1.028434347701957241e-01 7.601563956309963233e-02 1.385291854930535416e-01 6.826117401736511159e-01
1.255520542870268430e-01 6.143551465676141271e-02 1.491272836791784351e-01 6.638851473770333023e-01
6.645207378964854139e-02 7.580476580516004592e-02 1.926262390463866214e-01 6.651169213588047358e-01
8.909131167716881350e-02 7.310923993182615044e-02 1.085263344568626193e-01 7.292731139341425139e-01
1.201935276339119868e-01 8.054539240690136714e-02 1.336934391489632834e-01 6.655676408102234598e-01
1.008701904330057547e-01 7.282543664633869818e-02 1.052399319387198190e-01 7.210644409819356726e-01
1.187136231428838756e-01 4.229701800266003758e-02 1.679563717743049744e-01 6.710329870801511332e-01
9.406608185423367963e-02 5.238454871659910250e-02 2.012575176999349957e-01 6.522918517292322083e-01
1.017302985639200047e-01 5.379704270982531983e-02 1.238636181359635546e-01 7.206090405902910723e-01
7.479098130190539595e-02 9.121006018153765549e-02 1.515564416808315717e-01 6.824425168357254323e-01
1.266328808353062163e-01 6.861491956469069342e-02 1.492859000030522243e-01 6.554662995969507966e-01
9.153745256655042295e-02 7.720876218131463020e-02 1.702110608246573675e-01 6.610427244274775793e-01
9.889678488200752404e-02 6.708055373647237030e-02 1.273271416095295705e-01 7.066955197719907433e-01
9.169278828708787854e-02 4.110021017229541218e-02 1.132139236805398269e-01 7.539930778600768546e-01
7.376644571274261486e-02 6.087926241785580894e-02 1.878723396002277835e-01 6.774819522691738483e-01
6.888213823277368475e-02 1.028032819872213705e-01 1.446682833746038566e-01 6.836462964054010882e-01
1.024089766165355159e-01 6.572373460729459549e-02 1.556382723171300386e-01 6.762290164590397668e-01
1.040741085864953092e-01 5.680428826836160516e-02 1.322936193016386042e-01 7.068279838435044260e-01
9.659856489482480935e-02 4.930863341168964520e-02 1.694060839670446794e-01 6.846867177264409632e-01
1.007204278944603543e-01 4.205243960900516970e-02 1.574337136708394980e-01 6.997934188256950128e-01
7.656147394907958370e-02 7.140224195020043740e-02 1.418791728272939257e-01 7.101571112734261781e-01
1.210277818171858200e-01 7.266657361634677736e-02 1.480533099251495066e-01 6.582523346413178267e-01
1.200437736264011873e-01 5.776789461557527844e-02 1.315961767184598841e-01 6.905921550395636155e-01
9.412793636689746613e-02 5.849701479287742339e-02 1.409080273897915792e-01 7.064670214504337187e-01
1.057338344843396227e-01 4.077546369574338442e-02 1.344679795337543893e-01 7.190227222861624856e-01
1.320104892187025092e-01 5.595077060987274642e-02 1.701664761508918100e-01 6.418722640205329899e-01
1.099652248507469315e-01 6.799113108170361242e-02 1.338910814269902161e-01 6.881525626405593510e-01
9.190139593114431127e-02 6.205772494289837210e-02 1.873190184807069503e-01 6.587218606452502900e-01
1.104260580179647205e-01 7.337488618987146605e-02 1.522086225199702769e-01 6.639904332721934255e-01
1.524579749653945937e-01 5.867928666612000355e-02 1.066210963829603148e-01 6.822416419855249492e-01
1.439786226440054051e-01 8.113558017373709297e-02 1.560853698744046059e-01 6.188004273078528961e-01
9.288769278863132084e-02 6.483955534234391027e-02 1.773379248689192222e-01 6.649348270001055328e-01
1.295412268595716176e-01 5.691662275378338992e-02 1.567981570788722356e-01 6.567439933077727776e-01
1.124808021164857702e-01 4.965889306630173750e-02 1.280990265483676616e-01 7.097612782688447197e-01
1.000743242854861409e-01 7.113570444780033253e-02 1.244205779088244646e-01 7.043693933578890620e-01
9.408405060783021912e-02 7.365721269534634963e-02 1.567903842197450048e-01 6.754683524770784819e-01
8.208895144816381884e-02 4.932313016726899008e-02 1.449141026813849376e-01 7.236738157031822327e-01
8.736656735309457356e-02 6.107019877371609728e-02 1.588769063570052431e-01 6.926863275161840861e-01
9.684592693734381252e-02 5.587006986749114973e-02 1.847567505979682279e-01 6.625272525971968030e-01
8.641788177632192536e-02 5.759435819803860462e-02 1.557744762881602130e-01 7.002132837374793750e-01
9.138915326675346729e-02 3.851811866878899343e-02 1.164418948176878243e-01 7.536508332467697358e-01
1.217352885267665441e-01 6.522531752822184614e-02 1.481187876954291605e-01 6.649206062495826020e-01
9.640319685089313029e-02 8.737071369638275964e-02 1.682182905097883707e-01 6.480077989429358087e-01
7.818027741727957836e-02 6.571188403619220020e-02 1.394000849270090048e-01 7.167077536195192167e-01
8.766964666676763107e-02 7.772270980094189707e-02 1.676405899059144333e-01 6.669670536263759830e-01
1.163892871876384544e-01 5.967651313844548472e-02 1.143467109160184597e-01 7.095874887578976775e-01
8.513006419162476301e-02 4.923659177157766603e-02 1.464910529989569277e-01 7.191422910378406641e-01
6.615126263875524548e-02 7.735525981446797483e-02 1.837436980011592502e-01 6.727497795456174323e-01
8.291160565287833406e-02 4.141135623677276445e-02 1.511377607736918982e-01 7.245392773366570172e-01
1.120998495784025356e-01 7.131041696200055013e-02 1.380760761449965901e-01 6.785136573146002270e-01
1.175177209321818517e-01 5.568594655784096098e-02 1.604310277390856299e-01 6.663653047708915089e-01
8.597608963914246671e-02 8.280826009278188793e-02 1.339161235464738642e-01 6.972995267216017812e-01
7.866466904665597726e-02 8.301701273801617709e-02 1.794107928920375128e-01 6.589075253232904439e-01
9.870741229634895364e-02 3.985889043189629055e-02 1.475791895917792362e-01 7.138545076799757139e-01
9.599658316029754945e-02 7.808325042045662079e-02 1.511251332413942050e-01 6.747950331778516109e-01
9.533058868608765279e-02 6.780179322646132101e-02 1.443118129032701369e-01 6.925558051841809171e-01
1.282948547972570796e-01 4.952964393590382486e-02 1.312376823926268976e-01 6.909378188742122395e-01
1.435153563766756180e-01 7.944515922582010004e-02 1.338699186348668857e-01 6.431695657626375073e-01
6.450245319800446131e-02 3.235029468590247537e-02 1.646235099987114481e-01 7.385237421173815875e-01
9.889718708827414939e-02 5.115751011039677831e-02 1.394010748682417700e-01 7.105442279330871358e-01
1.009967972324154334e-01 5.566397004416460265e-02 1.133880555402980439e-01 7.299511771831219686e-01
6.106642816622632336e-02 7.699156611541453643e-02 1.766497276573038011e-01 6.852922780610553044e-01
9.981373048568553674e-02 7.420366157024688158e-02 1.601845001316693218e-01 6.657981078123982321e-01
1.050663163922863352e-01 6.913167182810581179e-02 1.325310732729287067e-01 6.932709385066792018e-01
1.168537060155951796e-01 6.212623078716899422e-02 1.366680678217059297e-01 6.843519953755298202e-01
1.069385440006306032e-01 3.873366416286201652e-02 2.075801594173906639e-01 6.467476324191168136e-01
9.321988130268045458e-02 4.828411985198569067e-02 1.288661607603567294e-01 7.296298380849771670e-01
1.068780305970766509e-01 7.547090654107670160e-02 1.617508124388034041e-01 6.559002504230432296e-01
1.002571986708057500e-01 5.253668817277448722e-02 1.637402321641726610e-01 6.834658809922471434e-01
8.376131091737615275e-02 8.501920425452864916e-02 1.167651031877117856e-01 7.144543816403835512e-01
1.204482755531155053e-01 5.607095772384863841e-02 1.539814526659177008e-01 6.694993140571182666e-01
1.170595861819609396e-01 7.131182174504827054e-02 1.484849707808478803e-01 6.631436212921429929e-01
1.058224629737998523e-01 5.705764409000363413e-02 1.200168791030457455e-01 7.171030138331507819e-01
8.763641622812638754e-02 7.317637438481369716e-02 1.105929519742159112e-01 7.285942574128438931e-01
1.184938250222499906e-01 3.077604670355536115e-02 1.642574781197720102e-01 6.864726501544227144e-01
1.051221267578487523e-01 6.760689106254695602e-02 1.228832758232077660e-01 7.043877063563965812e-01
1.092741821307944838e-01 6.371074813730086273e-02 1.725927592952453959e-01 6.544223104366593269e-01
8.403876585499174545e-02 7.266540293366899328e-02 1.564634474346454918e-01 6.868323837766937556e-01
7.741771440294233086e-02 5.986030814305597081e-02 1.459964568029709087e-01 7.167255206510307897e-01
1.316564352300307328e-01 7.864509504931527228e-02 1.386005111269322243e-01 6.510979585937217706e-01
1.139101598596231613e-01 7.421330138266786502e-02 1.602467310863082417e-01 6.516298076714007736e-01
8.747515913775068264e-02 5.387252926284299970e-02 1.761521626944025087e-01 6.825001489050038783e-01
8.009825710385136410e-02 6.406207903051756858e-02 1.527366104285678150e-01 7.031030534370631413e-01
1.561443808908792030e-01 4.687823637159130308e-02 1.268177390686140993e-01 6.701596436689154501e-01
7.755816511669802460e-02 9.082584238392883702e-02 1.553286197496419607e-01 6.762873727497312748e-01
8.222235522665974350e-02 6.636713992724459221e-02 1.466825418774140855e-01 7.047279629686816760e-01
1.084884588623926949e-01 6.817770286036986538e-02 1.631562617806263105e-01 6.601775764966111293e-01
1.172224728435865282e-01 7.322143049461432573e-02 1.656933679749894861e-01 6.438627286868096045e-01
1.201299732617649024e-01 6.917978748900534269e-02 1.508630876403256882e-01 6.598271516089041500e-01
1.091540907909959862e-01 5.662628196569792494e-02 1.256614849399162459e-01 7.085581423033898707e-01
8.907191097170666372e-02 4.454506402976502605e-02 1.630841593455580052e-01 7.032988656529703952e-01
9.111868775264245213e-02 6.514983586667891235e-02 1.197049495236381933e-01 7.240265268570403867e-01
8.736199912620450092e-02 6.573629333020446219e-02 1.261217962214413180e-01 7.207799113221495801e-01
1.033102032568463252e-01 4.335694000150520921e-02 1.165935029287334113e-01 7.367393538129151098e-01
9.522853298766530139e-02 5.749886033443159239e-02 1.220382399573930327e-01 7.252343667205100042e-01
1.158475109994533264e-01 8.537889680388674463e-02 1.407467217504666801e-01 6.580268704461933460e-01
1.140040319782030659e-01 4.194905227685526844e-02 1.377117119702004067e-01 7.063352037747412382e-01
9.226308918138487192e-02 7.892478268263163066e-02 1.550935682898233470e-01 6.737185598461600256e-01
1.023828722327543433e-01 5.664853405402373726e-02 1.950617936030495103e-01 6.459068001101724299e-01
6.811604860026092279e-02 5.105405197379984245e-02 1.402455839949144079e-01 7.405843154310248755e-01
1.180070676518371053e-01 7.356547571837054877e-02 1.806775573837337556e-01 6.277498992460586180e-01
1.278086553649847856e-01 5.255196847628271217e-02 1.557624107134381597e-01 6.638769654452942870e-01
9.966785770399923250e-02 7.007644788455751061e-02 1.260905220029444052e-01 7.041651724084988517e-01
9.246337271809643155e-02 5.625010780352329015e-02 1.444899972531473731e-01 7.067965222252329260e-01
1.074757306031116494e-01 4.817669098965458169e-02 1.461547963828490893e-01 6.981927820243846172e-01
8.829517240164062863e-02 8.848261897005996190e-02 1.951386327675632970e-01 6.280835758607362651e-01
7.575104607614602248e-02 4.701879588048510361e-02 1.669879699749595159e-01 7.102421880684093303e-01
1.204444908553348181e-01 3.703526629063429859e-02 1.377409992369719727e-01 7.047792436170589037e-01
7.731867205049909597e-02 7.547267387578635023e-02 1.963654269042614808e-01 6.508432271694530868e-01
8.847829815282982902e-02 6.674542308151031056e-02 1.887505208528370559e-01 6.560257579128228045e-01
1.290706776007115308e-01 5.676373203200088535e-02 1.705288465617155191e-01 6.436367438055721202e-01
8.951951597782904779e-02 5.056110943611714231e-02 1.327417359946835851e-01 7.271776385913701901e-01
1.152398811691456026e-01 6.630110285081629307e-02 1.723334328913007363e-01 6.461255830887373541e-01
7.097215047137585275e-02 7.038736404670491165e-02 1.293624025898771623e-01 7.292780828920421010e-01
7.325083101474480496e-02 6.645396822676102877e-02 1.654801116461145916e-01 6.948150891123796580e-01
1.014866758381335748e-01 4.566342832433451654e-02 1.503710967465059500e-01 7.024787990910260627e-01
1.173328342549913167e-01 7.695892685011328227e-02 1.525958000930728864e-01 6.531124388018224591e-01
1.159014375359526394e-01 5.381878460436565620e-02 1.123488543747499929e-01 7.179309234849317045e-01
8.067913535181385487e-02 5.343456190600397171e-02 1.810176554775538293e-01 6.848686472646284829e-01
1.140765227032349421e-01 4.918683702272439590e-02 1.359008635853531655e-01 7.008357766886875728e-01
8.606399572138043186e-02 6.420181516543366218e-02 1.280049241586260211e-01 7.217292649545598016e-01
1.051156999982537088e-01 5.344975375954967578e-02 1.923186698722964827e-01 6.491158763699000911e-01
9.425143234817309756e-02 5.938834704603363629e-02 1.516377696527227703e-01 6.947224509530705028e-01
1.098978927255095800e-01 7.144198457845231387e-02 1.396094470549010536e-01 6.790506756411369693e-01
7.579249133447393816e-02 8.546744190376062700e-02 1.334375596452277712e-01 7.053025071165376358e-01
9.771572461283480060e-02 7.414927585744519878e-02 1.619919486800308617e-01 6.661430508496891667e-01
1.101928491549717809e-01 5.873056690876813507e-02 1.803243162282446299e-01 6.507522677080154194e-01
1.167116565017093932e-01 9.608265476598298882e-02 1.328586129925732884e-01 6.543470757397342741e-01
8.797711987751910545e-02 6.526282253367286790e-02 1.572116916375013163e-01 6.895483659513066410e-01
6.492422741879343151e-02 9.606781727600377518e-02 1.463958269418680902e-01 6.926121283633347447e-01
9.432687862051028493e-02 8.382059835273837634e-02 1.665136266326499026e-01 6.553388963941014778e-01
1.028734545043697018e-01 7.696944968219289473e-02 1.612594445354038342e-01 6.588976512780335693e-01
9.824341437509893915e-02 9.930749503216555751e-02 1.656334238757122546e-01 6.368156667170232765e-01
7.880276030169261481e-02 6.751318870225370139e-02 1.343533235937433290e-01 7.193307274023102993e-01
1.125626817742508001e-01 6.995056639448615776e-02 1.568628359013636286e-01 6.606239159298993302e-01
9.438368506165452365e-02 7.341954605691476676e-02 1.534936142899210598e-01 6.787031545915095387e-01
1.197319145506428872e-01 4.225648736392285942e-02 1.467997437573284047e-01 6.912118543281059457e-01
1.278551771467528742e-01 7.133554599556235498e-02 1.324353691991284887e-01 6.683739076585563099e-01
1.118208479121824833e-01 7.379596185625533766e-02 1.707808838290606479e-01 6.436023064025016005e-01
1.049741340915579246e-01 6.827526084767245040e-02 1.657075405165416293e-01 6.610430645442281206e-01
9.939160176490274834e-02 6.551590970633044964e-02 1.141003117056046262e-01 7.209921768231621897e-01
7.485324321039230067e-02 7.652489545149832040e-02 1.767512472978667315e-01 6.718706140402426197e-01
9.259828894187412118e-02 6.617178117738792276e-02 1.871922493655024111e-01 6.540376805152354756e-01
1.052920646137145561e-01 5.725704388232738529e-02 1.267464105217981640e-01 7.107044809821597697e-01
9.102111257047354465e-02 4.870160143961304450e-02 1.840783611360502503e-01 6.761989248538631259e-01
1.077255749253583639e-01 9.362560411780883329e-02 1.530521189481896249e-01 6.455967020086431640e-01
1.052035258374608012e-01 7.033005758952846909e-02 1.361524882484443921e-01 6.883139283245663931e-01
1.267139359110649732e-01 6.060507425681340571e-02 1.248208849920138946e-01 6.878601048401077334e-01
1.020654383791825964e-01 3.233336461665468897e-02 1.387884653280609948e-01 7.268127316761018308e-01
1.090347353431338068e-01 4.486105708898027039e-02 1.973647875609293445e-01 6.487394200069565020e-01
7.312044432356264168e-02 9.487864928713966861e-02 1.266953796256428122e-01 7.053055267636548775e-01
1.315494970873753167e-01 5.497912171173534313e-02 1.095826751614333988e-01 7.038887060394558581e-01
9.921439582616410624e-02 7.021436605357755933e-02 1.429667259694488712e-01 6.876045121508095326e-01
1.284854982311779137e-01 4.201949757858428752e-02 1.640383655181209266e-01 6.654566386721170179e-01
8.909722868394949480e-02 6.572891927233803777e-02 1.406499165434645093e-01 7.045239355002479442e-01
1.235006238873356810e-01 6.572699979374438395e-02 1.320767963071393936e-01 6.786955800117804305e-01
9.444099173186391860e-02 5.087416450800805179e-02 1.225421687806178411e-01 7.321426749795102440e-01
1.038199110718377449e-01 5.462400345117951472e-02 1.282403663311823261e-01 7.133157191458006086e-01
9.694847333450973270e-02 6.205782912427259407e-02 1.580154564428014052e-01 6.829782410984162055e-01
5.396857808587030014e-02 9.518874923140750732e-02 1.282111629468598579e-01 7.226315097358623207e-01
9.071540268120635575e-02 4.413480543527054101e-02 1.685878427276084890e-01 6.965619491559144061e-01
1.237453688720396017e-01 7.039289677051073502e-02 1.174615748963936945e-01 6.884001594610559271e-01
1.103919432621497526e-01 6.394432910366854017e-02 1.607984050176600177e-01 6.648653226165217589e-01
7.063742513602634665e-02 7.056824094754281240e-02 1.641271192356143771e-01 6.946672146808164916e-01
9.491683442557635741e-02 6.288179296864584988e-02 1.786070111305956554e-01 6.635943614751820263e-01
1.319094431914364929e-01 4.694201131169006141e-02 1.561157817992661623e-01 6.650327636976073320e-01
1.189210279659807801e-01 6.151798277379535995e-02 1.614216982901037212e-01 6.581392909701202498e-01
8.347324127031090224e-02 5.256357018167140405e-02 1.818253523156528328e-01 6.821378362323649025e-01
9.848339706623357448e-02 6.574416247289978366e-02 1.478984766542102425e-01 6.878739638066564410e-01
1.073722699367289646e-01 7.028305218885982919e-02 1.581176003851089973e-01 6.642270774893022089e-01
1.127933228876906863e-01 5.342794797729258360e-02 1.372617465122266678e-01 6.965169826227900485e-01
1.069903678425466464e-01 7.673144532016323849e-02 1.509417743358894559e-01 6.653364125014007424e-01
9.724025164132822641e-02 7.756581495105113744e-02 1.300226211708526425e-01 6.951713122367680908e-01
8.552713541744033643e-02 6.813825857145079656e-02 1.034121301176153807e-01 7.429224758934933615e-01
8.829610991302609679e-02 7.187954743567694094e-02 1.746001617896718039e-01 6.652241808616251584e-01
7.770395249953014616e-02 7.454903698979134519e-02 1.415898877226686725e-01 7.061571227880097945e-01
1.183728546707781409e-01 9.177965996851254749e-02 1.792486284149177045e-01 6.105988569457916348e-01
7.488555632264740081e-02 7.179493981087947674e-02 1.654781024990722438e-01 6.878414013674007954e-01
1.188491414093321430e-01 4.849130840170332718e-02 1.510681433537578444e-01 6.815914068352066923e-01
9.418716890903358618e-02 3.567521906155966815e-02 1.315433751191877332e-01 7.385942369102190819e-01
1.083383225923703203e-01 3.999944497837442520e-02 1.444595861111425128e-01 7.072026463181126932e-01
1.018460880866503826e-01 7.495533654603955820e-02 1.712443599994482313e-01 6.519542153678618002e-01
7.313824427135112716e-02 8.323169639686504861e-02 1.026727298174661546e-01 7.409573295143175864e-01
9.881933897611115680e-02 4.953726657590918486e-02 1.551144855281259560e-01 6.965289089198536399e-01
8.919384099735230831e-02 4.769468629233962476e-02 1.539069810438777608e-01 7.092044916664301812e-01
1.042723794097261264e-01 4.772678055512055012e-02 1.308321559298848136e-01 7.171686841052685724e-01
1.015333184248063958e-01 6.857489726160227728e-02 1.430780654955455811e-01 6.868137188180458708e-01
7.329935012611643597e-02 8.422170146549928793e-02 1.301150035241264158e-01 7.123639448842579158e-01
9.324710455664335373e-02 8.779201220604734845e-02 1.639485673931430909e-01 6.550123158441663040e-01
9.019856372999943139e-02 6.795420739394618381e-02 1.480292615474160245e-01 6.938179673286383187e-01
1.239726735079302034e-01 9.031523145835894384e-02 1.519299644150069184e-01 6.337821306187039205e-01
9.523334384946344211e-02 6.842844546720122656e-02 1.483628857568063397e-01 6.879753249265289083e-01
9.665333509521115141e-02 4.724595711300482587e-02 1.612079733922064384e-01 6.948927343995775496e-01
8.138284368007503433e-02 6.416480278764979950e-02 1.465663697597249793e-01 7.078859837725501869e-01
1.108595214146038260e-01 5.912540314347707743e-02 1.383855521575592940e-01 6.916295232843597818e-01
7.999577570773658275e-02 4.732573945778509317e-02 1.785486780377422422e-01 6.941298067967360819e-01
1.153275017336265335e-01 6.877395034047273370e-02 1.304176520858824351e-01 6.854808958400181451e-01
8.036573073499650444e-02 6.277760473978524769e-02 1.651286283091242535e-01 6.917280362160940221e-01
7.072445533498894488e-02 8.071198106920202120e-02 1.459957461468797679e-01 7.025678174489292660e-01
6.948094642940003118e-02 5.714615016511752354e-02 1.464217242327272572e-01 7.269511791727552019e-01
9.254161770975044554e-02 7.893847206497606184e-02 1.351694687845373111e-01 6.933504414407362093e-01
1.040422056548146734e-01 5.851996639389379223e-02 1.570978485206593334e-01 6.803399794306321802e-01
1.057059575625947379e-01 8.048667577138250706e-02 1.110058861249260398e-01 7.028014805410968124e-01
9.927043712201506775e-02 4.786436723915794139e-02 1.560629740938087040e-01 6.968022215450182522e-01
8.490149138202615631e-02 5.661745455995394194e-02 1.392987126940236908e-01 7.191823413639962803e-01
1.303194586240241926e-01 7.448190420393270561e-02 1.467346879542035520e-01 6.484639492178394526e-01
9.645230943099726562e-02 5.282303007981593856e-02 1.918922752519708896e-01 6.588323852372158784e-01
9.556602725816838728e-02 7.730028922691664639e-02 1.179410365341507644e-01 7.091926469807641187e-01
1.111369730955225205e-01 6.366017154536338096e-02 1.231072925400440443e-01 7.020955628190701514e-01
9.538563074556326293e-02 3.874803069846494835e-02 1.279933014466092811e-01 7.378730371093624729e-01
1.193468349500012293e-01 8.365670482841211508e-02 1.326731592942644034e-01 6.643233009273222800e-01
9.648504469741732426e-02 1.009379424616745902e-01 1.490470654425730679e-01 6.535299473983348095e-01
4.963529715537915582e-02 7.739505480451677744e-02 1.378619132959098270e-01 7.351077347441942189e-01
8.362716376647205685e-02 7.241641709286213147e-02 1.497883187314883735e-01 6.941681004091775353e-01
1.241500825085088688e-01 6.748308284935143619e-02 1.317116088112166294e-01 6.766552258309229684e-01
1.241810802474394848e-01 5.740780947069214907e-02 1.764948658123613179e-01 6.419162444695070135e-01
8.527559705518573951e-02 5.104139213194559127e-02 1.357083248948658394e-01 7.279746859180028506e-01
1.025009750115423723e-01 7.133697549364102775e-02 1.851099545206391084e-01 6.410520949741774777e-01
9.600268962740837742e-02 6.976125644467864872e-02 1.453033034409013935e-01 6.889327504870115249e-01
1.075462697658850358e-01 6.552924992041961327e-02 1.432826172006821386e-01 6.836418631130133372e-01
1.240185229407804457e-01 5.777546718128772490e-02 1.184605555552113443e-01 6.997454543227203949e-01
1.144746158537250924e-01 5.842745903666605317e-02 1.450195410724604284e-01 6.820783840371484885e-01
8.260229974829856603e-02 5.752167906972095734e-02 1.534214665027712199e-01 7.064545546792092567e-01
8.956488219377341242e-02 5.356063202878487417e-02 1.236061750048114138e-01 7.332683107726303273e-01
9.404550206309296445e-02 5.754635200306642412e-02 1.288496794552599911e-01 7.195584664785806828e-01
1.190595609371215696e-01 5.122197156364162451e-02 1.749366625811991649e-01 6.547818049180375022e-01
