1.002079393660618434e-01 5.757513808185281690e-01 2.935372891903363993e-02 2.946869508963763651e-01
1.365336907674747358e-01 5.700545242458198159e-01 2.821508021066315708e-02 2.651967047760422913e-01
1.272151708616102161e-01 5.806870041243776814e-01 3.839654389222767195e-02 2.537012811217844166e-01
1.175251579381894756e-01 5.452309847527417874e-01 4.699414022482262948e-02 2.902497170842462393e-01
1.578914882540180809e-01 5.447104234721942273e-01 1.620005966843336004e-02 2.811980286053542555e-01
1.224690408103187994e-01 5.256927770673349709e-01 3.417695369199369448e-02 3.176612284303524936e-01
1.286031250917365198e-01 5.656438613220408085e-01 6.536064408320579888e-02 2.403923695030167340e-01
1.355897865454355755e-01 6.192067093375094311e-01 2.323296541459405826e-02 2.219705387024608345e-01
1.589287090992080320e-01 5.655656775256430180e-01 3.305312122871815333e-02 2.424524921464308869e-01
1.640957616697157062e-01 4.916038322520445147e-01 3.298742961971094789e-02 3.113129764585288450e-01
1.829759554609735606e-01 5.322232542915816822e-01 3.380607238341701293e-02 2.509947178640278831e-01
1.325223648273780863e-01 5.027077568655796691e-01 3.631401552140605532e-02 3.284558627856361546e-01
1.483465226849277341e-01 4.990532599861881580e-01 2.006772674805243697e-02 3.325324905808316189e-01
1.625473615997496679e-01 5.392621073720815783e-01 4.740435856191344000e-02 2.507861724662552860e-01
1.702810689508253150e-01 4.946578251591581266e-01 7.645880364121138140e-02 2.586023022488052048e-01
1.352154536748335079e-01 5.006168077362824764e-01 2.385954442818745067e-02 3.403081941606965199e-01
1.483091964879190428e-01 5.946309354608784181e-01 4.087537038761832747e-02 2.161844976635841631e-01
1.332056294237642102e-01 5.706278509979634261e-01 5.756329992439044446e-02 2.386032196538818984e-01
1.534273193408535740e-01 5.405235164220650868e-01 4.856984450718717511e-02 2.574793197298942404e-01
1.414869156469838185e-01 5.640598840750048470e-01 7.088030871919447085e-02 2.235728915588168497e-01
1.789783145544390219e-01 4.941151105405179322e-01 6.257195235474087569e-02 2.643346225503021008e-01
1.626344904728132534e-01 5.445278942160917124e-01 3.759462177101313696e-02 2.552429935400820082e-01
1.446390308005304215e-01 5.546571047512494079e-01 4.785896822768243020e-02 2.528448962205379069e-01
1.348542127150051395e-01 5.873396228593434909e-01 2.615581817863498956e-02 2.516503462470163210e-01
1.736432792024675820e-01 5.667784338065563476e-01 2.505673012923666232e-02 2.345215568617393109e-01
1.494674884162254525e-01 5.193497403256306377e-01 5.561275863030521599e-02 2.755700126278384787e-01
1.451104767132021245e-01 5.933552361602113523e-01 3.916882350532453066e-02 2.223654636212618885e-01
1.173608936020615751e-01 5.946117140067541662e-01 5.084855530309192323e-02 2.371788370880923702e-01
1.279416291005983086e-01 4.980507026367504975e-01 4.411295815868971487e-02 3.298947101039614305e-01
1.316978599567547037e-01 6.012825761432856186e-01 2.365628722775101056e-02 2.433632766722085838e-01
1.114175831261455113e-01 5.847836406418500665e-01 3.601009073642500585e-02 2.677886854955794926e-01
1.586893184758584319e-01 5.169888389514941673e-01 5.693813111836707602e-02 2.673837114542804150e-01
1.254333997130162026e-01 6.095061775976454710e-01 1.965136541056165115e-02 2.454090572787765712e-01
1.304066181257308166e-01 5.486505740510877471e-01 3.018118591463223727e-02 2.907616219085492060e-01
1.531918775430508306e-01 4.701465809102848281e-01 4.765743488300871328e-02 3.290041066636554823e-01
1.115971018253127112e-01 5.687044622713273156e-01 4.961948795062134931e-02 2.700789479527387349e-01
1.464652360120977104e-01 5.588618683234434226e-01 2.291870476685608365e-02 2.717541908976028875e-01
1.564407567327508186e-01 6.120074338745387088e-01 3.337777764721171908e-02 1.981740317454987188e-01
1.481070209804332127e-01 5.793778475370524594e-01 4.482744574296083917e-02 2.276876857395535025e-01
1.659472892371986197e-01 4.953094138928359480e-01 4.343875913294423241e-02 2.953045377370211999e-01
1.430250130305725786e-01 4.758043992832037272e-01 4.218387893226054064e-02 3.389867087539631396e-01
1.295416849860294151e-01 5.380109633288900906e-01 4.575855561142413985e-02 2.866887960736563268e-01
1.183644696456889467e-01 6.022260263430171401e-01 2.165300695852047028e-02 2.577564970527734256e-01
1.223978859194126828e-01 5.788141474014757426e-01 3.081369032901513580e-02 2.679742763500962965e-01
1.784701891579810185e-01 5.126069210160872913e-01 3.089054724867211499e-02 2.780323425772593948e-01
1.642801979125018130e-01 5.400610710140845150e-01 3.766408051769554177e-02 2.579946505557181857e-01
1.223713974454823800e-01 6.108277770270009732e-01 4.666955307386573548e-02 2.201312724536509946e-01
1.440066781603193402e-01 4.954312535970182285e-01 5.387521616859052703e-02 3.066868520740719251e-01
1.076937114751670560e-01 5.563570140200201353e-01 4.677147629352569613e-02 2.891777982112871404e-01
1.139852389504364127e-01 5.679479728598141319e-01 1.844510292141543495e-02 2.996216852683339926e-01
1.741880125298758686e-01 4.888231601569277274e-01 3.459489479507858734e-02 3.023939325181178583e-01
1.489248857157562389e-01 5.322261151889735586e-01 2.859545281937999131e-02 2.902535462758903395e-01
1.389280236670451807e-01 4.962052101111560365e-01 5.165655243900851151e-02 3.132102137827902366e-01
1.379069542168394058e-01 5.557773565436204821e-01 2.327979071152850091e-02 2.830358985280116979e-01
1.532869660105921905e-01 5.409517055582273581e-01 4.354050323809798007e-02 2.622208251930824296e-01
1.680592261538446097e-01 5.296710974943807937e-01 4.125162582263602190e-02 2.610180505291385678e-01
1.337887121464896578e-01 5.574522958953930241e-01 3.814599216115833330e-02 2.706129997969591305e-01
1.237553105802865483e-01 5.043196574813931798e-01 1.565769884269360701e-02 3.562673330956266926e-01
1.510257643933548277e-01 5.224907594926657683e-01 2.780594934140208363e-02 2.986775267725773619e-01
1.410498752982143611e-01 6.005561346193701855e-01 2.298375264347307309e-02 2.354102374389425156e-01
1.174320287849451583e-01 5.133001207025855717e-01 5.471041564108916622e-02 3.145574348713800483e-01
1.698467205635063593e-01 5.286140661368289306e-01 3.103712336503421446e-02 2.705020899346303742e-01
1.818963518759615927e-01 5.151466076670081495e-01 4.149744350669558324e-02 2.614595969503347717e-01
1.323913719894844465e-01 5.207126288206492815e-01 3.324460777928635313e-02 3.136513914105799605e-01
1.498262305018326357e-01 5.640760799316397733e-01 4.184226455374455422e-02 2.442554250127831061e-01
1.134963159918713771e-01 5.519224746226530920e-01 2.787362172662559076e-02 3.067075876588498673e-01
1.335984707333469634e-01 5.341804656047562938e-01 5.283053777766845427e-02 2.793905258842281358e-01
1.151898757297285802e-01 5.962817519850082126e-01 6.716216926376898655e-02 2.213662030214942344e-01
1.432394618348371007e-01 5.229901750217316181e-01 3.535894192396948216e-02 2.984114212194618476e-01
1.529828130438191935e-01 4.986387011046670148e-01 5.667340582052268066e-02 2.917050800309911596e-01
1.300015323045936033e-01 5.147447074778739307e-01 5.502738539044743638e-02 3.002263748270851407e-01
1.364903816279235405e-01 5.330521917452740732e-01 2.298437823436124544e-02 3.074730483924411617e-01
1.088934915875301723e-01 5.723840746937037816e-01 2.252598624481551987e-02 2.961964474739505748e-01
2.000798307363865491e-01 5.109850816278868058e-01 2.982466231276106883e-02 2.591104253229656318e-01
1.521497767025920267e-01 5.168922042476710166e-01 5.660424808889704534e-02 2.743537709608397379e-01
1.522164101609826126e-01 5.124623749084732394e-01 7.224649526033442848e-02 2.630747196702097890e-01
1.892597435272990181e-01 4.895216281279778370e-01 4.235631127860676332e-02 2.788623170661163608e-01
1.372420019148098691e-01 5.332618874033815404e-01 3.533924619291275299e-02 2.941568644888957751e-01
1.603363060484902514e-01 5.391196022214076455e-01 2.125195912664258960e-02 2.792921326034594753e-01
1.248028595436934812e-01 5.206803195428979514e-01 3.487644964887774701e-02 3.196403712645307649e-01
1.991351354407150664e-01 5.026748759164515468e-01 3.035746939694799335e-02 2.678325192458854698e-01
1.507333434345295708e-01 5.376602367385210357e-01 2.303281953217576825e-02 2.885736002947734136e-01
1.554848807272873334e-01 5.168732627352420339e-01 3.908067844646397060e-02 2.885611780910065094e-01
1.560584182309210921e-01 5.658478309503925940e-01 3.397015772360637009e-02 2.441235930950798882e-01
1.233977082775039591e-01 4.873668410761513026e-01 4.344989773395722260e-02 3.457855529123876059e-01
1.678002774525143848e-01 5.216330753416112964e-01 3.410202919355086182e-02 2.764646180123234154e-01
1.324802136055362733e-01 5.632335637804851691e-01 4.605513905104956229e-02 2.582310835629291201e-01
1.782804325385702604e-01 5.068186563017795798e-01 5.241990745777556221e-02 2.624810037018744935e-01
1.236612887457097243e-01 5.749299106653001923e-01 2.811152778533802105e-02 2.732972728036520138e-01
1.701347798600796324e-01 4.505508547522123486e-01 3.818292700458325584e-02 3.411314383831247077e-01
1.340373152711156202e-01 5.607538212477658490e-01 5.244070263543364890e-02 2.527681608456848195e-01
1.417097618608585130e-01 5.319151518920862687e-01 4.504139277725527357e-02 2.813336934697999170e-01
1.795022169405276480e-01 5.465971188836343808e-01 3.220881179392985627e-02 2.416918523819081843e-01
1.532272301766272604e-01 5.530077035268414765e-01 6.404082228994048553e-02 2.297242440065907221e-01
1.879769399447779876e-01 4.501322629065613312e-01 4.580181409958414274e-02 3.160889830490767327e-01
1.152053980530222260e-01 5.865512392995030355e-01 3.698064627250464975e-02 2.612627163749700610e-01
1.497432193609973816e-01 5.721286436244219509e-01 4.708305615593161991e-02 2.310450808586490545e-01
1.227150628072241623e-01 5.248086941331472355e-01 2.874679368626657794e-02 3.237294493733620659e-01
1.205404645431498584e-01 5.605560187643336967e-01 3.758931479232894418e-02 2.813142019001874661e-01
1.940849024638624798e-01 4.695925403505428752e-01 6.276204935532468665e-02 2.735605078302699722e-01
2.152379347663899156e-01 5.068376421491719297e-01 3.086718446200446483e-02 2.470572386224336725e-01
1.315246773380320533e-01 5.394117871539126918e-01 3.873633487351788723e-02 2.903272006345373746e-01
1.295186822613889621e-01 5.172057731074872766e-01 3.346309854413604540e-02 3.198124460869877228e-01
1.324500479719717128e-01 5.518993022504580237e-01 3.042847169368862598e-02 2.852221780838817278e-01
1.486326881705029024e-01 5.566443212420589814e-01 2.781838617626474289e-02 2.669046044111734184e-01
1.099884050204460173e-01 5.679904591044424578e-01 3.113690358842807759e-02 2.908842322866834751e-01
1.641268755788602152e-01 5.332007776377064578e-01 1.860646706597249289e-02 2.840658797174610006e-01
9.954946496393352051e-02 6.296304918345644319e-01 1.413323976378426036e-02 2.566868034377178254e-01
1.558641318169207701e-01 5.345536078183482642e-01 2.805103152357506235e-02 2.815312288411558894e-01
1.236241056527495052e-01 5.318024024448108067e-01 6.374737516302497742e-02 2.808261167394148217e-01
1.257838183213989269e-01 5.486496716498782122e-01 4.763497157042355379e-02 2.779315384582993764e-01
8.616725316871653995e-02 5.815888512333881044e-01 4.610398521022501112e-02 2.861399103876703931e-01
1.585853363313716180e-01 5.053233324175888663e-01 5.718981258648248023e-02 2.789015186645569244e-01
1.863793906708691717e-01 5.242419593289864288e-01 3.225013996636411084e-02 2.571285100337803442e-01
1.953438663988389112e-01 5.086489675323305759e-01 3.626658142933375517e-02 2.597405846394966189e-01
1.328127623811139746e-01 5.293176395681679081e-01 6.407721237358192379e-02 2.737923856771363185e-01
1.167429791240314763e-01 5.759287859587262082e-01 5.221881903338339986e-02 2.551094158838587700e-01
1.503992505923078815e-01 5.474324620217057014e-01 4.855802207182667585e-02 2.536102653141597552e-01
1.513049766281743536e-01 5.252916008185855024e-01 7.295740329028624349e-02 2.504460192629537896e-01
1.265422536340662096e-01 5.764707279475621560e-01 3.676381516367161623e-02 2.602232032547001084e-01
1.461204070344861994e-01 5.483727528966809706e-01 5.057655694502859178e-02 2.549302831238040579e-01
1.193233840226832904e-01 5.011788567346509016e-01 4.712623798149484511e-02 3.323715212611709213e-01
1.207785114366615037e-01 5.752919474019171364e-01 3.657076454880928140e-02 2.673587766126122589e-01
1.330143223220376925e-01 5.349143096493415017e-01 4.674130294978395828e-02 2.853300650788367365e-01
1.051882109966245510e-01 5.514988230780847323e-01 3.462058134306234686e-02 3.086923845822285295e-01
1.602543657055663096e-01 5.265841573037784995e-01 3.385404107049767158e-02 2.793074359201575541e-01
1.293295731743021315e-01 5.835358906028316195e-01 3.613016638097853866e-02 2.510043698418878422e-01
1.567075247461031107e-01 5.487848969632900253e-01 2.439379009763764997e-02 2.701137881929692175e-01
1.831760304817314222e-01 5.046264496573189540e-01 3.170759206423171689e-02 2.804899277967179416e-01
1.101971997889233945e-01 5.362808355296219132e-01 8.087951227488422712e-02 2.726424524065704791e-01
1.536082123117224196e-01 5.413678849699621320e-01 3.211345558953086765e-02 2.729104471287844835e-01
1.457648793759084571e-01 5.359220620420688252e-01 2.968406366353394665e-02 2.886289949184886461e-01
1.662379704374327971e-01 4.977499517816659780e-01 2.970952514739084310e-02 3.063025526335105275e-01
1.338169234014944253e-01 5.121979243089965772e-01 3.942408472669493152e-02 3.145610675628141006e-01
1.188482283606663858e-01 5.392636332194689075e-01 6.541701809274590163e-02 2.764711203271186801e-01
1.516114399739788288e-01 5.384096582310821111e-01 5.423684711008574383e-02 2.557420546848533371e-01
1.471914963022444289e-01 5.727810219101046041e-01 4.118453480075167511e-02 2.388429469868991739e-01
1.322291272661191286e-01 5.492637641116094871e-01 5.634656079551372126e-02 2.621605478267577949e-01
1.305635615758660162e-01 5.840942224579058761e-01 3.113575012156775609e-02 2.542064658446603342e-01
1.235694664100109169e-01 5.759872493576391195e-01 4.135241575663205910e-02 2.590908684757179392e-01
1.169237691150435549e-01 5.361518734800685415e-01 1.659449329059448780e-02 3.303298641142932701e-01
1.032419596555663038e-01 5.548704474118366647e-01 3.473743948098750867e-02 3.071501534516096199e-01
1.686168766783609496e-01 5.110189040535184635e-01 4.795207500701873654e-02 2.724121442611019961e-01
1.245426771192210680e-01 4.899561957130475487e-01 5.177574227538112722e-02 3.337253848923502630e-01
1.822423711368390820e-01 4.902123616902600567e-01 4.316094380702058253e-02 2.843843233658802649e-01
1.321598714612582659e-01 5.637693160819610139e-01 3.477526577075076841e-02 2.692955466860300073e-01
1.480274741899207935e-01 5.418043594213656222e-01 4.583485521097466903e-02 2.643333111777388389e-01
1.392293628736034905e-01 5.947298814421215774e-01 3.429650291869567463e-02 2.317442527655792783e-01
1.912026763252491490e-01 4.930325578003286746e-01 5.960153260881602411e-02 2.561632332656061939e-01
1.372069068488085408e-01 5.388040118950568891e-01 3.701667062229626465e-02 2.869724106338384373e-01
1.270240077763451492e-01 5.918463496402914803e-01 3.421500890318802945e-02 2.469146336801754105e-01
1.430462900690732675e-01 5.117675276970755638e-01 5.193624785637059038e-02 2.932499343774805367e-01
1.947487862278766690e-01 5.136751249657607321e-01 3.210957628182350282e-02 2.594665125245390613e-01
1.038914112116454680e-01 6.064313845766711175e-01 4.349680457662354754e-02 2.461803996350598600e-01
1.698659156528393721e-01 5.511537308513799749e-01 4.410536950376864329e-02 2.348749839920119542e-01
1.362215977792603505e-01 5.291000018744765887e-01 4.122081071946077230e-02 2.934575896268023509e-01
1.701965332259593733e-01 5.157597512238193405e-01 4.669175226926235156e-02 2.673519632809587820e-01
1.415978468199426132e-01 5.762904213070475512e-01 3.720596162917538113e-02 2.449057702438344752e-01
1.219969974175155736e-01 5.357323980221304627e-01 3.467300034034577483e-02 3.075976042200080918e-01
1.209501556531568378e-01 5.412983646838668284e-01 3.037703120988005309e-02 3.073744484530961940e-01
1.348236026925278552e-01 5.306324123448640240e-01 5.845939391784700512e-02 2.760845910447609630e-01
1.380764405264936767e-01 4.854527117469896180e-01 5.097328062739651944e-02 3.254975670991201997e-01
1.620539018210012117e-01 4.984306783803101881e-01 6.502453976118657830e-02 2.744908800375020497e-01
1.793160989742098588e-01 4.734743367654654644e-01 2.906034756692749826e-02 3.181492166933971855e-01
1.606793637267987795e-01 5.627184578447729235e-01 3.238774109544752949e-02 2.442144373329807328e-01
1.530144983656413493e-01 5.614967679486595475e-01 2.563208486851423912e-02 2.598566488171848987e-01
1.181250744418530230e-01 5.300409540047099632e-01 4.984471823994941764e-02 3.019892533134876378e-01
1.399608815865674427e-01 5.670669181995163788e-01 3.619373747042677059e-02 2.567784627434894218e-01
1.439500825243505144e-01 5.429987949748436016e-01 3.657673436648309351e-02 2.764743881343227350e-01
1.508948919372085917e-01 4.989408160372131307e-01 3.528206628941273071e-02 3.148822257361654775e-01
1.526503869882675501e-01 5.556558699911454680e-01 4.729606862488716645e-02 2.443976743956996212e-01
1.492643719359843524e-01 5.435734003891684596e-01 2.947119726545450319e-02 2.776910304093925252e-01
1.683169929661482989e-01 4.916723001905359824e-01 2.883257523620881210e-02 3.111781316071069448e-01
1.799399344244485832e-01 5.063649747238124776e-01 3.909216758174688389e-02 2.746029232699921385e-01
1.507570323927014955e-01 5.082057234306091020e-01 4.121280976046839267e-02 2.998244344162209196e-01
1.496940894444580283e-01 5.627049474468882595e-01 3.990400296431904220e-02 2.476969601443344826e-01
1.020234960389616863e-01 5.560589243013823735e-01 6.652117532579167325e-02 2.753964043338643641e-01
1.662640924081475458e-01 5.612495131249548574e-01 2.839328694748738738e-02 2.440931075194101296e-01
1.150658285719108470e-01 5.469975287833628297e-01 3.106339019259258746e-02 3.068732524521335936e-01
1.426007003001206197e-01 5.654093061430413014e-01 3.745220430878804657e-02 2.545377892480501503e-01
1.353604308953410551e-01 4.980493985977984539e-01 4.747644281565815277e-02 3.191137276912023313e-01
1.416727792002190900e-01 5.361960999192256772e-01 4.728609304518651552e-02 2.748450278353685716e-01
1.334974927775658127e-01 5.319236151911649335e-01 3.281286661853907716e-02 3.017660254127302877e-01
1.249887166066990241e-01 5.455170259298018909e-01 6.177711373209889695e-02 2.677171437314003200e-01
1.309070913103641265e-01 5.315056585336980222e-01 2.216072189737245193e-02 3.154265282585653751e-01
1.474738811054008281e-01 5.175556333418050992e-01 1.887257501092960352e-02 3.160979105418645352e-01
1.048180149340722789e-01 5.301305358580854499e-01 3.819083278821381461e-02 3.268606164196283248e-01
1.917638999569086233e-01 4.966507529995872194e-01 4.306431032808979986e-02 2.685210367154142741e-01
1.489799649710379370e-01 5.488658754245197002e-01 2.922471600033642314e-02 2.729294436041057592e-01
1.380707548605180079e-01 5.459197084839353398e-01 4.736277744667218709e-02 2.686467592088745415e-01
1.586029248215226617e-01 4.771403374240845707e-01 5.067911526698315461e-02 3.135776224874096685e-01
1.445668940836817851e-01 5.007952356903475621e-01 3.530917033579827197e-02 3.193286998901725404e-01
1.245481565088572551e-01 5.676199210625857416e-01 5.097566240171955837e-02 2.568562600268375351e-01
1.213263771679313902e-01 5.635552302495355770e-01 2.642646357898446527e-02 2.886919290035485641e-01
1.415086183676311782e-01 5.439413102387204990e-01 4.125946086928469758e-02 2.732906105243634309e-01
1.523564301015224443e-01 5.354150680554683461e-01 3.643628029973457194e-02 2.757922215432746516e-01
1.296991589913690512e-01 5.749263983097582242e-01 5.247418840702848530e-02 2.429002542918442253e-01
1.336714007575136587e-01 5.567580664366215126e-01 3.605594194348516607e-02 2.735145908623797251e-01
1.737696733690453355e-01 5.324360569581459979e-01 4.161798051530333359e-02 2.521762891575054510e-01
1.359979974341904985e-01 5.495488128837351383e-01 3.394284309160084528e-02 2.805103465904736360e-01
1.418703307887909104e-01 5.391576790742051983e-01 4.840491093091178754e-02 2.705670792060920760e-01
1.060944150632514432e-01 5.782756764901338942e-01 3.209504019995619573e-02 2.835348682466583559e-01
1.161853309838719456e-01 5.211825221677180986e-01 3.947328795501861554e-02 3.231588588933914097e-01
1.299001329472144473e-01 5.519025355562844348e-01 4.997852890077035537e-02 2.682188025957308319e-01
1.383770012023220752e-01 5.340182746669233094e-01 1.603314501262830330e-02 3.115715791181261074e-01
1.493107512903486256e-01 5.746173149709400407e-01 4.388762462496857003e-02 2.321843091137427428e-01
1.354701966213893161e-01 5.842751672813071284e-01 3.631553539118089619e-02 2.439391007061227079e-01
1.604366559214635835e-01 4.976823069641003183e-01 3.203992549307755483e-02 3.098411116213585781e-01
1.519685805418425906e-01 5.246156534361711143e-01 3.804020709707352926e-02 2.853755589249127866e-01
1.547985080335012031e-01 5.461296851261339125e-01 2.879798197937141063e-02 2.702738248609934391e-01
1.383877064963819348e-01 5.501839764500996433e-01 4.891567080715108345e-02 2.625126462463673316e-01
1.559876273948236358e-01 5.266922187926850185e-01 4.239456567189103103e-02 2.749255881406004742e-01
1.390025555772126109e-01 5.935244620326655118e-01 3.618767265317663490e-02 2.312853097369453048e-01
1.123851401911125231e-01 4.809241610914344878e-01 1.938553772490073795e-02 3.873051609925523553e-01
1.262693123387209071e-01 5.568014662128382142e-01 5.291991236010885891e-02 2.640093090883319227e-01
1.307029327346906633e-01 5.296828893901883717e-01 3.941261333811179463e-02 3.002015645370091357e-01
1.679122085345960413e-01 5.612748797009540214e-01 2.992185438867758090e-02 2.408910573757723772e-01
1.173902513727973218e-01 5.634433128931332080e-01 4.892992888791654338e-02 2.702365068461529130e-01
1.350712338499085174e-01 5.547833534461616978e-01 1.897968853990443863e-02 2.911657241640253635e-01
1.296185329932978969e-01 5.478229555065340373e-01 4.156941416815088108e-02 2.809890973320173235e-01
1.815438358184364998e-01 4.826683794183651566e-01 4.455858953295721570e-02 2.912291952302411002e-01
1.563989518890943065e-01 5.167702884411385922e-01 1.851387814573489388e-02 3.083168815240322491e-01
1.443914295369518874e-01 5.069410459925020040e-01 4.389983755153024914e-02 3.047676869190158455e-01
1.257258921419602271e-01 5.132210331113443713e-01 4.385813231032390652e-02 3.171949424363714742e-01
1.437424790976853384e-01 5.476940420876634796e-01 3.437286294281659271e-02 2.741906158718346864e-01
1.293667414957319350e-01 5.749042041939979031e-01 3.855794454823913142e-02 2.571711097620310582e-01
1.873971080707149128e-01 5.012244238371592608e-01 1.407898822462070459e-02 2.972994798675051009e-01
1.451490192724189665e-01 5.536337506023927268e-01 3.753287056697376944e-02 2.636843595582145094e-01
1.101738835311448228e-01 5.776972171857612803e-01 3.059612799635915564e-02 2.815327712867346510e-01
1.256090371634899505e-01 5.212986646878763342e-01 6.331382413510495966e-02 2.897784740135287418e-01
1.573605770484735877e-01 4.939678847151443009e-01 2.595950890835752381e-02 3.227120293280246743e-01
1.502761430678822008e-01 6.019134325491750648e-01 3.119831544818324129e-02 2.166121089347595452e-01
1.459493865412121727e-01 5.217954302591450988e-01 2.590816974656658458e-02 3.063470134530761890e-01
1.489046141797915057e-01 5.225125830619815614e-01 2.876126698206658838e-02 2.998215357761604971e-01
1.214580736013934625e-01 5.412861353250123519e-01 3.770801021542319331e-02 2.995477808581711865e-01
1.195744506847705585e-01 5.764814877354923484e-01 3.727667987866842281e-02 2.666673817010687952e-01
9.572605750230536725e-02 5.402410346360108084e-01 4.581485702001970861e-02 3.182180508416641018e-01
1.514737396568486549e-01 5.217115621753152244e-01 3.363719703560865554e-02 2.931775011322273472e-01
1.171700877522837553e-01 5.295441924703018222e-01 4.956601225561819285e-02 3.037197075217962783e-01
1.128719229430764220e-01 5.716216409125247644e-01 4.166791014636720553e-02 2.738385259980314346e-01
1.548092618013842958e-01 5.853530140987041053e-01 5.438891720087816323e-02 2.054488068990334704e-01
1.433371790313422434e-01 5.775291653612654175e-01 2.782218181208025165e-02 2.513114737953121569e-01
1.733441639259511446e-01 5.120385812332476361e-01 1.945828759932054924e-02 2.951589672414806076e-01
1.409255542253196325e-01 5.704051840869235335e-01 2.016775498550421250e-02 2.685015067022526458e-01
1.109114631597134665e-01 5.471629021494173184e-01 2.797004874824173676e-02 3.139555859426274576e-01
1.384287144069084041e-01 5.237838468898945443e-01 4.012624230692466570e-02 2.976611963962723095e-01
1.405292775218564549e-01 5.503516600045696983e-01 3.302417927880593046e-02 2.760948831947681037e-01
1.195244409698920651e-01 5.672228093673887805e-01 3.187057106253765593e-02 2.813821786001816094e-01
1.633860564594201148e-01 5.120158500283783498e-01 2.443158180511863231e-02 3.001665117070829170e-01
1.117331302262072334e-01 6.105706465365825508e-01 4.718540733615444321e-02 2.305108159010558488e-01
1.601804928154382801e-01 5.381359501419640257e-01 2.658687161133712132e-02 2.750966854312605347e-01
1.265219948346850698e-01 5.411793860483340435e-01 3.163301938698228483e-02 3.006655997299985672e-01
1.501856044729519557e-01 5.259420736772444371e-01 6.767917740587310604e-02 2.561931444439303207e-01
1.416192795119190495e-01 5.528765322837247975e-01 3.241190937006940137e-02 2.730922788342867724e-01
1.294198749594735465e-01 5.403802654056771848e-01 3.438447780369464912e-02 2.958153818311545780e-01
1.552934711182795968e-01 5.570747257091356319e-01 3.014906224931444140e-02 2.574827409232703923e-01
1.294317849358224415e-01 5.496049937130512708e-01 3.086060719472687175e-02 2.901026141563993743e-01
1.642312318159537821e-01 5.341370167974033301e-01 3.743369591622659059e-02 2.641980554704161932e-01
1.867395596614882802e-01 5.622404525919469931e-01 1.875058952860551159e-02 2.322693982179592498e-01
1.274761382014255318e-01 5.547257853845721787e-01 4.269639466414077572e-02 2.751016817498616596e-01
1.136788071596672167e-01 5.303217498835012256e-01 3.870707599454348280e-02 3.172923669622879084e-01
1.405240347801026968e-01 5.398799867828053545e-01 3.995301558243698203e-02 2.796429628546547863e-01
1.177225518534907589e-01 5.119400337291670766e-01 2.491094742248282229e-02 3.454264669948593491e-01
1.174411521051514778e-01 5.159615808222374200e-01 6.332286135585800391e-02 3.032744057167532370e-01
1.408279236168259174e-01 5.510257483530434097e-01 3.437221431502821695e-02 2.737741137151024629e-01
1.319584446532915123e-01 5.771539565656130799e-01 3.131424319820842045e-02 2.595733555828869665e-01
1.323247347617163006e-01 5.592655489023088400e-01 2.231437015528686674e-02 2.860953461806881593e-01
1.169633348379392063e-01 5.925612111806443094e-01 2.713181925233761060e-02 2.633436347290789570e-01
1.308765553837632212e-01 5.123854134276073502e-01 2.829952740624680843e-02 3.284385037823827069e-01
1.529687757323678066e-01 5.503529165380189880e-01 3.112745106421800634e-02 2.655508566653950742e-01
1.786925251363011280e-01 5.329300154024078084e-01 3.118542521965284031e-02 2.571920342416383343e-01
1.855832938417669997e-01 5.143987994168565114e-01 3.388203051709665764e-02 2.661358762242798104e-01
1.344372951711915176e-01 5.374910310630183208e-01 2.688767086253801911e-02 3.011840029032520905e-01
1.487408161626088965e-01 5.193356466379853709e-01 4.191782640659567211e-02 2.900057107928099565e-01
1.888255809118532524e-01 4.920051997170727942e-01 2.445108934417830615e-02 2.947181300268955084e-01
1.347197207546480813e-01 5.256446739093370013e-01 2.116578734991905048e-02 3.184698179860959155e-01
1.456468230100880501e-01 5.531717292105756689e-01 5.018615176529307026e-02 2.509952960140431899e-01
1.261288109982007244e-01 5.454050920745591169e-01 2.498346001855685297e-02 3.034826369086833786e-01
1.267963959750634806e-01 5.056601399362831151e-01 3.461907915432971272e-02 3.329243849343235806e-01
1.219717437059640308e-01 5.165947617867979735e-01 5.553229758313912162e-02 3.059011969240990059e-01
1.211424492637854372e-01 6.196007771751211868e-01 3.530182046370099885e-02 2.239549530973923563e-01
1.715356547134306020e-01 5.477254208591281204e-01 2.237173751840584521e-02 2.583671869090355400e-01
1.243734753320797221e-01 5.692969228618008914e-01 3.195352436611382380e-02 2.743760774400055280e-01
1.473670722602327121e-01 5.057498971901392970e-01 4.032266637308920543e-02 3.065603641765388132e-01
1.659885498026168471e-01 4.967314154864355680e-01 4.155582351890101112e-02 2.957242111920465599e-01
1.440159603174155090e-01 5.170146222518933188e-01 5.103632887620412201e-02 2.879330885544870156e-01
1.145126781737957622e-01 5.699136834754214842e-01 3.316041576734396479e-02 2.824132225834387055e-01
1.539146154183063386e-01 5.400915643132997435e-01 4.436918555298831335e-02 2.616246347154056462e-01
1.200445657539948863e-01 5.479497893277827103e-01 4.058787591627680685e-02 2.914177690019454370e-01
1.665479597042657245e-01 5.132217291706180351e-01 4.471112145706594709e-02 2.755191896680502794e-01
1.626979690877048135e-01 5.497977183411355551e-01 3.150995977867158265e-02 2.559943527924881113e-01
1.548949778201186289e-01 5.498911055768722633e-01 5.035113428648883144e-02 2.448627823165202277e-01
1.500144323757922893e-01 5.017825595854314980e-01 5.920431157443836745e-02 2.889986964643378453e-01
1.713470663235974745e-01 5.517137811559237326e-01 3.051405687952488816e-02 2.464250956409539117e-01
1.765146589672010879e-01 5.244827520545508603e-01 3.663613840111130254e-02 2.623664505771367561e-01
1.300804513345949764e-01 5.642989832806318828e-01 3.417276704072631094e-02 2.714477983440466979e-01
1.246030909118820695e-01 4.993466463938789901e-01 5.518008454086094361e-02 3.208701781533779274e-01
1.172889861790519933e-01 5.248179408471607132e-01 4.690563541898980920e-02 3.109874375547974079e-01
9.673478656920142527e-02 5.813825492115239912e-01 3.885931291650351199e-02 2.830233513027710091e-01
1.718466464472439836e-01 5.548084842913680870e-01 6.079766376159990299e-02 2.125472054997878946e-01
1.760837393652023852e-01 5.264232362215233163e-01 3.147606121847146970e-02 2.660169631948027247e-01
1.214544684919324352e-01 5.291573284466714044e-01 5.081857886428805399e-02 2.985696241971080855e-01
1.242186424378865089e-01 5.645361441304797001e-01 4.172507445881728366e-02 2.695201389728167363e-01
1.214746722531949152e-01 5.019692648302647164e-01 4.135100938272631699e-02 3.352050535338140236e-01
1.125930187601384275e-01 5.335621767555046580e-01 3.733505200722276457e-02 3.165097524771340320e-01
1.162529775397477955e-01 5.601537308749133803e-01 4.514204724242524419e-02 2.784512443429135731e-01
1.267330145613984049e-01 5.433178932738217393e-01 4.641963694986345201e-02 2.835294552149164593e-01
1.202635058391808426e-01 6.181926661330142680e-01 2.619977386735253266e-02 2.353440541604522873e-01
1.144535268606895057e-01 5.163804253430277491e-01 7.183126245928325715e-02 2.973347853369994742e-01
1.792379173151102123e-01 5.142691093410228786e-01 2.987009211654553451e-02 2.766228812273212601e-01
1.586746903357783567e-01 5.473938852777547881e-01 2.177252734860720892e-02 2.721588970378597261e-01
1.324120972580289934e-01 5.421205726025483118e-01 5.015613957526306871e-02 2.753111905641597024e-01
1.446450800626595257e-01 5.591283098028283494e-01 3.616387642951326281e-02 2.600627337049989385e-01
1.425017535913998268e-01 5.159815735648561885e-01 3.639325817096278337e-02 3.051234146727811458e-01
1.163116795111271973e-01 5.798953863138404108e-01 3.628166735043263785e-02 2.675112668245997471e-01
1.757379057806329470e-01 5.177155063641905031e-01 2.937129000842785345e-02 2.771752978467488804e-01
1.447246621795615362e-01 4.961916520261240859e-01 2.897815444624697243e-02 3.301055313480674713e-01
1.529274544489600818e-01 5.115717023747666792e-01 3.813185867557002118e-02 2.973689845007030375e-01
1.503597342222646183e-01 5.080466007140602702e-01 4.840903683683803194e-02 2.931846282268369963e-01
1.412256707961097313e-01 5.171034151369411358e-01 4.556397336177352847e-02 2.961069407051756808e-01
1.441975705330424684e-01 5.340818553013735315e-01 2.924133115816043849e-02 2.924792430074235616e-01
1.390142169015852192e-01 5.386877689652662671e-01 4.467576303313341990e-02 2.776222511000150384e-01
1.084821319492343256e-01 5.320788322999487896e-01 4.063892999869232747e-02 3.188001057521244741e-01
1.417377658145791697e-01 5.516634453715894004e-01 4.992166351680600578e-02 2.566771252970255213e-01
1.033600795272315992e-01 5.239869322711598887e-01 4.974516368661501681e-02 3.229078245149933912e-01
1.572663412160823504e-01 5.354914146119487128e-01 3.737275905326249703e-02 2.698694851187064536e-01
1.443217205640066336e-01 5.678851389958864404e-01 2.469952567263393808e-02 2.630936147674728942e-01
1.762446740872004869e-01 4.953158658237167833e-01 5.338783538324184952e-02 2.750516247058408803e-01
1.318236288770706366e-01 4.980307485651938593e-01 2.253453779773541277e-02 3.476110847599999665e-01
1.322711028409719325e-01 5.548998779641053369e-01 5.708872755142969935e-02 2.557402916434931561e-01
1.434683392029496019e-01 5.447239961485235149e-01 2.134296246296337948e-02 2.904647021855634725e-01
1.697852035918940850e-01 5.091023526363503970e-01 3.374677883533497985e-02 2.873656649364204618e-01
1.273553875723225093e-01 5.805907459280916783e-01 2.403932374704462541e-02 2.680145427525411073e-01
1.573826855255741619e-01 5.372713281574291733e-01 2.380664710273308962e-02 2.815393392142634954e-01
1.343498454591185443e-01 5.662995939252952748e-01 1.744700249131908923e-02 2.819035581242670396e-01
1.414353869869562075e-01 5.500393174938816854e-01 2.198490268583821669e-02 2.865403928333237760e-01
1.313544470152405164e-01 5.661688114391488780e-01 3.761542195889991391e-02 2.648613195867106640e-01
1.471301420327035259e-01 5.486518112706239014e-01 1.518550800934934976e-02 2.890325386873232039e-01
1.656090119049616616e-01 5.149276087605706431e-01 4.107835346821518685e-02 2.783850258662523003e-01
1.487840352454331827e-01 5.600730862395874032e-01 2.924042515526602617e-02 2.619024533597134607e-01
1.589509778461269673e-01 4.963546588969516282e-01 3.544275011684977494e-02 3.092516131400716017e-01
1.339366941670216415e-01 5.838921197035663591e-01 3.792438033321922364e-02 2.442468057961928174e-01
1.559621383258455729e-01 5.154236011336486012e-01 3.979041745026321714e-02 2.888238430902425047e-01
1.671613209369368913e-01 5.348000456713543072e-01 1.730885682457744892e-02 2.807297765671312173e-01
1.335459008459214392e-01 5.430158128357552849e-01 3.203242479648357038e-02 2.914058615218395598e-01
1.349283017754161762e-01 5.503875977815672060e-01 4.512699208816438323e-02 2.695571083548522484e-01
1.577164598674027363e-01 5.860197560534353700e-01 1.240350306114663091e-02 2.438602810180152125e-01
1.364483669521616427e-01 5.582560738421999957e-01 2.520767110771962929e-02 2.800878880979186802e-01
1.213689784747342265e-01 5.730093335052777181e-01 3.153240456837314715e-02 2.740892834516147625e-01
1.522667362535286284e-01 5.981162758011244751e-01 2.327005849906900806e-02 2.263469294462779613e-01
1.115217106731509894e-01 5.368054593924480589e-01 3.677280292816049317e-02 3.149000270062404794e-01
1.996616646401871420e-01 5.134813827230830796e-01 2.006034834813335416e-02 2.667966042885964173e-01
1.559532930909546811e-01 5.482737051980934861e-01 4.838738937200336154e-02 2.473856123389483463e-01
1.223266789850830927e-01 5.237213983334013667e-01 5.390592747563543313e-02 3.000459952058801005e-01
1.525956414911620596e-01 5.423254645630151138e-01 3.759058221009290573e-02 2.674883117357300111e-01
1.810674642531768519e-01 5.629373086692760486e-01 3.662349353635020038e-02 2.193717335411969616e-01
1.288167450222502119e-01 5.614617625173364823e-01 3.485181621708264427e-02 2.748696762433305296e-01
1.496405072728365648e-01 5.404843154468014221e-01 3.421864561402760546e-02 2.756565316663343590e-01
1.985718075465314481e-01 4.853938841691934902e-01 4.062415362901360821e-02 2.754101546552614743e-01
1.740928750090685873e-01 5.618678728412747070e-01 5.338589357210644926e-02 2.106533585775501316e-01
1.395573472599772047e-01 5.121197400086109353e-01 4.798874710702293045e-02 3.003341656243890823e-01
1.193866080694827858e-01 5.859201722826387071e-01 2.768078470332236557e-02 2.670124349445561762e-01
1.226787124521363098e-01 6.093231967708788721e-01 2.641408583628807732e-02 2.415840049406966505e-01
1.513820794913154910e-01 5.146032382772687264e-01 3.469285572013662555e-02 2.993218265112792542e-01
1.210925500951375855e-01 6.043215124730700882e-01 3.379429466407327803e-02 2.407916427677190274e-01
1.455897972602870349e-01 5.478809987440761420e-01 3.397882276356004733e-02 2.725503812320768104e-01
1.383132905681621339e-01 5.305216114462553145e-01 4.249195146515936938e-02 2.886731465204230296e-01
1.594001925315286505e-01 5.372253902016627114e-01 3.346707364993360689e-02 2.699073436168750173e-01
1.470038850889312521e-01 5.819171939372315139e-01 3.775677399755880681e-02 2.333221469762783995e-01
1.124088086314583845e-01 5.721906141093391351e-01 4.580941922967136232e-02 2.695911580295309862e-01
1.192478849511498379e-01 5.715944961351822062e-01 2.105037807970584068e-02 2.881072408339620528e-01
1.483158445673855297e-01 4.916029203766622557e-01 3.641952658371654106e-02 3.236617084722356874e-01
1.413850720259168248e-01 5.759646121112663719e-01 3.129883458667586521e-02 2.513514812761408757e-01
1.376751598909459195e-01 5.383118192300679894e-01 4.854902701108490537e-02 2.754639938679012690e-01
1.438300008797544494e-01 5.339085111609934708e-01 4.905978456066241444e-02 2.732017033985897347e-01
1.511571131526641409e-01 5.408221775752148908e-01 3.604710689941579421e-02 2.719736023727051255e-01
1.510242116084684061e-01 5.230328303288067637e-01 4.201521117048252069e-02 2.839277468922424275e-01
1.408913639014582886e-01 5.067329134976547023e-01 3.303761859531022249e-02 3.193381040055768283e-01
1.307838216950722166e-01 5.814614516393155075e-01 2.792163642216909450e-02 2.598330902434431988e-01
1.366424741470155524e-01 5.249851938682261743e-01 4.260694157633309470e-02 2.957653904084251995e-01
1.412429386865572678e-01 5.790741160445350699e-01 3.064127029458661722e-02 2.490416749743212255e-01
1.177597174064591024e-01 5.269771762725806719e-01 2.481253933550811933e-02 3.304505669854522765e-01
1.547417435830853449e-01 4.852937434644019055e-01 3.268106477669151938e-02 3.272834481758213343e-01
1.706869359559579358e-01 5.457334348507258959e-01 3.312810724862302186e-02 2.504515219446930563e-01
1.377756090990540361e-01 5.039201897748611936e-01 3.648886716359935750e-02 3.218153339624854614e-01
1.361340118208277383e-01 5.405205128438368423e-01 4.075294012051717402e-02 2.825925352148183078e-01
1.620567428465282400e-01 5.537929242073362790e-01 4.264993830479198167e-02 2.415003946413435132e-01
1.406561222160983282e-01 5.374787402566166827e-01 3.392831731875656232e-02 2.879368202085285100e-01
1.591323595029491000e-01 4.756733910616424699e-01 3.559740636530969726e-02 3.295968430700986773e-01
1.696578122974586045e-01 4.802539184032311725e-01 4.453592192612398915e-02 3.055523473731863171e-01
1.265468323252321725e-01 4.972947668194685478e-01 3.866650612992649644e-02 3.374918947253726098e-01
1.399756399092358106e-01 6.009308502035823896e-01 3.809877573459897332e-02 2.209947341525828612e-01
1.253130385796480395e-01 5.870889639241567703e-01 1.725869396173852072e-02 2.703393035344567874e-01
1.248973868056451331e-01 5.371458316973601876e-01 4.092815411919941554e-02 2.970286273777953401e-01
1.556360074324702192e-01 5.580401351530618337e-01 2.582513292641885547e-02 2.604987244880491715e-01
1.532995089442876491e-01 5.643378732739038339e-01 2.980856955016327955e-02 2.525540482316451230e-01
1.503677563950498730e-01 5.312954987234401738e-01 1.913189793028255772e-02 2.992048469512275100e-01
1.443550741624544109e-01 5.260467817977347860e-01 3.198792460947973842e-02 2.976102194303310022e-01
1.906952977305043095e-01 4.983489044225191678e-01 3.271690777423155727e-02 2.782388900727451042e-01
1.402413655277180982e-01 5.795148604229778400e-01 3.642279670123187846e-02 2.438209773480721210e-01
